0.50572,0.10839,-3.0297,0.4522,0.17164,-0.95225,0.42301,0.20407,0.65168,0.63384,0.31597,0.51545,0.43454,0.48709,0.33138,0.67979,0.55716,-0.40242,0.32165,-3.1313,0.40923,0.42091,-0.42189,0.31386,145,202,193,95,198,186,64,206,159,135,68,194,159,63,193
0.57311,-0.12669,-2.8768,0.4667,0.2805,-1.1928,0.45852,0.094296,0.72657,0.67951,0.3337,0.58334,0.44271,0.483,0.37825,0.61191,0.54208,-0.027306,0.32319,-3.1025,0.39302,0.47091,-0.76724,0.25202,147,205,183,105,200,169,73,208,149,137,73,199,161,69,197
0.55318,0.00064174,-2.893,0.5012,0.21049,-1.1853,0.34141,0.13156,0.76111,0.6995,0.30675,0.57243,0.43697,0.49632,0.32741,0.61044,0.53588,-0.158,0.30459,-3.1435,0.38219,0.47349,-0.57493,0.30915,144,204,175,107,197,165,71,207,163,140,73,196,167,68,193
0.5888,-0.28123,-1.4647,0.49153,0.11326,-2.5482,0.22404,-0.12181,0.93736,0.97789,0.22944,0.8536,0.47441,0.51485,0.37455,0.61344,0.55277,-0.0071624,0.29872,-3.0735,0.36191,0.47314,-0.85149,0.26838,144,202,175,109,197,168,73,207,162,139,72,199,161,68,198
0.49312,0.44303,-3.0082,0.22599,0.24984,-1.0381,0.29039,0.14966,0.47881,0.57898,0.52889,0.6076,0.23415,0.3936,0.35893,0.51606,0.54841,0.077025,0.16945,-3.2782,0.31734,0.35662,0.014635,0.29192,157,210,185,109,206,170,77,213,125,143,63,187,157,54,202
0.61152,0.19521,-1.4039,0.20182,0.092789,-2.6925,0.076268,-0.052589,0.79986,0.96836,0.53884,0.66439,0.28641,0.44721,0.42543,0.51085,0.52928,0.16079,0.23616,-3.2326,0.31321,0.39361,-0.35843,0.28809,157,208,171,114,204,164,79,211,125,143,62,185,150,55,202
0.48202,0.21658,-3.1173,0.27006,0.27799,-0.75604,0.25818,0.21658,0.48202,0.6187,0.53946,0.51173,0.29953,0.49728,0.4081,0.51473,0.53217,0.09015,0.14443,-3.2095,0.32086,0.51279,-0.40616,0.29565,156,207,185,103,203,174,73,210,129,138,64,195,152,58,202
0.50532,0.016399,-3.1119,0.25782,0.2213,-0.72409,0.33694,0.29231,0.49721,0.59459,0.57024,0.54387,0.36302,0.52331,0.41582,0.5648,0.57989,0.070718,0.11409,-3.1446,0.34227,0.54783,-0.61949,0.24233,155,206,182,102,202,172,66,210,149,134,66,195,146,62,202
0.6087,0.34893,-1.9407,0.6755,0.16339,-0.204,0.50974,0.43305,0.64581,0.53572,0.60994,-2.386,0.30317,0.41192,0.35013,0.58739,0.50089,0.078264,0.30564,-3.2459,0.33283,0.41192,-0.2455,0.20925,157,208,184,105,204,174,76,212,128,139,66,196,153,58,203
0.64153,0.39552,-1.0664,0.71223,0.085891,-0.69455,0.5567,0.34321,0.70799,0.55953,0.54398,-2.7856,0.36016,0.40538,0.41879,0.54777,0.48412,0.12731,0.31995,-3.2112,0.33503,0.41376,-0.46234,0.26132,158,210,184,109,205,162,72,213,148,137,69,197,151,63,203
0.44544,0.28835,-3.1102,0.53692,0.071589,-0.75964,0.43152,0.14716,0.58663,0.40766,0.4534,0.50113,0.26547,0.44282,0.40189,0.48602,0.52695,0.19953,0.26547,-3.2635,0.26774,0.28593,-0.20066,0.32231,145,200,192,96,196,176,65,205,156,132,69,192,152,63,194
0.60663,0.97061,-0.97813,0.17823,-0.098779,-2.1925,-1.3518,0.0816,0.79023,1.3378,-0.13099,0.78701,0.14853,0.34029,0.35741,0.41391,0.41733,0.17592,0.3146,-3.2723,0.42589,0.53376,-0.12028,0.26495,161,207,177,109,204,165,85,211,93,142,65,192,157,58,202
0.53987,0.37003,-2.9172,0.30299,0.13315,-0.62442,-0.71604,0.33204,0.61362,1.0337,0.29405,0.6382,0.15349,0.41661,0.35522,0.52186,0.55694,0.18419,0.24558,-3.186,0.39249,0.62053,-0.50213,0.2412,161,208,156,112,205,181,86,212,119,155,60,175,175,47,193
0.55351,0.2824,-3.0918,0.2879,0.19081,-0.28363,-0.48696,0.34652,0.52604,0.95834,0.2073,0.50955,0.20982,0.41429,0.35015,0.53858,0.53457,0.25994,0.22385,-3.1881,0.31206,0.60073,-0.52388,0.26795,159,206,171,110,203,175,85,210,117,145,66,191,158,61,201
0.71647,0.27762,-2.31,0.4355,0.11439,-1.4216,-0.94793,0.24016,0.77534,1.2998,0.044821,0.77534,0.24916,0.43253,0.43418,0.54486,0.50686,0.33341,0.23925,-3.1472,0.3202,0.59111,-0.67426,0.16987,162,206,176,109,203,167,86,210,88,142,62,187,153,56,200
0.46375,-3.1237,-0.7819,0.31948,0.41976,0.184,0.45143,0.27901,0.49718,0.47606,0.31596,0.49893,0.52724,0.4808,0.4808,0.63901,0.48951,0.062776,0.38935,-0.58312,0.43145,0.40968,-3.1174,-0.2101,188,209,164,178,205,129,152,210,127,184,103,203,225,90,199
0.44296,-2.9625,-1.1869,0.32448,0.42855,0.26364,0.48619,0.27645,0.54062,0.45897,0.37892,0.54863,0.50919,0.50061,0.33333,0.61214,0.50812,0.0899,0.33761,-0.61357,0.39338,0.46844,-3.1422,0.0030384,192,209,157,185,206,119,162,210,104,183,102,195,218,88,197
0.48792,-2.8471,-1.4167,0.41323,0.41647,0.25735,0.49116,0.37751,0.535,0.4798,0.31905,0.48629,0.541,0.55149,0.52919,0.64198,0.52001,0.070166,0.33115,-0.80723,0.40066,0.4728,-3.0407,-0.2105,192,208,158,184,205,122,160,210,107,180,101,196,211,89,201
0.47277,-2.9062,-1.2935,0.36818,0.42553,0.22985,0.46265,0.27033,0.53687,0.44746,0.3783,0.60772,0.54415,0.54415,0.37932,0.63816,0.50874,0.077736,0.32193,-0.83434,0.41839,0.46356,-3.0663,0.0044769,190,210,161,181,206,125,158,211,106,183,100,191,221,84,194
0.50884,-2.9404,-1.2308,0.23755,0.54114,0.38396,0.38396,0.29138,0.35813,0.50669,0.42487,0.53468,0.38976,0.42477,0.43015,0.50555,0.46516,0.28475,0.31975,-0.30091,0.3588,0.34533,-3.2386,0.015483,193,208,159,181,206,124,157,210,109,180,103,194,215,89,199
0.46763,-2.2556,-2.1959,0.23592,0.50663,0.33227,0.42174,0.39651,0.41716,0.56169,0.49975,0.61216,0.377,0.41527,0.59607,0.49313,0.45882,0.27406,0.2965,-0.41615,0.3572,0.32817,-3.21,0.029914,190,206,157,179,203,133,157,208,106,182,99,191,219,84,196
0.40528,-3.1272,-0.75328,0.15414,0.41995,0.24763,0.39245,0.33012,0.37045,0.44928,0.49328,0.61793,0.48352,0.54857,0.40919,0.56317,0.49414,0.2406,0.23794,-0.62755,0.36803,0.51273,-3.1338,-0.096572,189,208,159,182,204,114,154,210,114,181,102,196,218,88,198
0.32796,-3.2558,-0.26768,0.11725,0.38603,0.34787,0.36778,0.41092,0.31469,0.41755,0.33957,0.49387,0.49132,0.59828,0.608,0.56586,0.49132,0.25795,0.22716,-0.45512,0.3876,0.57073,-3.0254,-0.71766,185,206,161,183,203,98,151,209,120,179,103,199,215,91,199
0.49701,-2.3001,0.15865,0.51731,0.28385,0.44626,0.53085,0.4722,0.56243,0.48912,0.48573,-2.1433,0.5886,0.39873,0.39873,0.71096,0.51265,0.30801,0.41982,-0.073838,0.43037,0.45147,-2.8818,-1.2637,195,210,155,188,207,112,165,207,102,184,102,194,224,84,195
0.54821,-2.0527,-0.065032,0.57106,0.27766,0.40272,0.541,0.47246,0.57948,0.51455,0.55423,-2.3437,0.43481,0.43481,0.47648,0.51666,0.42439,0.24134,0.33361,-0.28698,0.35891,0.41398,-3.2218,-0.12625,188,206,158,181,203,118,151,209,124,175,108,205,215,96,199
0.24988,-3.2785,-0.10281,0.33768,0.24393,0.30643,0.50882,0.26476,0.42995,0.19036,0.41507,0.43441,0.53639,0.48328,0.27426,0.62548,0.51069,0.34108,0.36164,-0.16947,0.37363,0.40961,-3.1282,-0.61834,191,208,153,188,205,94,159,210,105,183,101,197,219,86,198
0.66691,-1.4068,-2.5713,0.27093,0.36472,0.51321,-0.67994,0.4585,0.54447,1.0316,0.14328,0.66431,0.29647,0.39262,0.60253,0.47929,0.44815,0.29241,0.39127,-0.89799,0.40481,0.48742,-3.0797,0.18271,189,206,157,183,205,127,157,209,113,180,101,191,213,85,199
0.47908,-3.0755,-0.55092,0.19359,0.38951,0.40817,-0.40164,0.4175,0.4343,0.78696,0.25143,0.66754,0.33676,0.40752,0.48808,0.44235,0.40861,0.27361,0.29974,-0.50804,0.39445,0.524,-3.2014,0.13427,188,207,158,187,205,103,157,210,107,181,100,192,216,86,197
0.46433,-3.1588,-0.25796,0.21635,0.31621,0.36447,-0.33618,0.44436,0.43937,0.7123,0.1398,0.65572,0.4202,0.46575,0.39156,0.55947,0.48007,0.33039,0.30956,-0.36987,0.39026,0.57509,-3.1501,-0.40241,186,206,163,188,204,96,156,209,113,179,104,206,210,95,204
0.45757,-3.1363,-0.2042,0.2242,0.31255,0.33922,-0.44424,0.4459,0.46924,0.83096,0.13585,0.56926,0.51998,0.42611,0.64219,0.6723,0.53946,0.37474,0.3039,-0.45415,0.43319,0.64927,-2.7283,-1.3787,181,206,167,182,203,105,153,209,119,188,99,201,229,86,197
-0.034599,-2.5945,-1.4534,-0.29306,0.3091,-0.020851,0.60606,0.42733,0.81778,0.93601,0.52082,0.77928,0.94562,0.5045,-0.9501,1.129,0.77328,-0.60068,0.058632,-1.4244,0.67842,1.0737,-2.0094,-0.17853,165,213,163,139,205,159,109,213,126,168,104,194,190,86,207
0.2489,-2.4523,-1.6435,-0.22087,0.20886,-0.092753,0.67863,0.14747,0.99626,0.99626,0.48645,0.6466,0.74663,0.73724,-0.27634,0.92964,0.74663,-0.43901,-0.021377,-1.8045,0.48229,0.96561,-2.1846,0.11783,169,212,162,145,206,147,118,213,123,168,97,215,215,93,197
-0.026552,-2.4693,-1.5353,-0.18178,0.15318,-0.11642,0.55895,0.30024,0.97562,1.041,0.34109,0.95928,0.90182,0.59851,-0.63289,1.0838,0.83509,-0.49792,0.034374,-1.6004,0.55908,1.0489,-2.0645,-0.26589,165,212,160,135,206,184,109,213,133,167,98,208,207,94,197
0.26051,-2.6014,-1.4994,-0.096234,0.23409,-0.1068,0.48249,0.34508,0.92116,0.99515,0.32922,0.73618,0.88235,0.64346,-0.38782,1.044,0.82408,-0.31354,0.18754,-1.5415,0.50217,0.89983,-2.2538,-0.48687,166,211,159,140,204,164,108,211,121,166,92,204,199,83,201
0.059307,-2.7606,-1.0183,-0.5181,0.31444,-0.1824,0.59978,0.49907,0.73742,0.90863,0.54943,0.81127,0.78535,0.66574,-0.58075,1.0686,0.85251,-0.32054,0.044593,-1.4873,0.53773,1.0183,-2.2281,-0.35622,167,208,159,142,202,151,114,209,114,167,93,207,208,85,198
-0.073134,-2.8433,-1.0378,-0.31431,0.45946,0.017307,0.56665,0.44271,0.5834,0.78438,0.5499,0.86477,0.84913,0.62536,-0.86405,1.0765,0.79722,-0.38608,-0.17305,-1.2919,0.58777,1.1606,-2.1834,-0.19811,163,208,165,134,201,172,107,208,126,163,99,209,203,96,197
-0.043599,-2.7599,-1.163,-0.32649,0.36096,-0.086184,0.58909,0.48567,0.67427,0.85677,0.61951,0.7929,0.79444,0.69508,-0.63669,1.0228,0.79444,-0.29851,-0.16255,-1.5135,0.51902,1.1553,-2.1811,-0.1887,164,208,167,132,201,173,105,209,126,163,94,207,200,92,197
0.1888,-2.7893,-1.2698,-0.17662,0.41414,-0.030451,0.55421,0.35323,0.63338,0.80087,0.5603,0.76128,0.80989,0.72821,-0.55451,0.99594,0.77813,-0.27618,-0.17332,-1.4258,0.47257,1.126,-2.2895,-0.19147,164,210,160,141,203,161,113,211,118,170,94,207,211,88,198
0.30651,-1.227,-0.27619,0.39746,0.18855,0.26103,0.65044,0.56943,0.71439,0.63623,0.61207,-2.8329,0.81971,0.80783,-0.45066,0.97009,0.75441,-0.3359,-0.15187,-1.5568,0.42197,1.1422,-2.2078,-0.21321,170,210,161,136,204,169,109,211,116,163,91,209,199,82,203
-0.41038,-1.992,-0.60487,-1.4599,-0.81771,0.066664,0.84095,0.60243,1.0831,0.907,0.76022,1.0244,0.85445,0.43777,-1.3802,1.2804,0.91927,-0.72585,0.53654,-1.1364,0.62296,0.71865,-1.9049,-0.22274,177,208,150,141,205,168,127,211,109,174,105,193,199,81,208
-0.19048,-2.0682,-1.0824,-1.1077,-0.71047,-0.067706,0.8856,0.48478,1.1348,0.87116,0.92171,0.92893,0.72577,0.81302,-0.65232,0.96963,0.79289,-0.45098,-0.28095,-1.5159,0.40139,1.1016,-2.187,0.28282,172,212,158,147,206,141,121,213,119,168,104,216,209,107,199
-0.21585,-1.8813,-0.85212,-0.96338,0.034479,0.10749,-0.96338,0.64293,0.98714,1.7799,0.22223,1.1019,0.68029,0.37407,-1.0109,1.1535,0.8566,-0.5237,0.28824,-1.4354,0.73133,1.1211,-2.013,-0.22212,171,209,160,138,204,165,117,210,109,178,97,170,165,79,212
-0.10124,-2.3685,-0.87571,-0.60376,0.096808,0.16184,-0.71904,0.688,1.0013,1.5068,0.28008,0.93335,0.71681,0.60604,-0.67158,1.0288,0.77035,-0.37248,-0.051234,-1.447,0.60604,1.2319,-2.2021,-0.21555,169,208,167,130,202,176,107,209,118,161,92,214,199,90,202
0.067891,-1.6489,-1.2119,-0.85293,-0.40656,-0.04448,-0.90599,0.75772,1.1698,1.7129,0.302,1.0605,0.64282,0.4766,-0.5304,1.0139,0.80905,-0.14577,0.20021,-1.5877,0.56938,1.0487,-2.3144,-0.18249,171,207,159,134,204,185,118,210,114,172,90,208,217,87,194
0.10546,-2.3527,-1.0551,-0.26195,0.047141,0.044225,-0.78391,0.6974,1.024,1.5401,0.14337,0.85194,0.65019,0.69214,-0.39668,0.93105,0.76326,-0.18329,-0.1304,-1.5311,0.50428,1.2137,-2.308,-0.20518,168,207,167,131,202,173,110,208,111,166,86,208,203,80,201
1.0168,-1.1141,-1.649,-0.16011,0.24555,-0.17348,0.4417,-0.92686,1.7122,1.5562,-0.60144,-0.34734,1.0497,0.81748,-0.48154,1.0256,0.41116,-0.83382,-0.073224,-1.6244,0.4672,1.3499,-1.8206,-0.28739,144,205,176,117,198,194,79,207,129,175,105,201,218,99,187
0.51616,-1.7984,-1.3009,-0.55101,-0.078716,-0.039057,0.4801,-0.35632,1.6699,1.8069,-0.28422,-0.064294,0.94649,0.65004,-0.4156,1.0027,0.81473,-0.88255,0.07072,-1.923,0.32454,0.88642,-1.8281,0.3536,150,205,175,127,198,202,89,207,142,173,107,203,208,99,197
0.4532,-0.86859,-1.0924,-1.0803,-0.71735,-0.27878,-0.29995,-0.2939,1.6147,2.0986,-0.39674,0.86153,1.1222,1.2069,0.15062,0.96881,0.80306,-0.58646,-0.35194,-1.6568,-0.25319,0.63025,-2.0007,-0.032769,152,203,173,139,197,188,91,207,129,171,99,190,187,93,199
0.83335,-1.1358,-1.257,-0.53596,-0.43902,-0.21484,-0.039131,-0.74197,1.7028,2.0148,-0.5299,0.34258,0.962,0.95446,0.51759,0.87161,0.40009,-0.024731,-1.3489,-1.3203,0.39708,0.97405,-2.0479,-0.33506,152,201,194,131,196,198,83,206,161,163,96,194,186,91,195
0.75742,-0.050581,0.11566,-1.2723,-0.18203,-0.5725,-1.1176,-0.80446,1.3683,2.1995,-0.82379,0.38242,0.94447,0.92651,-0.44754,0.91304,0.94222,-1.4983,-0.95495,-1.1525,0.41461,1.1286,-1.5185,0.30235,162,210,194,147,204,196,92,215,141,175,105,191,203,93,202
0.19829,-0.74053,-0.074269,-1.1039,-1.5063,-0.41605,-0.06129,-0.30357,1.5178,2.2922,-0.091574,0.28914,0.84725,1.0374,0.75112,0.79082,0.67588,-1.2384,-1.5749,-1.1026,0.21403,1.0709,-1.462,-0.0095784,162,208,187,143,203,200,93,212,143,168,86,189,182,77,202
0.68577,-0.5274,-0.72646,-1.6129,-0.14429,-0.27951,-0.46355,-0.58374,1.4219,2.2633,-0.41848,0.3853,0.98335,0.92386,-0.77965,1.0951,1.0699,-0.41371,0.017125,-1.6557,0.067599,0.66247,-1.9676,-0.002704,155,202,172,151,197,191,101,207,127,166,101,191,183,90,201
0.76581,-1.227,-0.63295,-1.3662,-0.52391,-0.41862,-0.50135,-0.26822,1.4464,2.0743,-0.035094,0.68685,0.92989,0.61926,-0.070143,0.92588,0.86576,-0.014029,-0.74351,-1.8878,-0.81766,1.2385,-1.5892,0.54311,159,206,187,152,202,203,92,210,132,168,96,195,189,86,203
0.56496,-0.0062533,-0.018505,0.44245,0.061129,0.013655,0.36282,-0.026162,0.79774,0.83143,0.13923,-3.1625,1.0929,0.72075,-0.79095,1.2789,0.83703,-0.54546,0.12124,-1.7057,-0.010552,0.94298,-1.7858,-0.15526,156,203,172,136,198,196,101,206,129,171,104,203,202,100,198
-0.064324,-2.0233,0,0.15204,-0.54968,-0.14034,0.18712,-0.93562,1.7134,1.8654,-0.42688,0.22221,1.0381,0.73133,-1.1285,0.95045,0.18626,-1.2079,-0.45742,-0.90115,0.7012,1.7092,-1.5065,-0.11504,151,205,171,127,198,190,92,208,129,181,110,202,209,107,198
0.67008,-1.5854,-0.73273,1.046,-0.37974,-0.51727,0.33542,-1.2966,1.3807,1.7016,-0.63188,0.0099328,0.87528,1.2412,-0.17637,0.24867,0.32755,-0.72411,-1.2894,-1.4537,0.54883,1.3288,-1.6246,0.69781,149,203,186,121,198,187,82,208,150,174,110,204,208,105,197
0.42503,-1.2028,-0.40312,-1.0322,-0.25384,-0.17564,-1.4374,0.11936,1.4202,1.9498,-0.40312,0.99372,0.87472,0.90566,0.12354,0.89461,0.80623,0.45495,-1.3125,-1.6462,-0.31833,0.94984,-1.8163,0.083772,167,206,175,148,203,192,107,211,97,175,90,206,194,85,208
0.62512,0.0068285,-0.50717,-0.77162,-0.4215,-0.12726,-1.5799,-0.20548,1.4259,2.0517,-1.159,0.66236,0.80618,0.79552,-0.37589,0.93207,0.50533,-0.55939,-1.1312,-1.8823,-0.036629,1.4399,-1.2763,0.78271,168,206,165,145,201,190,95,210,120,169,95,204,186,92,206
0.95052,-0.013835,-1.3774,-0.76977,0.32175,0.025021,-1.0276,-0.26464,1.2508,2.0279,-1.2926,0.16985,0.90938,0.037936,0.031433,1.1196,0.79232,-0.28289,-0.81616,-1.887,0.059613,1.2671,-1.7591,0.52785,167,206,174,124,201,208,93,209,119,171,93,205,208,88,198
0.22379,-0.29689,-0.33612,-0.061519,-0.31473,-0.25767,-1.9588,-0.33969,1.661,1.875,-0.91386,0.7195,0.77375,0.79692,-0.096822,0.80188,0.48907,0.11337,-1.3977,-1.3795,0.43446,1.0568,-2.1061,0.5139,164,206,161,139,203,208,99,210,104,177,85,200,211,79,198
0.41113,-1.871,-1.9168,0.1762,-0.33027,-0.72996,0.36841,0.087717,1.0305,1.2349,0.58503,0.95421,1.0876,0.73284,-0.19091,1.0683,0.67667,-0.42147,-0.95059,-1.5167,0.39585,1.1112,-1.9674,-0.025372,133,208,169,95,200,210,56,210,173,146,82,205,175,84,195
0.39975,-1.8491,-1.1328,-0.51008,-0.28338,0.02796,-0.31965,-0.3136,1.361,1.9957,-0.2199,0.84409,0.57437,0.66307,0.37479,0.80583,0.69634,-0.40551,0.087894,-2.0756,0.46072,0.72544,-2.1615,0.25421,134,208,172,92,200,199,58,208,163,139,72,207,169,73,196
0.40823,-2.2788,-1.6469,-0.043963,-0.15411,-0.53673,0.52707,0.243,1.0633,1.1271,0.50098,0.79085,1.0863,0.49741,-0.37468,1.0848,0.74041,-0.45369,-0.54462,-1.5643,0.46909,1.2025,-2.019,-0.12423,133,204,160,98,197,206,57,206,172,142,80,202,169,80,194
0.58399,-2.2496,-1.91,0.39876,0.49358,-0.43257,0.46271,-0.009188,0.8905,0.98973,0.20691,0.57517,0.97814,0.9795,0.2836,1.004,0.83923,-0.041877,-0.70509,-1.6012,-0.090903,0.7262,-2.1555,-0.21619,139,211,174,107,202,201,59,210,149,142,78,205,165,75,202
0.127,-1.7603,-0.09012,-1.1757,-0.56612,0.11865,-0.67051,-0.25296,1.1166,2.1521,0.13535,0.86606,0.67658,0.63614,-0.40625,1.0765,0.95964,-0.73199,0.33061,-1.7384,0.56425,0.73723,-2.0889,-0.015351,143,212,159,96,205,213,63,212,172,142,77,201,167,73,201
0.62643,-2.1071,-1.8243,0.22583,0.16299,-0.77174,0.15906,0.11193,0.65785,1.1881,0.62643,0.94455,0.97566,0.88735,-0.072975,1.0125,0.88184,0.0079721,-0.8383,-1.4252,-0.0067456,0.9499,-2.1868,-0.1852,140,208,160,106,202,211,65,210,157,149,76,191,169,65,201
0.34334,-2.0091,-2.0579,0.16788,0.37583,-0.57946,0.18738,0.13539,0.82424,1.1134,0.68127,0.81774,0.93132,0.90605,0.083062,1.015,0.87604,0.067266,-0.87577,-1.5708,-0.074901,0.9329,-2.0858,-0.20443,142,209,167,106,203,211,58,211,169,142,79,192,158,70,201
0.69062,-1.0983,-1.5466,-0.35837,-1.0287,-1.2071,0.072544,0.11607,0.8299,1.5176,0.65579,1.3566,1.0096,0.83932,-0.084246,1.0096,0.7218,-0.14752,-1.0334,-1.4809,0.26077,1.0593,-2.0609,-0.093285,144,213,160,104,207,216,68,215,156,153,79,205,178,70,207
0.54285,-0.3047,-0.48829,0.70043,-0.12724,-0.017084,0.43576,0.30878,0.70196,0.76316,0.52296,-3.0386,1.0513,0.90779,-0.020823,1.0918,0.89428,0.031517,-0.81099,-1.4374,-0.21499,0.86389,-2.1229,-0.23356,143,211,166,107,204,212,61,213,167,143,80,205,161,73,207
0.22973,-1.1219,-1.9917,0.26541,-0.78732,-0.9479,0.41262,-0.20296,1.2378,1.2825,0.35017,1.2735,1.0485,1.0284,-0.036375,1.0576,0.76174,-0.12587,-1.2838,-1.1925,-0.054638,1.0704,-1.9504,-0.32311,139,216,189,102,208,218,62,217,158,151,82,209,186,78,201
0.2147,-2.2608,-0.31432,-0.52835,-0.597,0.097592,-0.051825,-0.41931,1.3858,1.8543,-0.12048,0.73968,0.46092,0.73721,0.67159,0.66468,0.64569,-0.06749,-0.093392,-1.9808,0.25197,0.72512,-2.3072,0.29169,142,213,176,98,205,201,66,212,147,140,78,213,170,77,203
0.88472,-0.37053,-0.32265,-0.54839,-0.22688,-0.17558,-1.9268,-0.43894,1.3704,1.7672,-0.92462,0.91208,0.2479,0.77603,0.84617,0.55735,0.61305,0.36962,-0.77328,-2.2586,-0.35449,1.1247,-1.5861,0.4377,151,213,172,104,207,188,72,210,114,141,68,195,165,58,202
0.88345,0.10164,-1.2605,0.31359,0.16766,-1.045,-1.7539,-0.48212,0.89735,1.5749,-0.60026,1.2031,0.54501,1.0452,0.97893,0.67397,0.76459,0.61298,-1.2203,-1.52,-0.8735,0.62518,-1.8041,0.17209,148,211,175,116,206,201,69,210,119,143,70,187,149,59,207
0.83286,-0.40055,-1.3594,-1.1422,-0.11781,-0.35138,-1.6422,0.56241,0.86974,1.8163,0.046099,0.88613,0.84633,0.8343,-0.050694,0.93569,0.75009,-0.023199,-0.87382,-1.4993,0.19332,1.2398,-2.1231,-0.22941,145,207,159,101,202,211,71,209,147,149,77,199,172,70,202
0.54405,-1.6271,-1.2344,0.16645,-0.14317,-0.42636,-1.5063,0.48741,0.95562,1.673,0.072057,1.0387,0.83422,0.92558,0.16749,0.84224,0.69318,0.048883,-0.95603,-1.5026,0.15787,1.1195,-2.1805,-0.14986,150,212,153,102,206,215,66,213,156,148,80,205,170,75,206
0.35239,-0.22875,-3.2269,0.381,0.32817,-0.087867,0.50207,0.10805,0.47125,0.3832,0.51528,0.50207,0.5078,0.49386,0.42954,0.59035,0.51745,0.13472,0.39309,-1.9322,0.48314,0.53996,-2.4822,0.32448,177,207,160,140,203,212,136,210,116,151,89,178,153,69,208
0.47878,-0.18308,-3.2276,0.30584,0.35495,-0.076327,0.32506,0.16066,0.6752,0.54069,0.26741,0.37843,0.49705,0.51879,0.46879,0.59814,0.53727,0.13289,0.39922,-2.0792,0.44378,0.52205,-2.3553,0.3166,175,208,162,148,204,211,141,210,124,154,81,165,146,62,209
0.40569,-0.31319,-3.1825,0.29509,0.28895,-0.20464,0.45075,0.15378,0.66785,0.62893,0.39135,0.41798,0.49206,0.50521,0.4432,0.56911,0.51931,0.16412,0.37836,-1.6644,0.43568,0.50334,-2.6858,0.33984,176,207,165,142,202,213,136,210,117,150,87,174,150,67,208
0.53258,-0.3716,-3.0761,0.44135,0.25623,-0.54867,0.35818,0.14086,0.71234,0.7338,0.30184,0.51916,0.4999,0.51332,0.41114,0.58041,0.53706,0.15413,0.43075,-2.2817,0.47926,0.49474,-2.1641,0.34508,175,206,166,139,201,212,132,210,117,148,80,172,143,63,207
0.46282,0.28518,-3.1437,0.013686,0.29188,-0.64661,0.37903,0.29188,0.41925,0.63041,0.51645,0.49969,0.40456,0.46757,0.48487,0.5207,0.5343,0.34896,0.38973,-2.2471,0.4614,0.49723,-2.2174,0.35513,175,206,169,146,202,212,136,210,113,142,76,179,143,61,207
0.49224,0.13496,-3.1197,0.26796,0.18451,-0.73868,0.40618,0.28622,0.45834,0.60177,0.44269,0.58351,0.38517,0.48598,0.45006,0.49525,0.49989,0.30059,0.29595,-2.8778,0.41762,0.55203,-1.361,0.35621,174,204,173,137,200,209,126,207,120,140,76,182,143,61,205
0.5406,-0.025273,-2.973,0.2854,0.22993,-1.0646,0.39266,0.2854,0.51471,0.59608,0.57019,0.64786,0.42483,0.4945,0.50074,0.51737,0.51009,0.32501,0.34581,-1.9302,0.43835,0.54025,-2.5,0.33333,177,207,170,138,202,212,131,209,116,151,84,173,147,64,208
0.41717,-0.26053,-3.2111,0.032304,0.31677,-0.082039,0.5594,0.3084,0.43111,0.44784,0.55661,0.4841,0.40995,0.46134,0.4507,0.46134,0.45159,0.30185,0.29742,-0.98293,0.38514,0.51539,-3.0572,0.30539,175,207,168,152,203,204,138,209,115,140,74,187,143,62,208
0.55982,-0.03496,-1.5902,0.53084,0.19826,0.3335,0.50048,0.47564,0.60536,0.55154,0.56396,-2.6942,0.42569,0.4354,0.53812,0.52702,0.41319,0.23829,0.33268,-0.5682,0.34934,0.37433,-3.182,0.11614,178,208,163,137,204,196,136,211,111,171,81,182,157,74,211
0.22796,0.24693,-3.2829,0.34182,0.059869,0.092402,0.40417,0.16018,0.51262,0.31471,0.50991,0.41231,0.42588,0.45999,0.5269,0.47967,0.47836,0.36683,0.42194,-1.7522,0.41931,0.47442,-2.6404,0.33928,180,211,157,154,207,202,149,214,113,156,93,172,152,68,213
0.41648,0.11442,-3.0121,0.60085,-0.081727,-0.90161,0.4714,0.11442,0.70285,0.47925,0.53024,0.56555,0.40893,0.4566,0.50732,0.47587,0.49717,0.38357,0.41299,-1.7292,0.41299,0.4495,-2.6583,0.38256,178,210,162,149,205,215,142,213,114,153,89,186,155,71,212
0.44709,0.46173,-2.9131,0.098785,0.23928,0.054881,-1.0222,0.33002,0.54076,1.0881,0.043173,0.63149,0.32475,0.39702,0.42593,0.41328,0.42954,0.32295,0.35005,-0.72945,0.40876,0.52439,-3.1495,0.2823,176,205,170,150,202,207,138,208,114,138,70,190,144,60,207
0.6264,0.22622,-2.5317,0.18657,0.16133,-0.56331,-1.3024,0.37764,0.75258,1.3582,-0.011717,0.72013,0.35891,0.44156,0.51876,0.4797,0.46517,0.34347,0.34438,-1.2877,0.40977,0.54964,-2.9171,0.29351,176,206,171,142,202,212,135,210,120,148,88,217,171,87,210
0.54635,0.42576,-2.9811,0.2982,0.03614,-0.44856,-0.6712,0.51389,0.53708,0.98236,0.17529,0.58578,0.3367,0.43841,0.41067,0.49735,0.50659,0.376,0.3864,-2.7445,0.43609,0.60252,-1.5899,0.34364,171,202,172,137,198,208,125,206,123,137,79,213,160,78,205
0.48786,0.3415,-3.085,0.24249,0.14564,0.038024,-0.70452,0.36517,0.5266,0.9054,0.21236,0.52444,0.37382,0.45239,0.47714,0.49759,0.48252,0.3609,0.4018,-1.8196,0.43839,0.58154,-2.588,0.34153,177,209,172,139,205,214,134,213,118,154,86,206,165,80,213
1.0359,-1.2865,-1.1085,0.63605,0.6251,-0.19102,-0.80448,-1.2947,1.0797,1.7644,-0.73054,0.27455,0.83301,0.97711,0.87211,0.8062,0.80732,0.4711,-0.494,-1.7406,-0.81905,0.17174,-2.0187,0.13376,126,212,171,98,204,212,55,211,135,134,61,174,137,50,201
0.823,-1.1714,-1.5381,0.29831,-0.16714,-0.37025,-1.2081,-0.50001,1.1672,1.7511,-0.16432,1.0797,0.77316,0.93044,0.58541,0.76097,0.74268,0.15626,-0.58988,-1.6311,-0.027838,0.94872,-2.2248,-0.42407,124,207,173,81,199,208,44,207,160,129,66,195,155,59,195
0.78925,-1.2092,-1.348,0.32565,-0.19557,-0.16938,-1.3323,-0.55178,1.3026,1.6274,-0.39725,1.1586,0.78236,0.89126,0.38967,0.80656,0.72626,0.17297,-0.52112,-1.7443,0.12457,0.90556,-2.2349,-0.29892,128,209,169,83,202,211,43,210,169,131,63,194,147,57,200
0.76421,-1.2825,-1.7403,0.49441,-0.075172,-0.3913,-1.0181,-0.48396,1.2221,1.699,-0.017941,0.82962,0.78318,0.90475,0.38233,0.7799,0.72295,0.037329,-0.40186,-1.5738,0.037329,0.93652,-2.393,-0.21567,126,206,175,83,200,209,44,209,167,130,64,191,140,58,201
0.99538,-2.0441,-0.52054,0.29455,0.33264,-0.24631,-0.77954,-0.92809,0.90777,1.9057,-0.39104,0.47357,0.68896,0.86493,0.84061,0.61314,0.63889,0.41285,-0.91762,-1.3368,-0.75883,0.86064,-2.2481,0.34132,132,206,165,87,200,209,58,208,94,133,55,173,132,46,200
1.0615,-2.162,-0.84211,0.34428,0.56172,-0.22412,-0.57126,-0.74292,0.82876,1.7824,-0.38052,0.34428,0.67915,1.0066,0.96393,0.69428,0.74931,0.5746,-0.50122,-1.5757,-1.1052,0.27194,-2.0297,0.27194,137,210,152,90,203,212,58,209,95,128,56,204,138,56,206
0.81368,-1.7186,-1.0283,-0.18862,-0.52051,-0.29151,-1.088,-0.099013,1.0593,1.8824,0.15322,1.0261,0.75956,0.87845,0.58464,0.7049,0.68713,0.10636,-0.88847,-1.6975,-0.024825,0.87845,-2.2003,0.21158,135,208,163,83,202,211,45,210,154,132,59,178,133,49,202
0.30804,-2.3548,-1.1952,-0.024099,-0.50226,-0.27607,-0.19303,0.24505,1.0754,1.5421,0.57432,0.80052,0.85308,0.91946,0.064684,0.73117,0.68782,0.019981,-0.92962,-1.7993,0.39657,0.91946,-2.0662,0.20286,134,208,171,81,205,214,52,212,130,139,59,180,153,46,201
0.62513,-0.76366,-0.18376,0.51807,-0.24472,0.11363,-0.01425,0.36343,0.89873,1.1233,0.43778,-2.8736,0.87763,0.87763,0.45219,0.715,0.61917,0.097891,-1.2133,-1.6039,0.36797,0.87763,-2.0976,0.029646,135,205,171,79,203,211,44,211,147,131,57,181,134,48,202
1.0731,-0.88266,-0.39551,0.77938,0.32447,0.14537,-0.92565,-1.6743,1.0552,1.7501,-1.1549,-0.094624,0.744,0.95913,0.95913,0.68314,0.80769,0.86996,-0.80438,-0.96432,-1.798,-0.61756,-1.4653,0.62652,133,214,163,104,207,211,57,212,118,128,58,189,130,50,208
0.72819,-2.0214,-1.107,0.5994,-0.050979,-0.32465,-0.66272,-0.62409,1.1146,1.7134,-0.17333,0.80868,0.75165,0.85271,0.61646,0.66765,0.71227,0.48914,-0.94678,-1.5033,-0.27082,0.85271,-2.2751,0.053377,123,206,183,85,199,207,45,208,154,125,64,190,134,55,202
1.0932,0.16727,-0.021575,0.46881,0.58151,0.033251,-1.706,-1.179,0.90133,1.4892,-1.6938,-0.13427,0.53055,0.96998,1.0705,0.73153,0.81158,0.80647,-0.132,-0.90015,-1.7364,-1.4094,-1.2885,0.54588,134,211,163,109,205,205,57,210,114,120,56,195,132,49,205
1.1762,-0.97252,-0.72879,0.43856,0.4129,0.10182,-1.8705,-0.86669,1.096,1.577,-0.79934,0.43535,0.67956,1.0134,0.95518,0.71709,0.78437,0.65627,-0.57173,-1.4102,-1.5189,0.19561,-1.8114,0.31077,135,207,155,95,202,209,60,207,102,129,56,178,129,46,203
1.1265,-1.4854,-1.0513,0.4909,0.45964,0.025471,-1.6591,-0.18293,1.0258,1.6267,-0.64142,0.26513,0.62038,0.98377,0.73866,0.73011,0.73581,0.60043,-0.504,-1.5771,-1.0284,0.56907,-2.1172,0.24844,137,209,152,90,203,211,60,208,93,130,56,181,129,47,205
1.1266,-1.2013,-0.55531,0.44105,0.29175,0.063224,-2.0544,-0.31155,1.1236,1.4191,-0.89352,0.55074,0.6119,0.91982,0.84858,0.62881,0.67953,0.54066,-0.68979,-1.6498,-1.0532,0.68556,-1.9806,0.45855,141,212,148,90,206,213,56,211,104,131,55,184,130,47,207
0.51479,0.092087,-3.0315,0.49421,0.20449,-0.9243,0.37072,0.12217,0.62244,0.60186,0.29473,0.63827,0.47628,0.5764,0.40327,0.81002,0.61394,-0.72102,0.25309,-2.9487,0.40118,0.50756,-0.67513,0.30315,139,200,197,85,196,205,62,205,177,130,66,177,134,54,199
0.61212,-0.0094495,-2.5839,0.52182,0.17114,-1.6537,0.38323,-0.0073496,0.85991,0.70661,0.38323,0.61632,0.48085,0.51816,0.42389,0.72242,0.57905,-0.37938,0.2982,-3.0425,0.41407,0.46514,-0.72504,0.24517,146,202,188,84,196,206,63,205,157,133,65,176,133,54,200
0.48329,0.0039702,-3.1419,0.42265,0.21475,-0.58363,0.34613,0.12957,0.68397,0.606,0.35046,0.48473,0.49984,0.55413,0.38377,0.74508,0.63463,-0.37816,0.28643,-2.9785,0.37816,0.47176,-0.88923,0.29204,142,203,186,92,199,207,67,207,176,130,64,182,135,55,201
0.49057,-0.053049,-3.0579,0.46063,0.23846,-0.84563,0.38657,0.16913,0.62608,0.6119,0.44487,0.52839,0.51382,0.57213,0.36146,0.73578,0.64361,-0.50191,0.33701,-2.9867,0.40472,0.47996,-0.77277,0.21286,141,202,189,79,194,205,62,207,179,140,70,177,139,60,202
0.46509,0.28368,-3.2057,0.25221,0.2226,-0.46047,0.28739,0.18928,0.39845,0.52433,0.57431,0.4688,0.22503,0.41021,0.43233,0.61474,0.63962,0.045375,0.22779,-3.2244,0.31348,0.3273,-0.28077,0.26925,154,208,177,94,202,211,66,211,169,127,63,176,129,50,205
0.40145,0.15704,-3.272,0.27852,0.27418,-0.13799,0.31178,0.21778,0.42604,0.43182,0.52149,0.38988,0.24807,0.57505,0.43624,0.64292,0.62749,0.0043701,0.019794,-3.1143,0.30668,0.58122,-0.62492,0.29742,156,210,179,91,203,213,64,211,171,146,54,172,128,50,206
0.42387,-0.12459,-3.265,0.33061,0.30555,-0.020185,0.31808,0.32226,0.36541,0.45032,0.46564,0.42805,0.3178,0.57626,0.45156,0.61481,0.5944,0.059327,0.10694,-3.1035,0.34047,0.54679,-0.72288,0.21804,156,210,177,93,204,214,74,212,142,136,69,185,138,56,208
0.4231,-0.023429,-3.2679,0.26824,0.30433,-0.059512,0.33439,0.23817,0.381,0.44565,0.52233,0.43362,0.33702,0.52384,0.4283,0.5854,0.59389,0.084387,0.1778,-3.117,0.33489,0.49624,-0.73295,0.28819,156,210,175,94,205,213,75,212,144,146,59,169,129,50,208
0.57429,0.31795,-2.1679,0.63467,0.16985,0.036552,0.48656,0.37719,0.63011,0.53555,0.63467,-2.2295,0.2938,0.47286,0.39259,0.68279,0.58091,-0.039619,0.31232,-3.1824,0.29689,0.33085,-0.4564,0.31541,158,213,170,93,207,216,83,216,132,148,56,171,130,50,210
0.41402,0.29819,-3.2499,0.48384,0.13475,-0.24767,0.3204,0.11888,0.45845,0.42037,0.40926,0.43941,0.14111,0.49978,0.44973,0.61656,0.70831,-0.042401,0.26623,-3.2079,0.12859,0.26623,-0.2134,0.38717,147,206,180,90,200,209,68,210,174,85,35,193,96,32,196
0.52542,0.36492,-2.3349,0.63322,-0.16689,-1.9683,0.43679,0.02715,0.76977,0.60208,0.36492,0.74581,0.29688,0.60114,0.70127,0.82837,0.75904,-1.2783,0.31999,-2.7496,0.26222,0.32384,-0.43489,0.37005,143,203,180,90,199,207,70,208,173,141,72,183,142,62,204
0.4863,0.46895,-3.0578,0.23962,0.1606,-0.15161,-0.68351,0.28972,0.53062,0.96232,0.22998,0.52484,0.042283,0.45496,0.41099,0.61733,0.61395,0.08964,0.15391,-3.0562,0.44143,0.7797,-0.79323,0.24524,155,207,164,81,200,208,97,207,50,148,57,167,131,49,205
0.5694,0.28885,-2.9443,0.28885,0.1712,-0.4872,-0.72703,0.27075,0.63502,1.0468,0.24586,0.64181,0.1018,0.47239,0.39827,0.62611,0.58768,0.17591,0.13474,-3.099,0.40376,0.70572,-0.71624,0.20886,157,208,171,69,199,210,77,210,120,143,54,171,129,48,205
0.54232,0.35815,-3.0499,0.31551,0.19725,-0.36688,-0.57818,0.3504,0.54426,0.97075,0.19919,0.51712,0.12848,0.45696,0.35634,0.65523,0.62563,0.22614,0.18471,-3.0438,0.34451,0.70553,-0.89246,0.25277,157,209,171,89,201,211,79,210,120,140,56,172,130,48,206
0.54734,0.018707,-3.1042,0.36268,0.22871,-0.013879,-0.58053,0.33009,0.53466,0.91122,0.27035,0.49483,0.15368,0.53935,0.42799,0.59638,0.62897,0.22973,-0.031007,-2.9697,0.3112,0.86254,-0.98974,0.24059,157,209,165,93,204,213,79,210,125,141,61,187,138,56,207
0.44111,-0.86901,-3.0687,0.34643,0.43671,-0.032294,0.48735,0.25175,0.57102,0.46313,0.5468,0.4257,0.498,0.51991,0.51444,0.58785,0.51444,0.16162,0.36104,-1.2508,0.43883,0.4991,-2.9053,0.060812,185,209,163,164,205,176,157,212,120,175,99,170,166,80,212
0.46308,-0.55899,-3.127,0.29417,0.31993,-0.083741,0.29417,0.15961,0.6549,0.7322,0.25409,0.59764,0.44172,0.45693,0.43749,0.49242,0.42819,0.13494,0.34875,-0.6992,0.4096,0.45186,-3.1492,0.24649,184,208,161,177,204,170,165,210,123,163,100,176,162,79,211
0.43419,-0.68342,-3.1435,0.3195,0.34199,0.12387,0.35323,0.29926,0.55337,0.62982,0.30376,0.46792,0.44884,0.45941,0.4464,0.50737,0.45778,0.16596,0.33179,-0.7095,0.40413,0.46266,-3.1424,0.16759,186,209,159,180,205,167,166,210,111,157,92,183,159,75,212
0.49089,-1.0465,-2.995,0.35544,0.43624,-0.024752,0.52891,0.23901,0.61208,0.51228,0.39584,0.49564,0.46262,0.48547,0.51711,0.52678,0.46174,0.17964,0.34926,-0.83187,0.40726,0.46174,-3.0922,0.072429,185,208,162,172,204,171,163,210,114,167,96,174,162,79,212
0.44775,-0.37648,-3.2117,0.06662,0.43535,0.057324,0.41057,0.29902,0.38268,0.52831,0.49733,0.46324,0.38397,0.43062,0.53251,0.45348,0.44872,0.31351,0.34683,-0.60059,0.39825,0.41444,-3.1724,0.050704,189,208,159,182,205,148,165,210,111,157,98,182,162,76,212
0.40984,-0.52707,-3.1876,0.087342,0.37648,0.20689,0.40428,0.30697,0.37092,0.5544,0.51826,0.47934,0.39219,0.43616,0.55251,0.47739,0.46456,0.32714,0.33264,-0.6797,0.39952,0.43341,-3.1432,0.0074055,185,206,158,171,203,174,160,209,117,160,100,183,164,80,211
0.50907,-0.22182,-3.1294,0.052663,0.32076,-0.48992,0.40694,0.27608,0.48673,0.62078,0.52822,0.63993,0.41851,0.49971,0.48251,0.51404,0.50353,0.30673,0.30291,-1.5408,0.41564,0.55416,-2.7722,0.31533,182,205,166,163,202,199,153,208,118,152,92,183,157,74,208
0.55112,-0.14446,-3.1209,0.19793,0.30038,-0.64053,0.42979,0.33813,0.50798,0.56729,0.46484,0.54842,0.42756,0.50714,0.48256,0.53523,0.53406,0.2918,0.32574,-2.5825,0.41352,0.56917,-1.8171,0.31287,179,207,168,161,204,213,153,211,129,166,94,185,163,80,212
0.52345,0.025084,-1.2769,0.56747,0.14435,0.23806,0.53907,0.42264,0.57882,0.52913,0.5845,-2.8757,0.46184,0.47325,0.52716,0.52302,0.46495,0.31253,0.37889,-1.1215,0.41933,0.49709,-2.9785,0.041907,184,208,161,180,205,161,163,211,122,162,95,178,159,74,212
0.34946,-0.28051,-3.2361,0.44662,0.105,0.2429,0.44976,0.13947,0.6096,0.33379,0.41528,0.42468,0.36697,0.42418,0.56345,0.42094,0.42742,0.36697,0.36373,-0.67698,0.33998,0.38856,-3.16,0.1748,188,212,158,182,208,158,168,214,121,164,102,183,167,79,215
0.38912,-0.58052,-3.1592,0.44669,0.14671,0.064895,0.4679,0.22549,0.50123,0.36791,0.48911,0.64062,0.38188,0.44671,0.58274,0.46902,0.4669,0.34787,0.38188,-1.0635,0.37338,0.41482,-3.02,0.21822,185,209,161,174,205,170,163,212,120,165,103,196,173,88,214
0.51246,0.28491,-2.9064,0.065784,0.24277,0.1922,-0.99893,0.39166,0.57426,1.1502,-0.057824,0.54898,0.33584,0.42197,0.49909,0.46003,0.46503,0.33384,0.41396,-1.1224,0.42598,0.52312,-2.9962,0.23969,185,207,161,176,204,174,163,209,108,157,89,162,149,64,209
0.48329,0.20754,-3.0796,0.26006,0.10468,-0.03538,-0.65691,0.48767,0.4614,0.92317,0.23599,0.60803,0.35424,0.44873,0.49597,0.50696,0.49707,0.39819,0.36413,-1.9168,0.44433,0.58717,-2.5112,0.33117,183,205,165,160,202,205,154,209,116,158,83,215,171,88,210
0.51991,0.23388,-3.0176,0.22165,0.18498,-0.12305,-0.75623,0.48568,0.50524,1.0333,0.14831,0.56391,0.34976,0.41801,0.50357,0.49588,0.47377,0.36995,0.37091,-1.2133,0.43435,0.54587,-2.9504,0.20172,183,206,169,155,203,212,149,210,121,162,90,207,172,88,211
0.59227,-1.0774,-2.6623,0.21847,0.20102,0.32064,-0.80078,0.59975,0.59726,1.143,0.14371,0.72435,0.41542,0.53145,0.59113,0.53477,0.49388,0.38669,0.34027,-0.51838,0.41321,0.57345,-3.0115,-0.75045,187,207,160,179,204,145,162,209,110,161,97,202,173,88,212
