0.20453,0.3054,-0.40402,0.36256,0.18772,-3.0501,0.29531,-0.03082,0.55756,0.60127,0.47015,0.50041,0.29736,0.39402,0.35536,0.38242,0.27803,-0.054447,0.061535,-3.0545,0.4752,0.83861,-0.25162,0.27803,190,240,169,77,253,235,98,246,173,215,52,255,255,82,186
0.32291,0.2049,-0.65188,0.37464,0.19035,-2.9701,0.3019,-0.071533,0.53792,0.67532,0.53468,0.55085,0.40631,0.39402,0.26806,0.4017,0.36176,-0.009985,0.22812,-3.0593,0.4693,0.66746,-0.40324,0.27574,191,241,167,82,253,218,93,251,174,209,58,255,242,86,196
0.34851,0.22058,-0.58631,0.39115,0.14514,-2.9906,0.28618,-0.064781,0.52891,0.67323,0.51251,0.53547,0.34238,0.41552,0.34874,0.3233,0.371,-0.00424,0.15794,-3.0507,0.46322,0.73988,-0.40492,0.29786,192,242,169,72,253,233,92,250,176,209,56,255,244,87,196
0.34003,0.18788,-1.0109,0.45069,0.20171,-2.8574,0.37,0.06109,0.52676,0.61436,0.57517,0.54059,0.44506,0.4705,0.22876,0.34645,0.37508,-0.035255,0.20967,-2.9776,0.5373,0.75678,-0.6428,0.28601,191,241,170,71,253,235,93,250,175,212,51,255,247,84,187
0.27307,0.20534,-0.68806,0.40854,0.098909,-2.9587,0.29243,0.024727,0.59238,0.67946,0.47949,0.59238,0.40093,0.42491,0.37351,0.33239,0.34953,-0.054828,0.065108,-2.9538,0.54142,0.88752,-0.63394,0.26728,194,241,169,71,254,233,92,247,179,212,49,255,248,81,184
0.34249,0.30064,-0.40775,0.57114,0.17809,-3.0455,0.63242,0.0032381,0.26477,0.18407,0.56666,0.40974,0.31909,0.33543,0.25166,0.315,0.33952,0.26392,0.268,-3.1667,0.37425,0.31296,0.080027,0.30683,188,240,168,85,251,223,94,251,172,214,53,255,252,83,190
0.39111,0.25666,-0.52192,0.56934,0.15035,-3.014,0.60686,-0.046642,0.30981,0.26604,0.57872,0.45365,0.31998,0.32341,0.28563,0.29594,0.35432,0.37493,0.2719,-3.1557,0.36463,0.31654,-0.050945,0.29937,190,242,167,70,253,236,90,252,176,209,56,255,246,82,185
0.38401,0.1813,-0.38653,0.51873,0.069248,-3.0507,0.63331,0.044067,0.37142,0.24929,0.50992,0.47592,0.41021,0.34381,0.40842,0.35637,0.35458,0.22178,0.062062,-3.0784,0.39765,0.51788,-0.40812,0.4138,191,241,168,76,253,236,92,252,174,214,50,255,254,83,190
0.35562,0.12033,-0.75025,0.52652,0.17853,-2.9533,0.64169,0.0968,0.35438,0.32962,0.59711,0.50299,0.42816,0.3023,0.34885,0.37816,0.46092,0.15747,0.30402,-3.0736,0.44713,0.50747,-0.4408,0.17989,188,241,166,76,252,232,93,252,174,211,55,255,246,84,196
0.35828,0.17182,-0.54429,0.55015,0.12048,-3.0061,0.62581,-0.020042,0.40152,0.28802,0.53123,0.52312,0.3923,0.41942,0.29402,0.38892,0.40247,0.25335,0.2364,-3.0918,0.37875,0.39908,-0.41433,0.34147,189,241,167,77,252,228,92,251,174,209,55,255,244,84,199
0.23231,0.35127,-0.46615,0.32382,0.25976,-3.0496,0.59527,0.07981,0.54952,0.23231,0.54342,0.34822,0.29113,0.15139,0.33068,0.37551,0.39133,0.22785,0.40715,-3.1576,0.36496,0.30168,0.043285,0.27268,194,236,174,97,252,222,93,244,181,207,59,255,244,80,195
0.15984,-0.045181,-0.63747,0.21451,0.14162,-2.9474,0.74757,0.39676,0.54711,0.2054,0.6929,0.52433,0.29282,0.52495,0.48092,0.17276,0.32484,0.26081,0.23279,-3.109,0.39288,0.48092,-0.24746,0.19277,202,235,177,73,252,231,97,226,198,205,53,255,243,76,189
0.28248,0.14359,-0.54073,0.37652,0.19567,-3.0234,0.71651,0.2275,0.40401,0.24776,0.59932,0.37073,0.20924,0.2609,0.40688,0.46527,0.37094,0.26314,0.42485,-3.1371,0.3395,0.34849,-0.11641,0.16432,188,240,169,78,253,236,97,246,176,214,56,255,254,82,185
0.31735,0.02758,-0.45341,0.32176,0.1629,-3.0378,0.6689,0.28793,0.42325,0.22762,0.62183,0.43208,0.20772,0.35752,0.34113,0.29432,0.43007,0.2007,0.3622,-3.1158,0.52604,0.38326,-0.2557,0.26858,185,236,173,92,252,225,103,244,180,216,64,255,255,86,188
0.30334,0.16487,-0.5087,0.40191,0.12967,-3.027,0.61079,0.052219,0.36201,0.40895,0.54742,0.55446,0.25926,0.2713,0.42301,0.30261,0.34836,0.33391,0.3604,-3.1384,0.35077,0.26649,-0.16936,0.3917,192,238,172,91,252,218,95,242,178,213,52,255,252,75,181
0.36189,0.30524,-0.29304,0.39782,0.17122,-3.1048,0.49316,0.11595,0.34669,0.38538,0.42683,0.39367,0.37321,0.42982,0.14973,0.42982,0.46558,-0.032032,0.31063,-3.125,0.42088,0.29276,-0.064809,0.34937,176,240,175,112,230,202,86,251,177,213,66,255,255,92,169
0.39929,0.25893,-0.45739,0.38084,0.12581,-3.0656,0.42169,0.14163,0.41181,0.44937,0.47112,0.46255,0.5369,0.4749,0.21485,0.54896,0.47662,-0.32076,0.082236,-2.9644,0.51107,0.61957,-0.51021,0.33023,176,241,172,60,252,242,90,249,164,216,55,255,255,84,175
0.43725,0.20422,-0.6351,0.39971,0.17093,-3.005,0.50454,0.041317,0.43017,0.49604,0.467,0.48896,0.46728,0.52753,0.26689,0.44147,0.38491,-0.020798,0.022232,-3.0181,0.43778,0.62834,-0.50642,0.36893,189,243,172,58,250,222,76,250,175,204,50,255,245,79,187
0.41561,0.204,-0.55601,0.37281,0.10385,-3.0323,0.41803,0.14424,0.42127,0.49072,0.50769,0.51011,0.42011,0.49915,0.17114,0.48861,0.44251,-0.11208,0.20407,-3.055,0.40957,0.50442,-0.37423,0.40167,182,242,173,74,251,215,82,251,173,211,54,255,254,78,180
0.40931,0.2226,-0.13611,0.34609,0.015314,-3.1058,0.46223,0.016784,0.43283,0.44606,0.41519,0.47546,0.62165,0.46688,0.14328,0.54567,0.46125,-0.20565,0.019463,-2.9774,0.41342,0.67793,-0.47861,0.31211,188,242,169,72,246,213,79,250,176,211,58,255,255,93,174
0.42704,0.23284,-0.78274,0.45874,0.23383,-2.9685,0.46073,0.12484,0.38047,0.50531,0.55287,0.37453,0.35229,0.45819,0.16768,0.28932,0.38663,0.083242,0.20918,-3.1367,0.33225,0.54119,-0.016935,0.33368,185,241,169,81,251,210,85,250,177,207,60,255,249,79,185
0.43263,0.25186,-0.65584,0.44494,0.14725,-2.9997,0.5411,0.058014,0.36725,0.41648,0.51725,0.47879,0.35099,0.36916,0.26016,0.42785,0.42366,-0.18283,0.35239,-3.1049,0.41667,0.50331,-0.093396,0.27693,190,242,179,63,244,195,70,250,177,202,53,255,248,78,173
0.41062,0.23276,-0.75757,0.41951,0.15273,-2.9695,0.50844,0.10584,0.37909,0.48499,0.5618,0.47125,0.32255,0.37305,0.15471,0.40275,0.42058,-0.033913,0.33295,-3.1054,0.49633,0.56168,-0.15422,0.22898,182,240,178,67,249,213,79,249,175,204,61,255,249,86,187
0.38405,0.19149,-0.44633,0.3726,0.1199,-3.057,0.56803,0.11275,0.38835,0.39121,0.52866,0.44633,0.36928,0.37569,0.18357,0.42531,0.48295,-0.19745,0.27963,-3.0759,0.49095,0.60142,-0.18144,0.24601,181,243,172,62,251,225,81,250,174,207,64,255,253,92,183
0.42816,0.14254,-0.88078,0.40607,0.12755,-2.9164,0.54809,0.14965,0.40607,0.50312,0.58596,0.49996,0.36433,0.3278,0.13383,0.4273,0.46761,-0.033693,0.42227,-3.0881,0.49532,0.52303,-0.24908,0.2094,182,242,179,65,250,222,81,249,174,204,58,255,244,85,185
0.30159,0.16097,-2.296,0.51057,0.30354,-1.9288,0.40315,0.28206,0.51643,0.52424,0.67268,0.54963,0.63193,0.366,-0.048287,0.50316,0.44158,0.21204,0.32401,-0.57174,0.54795,0.76629,-2.9315,-0.24143,210,241,166,165,254,247,155,250,174,244,131,255,255,151,179
0.30492,0.18881,-0.83231,0.48544,0.19279,-2.9485,0.56099,0.19915,0.48942,0.41467,0.47352,0.47113,0.6056,0.4912,-0.56709,0.55526,0.48662,0.15941,0.39166,-1.0659,0.54611,0.76234,-2.6882,0.32301,211,241,169,158,254,248,154,251,174,245,131,255,255,156,176
0.33186,-0.19946,-2.6377,0.52273,0.36282,-1.3773,0.40752,0.27168,0.54164,0.54508,0.64997,0.58119,0.73668,0.33532,0.042022,0.49998,0.51285,0.20925,0.32246,-0.67064,0.59518,0.81129,-2.8061,-0.58831,212,241,165,160,254,244,151,250,174,244,124,255,255,149,174
0.33882,0.11172,-1.9119,0.53712,0.26256,-2.3034,0.49305,0.24391,0.53712,0.50153,0.6405,0.54898,0.68701,0.48961,-0.796,0.60805,0.51922,0.18856,0.34155,-0.82561,0.53896,0.81286,-2.6862,0.12194,212,241,168,159,253,244,153,251,179,245,129,255,255,158,173
0.30837,-0.023747,-2.3834,0.59538,0.30427,-1.7807,0.40882,0.20996,0.57283,0.61793,0.58308,0.58718,0.51924,0.4454,-0.032396,0.46711,0.44105,0.18913,0.25428,-0.83378,0.49318,0.75162,-2.91,0.21519,212,241,168,156,254,243,150,250,175,245,123,255,255,153,173
0.37301,-0.01705,-2.304,0.71267,0.33269,-1.8746,0.62801,0.29641,0.38712,0.28633,0.66026,0.51915,0.69844,0.26747,-0.59164,0.55056,0.4731,0.46465,0.40409,-0.13391,0.48436,0.5238,-2.9352,-0.20574,207,240,169,170,252,252,155,253,175,244,142,255,255,167,174
0.36033,0.19861,-1.0798,0.56722,0.18144,-2.828,0.6928,0.27089,0.36936,0.20042,0.61691,0.44977,0.59281,0.49345,-0.9569,0.57345,0.54765,0.33345,0.48571,-0.92077,0.52184,0.53216,-2.6318,0.42893,210,242,165,159,253,242,156,253,171,249,120,255,255,152,179
0.37735,-0.22379,-2.5458,0.57085,0.31841,-1.5155,0.52469,0.30957,0.45691,0.45004,0.68479,0.59246,0.68885,0.43179,-0.79375,0.50821,0.58324,0.37065,0.43874,-0.52002,0.46375,0.59853,-2.8169,0.046896,205,241,170,170,254,248,156,252,176,245,140,255,255,166,177
0.33933,0.12189,-1.5381,0.59879,0.19498,-2.5751,0.67553,0.28451,0.43982,0.33567,0.60062,0.52205,0.64081,0.50544,-0.78004,0.56676,0.49618,0.28907,0.35039,-0.66434,0.4823,0.57139,-2.7991,0.34114,209,242,166,163,254,249,159,252,173,247,136,255,255,167,176
0.3419,0.075438,-2.1065,0.59042,0.27371,-2.1101,0.61285,0.3419,0.42175,0.3087,0.71782,0.5321,0.43924,0.39362,0.29933,0.41491,0.43011,0.34495,0.32062,-1.0338,0.44329,0.53555,-2.8881,0.30034,207,242,171,159,253,246,154,252,170,244,122,255,255,145,181
0.2466,-0.98892,-2.7126,0.44186,0.40146,-0.61187,0.50919,0.38799,0.53612,0.3577,0.81891,0.61355,0.36485,0.38139,0.58222,0.36485,0.3932,0.2538,0.43337,-0.19985,0.38375,0.31996,-3.0848,-0.19276,227,236,174,169,253,241,140,241,183,239,97,255,255,110,184
0.34516,-0.0017193,-2.2532,0.50764,0.32324,-1.9437,0.63401,0.42898,0.49345,0.28068,0.75522,0.43027,0.36123,0.33909,0.5015,0.40676,0.40676,0.30709,0.3194,-0.44101,0.35631,0.39815,-3.079,0.12376,216,241,171,162,253,240,150,249,175,241,113,255,255,124,184
0.32285,-1.7327,-2.2287,0.35591,0.43307,-0.66361,0.62595,0.39449,0.58737,0.43858,0.80781,0.65902,0.61942,0.2846,0.34598,0.55246,0.2846,0.35156,0.46317,-0.32924,0.60826,0.47433,-2.9018,-0.75335,224,240,170,162,253,227,143,236,187,241,96,255,255,106,176
0.34066,0.1566,-1.9775,0.49362,0.30086,-2.2523,0.66525,0.33071,0.44512,0.34687,0.64535,0.50482,0.5206,0.43208,-0.2728,0.45667,0.43044,0.46322,0.42552,-0.62524,0.43208,0.46158,-2.971,0.24684,213,241,168,166,254,245,151,250,176,242,129,255,255,145,183
0.30344,0.17858,-0.85901,0.46058,0.25823,-2.9267,0.72967,0.27868,0.40677,0.1958,0.54131,0.4326,0.51483,0.36019,-0.16408,0.48243,0.46917,0.4353,0.50452,-0.94902,0.49274,0.41321,-2.8753,0.31601,211,240,170,158,253,244,153,249,174,241,131,255,255,149,179
0.37108,-0.059929,-2.6714,0.57569,0.37834,-1.3747,0.56721,0.24396,0.44372,0.48488,0.48488,0.55631,0.88698,0.010845,-0.26957,0.68036,0.56631,0.37177,0.43617,-0.19041,0.59449,0.55021,-2.7464,-0.89078,199,240,174,178,253,240,157,250,179,246,139,255,255,172,166
0.41411,-0.49012,-2.6167,0.54752,0.26131,-1.2575,0.36279,0.26587,0.59655,0.67751,0.55892,0.67979,1.0989,-0.025979,0.068839,0.71102,0.54868,0.18952,0.31019,-0.26446,0.59465,0.68228,-2.3447,-1.5689,205,240,159,175,253,233,156,248,175,247,129,255,255,160,173
0.41173,0.25741,-0.77653,0.42373,0.14425,-2.9756,0.53862,0.22741,0.45203,0.43488,0.43145,0.43059,0.64564,0.55879,-0.23038,0.56499,0.46945,0.14683,0.27588,-1.2752,0.49302,0.63696,-2.6748,0.38879,215,241,167,148,253,248,149,250,178,242,125,255,255,146,180
0.48198,-1.3167,-2.4466,0.46036,0.29894,-0.81514,0.27011,0.32344,0.59439,0.77599,0.63042,0.74284,0.84008,0.33784,-0.10812,0.62649,0.51247,0.086715,0.24114,-0.13987,0.48938,0.65246,-2.8878,-0.65078,213,239,172,160,253,239,143,249,176,246,108,255,255,150,153
0.43444,0.0017101,-2.559,0.52187,0.14803,-1.5472,0.38536,0.31399,0.53169,0.6218,0.55935,0.5879,0.62972,0.50155,-0.00061282,0.56984,0.43327,0.1223,0.14646,-0.43659,0.36078,0.60661,-3.0178,0.084482,216,243,168,150,253,248,146,249,175,245,108,255,255,134,176
0.38053,-0.093963,-2.4299,0.60332,0.33291,-1.7275,0.52849,0.30485,0.47832,0.52849,0.59226,0.50213,0.82394,0.26602,-0.27249,0.5656,0.48677,0.30969,0.34486,-0.3962,0.50617,0.71964,-2.8705,-0.48353,203,242,174,166,253,246,155,250,174,246,127,255,255,157,172
0.40664,-1.7981,-2.2303,0.54298,0.47957,-0.56888,0.50705,0.27559,0.4912,0.57152,0.62225,0.70046,1.0004,-0.2294,0.15808,0.62037,0.52761,0.31068,0.46328,-0.25483,0.71911,0.66226,-1.899,-2.0785,210,241,171,160,254,237,145,248,175,244,109,255,255,143,159
0.46997,-2.0837,-2.0656,0.53226,0.46395,-0.32565,0.49007,0.30522,0.5202,0.50011,0.58048,0.61262,0.9447,-0.17405,0.21983,0.58723,0.48131,0.19335,0.50779,-0.10123,0.72625,0.62033,-1.6767,-2.3288,211,241,170,164,253,226,145,248,177,240,127,255,255,148,175
0.41619,-0.69055,-2.6622,0.53656,0.32814,-1.0661,0.56331,0.25124,0.56665,0.57222,0.5934,0.59117,0.80175,0.18262,-0.68416,0.66929,0.58722,0.17686,0.53106,-0.50562,0.60737,0.74704,-2.723,-0.39044,212,242,156,163,252,234,148,249,178,244,125,255,255,151,175
0.40871,-0.27804,-2.6648,0.56157,0.24542,-1.2925,0.46314,0.25352,0.53262,0.56736,0.60558,0.59747,0.87375,-0.035287,-0.43272,0.67431,0.51245,0.2104,0.50522,-0.2723,0.67865,0.83762,-2.6381,-0.91397,207,240,174,158,253,244,148,248,180,247,114,255,255,153,164
0.47618,0.25052,-1.0117,0.24287,-0.46471,-2.6219,0.055459,-0.0095619,0.83189,1.0308,0.47618,0.74392,0.63235,0.31599,0.095904,0.6782,0.5269,-0.36719,0.5269,-2.5497,0.57733,0.87995,-1.3163,-0.00038209,197,240,168,109,253,247,120,250,174,229,106,255,255,134,190
0.60204,-0.64573,-0.98422,0.16399,-0.27074,-2.3581,-0.028484,-0.091536,0.93389,1.2823,0.48589,0.91066,0.54455,0.46746,0.18683,0.49521,0.42428,-0.30042,0.3441,-2.7089,0.62165,0.91769,-1.1115,0.11898,197,241,167,111,253,239,116,251,174,227,96,255,254,125,196
0.61958,-0.17344,-1.164,0.20096,-0.41518,-2.4641,0.091881,-0.020145,0.84658,1.109,0.51935,0.84953,0.55678,0.51587,0.18521,0.56359,0.47496,-0.43519,0.33861,-2.5794,0.59086,0.96243,-1.267,0.093175,199,241,169,107,253,233,116,250,174,229,93,255,255,128,176
0.37169,-0.93865,-1.1841,0.19634,-0.081032,-2.2713,0.18996,0.10388,0.88179,1.0763,0.72238,0.9328,0.49007,0.505,0.31096,0.50201,0.44828,-0.45027,0.32887,-2.725,0.57963,0.79158,-1.0801,0.29902,199,240,169,108,254,231,117,250,173,226,95,255,255,129,186
0.48745,-0.58601,-1.357,0.21796,-0.19825,-2.3721,0.39762,0.16107,0.79137,0.94109,0.66561,0.85126,0.5957,0.50609,0.1392,0.56696,0.49764,-0.62163,0.35224,-2.4679,0.6143,0.88989,-1.3892,0.31673,201,242,167,102,254,235,116,251,175,230,96,255,255,135,172
0.55029,-0.72164,-0.89044,0.018329,-0.6722,-2.4045,0.89129,0.22293,0.75659,0.62019,0.71056,0.91857,0.88204,0.56023,-0.71738,0.85308,0.75331,-0.85576,0.30277,-1.9113,0.59884,0.82733,-1.5798,0.28668,198,241,168,98,252,243,116,252,175,231,108,255,255,141,176
0.7244,-1.6298,-0.94995,0.47891,0.15789,-2.1239,0.58277,0.076059,0.68663,0.61424,0.6646,0.7181,0.75156,0.69547,0.035241,0.61348,0.62642,-0.31861,-0.14168,-2.0792,0.4495,1.0579,-1.8419,0.15175,197,238,173,106,253,245,112,251,175,223,85,255,255,111,189
0.46999,-0.72429,-0.97668,0.16977,-0.48841,-2.458,0.75041,0.18791,0.73887,0.66628,0.73557,0.92856,0.86842,0.5538,-0.60623,0.69069,0.71952,-0.80077,0.22236,-1.9224,0.71471,0.88283,-1.6678,0.34485,197,240,169,111,253,219,117,252,174,233,105,255,255,137,184
0.39551,-1.6544,-1.1485,0.49885,0.2752,-2.0015,0.50348,0.24127,0.58832,0.61917,0.8274,0.85516,0.82269,0.68279,-0.17817,0.66844,0.6505,-0.5082,0.020926,-2.0651,0.41194,1.0361,-1.7709,0.22899,197,238,173,110,253,240,115,251,173,225,89,255,255,110,193
0.39998,-0.98363,-1.3006,0.61442,0.14265,-2.3449,0.51932,0.22097,0.54729,0.5044,0.81953,0.86056,0.71018,0.57039,-0.35019,0.74087,0.67609,-0.48998,0.26524,-2.0396,0.59937,0.88237,-1.8334,0.26865,197,240,172,118,252,225,118,252,173,227,99,255,255,121,190
0.68782,-2.2732,-1.2039,0.40773,0.47886,-1.3128,0.55,0.33882,0.56334,0.50554,0.69894,0.55889,0.46774,0.4509,0.33306,0.55191,0.75057,-0.53901,0.44753,-2.3505,0.50477,0.66639,-1.6569,0.37346,204,237,174,114,253,230,115,248,175,219,94,255,245,114,199
0.61146,-1.9287,-1.0397,0.14311,0.178,-1.7799,0.58758,0.27535,0.76023,0.72901,0.77493,0.6886,0.86867,0.62395,-0.47592,0.82742,0.83842,-0.67665,0.36273,-2.0735,0.48371,0.78068,-1.584,0.024518,197,240,175,103,253,245,113,249,177,222,93,255,255,115,188
0.53072,-2.1795,-1.0954,0.38629,0.49844,-1.5236,0.5766,0.29623,0.64117,0.63608,0.77881,0.45426,0.57718,0.5823,0.15757,0.6565,0.76652,-0.30298,0.12175,-2.3294,0.20106,0.91748,-1.6642,0.3162,198,237,173,118,253,239,116,248,177,220,89,255,245,110,196
0.70514,-1.3896,-1.3025,0.5883,0.32487,-2.1161,0.60317,0.099673,0.51607,0.58193,0.72851,0.66053,0.71701,0.61681,-0.043834,0.73579,0.64186,-0.3225,0.51349,-2.317,0.42895,0.68257,-1.6626,0.0093931,197,239,173,120,253,234,115,249,175,223,94,255,239,106,204
0.34773,-0.77527,-1.6093,0.5404,0.23212,-2.2588,0.67251,0.24038,0.62022,0.5404,0.68903,0.76059,0.72832,0.47944,-0.40222,0.79186,0.6886,-0.63521,0.80245,-2.1338,0.55622,0.5827,-1.6413,0.18291,199,238,173,135,249,200,120,250,175,229,108,255,255,133,194
0.26396,-1.8728,-0.64414,0.08387,0.44149,-2.0248,0.58454,0.20776,0.81188,0.99452,0.63818,0.51557,0.9213,0.93066,-0.39625,0.70118,0.64186,-0.60075,-0.79745,-1.8278,0.49512,0.99467,-1.553,0.49044,184,237,171,103,253,251,115,250,169,238,101,213,205,74,242
0.41481,-0.88125,-0.50323,0.27081,0.019854,-2.7512,0.45823,0.22739,0.65836,0.73565,0.61706,0.73354,0.99089,0.67744,-0.56791,0.819,0.59824,-0.83585,-0.20054,-1.7071,0.5578,1.151,-1.6953,0.21233,187,241,166,117,252,240,121,249,170,235,102,255,248,97,210
0.54679,-0.62092,-0.55138,-0.36639,-0.88202,-2.1193,-0.16958,0.07577,1.1372,1.2632,0.48119,1.2054,0.84562,0.37145,-0.55461,0.79846,0.57448,-0.36468,0.45528,-2.4984,0.6177,0.71594,-1.1637,0.20248,183,241,169,114,251,232,113,250,179,233,124,216,214,83,240
0.54125,-0.13169,0.21992,-0.51491,-1.4196,-1.7475,-0.86125,-0.040824,1.2221,1.2221,0.2884,1.2221,0.91086,0.39843,-0.85866,0.88538,0.70708,-0.95905,0.41341,-2.1802,0.63067,0.7775,-1.0265,0.30104,173,242,175,107,252,238,116,250,176,239,108,255,255,116,215
0.63325,-0.50388,-0.23221,-0.39392,-1.0071,-2.1106,-0.3771,-0.020052,1.152,1.2335,0.39263,1.2335,0.79016,0.58538,-0.36777,0.80257,0.63378,-0.74506,0.26518,-2.2058,0.58289,0.7765,-1.5058,0.38804,176,243,172,137,250,192,118,251,175,237,116,255,255,150,190
0.57857,-1.3949,-0.85112,0.18251,0.041745,-2.1856,0.25013,0.034845,0.88493,1.2782,0.53717,0.64343,0.51824,0.41202,0.24095,0.44333,0.49141,-0.05311,0.44109,-2.8864,0.45004,0.59651,-0.94536,0.29127,191,239,173,114,252,241,110,250,176,218,96,255,247,115,193
0.4506,-0.9151,-0.63547,-0.172,-0.51034,-2.2252,0.053557,-0.059222,0.89244,1.3188,0.62826,1.1736,0.70321,0.34869,-0.57605,0.76387,0.66008,-0.54774,0.40395,-1.6706,0.6776,0.9809,-2.0629,0.31903,172,242,169,134,249,191,117,249,175,237,114,255,242,120,209
0.46298,-0.9004,-0.73927,-0.27139,-0.59829,-2.2235,0.27397,0.083404,0.8658,1.2051,0.72946,1.1121,0.66062,0.49723,-0.61104,0.7901,0.67912,-0.63416,0.55272,-2.0445,0.7007,0.81784,-1.6577,0.24907,183,241,163,138,250,191,122,249,173,233,112,255,255,145,184
0.44638,-0.94348,-0.72417,-0.15671,-0.53228,-2.3032,0.35044,0.1229,0.8055,1.1674,0.70681,1.0604,0.74948,0.37199,-0.69156,0.74049,0.70754,-0.4369,0.55175,-1.5873,0.67158,0.84535,-2.1326,0.21021,176,240,166,149,250,176,121,248,178,233,109,255,255,149,189
0.6091,-1.033,-0.94584,-0.0093913,-0.45347,-2.152,0.17709,0.034882,0.90559,1.2544,0.57824,1.0344,0.63349,0.42704,-0.1267,0.6581,0.62118,-0.55328,0.61982,-2.3813,0.69228,0.71006,-1.4844,0.18367,173,242,172,137,251,197,121,248,172,232,107,255,255,141,183
0.51187,0.19005,-0.47744,0.14634,-0.44565,-2.5037,-0.37017,-0.52909,0.91316,1.374,0.33308,0.85754,0.53657,0.45873,-0.22018,0.60143,0.60575,-0.5099,0.13441,-2.5466,0.57981,1.1203,-1.1153,0.35495,211,240,167,163,253,243,144,250,174,245,139,243,249,108,230
0.61906,-0.14856,-0.36878,0.27929,0.0024469,-1.8872,-1.084,-0.71064,1.4957,1.5125,-0.38975,0.67988,0.68853,0.59884,0.37836,0.55026,0.3522,-1.0248,-0.34473,-2.0301,0.60445,1.279,-1.4621,0.41013,215,242,166,141,254,242,135,251,175,251,120,255,255,128,211
0.7481,0.38356,-0.51858,0.38356,-0.10617,-2.0762,-0.62904,-0.77633,1.1973,1.363,-0.78001,0.8107,0.7159,0.60833,-0.16692,0.48592,0.47108,-0.68993,-0.53414,-2.029,0.76041,1.3613,-1.4503,0.46737,214,242,166,121,252,247,133,250,174,250,125,255,255,124,215
0.58038,-0.025885,-0.54234,0.44192,-0.014658,-2.1703,-0.8829,-0.76688,1.1904,1.3289,-0.089506,0.95088,0.80743,0.41957,-0.15856,0.66473,0.59521,-1.0697,0.13782,-2.1052,0.65009,1.1404,-1.3917,0.3098,211,242,166,141,253,243,140,250,174,255,118,255,255,126,218
0.70128,0.45615,-0.59058,0.28556,-0.23615,-2.1806,-0.96158,-0.66843,1.1336,1.1733,-0.11856,1.006,0.74072,0.49732,-0.44699,0.69863,0.61261,-1.1388,0.0086928,-2.03,0.65105,1.3025,-1.2229,0.32712,213,241,167,152,252,232,138,251,175,252,117,250,255,113,217
0.65763,0.30329,-0.23876,-0.25519,-0.1801,-2.4258,-0.30916,-0.71277,1.0894,1.4883,-0.06981,0.65293,1.0721,0.65811,-1.0397,0.88772,0.67428,-1.3922,0.2862,-1.8482,0.55462,0.74219,-0.85538,0.26033,207,242,165,158,251,237,136,252,173,254,135,250,255,120,225
0.66226,0.66226,0.66226,0.44791,0.08472,-1.7178,-2.2418,-0.40499,0.66226,0.66226,-0.14153,0.66226,0.81665,0.52981,-0.63412,0.82139,0.72894,-0.81665,0.35439,-2.2627,0.54878,0.8285,-1.2078,0.29276,209,241,164,147,252,242,138,252,171,250,140,255,255,126,222
0.73948,0.83041,0.41541,0.37077,-0.34349,-1.8034,-1.9258,-0.33357,0.83041,0.83041,-0.44104,0.83041,0.74118,0.49578,-0.24264,0.73455,0.74781,-0.75776,0.14647,-2.4225,0.48693,0.88046,-1.1933,0.38303,204,237,172,158,252,238,134,252,173,246,123,250,255,111,218
0.59576,0.11244,-0.53702,0.48835,-0.77365,-2.6398,0.44136,-0.39102,0.91797,0.94986,0.19803,0.63771,0.87265,0.39092,-0.72454,0.71831,0.73,-0.97944,0.53357,-2.2188,0.65283,0.71129,-1.1104,0.42366,207,241,167,158,252,232,138,251,175,254,129,251,255,115,218
0.41522,0.27976,-0.18152,0.21752,-0.53664,-2.4623,-0.738,-0.27305,1.1584,1.2499,-0.020441,0.89115,0.77674,0.63985,-0.46336,0.76064,0.57543,-0.62039,-0.4231,-2.0658,0.4949,1.2196,-1.4216,0.52711,207,242,168,145,253,245,130,254,171,247,112,240,248,102,226
0.58825,-1.1976,-0.94448,0.40545,0.89058,-1.7882,1.1718,-0.29764,1.2702,0.67965,0.018749,-0.79684,0.61124,0.061598,-0.86711,0.92081,0.83868,-0.73444,0.81973,-2.2381,1.0282,0.45962,-0.91134,0.011056,236,236,173,159,251,243,153,248,178,247,141,255,254,117,233
0.46378,-1.4198,-0.91384,0.14071,0.091943,-2.1574,0.81123,0.39063,1.3172,0.62836,0.54912,0.098038,0.65154,-0.19964,-0.85175,1.2831,0.82315,-0.95471,0.85061,-1.497,0.90552,0.73391,-1.4764,-0.26828,234,234,175,156,251,235,163,244,180,253,133,255,255,130,222
0.4742,-1.619,-0.7076,0.17042,0.081504,-2.2191,0.58535,0.25192,0.91877,0.67056,0.80393,0.58905,0.91307,0.062014,-0.032549,0.62116,0.74039,-1.155,0.97063,-1.9485,0.80206,0.76917,-1.3194,-0.42313,231,235,175,183,252,234,166,248,178,254,126,241,244,106,230
0.58782,-0.28693,-0.33346,0.53664,-0.072896,-2.7251,0.85769,-0.70569,0.8321,0.83908,0.25514,0.21559,0.96908,0.51725,-0.58553,0.76614,0.76614,-0.17199,0.0079773,-2.301,0.45215,0.65892,-1.4701,0.39089,216,240,169,157,252,238,142,250,174,253,125,243,255,108,220
0.7004,0.011195,-0.053053,0.50181,0.13093,-2.1236,-0.75102,-1.0022,1.0129,1.743,-0.28668,0.11633,0.69637,0.4358,-0.8004,0.7903,0.80242,-0.33076,0.60244,-1.1034,0.5782,0.45701,-2.4638,0.33581,218,243,167,157,252,244,148,250,174,253,128,255,255,118,213
0.76221,0.76221,0.76221,0.16517,-0.85124,-1.2794,-2.2462,-0.095277,0.76221,0.76221,-0.26633,0.76221,0.87941,0.86746,-0.037586,0.65538,0.057996,-0.5603,-1.3817,-1.776,0.77038,0.88538,-1.2339,0.87343,175,239,186,112,252,243,93,251,173,240,104,255,251,107,214
0.61025,0.61025,0.61025,0.47501,0.10108,-1.0474,-2.6886,-0.44906,0.61025,0.61025,-0.05259,0.61025,1.0133,1.0133,-0.81974,0.72767,-0.19356,-0.85112,-1.4004,-1.2074,0.70099,1.0133,-1.0096,1.0133,171,241,181,97,251,250,88,250,173,241,109,255,255,120,203
0.80351,0.80351,0.79877,0.21849,-0.331,-1.4051,-2.0067,-0.91127,0.80351,0.80351,-0.38073,0.80351,0.86046,0.86046,0.49998,0.61339,0.11386,-0.84336,-1.2592,-2.0328,0.38388,0.86046,-0.91221,0.85506,180,243,182,87,251,246,76,251,183,233,98,255,252,115,205
0.94443,0.65094,0.059046,0.21255,-0.71828,-1.9352,-0.90248,-1.0646,1.0562,1.0562,-0.38303,1.0243,0.94226,0.91494,-0.20355,0.54115,0.11849,-1.335,-0.5112,-1.4212,0.90344,1.0645,-1.6024,0.5886,176,242,177,107,251,242,102,251,174,252,109,255,255,121,211
1.0903,0.58349,0.27466,0.32951,-0.8188,-1.607,-1.1908,-1.1885,1.0903,1.0903,-0.44557,0.79217,1.0058,1.0058,-0.36859,0.67255,-0.14875,-1.577,-1.0627,-1.1719,0.81911,1.0058,-1.006,0.82602,173,242,175,64,250,241,81,250,180,241,116,255,255,131,188
0.83146,0.83146,0.40325,0.30669,-0.099122,-1.6706,-1.9281,-0.79041,0.83146,0.83146,-0.379,0.83146,0.931,0.99897,0.1013,0.47316,0.13329,-0.90234,-1.6361,-1.6621,0.41518,1.035,-0.77439,0.88701,197,242,167,92,252,250,100,248,174,241,99,255,255,103,206
0.93798,0.82139,0.53883,-0.096244,-0.77795,-1.6654,-1.6311,-0.58043,0.93798,0.93798,-0.36097,0.93798,0.84549,0.8522,0.38416,0.58547,0.29693,-0.82703,-0.9193,-2.1171,0.12582,1.1944,-1.0585,0.63747,190,243,172,97,252,247,75,250,182,227,98,255,238,99,213
0.90152,0.43326,0.19416,-0.10473,-0.79359,-2.13,-0.89179,-0.71673,1.1179,1.1221,-0.109,0.97695,0.83754,0.95153,0.47249,0.54488,0.018099,-0.41011,-1.3435,-2.0813,0.25377,0.96385,-0.98464,0.77747,193,242,175,112,252,244,83,250,175,233,93,255,247,120,206
1.0304,0.64291,0.19022,0.053389,-0.55275,-2.3776,-0.70493,-0.7484,1.0585,1.0585,-0.11541,0.46516,1.0121,0.61036,-0.51854,0.76969,-1.0847,-1.7017,0.064553,-1.3339,0.81715,1.3324,-0.45413,0.48662,175,240,182,76,250,248,92,248,176,241,114,255,255,133,204
0.7282,0.7282,0.69528,0.40695,-0.39106,-1.365,-2.339,-0.35928,0.7282,0.7282,-0.2889,0.7282,0.87702,0.89107,0.29156,0.68811,-0.048788,-0.72012,-0.90278,-2.1564,0.41177,1.1783,-1.0308,0.52106,184,243,172,75,250,246,74,251,184,233,95,255,254,116,203
0.45734,-0.54073,-0.42285,0.31588,0.14561,-1.9318,-1.0804,-0.75554,1.1306,1.6257,0.17442,0.88172,0.33146,0.498,0.36652,0.3858,0.5278,0.08429,0.028194,-2.8537,0.096561,0.96254,-0.88512,0.45768,176,237,173,66,253,241,77,251,174,195,38,255,212,72,211
0.49038,-0.61983,-0.59305,0.38082,0.14466,-2.1245,-0.86573,-0.51757,1.0528,1.5982,0.29318,0.76063,0.39417,0.43062,0.39417,0.2991,0.40526,0.089927,0.0011885,-2.9161,0.29276,0.93769,-0.76418,0.43537,178,238,172,71,253,239,78,251,171,194,30,255,199,69,204
0.61046,-0.30888,-0.53652,0.22813,-0.043292,-2.0396,-1.2691,-0.44897,0.98403,1.4277,0.35363,1.0424,0.34385,0.55133,0.31089,0.40784,0.53194,-0.090487,0.13832,-2.8187,0.1228,0.99342,-0.93008,0.43886,179,237,174,69,252,239,73,251,168,195,25,219,156,68,210
0.35317,-0.19655,-1.5724,0.45452,-0.015355,-2.3279,-0.021498,0.076777,0.71863,1.0472,0.64493,0.83841,0.65712,0.79869,0.50408,0.41226,0.50025,-0.35295,-0.7126,-2.1397,0.27452,1.1928,-1.5428,0.40843,179,242,170,49,254,248,76,249,174,207,46,255,228,86,200
0.53066,-0.3483,-0.85056,0.27056,-0.056803,-2.1331,-0.88195,-0.33036,1.0823,1.4634,0.26608,0.98808,0.43288,0.43945,0.2884,0.37049,0.5675,0.012587,0.029004,-2.8901,0.25885,0.93854,-0.80501,0.35736,179,238,174,50,254,248,79,249,178,199,37,255,221,74,204
0.58347,0.32239,-0.62698,0.60325,0.021756,-2.9055,0.41733,-0.41337,0.43711,0.48458,0.48062,0.59534,0.7757,0.98861,0.2301,0.51621,0.36983,-0.40199,-1.3002,-1.7926,0.077071,1.3479,-1.3401,0.52952,181,241,169,54,251,246,73,252,173,205,62,255,231,97,199
0.78514,0.1543,-0.13223,0.43842,-0.52951,-2.3498,-0.74862,-0.71491,0.79477,1.31,0.029094,0.96331,0.50958,0.49565,0.36337,0.45156,0.41211,0.28447,-0.0032876,-2.976,0.21021,0.65578,-0.69948,0.29608,180,239,170,48,253,240,75,250,177,203,39,255,234,81,187
0.69389,0.2614,-0.41823,0.44913,-0.56557,-2.3668,-0.73904,-0.52755,0.82934,1.2951,0.11406,0.9743,0.46012,0.65066,0.77557,0.47706,0.36485,0.087508,-0.05434,-2.6118,0.26111,0.69301,-1.3924,0.28864,179,239,170,56,252,223,73,251,174,204,45,255,235,83,184
0.6658,0.047657,-0.52212,0.36303,-0.40018,-2.4627,-0.54525,-0.499,0.84871,1.2966,0.2516,0.95594,0.40511,0.4255,0.44418,0.4255,0.49684,0.22337,0.24035,-2.9258,0.13164,0.62593,-0.89091,0.39832,176,240,167,64,253,235,77,251,174,201,40,255,222,76,200
0.44315,-0.7318,-0.59081,0.34211,-0.29002,-2.3932,-0.39811,-0.15137,0.67344,1.228,0.70869,1.1599,0.40855,0.55296,0.34163,0.43849,0.55824,0.1127,0.044025,-2.8951,0.049308,0.70968,-0.85057,0.53006,179,242,174,44,253,250,78,251,170,202,32,255,227,71,199
0.66514,-0.35727,-0.69234,-0.022195,-0.46896,-2.5825,0.26992,-0.056562,1.3095,0.72528,0.52767,0.68232,0.44567,0.33967,0.43507,0.53048,0.51458,0.17535,0.49868,-2.5755,0.35027,0.67889,-1.5579,0.16475,193,236,174,49,253,240,91,209,217,195,41,255,228,69,196
0.42737,0.098333,-0.67604,0.53232,0.12386,-2.9509,0.52665,-0.12292,0.59189,0.47275,0.50679,0.46992,0.50841,0.93878,0.55097,0.39017,0.62191,-0.16316,-1.1185,-2.1258,-0.007094,1.2935,-1.2036,0.3145,182,241,169,48,253,248,71,249,179,201,44,255,221,82,194
0.45913,-1.9797,-0.64873,0.42939,0.52605,-1.8681,0.31042,-0.068777,0.9796,0.94243,0.71193,0.20633,0.21274,0.35027,0.16547,0.35457,0.61244,0.32449,0.44053,-3.0364,0.070915,0.56087,-0.5093,0.45342,174,235,177,90,251,234,85,248,175,205,29,210,152,68,211
0.56306,-1.156,-0.75173,-0.027538,-0.31581,-2.1685,-0.045115,-0.038084,1.006,1.224,0.81266,0.89703,0.53597,0.51007,0.28673,0.41297,0.48418,-0.17937,0.13136,-2.8401,0.45828,0.79168,-0.94327,0.35147,177,243,168,52,253,248,83,247,183,209,47,255,244,88,179
0.54055,-0.34751,-1.1781,0.64689,0.325,-2.5806,0.5578,-0.40787,0.4687,0.55205,0.73311,0.69,0.51339,0.80652,0.45377,0.67734,0.69721,0.16064,-0.7883,-2.3632,-0.26663,0.84626,-1.2752,0.53823,183,238,172,57,253,248,74,247,178,200,39,255,214,74,207
0.767,0.77125,0.76913,-0.08815,-1.3295,-1.4314,-1.8939,-0.04465,0.77125,0.77125,0.16649,0.77125,0.67949,0.60191,-0.30453,0.65771,0.47942,-1.8928,0.10106,-1.7268,0.76931,0.97483,-0.95917,0.6196,143,240,176,28,251,249,68,251,187,217,86,255,255,121,182
0.56151,-0.49998,-0.40421,0.10858,-0.17874,-2.7846,0.15048,-0.019121,0.67324,1.0144,0.59343,0.78498,0.89476,0.89476,0.10331,0.76144,0.64797,-0.41015,-1.125,-1.7406,0.18841,0.89476,-1.6668,0.55719,168,244,170,41,252,249,55,251,184,204,53,255,230,87,192
0.68124,0.48168,0.49231,-0.26106,-1.6509,-1.6273,-1.1998,-0.061502,1.0284,1.0284,0.060124,1.0284,0.94804,0.54298,-1.1809,0.84677,0.31755,-1.8801,-0.14416,-1.3364,0.69006,0.99143,-0.51907,0.72381,141,244,204,19,252,244,78,251,172,236,114,255,255,162,152
0.72333,0.81873,0.75301,-0.13534,-1.6004,-1.4435,-1.6004,-0.029329,0.81873,0.81873,0.057598,0.81873,0.80746,0.52612,-1.3145,0.83608,0.49274,-2.0775,0.099344,-1.1715,0.60242,0.90522,-0.34174,0.6358,140,243,177,36,251,242,78,250,177,228,104,255,255,142,164
0.64503,0.37853,-0.60413,0.26223,-0.5565,-2.705,-0.21582,-0.16088,0.73387,0.89596,0.45546,0.87124,0.89339,0.89339,-0.080975,0.84147,0.60587,-0.62939,-1.1072,-1.7595,0.2092,0.89339,-1.4919,0.73232,163,244,169,62,252,245,61,251,179,210,53,255,236,90,196
0.52042,-0.00049611,-0.75657,0.46982,-0.15231,-2.7212,-0.25947,-0.08682,0.67223,1.1187,0.51149,0.68414,0.74416,0.99513,0.073667,0.4857,0.53065,-0.49569,-0.70171,-2.0989,-0.068673,1.1749,-1.3685,0.72918,173,241,170,52,252,249,71,249,175,203,54,255,224,88,197
0.52132,0.0025775,-0.80603,0.42146,0.057368,-2.8518,0.26416,-0.15384,0.49128,0.80853,0.59997,0.64504,0.83113,0.95082,-0.00039371,0.67365,0.73192,-0.45868,-1.0083,-1.9564,0.18544,1.1067,-1.4067,0.3508,170,244,167,54,252,249,57,251,187,200,53,255,221,84,203
0.58113,0.1571,-0.9334,0.29189,-0.066616,-2.7381,-0.046959,-0.13401,0.63543,0.90501,0.55773,0.79081,0.96322,0.97734,0.10522,0.76245,0.39227,-0.55043,-1.2422,-1.8241,0.30757,0.98832,-1.3724,0.49266,170,243,166,31,252,251,59,249,175,205,58,255,236,96,191
0.48124,0.0042438,-1.1314,0.46597,0.12137,-2.7406,0.39806,-0.094212,0.5084,0.7121,0.63911,0.63572,0.86343,0.96397,0.25413,0.61362,0.55573,-0.44961,-1.0224,-2.0551,0.12008,1.0554,-1.3361,0.43692,168,242,170,55,251,249,60,249,175,201,51,255,218,81,198
0.67409,0.72413,0.48903,-0.18137,-1.3883,-1.6898,-1.6223,0.050241,0.85332,0.85332,0.38428,0.85332,0.64879,0.73263,-0.68626,0.62212,0.42776,-1.296,-0.34583,-2.0277,0.8876,1.068,-0.77772,0.7466,151,236,173,22,252,249,65,250,190,209,69,255,248,116,176
0.2858,0.27827,-1.4558,0.48671,0.23207,-2.6452,0.35456,0.2267,0.50927,0.58019,0.60597,0.54151,0.45173,0.37975,0.44262,0.34058,0.37702,0.14379,0.31325,-0.59597,0.43624,0.61754,-3.023,0.11646,194,240,168,131,253,241,146,252,173,223,67,216,190,70,234
0.27841,0.23774,-0.85681,0.44112,0.19521,-2.9424,0.46146,0.20261,0.48179,0.46146,0.5539,0.48549,0.41105,0.47776,0.5278,0.37978,0.43398,0.18172,0.31932,-1.8885,0.52571,0.69041,-2.3367,0.27762,200,239,167,115,253,250,139,250,172,222,53,225,187,69,232
0.3046,0.1925,-1.0056,0.44673,0.21753,-2.8772,0.44272,0.18249,0.50778,0.50078,0.59085,0.49677,0.43375,0.49805,0.45438,0.37673,0.41676,0.128,0.29422,-2.3143,0.50291,0.75406,-1.9055,0.36095,203,241,168,111,253,246,137,252,173,223,57,225,191,69,234
0.28813,0.17973,-1.4057,0.48162,0.24963,-2.671,0.40665,0.22329,0.55051,0.54544,0.60217,0.54949,0.42256,0.46774,0.50118,0.37647,0.35749,0.18579,0.19754,-0.9574,0.42437,0.71536,-2.8913,0.20025,197,240,166,123,253,247,142,251,172,227,73,208,192,69,234
0.32405,0.1822,-0.6111,0.44138,0.10164,-3.0155,0.46764,0.16906,0.50529,0.46151,0.49829,0.47552,0.45486,0.4645,0.46546,0.39223,0.43077,0.13305,0.31322,-2.2112,0.50593,0.75355,-2.0223,0.31997,198,238,172,112,252,238,138,251,171,108,10,232,99,67,173
0.33438,0.24005,-0.77191,0.54497,0.18001,-2.9635,0.63168,0.22956,0.35439,0.23623,0.54401,0.44015,0.45859,0.42472,0.50515,0.38874,0.37816,0.31149,0.31043,-1.1997,0.42261,0.50939,-2.8104,0.30091,193,239,167,118,250,244,146,253,168,217,50,234,190,69,232
0.34543,0.20605,-1.0474,0.56564,0.19768,-2.8547,0.61396,0.24229,0.3798,0.29246,0.58794,0.47087,0.44835,0.35019,0.51513,0.43418,0.35728,0.32895,0.3765,-1.2182,0.44126,0.4696,-2.8028,0.2996,196,240,167,121,252,248,143,253,171,221,57,224,191,69,232
0.30928,0.15715,-0.2445,0.47161,-0.0042516,-3.0691,0.74433,0.17385,0.41503,0.15715,0.47161,0.41781,0.40233,0.3236,0.46033,0.39404,0.41165,0.36607,0.45826,-2.7155,0.45515,0.47898,-1.3855,0.35054,192,236,169,123,251,238,143,253,171,106,12,229,98,67,174
0.30798,0.18236,-0.666,0.51735,0.11201,-2.9975,0.60528,0.26527,0.40847,0.2929,0.51316,0.45872,0.45184,0.41046,0.57228,0.36449,0.39851,0.28541,0.36081,-1.4726,0.43069,0.53643,-2.6559,0.3176,195,240,166,126,253,247,144,253,170,220,38,219,180,69,226
0.34664,0.17525,-0.85504,0.49492,0.16754,-2.9272,0.63936,0.20028,0.40056,0.27346,0.59121,0.493,0.5184,0.42407,0.46379,0.43152,0.46627,0.21307,0.29747,-2.1328,0.48117,0.59536,-2.1278,0.36946,201,240,166,103,252,247,137,252,169,227,51,219,193,69,232
0.27617,0.14451,-1.8221,0.3434,0.29298,-2.3768,0.55911,0.46947,0.55351,0.42465,0.74961,0.38543,0.39529,0.39123,0.71872,0.4197,0.35868,0.23257,0.37292,-1.2869,0.42174,0.48886,-2.7474,0.2346,208,230,179,100,252,243,130,247,175,102,10,243,94,66,173
0.30311,0.079364,-1.6246,0.33754,0.25148,-2.5081,0.5785,0.44654,0.56129,0.34327,0.80225,0.42933,0.28883,0.35489,0.72042,0.45618,0.35489,0.52224,0.3725,-1.7238,0.45178,0.40774,-2.4725,0.26681,210,231,180,98,253,244,128,246,180,104,9,224,83,67,170
0.29265,0.063533,-1.9076,0.36375,0.265,-2.2829,0.64027,0.41905,0.57311,0.3519,0.80223,0.41905,0.31384,0.34199,0.56154,0.3251,0.3814,0.31384,0.40673,-0.59531,0.40391,0.45176,-3.0357,0.13088,203,234,175,118,252,247,135,247,175,221,52,230,183,69,231
0.30987,0.17692,-0.68929,0.43048,0.20433,-2.9864,0.68404,0.23997,0.39896,0.24819,0.59769,0.38525,0.40613,0.33554,0.54237,0.40777,0.38807,0.38479,0.42911,-2.7192,0.42911,0.44717,-1.3765,0.3257,202,235,177,102,252,242,134,251,173,98,9,231,87,66,167
0.33382,0.16336,-0.93593,0.51645,0.2625,-2.8649,0.73561,-0.0088419,0.38252,0.28511,0.69735,0.43296,0.32262,0.28527,0.47203,0.48302,0.37536,0.14026,0.43248,-3.0567,0.35338,0.38415,-0.52989,0.338,206,237,173,80,252,249,128,248,176,223,40,215,174,69,227
0.38358,0.29639,-1.279,0.46074,0.1641,-2.7532,0.3956,0.24628,0.47077,0.51185,0.57299,0.52989,0.53489,0.45367,0.23743,0.4716,0.4178,0.20578,0.20789,-1.0537,0.4273,0.59607,-2.8617,0.36295,193,240,167,107,251,252,142,250,175,229,69,214,191,69,232
0.3845,0.26815,-1.1842,0.41067,0.15375,-2.8043,0.43394,0.29918,0.46012,0.49987,0.56192,0.51635,0.53049,0.49093,0.23375,0.49613,0.40451,0.20668,0.20251,-0.95843,0.42325,0.5534,-2.9023,0.31913,191,240,168,112,250,249,143,249,173,233,62,212,190,69,233
0.40573,-0.12098,-2.6176,0.47564,0.25633,-1.4406,0.42009,0.36646,0.49958,0.50437,0.67196,0.57906,0.64509,0.45159,0.29955,0.49404,0.4121,0.2492,0.20773,-0.17828,0.43283,0.56611,-2.9781,-0.60181,197,242,170,112,252,245,135,250,174,227,86,204,193,69,234
0.41658,0.16948,-1.5644,0.42714,0.17265,-2.5803,0.45987,0.39229,0.49155,0.49683,0.58448,0.53379,0.53408,0.44254,0.2565,0.46911,0.40612,0.16594,0.20827,-0.22484,0.40021,0.51538,-3.0843,-0.089,191,240,169,124,251,247,142,249,177,229,92,212,200,69,240
0.46329,0.16561,-1.0634,0.40094,0.026819,-2.8354,0.34462,0.32853,0.47939,0.67248,0.4995,0.5176,0.4952,0.50492,0.39316,0.44013,0.36887,0.12755,0.13078,-0.68713,0.35429,0.58914,-2.9935,0.27655,196,240,169,126,252,244,139,249,175,217,55,217,180,68,226
0.36524,0.23604,-1.0911,0.53777,0.18044,-2.85,0.52878,0.30391,0.44456,0.46255,0.48626,0.39549,0.41909,0.41199,0.4333,0.38501,0.37436,0.27849,0.29908,-0.72918,0.38927,0.56538,-2.9966,0.16984,188,238,173,124,251,250,142,250,174,95,13,232,90,66,163
0.39031,0.18898,-1.6117,0.47717,0.1808,-2.5448,0.56302,0.33103,0.42914,0.4363,0.62638,0.53338,0.41113,0.40451,0.43571,0.35725,0.35158,0.22774,0.26272,-0.56821,0.45367,0.55954,-3.0402,0.14455,195,240,172,116,252,247,138,249,172,227,53,203,175,69,229
0.44014,0.18768,-1.9873,0.45467,0.2567,-2.2379,0.62812,0.20494,0.40654,0.45013,0.69987,0.49645,0.60283,0.39927,-0.19412,0.72573,0.66044,-0.26133,0.45304,-2.3296,0.65468,0.74302,-1.6593,0.20532,211,243,167,71,252,244,120,250,167,231,50,199,175,69,229
0.41396,0.12829,-1.7563,0.42738,0.19731,-2.4255,0.60089,0.30276,0.45327,0.43122,0.72839,0.49832,0.51611,0.45096,-0.089242,0.52561,0.53918,0.083134,0.41838,-1.2036,0.5419,0.68034,-2.7373,0.27451,203,241,162,92,252,246,131,249,172,233,71,205,190,69,237
0.40126,0.17378,-1.0842,0.36317,0.0034386,-2.8279,0.54409,0.33037,0.50812,0.52928,0.54938,0.50918,0.44116,0.39538,0.40615,0.39179,0.40795,0.14586,0.30922,-0.36756,0.46899,0.59285,-3.0531,-0.13868,187,235,176,126,252,240,143,250,173,95,13,232,90,66,167
0.42298,0.37693,-0.88178,0.39228,0.15691,-2.294,-0.56966,-0.87154,0.8272,1.4258,0.23878,0.77603,0.48867,0.6713,0.60713,0.31591,0.39982,-0.078977,-0.51829,-2.4285,-0.098721,1.3673,-1.1896,0.46399,173,236,176,15,254,248,60,248,179,182,22,239,180,68,190
0.47395,0.17749,-1.022,0.45114,0.15013,-2.299,-0.66626,-0.62065,0.8753,1.3633,0.32344,0.79321,0.44239,0.79271,0.64899,0.33909,0.38849,-0.033684,-0.68042,-2.2838,-0.19537,1.399,-1.2688,0.45137,172,237,175,15,254,251,61,248,175,180,21,240,173,68,195
0.46754,0.29994,-1.0807,0.46355,0.092443,-2.4295,-0.4263,-0.53404,0.78278,1.2656,0.31191,0.78677,0.5076,0.60725,0.56826,0.36897,0.48594,-0.13358,-0.40218,-2.6073,-0.090257,1.2138,-0.99571,0.47728,173,239,168,18,253,250,62,248,176,183,24,235,179,68,189
0.42,0.28716,-1.1419,0.50052,0.13821,-2.406,-0.36096,-0.56627,0.79439,1.2815,0.30326,0.7501,0.48301,0.63203,0.57713,0.45164,0.36144,-0.003268,-0.27386,-2.466,0.14183,1.1575,-1.4307,0.36928,171,239,169,32,253,248,62,249,176,182,23,236,174,68,193
0.54704,0.19191,-1.1398,0.43652,0.074137,-2.3194,-0.73035,-0.36797,0.90399,1.1685,0.32237,0.91305,0.55469,0.67752,0.42345,0.38475,0.39148,-0.072912,-0.32193,-2.5884,0.021313,1.1688,-1.1481,0.50926,169,236,174,33,253,250,60,251,172,178,20,238,163,68,199
0.76787,0.38494,-0.77456,0.86159,0.23766,-2.4027,-0.20686,-1.1521,0.43582,1.0169,0.14126,0.69021,0.69215,0.97951,0.76552,0.30392,0.44454,0.38034,-0.68349,-2.1967,-0.79049,0.89391,-1.2643,0.47511,170,240,170,32,252,246,59,252,173,180,23,234,170,68,195
0.67025,0.27943,-0.76122,0.74657,0.055116,-2.4841,-0.56234,-0.69184,0.60088,1.1513,0.19387,0.80207,0.6524,0.76928,0.81604,0.33291,0.39784,0.28356,-0.86192,-2.3555,-0.45412,1.042,-1.0827,0.46018,170,242,168,19,253,249,60,251,176,186,27,252,191,68,199
0.64581,0.1503,-1.1504,0.89108,0.19242,-2.5081,0.026427,-0.69453,0.4922,0.80189,0.37328,0.77959,0.4074,0.85673,0.83876,0.37145,0.5178,0.30726,-0.63249,-2.0652,-0.47843,1.0467,-1.639,0.46902,170,241,168,25,253,249,59,251,175,183,25,230,179,67,189
0.55253,0.44063,-1.0365,0.62154,0.047093,-2.4465,-0.68775,-0.41172,0.67563,1.0878,0.35483,0.80245,0.56637,0.85328,0.65207,0.30554,0.43409,0.33162,-0.79925,-2.2282,-0.055892,0.99674,-1.5221,0.46577,166,238,172,32,253,241,59,252,173,181,20,219,166,67,185
0.67741,0.32146,-0.84894,0.6097,0.046751,-2.4217,-0.86055,-0.4601,0.68902,1.1069,0.27309,0.867,0.57351,0.79539,0.60245,0.28989,0.5272,0.24358,-0.68059,-2.3321,-0.30243,1.0366,-1.352,0.59859,167,238,173,33,252,246,59,253,173,183,23,231,179,68,189
0.2685,0.035272,-0.7076,0.28577,0.28577,-2.8585,0.72631,-0.35344,0.76086,0.64857,0.57083,0.3376,0.21314,0.61161,0.50968,0.074135,0.74135,0.47261,0.15754,-2.9376,0.24094,0.66721,-0.14827,-0.60234,181,233,178,16,253,248,70,223,201,179,18,223,142,67,197
0.60105,0.35038,-0.8164,0.49064,0.28175,-2.5621,-0.32701,-0.80148,0.70847,1.1173,0.41902,0.53838,0.38899,0.58854,0.7852,0.45261,0.47286,0.31379,-0.36874,-2.5638,-0.43237,1.0397,-1.0975,0.4208,168,240,170,29,252,248,61,248,177,185,20,235,181,67,183
0.64543,-1.2705,-0.97549,0.48944,0.50639,-2.2166,0.33684,-0.4397,0.72003,0.90993,0.88958,0.40466,0.4764,0.694,0.40179,0.44531,0.70022,0.24325,-0.3505,-2.5359,-0.81057,1.0453,-0.87275,0.56344,169,235,176,27,252,250,60,249,179,178,18,232,162,67,186
0.48699,-0.2929,-1.2387,0.33878,0.29643,-2.5726,0.081166,-0.11645,0.6705,0.83283,0.83636,0.67756,0.2679,0.53842,0.45035,0.4126,0.54471,0.19555,-0.21023,-2.755,-0.027786,1.0354,-0.97461,0.52269,166,232,177,34,252,249,68,244,180,184,21,234,168,67,190
0.43267,0.20353,-1.1551,0.61598,0.18466,-2.6809,0.19814,-0.35988,0.65372,0.75077,0.51624,0.64024,0.33854,0.46448,0.60841,0.55803,0.42489,0.49686,-0.18321,-2.8351,-0.12924,0.77393,-0.86688,0.34933,173,239,171,20,253,250,64,245,180,184,23,240,185,68,185
0.64731,0.75957,0.70085,-0.44768,-1.8112,-1.4822,-1.3596,0.34506,0.75957,0.75957,0.36924,0.75957,0.86641,0.86641,-0.45962,0.82415,0.27736,-1.1464,-1.5083,-1.1768,0.86641,0.86641,-1.1424,0.86641,139,238,177,0,252,251,56,252,172,204,61,255,251,91,181
0.75135,0.54969,0.46268,0.23256,-0.90422,-2.2711,-1.4368,-0.00081315,0.75135,0.75135,0.36266,0.75135,0.74831,0.74831,0.12967,0.71179,0.57566,-0.62731,-1.1707,-1.9155,0.70736,0.74831,-1.4042,0.74831,153,242,169,0,251,251,44,250,185,189,37,255,212,67,196
0.70393,0.70393,0.70393,-0.26368,-1.6289,-1.1284,-1.9366,0.44071,0.70393,0.70393,0.29334,0.70393,0.93597,0.86805,-0.93314,0.77139,0.039947,-1.615,-0.84171,-1.0063,0.94642,0.94642,-0.99845,0.88634,138,238,176,0,252,251,54,250,180,206,61,255,255,92,169
0.71615,0.73582,0.73582,-0.46183,-1.5083,-1.4833,-1.6783,0.41204,0.73582,0.73582,0.32438,0.73582,0.90542,0.90542,-0.44686,0.78535,0.0030542,-1.4718,-1.3025,-1.1672,0.90542,0.90542,-0.92711,0.90542,141,237,177,0,250,251,53,249,171,206,41,255,248,80,174
0.91915,0.00612,-0.1884,0.20858,-0.30947,-2.4948,-0.99028,-0.22214,0.94297,0.94297,0.24232,0.94297,0.65485,0.65485,0.57577,0.64581,0.64807,-0.15627,-1.6317,-1.7604,0.50121,0.65485,-1.4419,0.65485,155,242,176,8,251,251,43,250,182,185,33,253,194,67,195
0.96019,-0.12488,-0.65647,0.7108,0.32359,-2.0456,-0.95399,-1.0152,0.77861,1.3518,-0.0089328,0.68017,0.55515,0.91123,0.61825,0.25992,0.39965,0.27344,-0.93226,-2.2101,-0.62351,1.1524,-1.1035,0.69938,168,243,170,19,253,250,54,249,172,180,28,242,180,67,186
0.34921,0.7635,0.71293,-0.77014,-2.047,-1.1134,-1.2175,0.51259,0.7635,0.7635,0.5194,0.7635,0.88525,0.60205,-1.3715,0.60795,-0.21068,-1.6429,-0.42013,-0.96146,1.1537,1.2466,-0.60303,0.71415,145,236,175,0,251,250,46,251,187,202,44,255,247,83,169
0.77342,0.77342,0.38937,0.050938,-1.5528,-1.876,-1.3341,0.085161,0.77342,0.77342,0.37035,0.77342,0.81123,0.81123,-0.088151,0.69024,0.59169,-0.92018,-1.3368,-1.6474,0.79627,0.81123,-1.2782,0.75884,153,243,169,0,252,251,49,249,177,196,39,255,240,73,183
0.72967,0.72967,0.65754,-0.25948,-1.7906,-1.3929,-1.5639,0.36492,0.72967,0.72967,0.33607,0.72967,1.0244,0.39791,-1.2204,0.75517,0.28061,-1.2604,-0.51922,-1.3564,1.0858,1.1764,-0.99645,0.63253,136,238,167,4,251,251,59,250,187,210,65,255,255,99,181
0.59373,0.63201,0.33661,-0.3582,-1.4564,-1.8941,-1.3229,0.4269,0.82632,0.82632,0.56331,0.82632,0.92259,0.82137,-0.91064,0.73561,-0.089623,-1.4378,-0.64775,-1.3732,1.0266,1.1264,-0.91908,0.74545,147,237,174,0,251,251,48,249,179,199,40,255,240,74,184
0.31739,0.36603,-0.44585,0.37725,0.164,-2.9563,0.051756,-0.30742,0.60548,0.80377,0.40344,0.62044,0.34498,0.48729,0.32558,0.31911,0.28677,0.034498,0.053904,-3.0607,0.45818,0.7622,-0.3148,0.30294,182,236,173,0,251,253,83,251,175,106,9,232,98,67,175
0.29452,0.24025,-0.66299,0.44156,0.19299,-2.9263,0.25951,-0.26388,0.56934,0.70063,0.54658,0.60785,0.35322,0.37362,0.30394,0.37192,0.428,0.0048154,0.21556,-3.034,0.51468,0.71523,-0.48635,0.23935,184,239,170,0,254,253,83,250,171,98,7,226,85,67,172
0.36086,0.31535,-0.59993,0.39457,0.16196,-2.9227,0.11308,-0.2881,0.59178,0.81934,0.44345,0.61033,0.3637,0.4594,0.36515,0.3376,0.384,0.0041083,0.13751,-3.0495,0.4275,0.73925,-0.40043,0.23175,181,235,173,0,251,252,82,250,176,98,7,226,86,67,170
0.37434,0.20139,-0.82853,0.41485,0.16243,-2.8853,0.26215,-0.15854,0.57534,0.66571,0.57534,0.64078,0.34153,0.3872,0.22737,0.3872,0.3872,0.013727,0.17845,-3.0083,0.59432,0.78024,-0.52936,0.24042,181,235,176,0,252,253,82,251,176,99,9,226,86,67,171
0.36437,0.1813,-1.0657,0.45192,0.16803,-2.7982,0.23967,-0.038913,0.54478,0.72785,0.59519,0.62968,0.35245,0.4581,0.27999,0.38867,0.43697,-0.046037,0.10188,-2.9924,0.42792,0.82036,-0.55923,0.33131,182,235,170,0,251,253,83,250,179,108,10,232,99,67,174
0.40384,0.30741,-0.50373,0.56644,0.16371,-2.9958,0.52484,-0.24659,0.3282,0.37169,0.56455,0.51539,0.24259,0.21741,0.30438,0.36846,0.44627,0.31124,0.15562,-3.1445,0.42796,0.47602,-0.022886,0.21741,181,240,169,0,252,252,85,251,173,105,11,232,98,67,174
0.3797,0.23854,-0.41238,0.55067,0.16012,-3.0333,0.524,-0.16613,0.36245,0.36402,0.50675,0.52557,0.30198,0.3001,0.36378,0.30947,0.38438,0.34879,0.17463,-3.1232,0.38438,0.42183,-0.25048,0.38438,182,238,172,0,251,253,84,252,175,143,20,255,139,67,203
0.38803,0.16408,-0.47357,0.50623,0.080095,-3.0179,0.5871,-0.078539,0.38492,0.37559,0.53733,0.54666,0.37136,0.31917,0.39545,0.30311,0.34326,0.31917,0.17865,-3.1094,0.48779,0.42355,-0.31114,0.27902,180,239,172,0,253,252,86,252,173,108,11,230,98,67,175
0.38964,0.19111,-0.57965,0.5327,0.13126,-2.9927,0.55313,-0.10523,0.40278,0.41592,0.4889,0.57211,0.3642,0.2438,0.35818,0.36821,0.4264,0.28594,0.3341,-3.0831,0.37423,0.50867,-0.44245,0.26186,182,234,177,0,248,253,80,253,175,108,11,230,100,67,175
0.37125,0.21512,-0.66134,0.52737,0.15174,-2.9568,0.53201,-0.16205,0.36661,0.42535,0.61703,0.57374,0.42211,0.35172,0.28132,0.33225,0.37268,0.29181,0.18397,-3.0706,0.42211,0.51048,-0.48402,0.38616,182,240,170,0,246,252,81,252,174,110,10,226,101,67,173
0.11235,0.060829,-0.63477,0.0093032,0.29269,-2.8761,0.68772,-0.025047,0.911,0.19823,0.83371,0.4301,0.29914,0.34778,0.075393,0.34291,0.56666,0.11917,0.57152,-3.0765,0.65421,0.20672,-0.23104,0.12403,190,230,179,0,252,251,82,231,191,104,9,241,94,66,173
0.38547,0.1735,-0.57546,0.38076,0.22061,-2.999,0.47026,-0.078507,0.39018,0.47968,0.69636,0.45613,0.30608,0.25911,0.34366,0.23845,0.3756,0.26663,0.38875,-3.1433,0.48832,0.34742,-0.097853,0.22717,181,240,169,0,253,252,83,249,176,115,11,223,94,67,174
0.34484,0.024081,-0.64633,0.27548,0.21769,-2.961,0.61358,-0.027934,0.50666,0.4951,0.68582,0.47198,0.22875,0.33916,0.27854,0.30885,0.45823,0.22009,0.34782,-3.1398,0.44524,0.43658,-0.085151,0.16164,181,231,180,0,251,252,83,247,176,104,6,227,85,66,169
0.3502,0.28379,-0.30794,0.4287,0.15699,-3.0552,0.50719,-0.21133,0.49512,0.42266,0.48908,0.44077,0.32175,0.28685,0.39155,0.26503,0.21704,0.56606,0.25195,-3.1422,0.17342,0.12106,0.059987,0.48753,184,236,174,0,253,255,81,247,179,99,8,231,87,66,167
0.39416,0.10447,-0.71195,0.45737,0.27302,-2.94,0.52058,-0.16416,0.41523,0.45737,0.65752,0.53638,0.29532,0.33489,0.19859,0.33489,0.38765,0.23816,0.37886,-3.1605,0.35247,0.33049,0.035907,0.27333,183,235,177,0,248,252,80,250,178,100,8,231,88,66,167
0.3945,0.28352,-0.31446,0.35549,0.097868,-3.0938,0.34203,0.1241,0.39652,0.48598,0.48732,0.44091,0.53447,0.62944,0.17552,0.42432,0.41103,-0.41704,-0.21192,-2.8993,0.54397,0.82696,-0.41704,0.39963,175,237,172,0,251,252,75,252,173,108,16,238,102,66,170
0.38664,0.27633,-0.22569,0.37012,0.13239,-3.111,0.44445,0.072216,0.3654,0.43324,0.41496,0.44091,0.5045,0.52281,0.26437,0.49839,0.50246,-0.34001,0.12193,-2.9631,0.48211,0.53909,-0.54554,0.41293,173,237,170,0,251,252,81,251,162,101,15,227,93,66,162
0.40628,0.25421,-0.21299,0.36048,0.12291,-3.1127,0.42155,0.083211,0.37086,0.4246,0.44109,0.44048,0.62193,0.56199,0.098836,0.48752,0.50387,-0.31528,-0.060997,-2.9453,0.49297,0.66733,-0.45876,0.34585,177,236,173,0,249,252,73,250,171,99,15,229,91,66,165
0.47359,0.24058,-1.0316,0.43475,0.17922,-2.8545,0.44252,0.039417,0.44097,0.57067,0.53417,0.53029,0.60503,0.74012,0.24094,0.4617,0.40733,-0.21376,-0.63221,-2.8035,0.33649,0.84391,-0.50206,0.51606,193,241,174,0,246,251,60,251,171,101,14,224,96,66,161
0.43558,0.24609,-0.69493,0.41036,0.1439,-2.9844,0.44852,0.032661,0.42976,0.53842,0.50285,0.4912,0.54413,0.65293,0.30219,0.48114,0.47398,-0.21033,-0.39071,-2.8745,0.42817,0.80181,-0.56393,0.35515,190,243,164,0,254,255,66,250,169,102,14,223,97,66,162
0.45719,0.22491,-0.51484,0.39407,0.15169,-3.0194,0.31075,-0.014938,0.37892,0.70714,0.54177,0.38271,0.38288,0.47348,0.22639,0.24286,0.37327,0.05205,0.13441,-3.0998,0.3417,0.65743,-0.19092,0.40622,180,238,173,0,251,253,76,250,178,93,12,234,90,66,165
0.43452,0.26838,-0.87472,0.4402,0.23714,-2.9209,0.50126,-0.0071,0.37772,0.50268,0.56374,0.47712,0.39945,0.43137,0.1601,0.34201,0.46647,-0.047339,-0.12074,-3.0472,0.42499,0.81114,-0.1718,0.35158,195,243,166,0,252,255,59,250,175,93,11,232,92,66,162
0.45674,0.19122,-0.7291,0.45265,0.17155,-2.9672,0.49526,0.0068293,0.38217,0.52476,0.54443,0.47067,0.39033,0.42161,0.2011,0.37782,0.47009,-0.0069074,0.044702,-3.0894,0.48573,0.61397,-0.1805,0.27147,183,242,170,0,253,254,73,250,167,94,12,232,90,66,165
0.4426,0.18743,-0.75152,0.38741,0.14156,-2.9627,0.50353,0.077052,0.38956,0.50998,0.5967,0.47844,0.40623,0.48122,0.088692,0.31687,0.4509,-0.16661,0.013696,-3.0228,0.53707,0.84663,-0.22086,0.269,186,241,166,0,253,253,66,251,177,96,12,228,90,66,167
0.44615,0.18565,-1.222,0.48193,0.20569,-2.7671,0.48121,0.11552,0.4075,0.54705,0.61361,0.50483,0.40243,0.52713,0.19574,0.36314,0.51518,-0.15104,-0.19887,-2.9508,0.41439,0.95932,-0.39873,0.32215,189,243,173,0,253,254,63,250,171,95,12,231,90,66,167
0.2811,0.0042988,-2.3384,0.37295,0.31633,-1.8276,0.32765,0.25719,0.62332,0.66862,0.64597,0.66862,0.53225,0.45042,0.41747,0.42916,0.4281,0.21981,0.34627,-0.58893,0.55031,0.66828,-2.8982,-0.55492,200,236,174,164,252,239,159,251,171,235,87,219,208,72,242
0.29627,0.058468,-1.86,0.51479,0.24485,-2.3335,0.47622,0.25771,0.59727,0.49765,0.63262,0.61762,0.41438,0.45744,0.41821,0.40194,0.445,0.2058,0.32731,-0.96726,0.53398,0.6909,-2.8694,-0.058286,203,239,170,154,253,247,161,251,171,242,86,224,211,75,247
0.29704,0.1788,-1.6684,0.50831,0.21563,-2.4999,0.46761,0.2699,0.5684,0.5025,0.61298,0.54708,0.50383,0.42215,0.3854,0.48137,0.45074,0.19347,0.39765,-1.2624,0.56508,0.68963,-2.7182,-0.10873,203,239,170,155,253,245,159,251,172,239,77,218,207,73,242
0.32474,-0.46142,-2.4637,0.49234,0.34369,-1.5169,0.36963,0.29281,0.57714,0.62204,0.70784,0.71183,0.58354,0.40092,0.1909,0.49794,0.43059,0.12812,0.30846,-0.77016,0.54131,0.83008,-2.876,-0.26566,207,241,168,143,253,248,155,251,173,244,99,210,212,76,246
0.3151,-0.023454,-2.0976,0.47623,0.23556,-2.0936,0.37833,0.27431,0.56596,0.64754,0.70261,0.61899,0.49378,0.43345,0.37494,0.41517,0.42979,0.19029,0.32558,-0.98711,0.534,0.72048,-2.8538,-0.076634,202,240,170,154,253,246,157,251,174,239,88,211,209,72,242
0.35068,0.20073,-0.64299,0.54144,0.020405,-2.9748,0.79009,0.28804,0.3744,0.16181,0.51676,0.37346,0.42409,0.41795,0.49471,0.40259,0.41999,0.34834,0.4333,-1.7448,0.44353,0.51006,-2.4787,0.3289,202,239,169,148,253,247,156,252,171,231,48,217,190,69,233
0.36353,0.15839,-0.91041,0.57688,0.11326,-2.8849,0.76972,0.28763,0.35943,0.15736,0.56457,0.44456,0.38586,0.42054,0.4565,0.3987,0.42567,0.27925,0.37558,-1.5459,0.47577,0.58494,-2.612,0.35503,206,238,170,141,252,248,154,251,170,237,50,206,191,69,233
0.32183,-0.064484,-2.0917,0.60181,0.27103,-2.0929,0.66325,0.37735,0.41398,0.29584,0.72113,0.58291,0.42245,0.37016,0.4515,0.40405,0.34208,0.3934,0.34982,-0.87129,0.42536,0.47377,-2.9533,0.19198,205,238,169,150,253,249,157,252,172,235,84,201,200,70,240
0.3584,-0.17881,-2.2525,0.5618,0.27912,-1.8999,0.60144,0.34066,0.47731,0.34797,0.73079,0.63378,0.51208,0.3741,0.32597,0.44897,0.46074,0.31313,0.3987,-0.56717,0.46288,0.48534,-3.0006,-0.21419,201,239,170,150,252,245,158,252,172,238,96,217,211,77,245
0.37226,0.078539,-1.3352,0.58088,0.14076,-2.6885,0.67788,0.3137,0.43082,0.2771,0.62023,0.53147,0.45429,0.40893,0.37096,0.44596,0.44596,0.3256,0.37559,-1.1836,0.45059,0.52836,-2.8149,0.19227,200,240,169,157,251,244,160,253,171,239,68,204,203,70,237
0.38424,-1.5614,-2.1626,0.3487,0.40793,-1.0491,0.56785,0.44051,0.64188,0.40497,0.86991,0.70703,0.48087,0.33497,0.6645,0.40541,0.42805,0.29473,0.57897,-0.87496,0.46326,0.36264,-2.8747,-0.2637,221,235,176,121,252,244,137,243,182,242,46,207,185,69,233
0.30902,0.007552,-2.0158,0.50321,0.27018,-2.1785,0.69556,0.44773,0.49211,0.26278,0.75474,0.45143,0.36802,0.29573,0.6692,0.40244,0.50398,0.30778,0.39384,-1.3031,0.46612,0.47128,-2.7385,0.16321,216,234,176,137,252,247,144,248,177,226,58,221,184,69,234
0.30593,-0.18599,-1.9947,0.42408,0.29734,-2.1408,0.75059,0.45415,0.49711,0.27371,0.86015,0.45845,0.47023,0.37166,0.52974,0.37352,0.42745,0.3233,0.43303,-1.1236,0.54462,0.46279,-2.8235,0.010849,215,235,173,137,252,246,149,248,176,239,72,208,196,70,238
0.31192,-0.29823,-2.1032,0.41809,0.34589,-2.0098,0.7083,0.45207,0.49595,0.2836,0.85695,0.53842,0.45964,0.33529,0.03686,0.5147,0.50227,0.36194,0.47207,-0.4996,0.53069,0.42233,-3.0132,-0.12301,205,239,171,155,252,239,158,250,173,241,100,208,207,72,244
0.33864,-0.21133,-2.3952,0.52487,0.32845,-1.7288,0.54815,0.32845,0.48704,0.45357,0.68491,0.64126,0.50309,0.2972,0.39132,0.42515,0.41485,0.40603,0.40015,-0.60138,0.4678,0.45309,-3.003,-0.1543,208,236,174,142,252,245,151,250,174,234,89,220,202,72,243
0.45276,0.16604,-1.8181,0.44754,0.15353,-2.3884,0.4465,0.35684,0.48091,0.55389,0.64356,0.50489,0.64747,0.48737,0.1342,0.52504,0.45676,0.084759,0.24133,-1.2325,0.52033,0.61568,-2.7453,0.26487,203,240,169,139,249,248,156,249,175,245,91,206,206,72,243
0.45325,0.10101,-2.2984,0.46154,0.23362,-1.9275,0.44911,0.36623,0.47812,0.49469,0.63766,0.55064,0.66196,0.39641,-0.25725,0.58536,0.41429,0.16661,0.25598,-0.34407,0.4628,0.60579,-3.0047,0.056813,203,240,168,140,251,248,157,250,174,246,100,204,207,74,246
0.42247,-0.21535,-2.2752,0.48402,0.26752,-1.8836,0.49357,0.397,0.52435,0.53814,0.64639,0.60076,0.54131,0.44268,0.35149,0.44919,0.4008,0.21936,0.26775,-0.41895,0.42872,0.55433,-3.0327,-0.20401,207,241,170,147,252,246,153,250,176,236,93,215,206,73,244
0.45382,0.16653,-1.2378,0.40345,0.061234,-2.7589,0.39773,0.34279,0.52592,0.5717,0.52363,0.54996,0.57538,0.45567,0.3547,0.56705,0.43902,0.09967,0.32451,-0.87153,0.38281,0.49419,-2.9232,0.10175,206,240,168,146,252,245,155,250,176,235,91,218,207,74,243
0.45984,-0.077703,-2.139,0.45364,0.15386,-2.0563,0.4433,0.43297,0.5136,0.58389,0.64798,0.58389,0.58857,0.50156,0.1811,0.57796,0.47185,0.066498,0.28085,-0.89064,0.44002,0.58857,-2.8962,0.089843,212,241,166,141,252,241,149,250,177,242,74,190,195,69,235
0.40309,0.086712,-1.7395,0.51207,0.22029,-2.447,0.55425,0.3407,0.46725,0.51031,0.60786,0.48395,0.49816,0.39637,0.38781,0.39637,0.37544,0.29363,0.40873,-0.71473,0.48103,0.60946,-2.9579,-0.1744,196,240,172,148,251,251,159,250,177,236,86,222,204,72,243
0.44697,0.2557,-0.9719,0.30671,-0.12452,-2.8545,0.71359,0.33685,0.49102,0.36931,0.54087,0.48986,0.40019,0.40761,0.49853,0.37235,0.43081,0.28143,0.42709,-1.1956,0.47627,0.60616,-2.7942,0.089377,201,235,174,157,252,239,154,250,174,94,13,232,91,66,163
0.38062,0.10171,-1.4189,0.44421,0.11287,-2.6461,0.69412,0.38955,0.43194,0.365,0.64503,0.5,0.44695,0.46676,0.41253,0.40627,0.37915,0.2519,0.30301,-0.55334,0.4313,0.55647,-3.0233,-0.077707,207,240,172,150,253,245,154,249,175,239,66,196,188,69,236
0.34825,-0.41,-2.2731,0.41758,0.21394,-1.7944,0.59523,0.38075,0.55623,0.58656,0.69922,0.67972,0.79788,0.15533,0.32899,0.54318,0.54318,0.19875,0.44766,-0.48143,0.69947,0.71973,-2.3946,-1.5581,199,236,176,148,251,240,154,248,178,237,87,199,199,71,240
0.41809,-0.21094,-2.2091,0.45646,0.14245,-1.9345,0.49786,0.37973,0.51098,0.57762,0.72201,0.64931,0.60391,0.39925,0.05336,0.54287,0.48662,0.11799,0.44353,-0.8347,0.55245,0.69607,-2.8646,-0.19678,207,240,167,138,252,245,150,248,175,243,76,198,198,71,241
0.029019,-1.1868,-0.91532,0.51299,0.27101,-2.3377,0.2415,0.061481,0.77269,0.96746,0.56611,1.0176,0.5396,0.32881,0.24647,0.47373,0.55607,0.094965,0.51984,-2.507,0.76686,0.81297,-1.4234,-0.40895,204,242,166,139,253,245,142,251,176,241,92,207,208,71,243
0.40637,-0.90968,-1.315,0.40286,0.13789,-2.3029,0.38356,0.0062878,0.87664,0.96788,0.54148,0.80469,0.71086,0.56869,-0.15355,0.65968,0.57627,-0.61797,0.60471,-2.3506,0.6957,0.8227,-1.3895,-0.12701,207,242,168,140,253,240,141,252,173,247,80,223,211,76,247
0.19761,-1.1468,-1.5949,0.21587,0.069773,-1.9672,0.54039,0.3676,0.83119,0.83821,0.85085,0.79747,0.71911,0.49551,0.064872,0.56508,0.53029,-0.41877,0.30669,-1.8763,0.67605,1.1017,-2.0386,-0.1256,208,238,171,140,252,239,136,251,177,238,97,208,209,72,242
0.42878,-1.5524,-1.2613,0.5258,0.40374,-2.0218,0.50389,0.13771,0.75741,0.72611,0.66351,0.68855,0.79786,0.3376,-0.17911,0.56338,0.53299,-0.27029,0.46786,-1.8725,0.89338,1.041,-1.9507,-0.36148,209,242,165,139,251,219,132,251,175,242,116,203,214,77,246
0.27224,-0.55029,-1.2055,0.30477,0.14212,-2.5439,0.30709,0.15606,0.75553,0.90424,0.63935,0.81827,0.55675,0.52819,0.30254,0.45392,0.4882,-0.00023803,0.24255,-2.0311,0.70814,1.0109,-2.0283,-0.2316,205,241,170,133,253,244,133,251,175,236,75,207,200,70,238
0.43234,-1.0757,-0.84389,0.45166,-0.12331,-2.4826,1.0147,0.31943,0.58537,0.31794,0.70869,0.69532,0.82166,0.55275,0.047963,0.71787,0.62116,0.16355,0.46784,-1.9641,0.69664,0.59521,-1.8462,-0.87434,204,240,170,158,252,233,133,253,175,235,83,201,199,70,240
0.5307,-1.1868,-0.70299,0.69035,-0.12727,-2.464,0.29686,0.11786,0.71938,0.72906,0.44845,0.94838,0.63834,0.17897,0.057278,0.52864,0.65034,0.12584,0.62634,-2.4521,0.78403,0.61263,-1.5505,-0.19983,203,242,165,145,253,247,143,253,173,247,89,203,211,74,244
0.58902,-0.63494,-0.5671,-1.2151,-1.1722,-1.762,1.0016,0.46026,0.8687,0.66656,0.85486,0.91024,0.62271,0.48543,0.3651,0.45662,0.58712,0.25324,0.48713,-2.2839,0.66508,0.57017,-1.7992,-0.40945,200,239,168,159,252,235,144,252,170,238,57,200,191,69,233
0.22743,-0.69579,-0.65532,0.34379,0.21732,-2.7547,0.70296,-0.015387,0.59167,0.51326,0.69031,0.83449,0.84266,0.62243,-0.28048,0.69217,0.64813,-0.57411,0.72153,-2.0386,0.75457,0.66281,-1.6605,-0.39059,204,241,170,144,253,244,139,253,173,245,83,202,208,74,243
0.33851,-0.34418,-0.86501,0.4089,-0.22219,-2.763,0.66931,0.20948,0.60362,0.52737,0.69394,0.74321,0.67287,0.20343,0.05518,0.57733,0.63169,-0.040356,0.60039,-2.3546,0.69428,0.65804,-1.7172,0.018942,200,241,169,139,252,248,140,253,172,253,75,197,210,74,242
0.55746,-1.5272,-1.5427,0.46172,0.43392,-1.8391,0.82924,0.46172,0.58834,0.28259,0.76747,0.52657,0.48551,0.46152,0.48208,0.55062,0.48208,0.24218,0.6363,-1.605,0.7494,0.60203,-2.2699,-0.8168,220,236,173,141,252,239,143,246,178,235,61,207,185,69,234
0.40388,-0.81461,-2.5255,0.45611,0.32431,-1.2,0.56303,0.3069,0.60282,0.46108,0.85895,0.56303,0.41439,0.33364,0.43613,0.45788,0.52,0.41129,0.60696,-2.7009,0.39576,0.56969,-1.3094,-0.13537,220,237,174,136,253,247,145,245,179,236,80,210,195,70,239
0.65936,-2.0604,-1.1225,0.49154,0.3632,-1.6408,0.71366,0.43724,0.56558,0.2941,0.79757,0.50141,0.74699,0.27276,-0.26656,0.84927,0.6819,-0.22007,0.97945,-1.5219,0.57961,0.51452,-2.2472,-0.36884,219,237,174,155,252,227,146,246,178,239,97,210,203,71,244
0.5659,-1.2502,-1.0695,0.51075,-0.084465,-2.2923,0.78269,0.14564,0.71423,0.69902,0.65908,0.61915,1.0769,-0.2351,0.055675,0.75493,0.71339,0.11798,0.61646,-2.2117,0.60608,0.55415,-1.5921,-0.45665,211,241,169,138,252,235,137,250,176,239,85,214,201,72,244
0.43386,-2.0851,-1.2467,0.53117,0.36836,-1.5087,0.5293,0.26169,0.60042,0.621,0.70148,0.79318,0.77518,-0.1411,0.38316,0.56973,0.51069,0.26036,0.54375,-1.9501,0.65238,0.60515,-2.165,-0.044279,211,238,173,123,253,245,138,249,175,243,111,208,209,76,246
0.61904,-0.8925,-0.98023,0.32859,0.049989,-2.5475,0.38549,0.17328,0.6629,0.82295,0.60363,0.77434,0.71104,0.5252,-0.067872,0.6965,0.64317,-0.2521,0.26664,-2.3771,0.73528,0.7466,-1.5578,-0.069488,187,241,172,140,249,242,134,249,170,247,89,204,205,72,244
0.59664,-0.47045,-0.70201,0.37367,0.0036754,-2.6867,0.31364,-0.27933,0.79634,1.0671,0.234,0.75346,0.95444,0.24886,0.13321,0.83294,0.67631,-0.66899,0.43184,-1.9133,0.64556,0.69094,-1.9118,-0.12004,180,243,174,134,250,241,130,250,172,249,110,201,210,78,245
0.3915,-0.61683,-1.2815,0.51234,-0.0050353,-2.4169,0.20393,0.056647,0.71753,1.0448,0.47584,0.91769,0.95549,0.1491,-0.26844,0.81344,0.65273,-0.67593,0.31411,-1.4407,0.68,0.85505,-2.2442,0.20937,182,241,174,135,250,238,139,249,171,250,109,211,215,83,246
0.49138,-0.7813,-0.76723,0.36859,-0.0010659,-2.5503,0.13068,-0.14432,0.77277,1.0964,0.44277,0.94161,1.2018,0.066522,-0.50275,0.94865,0.69062,-0.74787,0.1149,-1.7413,0.74545,1.0519,-1.6155,-0.21247,184,243,170,125,251,236,130,249,173,250,114,209,220,84,246
0.66269,-0.40229,-1.4721,0.42362,0.044475,-2.4018,0.30287,0.061379,0.78585,1.0563,0.54678,0.39222,0.68039,0.51794,0.17333,0.65824,0.52778,-0.05805,0.20533,-2.4137,0.51794,0.74685,-1.6777,0.12164,193,241,168,128,251,243,130,250,174,249,74,210,206,73,243
0.31211,-1.0382,-0.71956,0.55763,0.17369,-2.6236,0.67777,0.24421,0.73262,0.73523,0.60986,0.33823,0.79855,0.3018,0.10225,0.56079,0.54806,-0.080315,0.50135,-2.4537,0.54381,0.77733,-1.5706,-0.029366,203,241,174,124,253,249,130,250,173,233,80,238,200,71,246
0.71596,-1.6186,-0.94095,0.055585,-0.19023,-1.9707,0.36518,0.20706,0.76113,0.96842,0.75582,0.89135,0.51974,0.33497,0.29283,0.61862,0.66886,-0.37009,0.66724,-2.388,0.67696,0.76611,-1.516,-0.27122,194,241,164,126,252,249,125,249,166,245,56,207,192,69,238
0.57087,-1.5223,-0.79402,0.12732,-0.012321,-2.2356,0.62153,0.24094,0.72968,0.82688,0.67629,0.77075,0.6667,0.3093,-0.12842,0.65522,0.67162,-0.10547,0.56505,-2.2925,0.81752,0.80113,-1.5908,-0.36942,195,243,164,145,251,245,137,248,173,242,106,204,208,77,245
0.47078,-0.63525,-0.92799,0.37285,-0.27012,-2.6365,0.63685,0.26533,0.63898,0.64004,0.6443,0.80078,0.62197,0.32803,0.12272,0.62935,0.58061,0.0089855,0.62787,-2.307,0.71502,0.69434,-1.7192,-0.30267,197,240,171,137,249,240,134,248,176,241,83,203,203,72,241
0.55703,-0.99993,-1.2874,0.49005,0.083034,-2.3683,0.67243,0.30251,0.62091,0.58279,0.65904,0.68789,0.67166,0.47446,0.1532,0.64144,0.58578,-0.24598,0.54443,-2.2705,0.7321,0.7973,-1.6296,-0.45431,201,242,163,125,252,239,132,249,173,245,101,201,207,76,245
