0.21363,0.31898,-0.42199,0.37868,0.19607,-3.1857,0.30844,-0.032191,0.58236,0.62801,0.49105,0.52266,0.31059,0.41154,0.37116,0.39942,0.2904,-0.056868,0.064271,-3.1903,0.49633,0.8759,-0.2628,0.2904,190,240,169,77,253,235,98,246,173,215,52,255,255,82,186
0.33727,0.21401,-0.68087,0.3913,0.19882,-3.1021,0.31532,-0.074714,0.56183,0.70535,0.55846,0.57534,0.42438,0.41154,0.27998,0.41957,0.37785,-0.010429,0.23826,-3.1953,0.49016,0.69714,-0.42117,0.288,191,241,167,82,253,218,93,251,174,209,58,255,242,86,196
0.364,0.23039,-0.61238,0.40854,0.1516,-3.1236,0.29891,-0.067662,0.55243,0.70317,0.5353,0.55928,0.35761,0.434,0.36425,0.33768,0.3875,-0.0044285,0.16496,-3.1863,0.48382,0.77278,-0.42293,0.31111,192,242,169,72,253,233,92,250,176,209,56,255,244,87,196
0.35515,0.19624,-1.0558,0.47073,0.21068,-2.9845,0.38645,0.063807,0.55018,0.64168,0.60075,0.56463,0.46485,0.49143,0.23893,0.36186,0.39176,-0.036822,0.219,-3.11,0.56119,0.79043,-0.67138,0.29873,191,241,170,71,253,235,93,250,175,212,51,255,247,84,187
0.28522,0.21447,-0.71865,0.4267,0.10331,-3.0902,0.30543,0.025827,0.61872,0.70967,0.50081,0.61872,0.41875,0.44381,0.39012,0.34717,0.36507,-0.057266,0.068003,-3.0852,0.5655,0.92699,-0.66213,0.27917,194,241,169,71,254,233,92,247,179,212,49,255,248,81,184
0.35772,0.31401,-0.42588,0.59654,0.18601,-3.1809,0.66054,0.003382,0.27655,0.19226,0.59186,0.42796,0.33327,0.35035,0.26285,0.32901,0.35461,0.27565,0.27992,-3.3075,0.39089,0.32687,0.083585,0.32047,188,240,168,85,251,223,94,251,172,214,53,255,252,83,190
0.4085,0.26807,-0.54512,0.59466,0.15703,-3.148,0.63385,-0.048715,0.32359,0.27787,0.60445,0.47382,0.33421,0.33779,0.29833,0.3091,0.37008,0.3916,0.28399,-3.296,0.38084,0.33062,-0.05321,0.31268,190,242,167,70,253,236,90,252,176,209,56,255,246,82,185
0.40109,0.18937,-0.40372,0.5418,0.072327,-3.1863,0.66147,0.046026,0.38794,0.26038,0.53259,0.49709,0.42845,0.3591,0.42658,0.37222,0.37035,0.23164,0.064822,-3.2153,0.41533,0.54091,-0.42626,0.4322,191,241,168,76,253,236,92,252,174,214,50,255,254,83,190
0.37143,0.12568,-0.78361,0.54993,0.18647,-3.0847,0.67022,0.1011,0.37014,0.34427,0.62366,0.52536,0.4472,0.31574,0.36436,0.39498,0.48141,0.16447,0.31754,-3.2102,0.46701,0.53004,-0.46041,0.18788,188,241,166,76,252,232,93,252,174,211,55,255,246,84,196
0.37421,0.17946,-0.56849,0.57461,0.12584,-3.1398,0.65364,-0.020933,0.41937,0.30083,0.55485,0.54638,0.40975,0.43807,0.30709,0.40621,0.42037,0.26461,0.24691,-3.2293,0.39559,0.41683,-0.43276,0.35665,189,241,167,77,252,228,92,251,174,209,55,255,244,84,199
0.24264,0.36689,-0.48688,0.33821,0.27131,-3.1852,0.62174,0.083359,0.57395,0.24264,0.56758,0.3637,0.30408,0.15812,0.34539,0.3922,0.40873,0.23798,0.42525,-3.2981,0.38119,0.31509,0.04521,0.2848,194,236,174,97,252,222,93,244,181,207,59,255,244,80,195
0.16695,-0.04719,-0.66582,0.22405,0.14791,-3.0785,0.78082,0.4144,0.57144,0.21454,0.72371,0.54764,0.30584,0.54829,0.50231,0.18044,0.33928,0.2724,0.24314,-3.2472,0.41034,0.50231,-0.25847,0.20134,202,235,177,73,252,231,97,226,198,205,53,255,243,76,189
0.29504,0.14998,-0.56477,0.39326,0.20438,-3.1578,0.74837,0.23762,0.42197,0.25877,0.62597,0.38722,0.21855,0.2725,0.42497,0.48596,0.38744,0.27484,0.44374,-3.2766,0.3546,0.36398,-0.12159,0.17163,188,240,169,78,253,236,97,246,176,214,56,255,254,82,185
0.33146,0.028806,-0.47357,0.33607,0.17015,-3.1729,0.69864,0.30073,0.44208,0.23775,0.64948,0.45129,0.21696,0.37341,0.3563,0.30741,0.4492,0.20963,0.3783,-3.2544,0.54943,0.40031,-0.26707,0.28052,185,236,173,92,252,225,103,244,180,216,64,255,255,86,188
0.31683,0.1722,-0.53132,0.41978,0.13543,-3.1616,0.63795,0.054541,0.37811,0.42714,0.57176,0.57912,0.27079,0.28337,0.44182,0.31606,0.36385,0.34876,0.37642,-3.278,0.36636,0.27834,-0.17689,0.40912,192,238,172,91,252,218,95,242,178,213,52,255,252,75,181
0.37798,0.31882,-0.30607,0.41551,0.17883,-3.2429,0.51508,0.1211,0.36211,0.40252,0.44581,0.41118,0.3898,0.44893,0.15639,0.44893,0.48628,-0.033456,0.32445,-3.2639,0.4396,0.30577,-0.06769,0.36491,176,240,175,112,230,202,86,251,177,213,66,255,255,92,169
0.41704,0.27044,-0.47773,0.39777,0.1314,-3.202,0.44044,0.14792,0.43012,0.46935,0.49207,0.48312,0.56077,0.49602,0.2244,0.57337,0.49782,-0.33503,0.085892,-3.0962,0.53379,0.64712,-0.53289,0.34492,176,241,172,60,252,242,90,249,164,216,55,255,255,84,175
0.45669,0.2133,-0.66334,0.41748,0.17853,-3.1387,0.52697,0.043154,0.4493,0.5181,0.48776,0.5107,0.48806,0.55098,0.27875,0.4611,0.40203,-0.021723,0.023221,-3.1523,0.45724,0.65628,-0.52894,0.38533,189,243,172,58,250,222,76,250,175,204,50,255,245,79,187
0.43409,0.21307,-0.58073,0.38938,0.10847,-3.1672,0.43662,0.15065,0.44,0.51255,0.53026,0.53279,0.43879,0.52135,0.17875,0.51034,0.46218,-0.11706,0.21315,-3.1908,0.42779,0.52685,-0.39087,0.41953,182,242,173,74,251,215,82,251,173,211,54,255,254,78,180
0.42751,0.2325,-0.14216,0.36148,0.015995,-3.2439,0.48278,0.01753,0.45207,0.46589,0.43365,0.4966,0.64929,0.48764,0.14965,0.56994,0.48176,-0.2148,0.020329,-3.1098,0.4318,0.70807,-0.49989,0.32599,188,242,169,72,246,213,79,250,176,211,58,255,255,93,174
0.44603,0.24319,-0.81754,0.47914,0.24423,-3.1005,0.48121,0.13039,0.39739,0.52778,0.57745,0.39118,0.36795,0.47856,0.17513,0.30218,0.40383,0.086944,0.21848,-3.2762,0.34703,0.56526,-0.017688,0.34852,185,241,169,81,251,210,85,250,177,207,60,255,249,79,185
0.45187,0.26306,-0.68501,0.46473,0.15379,-3.1331,0.56516,0.060593,0.38358,0.435,0.54025,0.50008,0.3666,0.38557,0.27173,0.44688,0.4425,-0.19096,0.36806,-3.243,0.4352,0.52569,-0.097549,0.28924,190,242,179,63,244,195,70,250,177,202,53,255,248,78,173
0.42888,0.24311,-0.79126,0.43816,0.15952,-3.1015,0.53105,0.11054,0.39595,0.50656,0.58678,0.49221,0.33689,0.38964,0.16159,0.42066,0.43928,-0.035421,0.34775,-3.2435,0.51839,0.58665,-0.16108,0.23916,182,240,178,67,249,213,79,249,175,204,61,255,249,86,187
0.40113,0.2,-0.46618,0.38917,0.12524,-3.193,0.59329,0.11776,0.40562,0.40861,0.55216,0.46618,0.3857,0.39239,0.19174,0.44423,0.50442,-0.20623,0.29206,-3.2127,0.51278,0.62816,-0.18951,0.25695,181,243,172,62,251,225,81,250,174,207,64,255,253,92,183
0.4472,0.14888,-0.91995,0.42413,0.13323,-3.0461,0.57246,0.1563,0.42413,0.52549,0.61201,0.52219,0.38053,0.34237,0.13978,0.4463,0.4884,-0.035191,0.44104,-3.2254,0.51734,0.54629,-0.26015,0.21871,182,242,179,65,250,222,81,249,174,204,58,255,244,85,185
0.40146,0.27208,-0.7744,0.47495,0.22538,-3.1123,0.55686,0.083762,0.41294,0.44815,0.54078,0.47035,0.27076,0.28538,0.21373,0.34679,0.41552,0.0017059,0.48717,-3.281,0.41552,0.38628,0.032413,0.42576,188,243,174,54,250,224,72,252,183,206,52,255,251,79,181
0.37778,0.25547,-0.7373,0.41114,0.15699,-3.1152,0.48739,0.068038,0.48739,0.53345,0.60176,0.47309,0.3252,0.42156,0.32252,0.34126,0.44029,-0.0093679,0.25829,-3.248,0.48312,0.49115,-0.22617,0.40014,184,244,171,55,251,235,81,250,173,207,60,255,251,82,177
0.39286,0.24478,-0.73897,0.40607,0.17456,-3.1243,0.49089,0.13771,0.461,0.5048,0.56876,0.48185,0.29692,0.43025,0.2057,0.36885,0.50919,-0.33113,0.24429,-3.1942,0.49691,0.60744,-0.15921,0.52498,186,243,171,36,252,239,75,251,171,207,54,255,255,82,172
0.4096,0.25232,-0.36518,0.38921,0.07027,-3.2051,0.4329,0.00036409,0.48679,0.54359,0.51446,0.47077,0.33314,0.47904,0.20183,0.33898,0.47029,-0.19794,0.14931,-3.2181,0.4557,0.66288,-0.12499,0.44986,184,243,167,93,230,211,77,250,185,208,60,255,255,90,171
0.41349,0.1913,-0.87253,0.40421,0.13485,-3.0609,0.52066,0.076269,0.55353,0.54853,0.57139,0.51923,0.42825,0.4872,0.28029,0.34765,0.42344,-0.084207,0.056539,-3.1541,0.47757,0.78432,-0.46915,0.42224,183,243,183,60,252,244,80,250,183,207,62,255,249,90,183
0.34278,0.34201,-0.58697,0.48147,0.22114,-3.1624,0.66665,0.047585,0.37687,0.34511,0.50316,0.42259,0.27285,0.23762,0.24749,0.38414,0.49685,-0.017376,0.52644,-3.2732,0.40668,0.44754,0.03616,0.23481,184,244,177,104,226,216,74,248,182,201,67,255,245,93,187
0.34248,0.19803,-0.53808,0.44664,0.11331,-3.1728,0.58414,0.11609,0.44942,0.42164,0.53831,0.50081,0.35405,0.34162,0.3615,0.41371,0.46094,-0.041226,0.37145,-3.2009,0.4684,0.65982,-0.39921,0.20986,185,245,166,70,251,238,80,246,177,203,64,255,245,87,190
0.36632,0.2196,-0.7566,0.45929,0.14987,-3.1034,0.56243,0.045275,0.48035,0.49633,0.56751,0.51303,0.32782,0.34508,0.29946,0.40055,0.52999,0.007294,0.29207,-3.209,0.46835,0.69026,-0.35145,0.19961,185,245,170,65,250,216,75,247,177,201,62,255,244,85,192
0.35601,0.23978,-0.55799,0.42734,0.13346,-3.1686,0.568,0.07336,0.44913,0.44913,0.54555,0.48479,0.37487,0.37342,0.30079,0.44314,0.50415,-0.12334,0.31823,-3.1591,0.45912,0.77141,-0.47921,0.21655,178,244,172,66,250,228,81,245,173,208,59,255,255,86,180
0.37861,0.21239,-0.59937,0.43015,0.13379,-3.1519,0.54353,0.035863,0.4804,0.50617,0.52936,0.50101,0.36869,0.40523,0.27211,0.42872,0.52269,-0.10636,0.24079,-3.1655,0.45482,0.79153,-0.44047,0.22774,189,244,165,42,250,232,69,246,175,197,63,255,240,85,195
0.315,0.16812,-2.3981,0.53327,0.31704,-2.0146,0.42108,0.2946,0.53939,0.54755,0.70259,0.57407,0.66003,0.38227,-0.050434,0.52553,0.46121,0.22147,0.33842,-0.59717,0.57231,0.80036,-3.0618,-0.25217,210,241,166,165,254,247,155,250,174,244,131,255,255,151,179
0.31848,0.19721,-0.86932,0.50703,0.20136,-3.0796,0.58594,0.208,0.51118,0.4331,0.49457,0.49208,0.63253,0.51304,-0.5923,0.57995,0.50826,0.1665,0.40907,-1.1133,0.57039,0.79624,-2.8078,0.33738,211,241,169,158,254,248,154,251,174,245,131,255,255,156,176
0.34662,-0.20833,-2.755,0.54597,0.37895,-1.4386,0.42564,0.28376,0.56573,0.56932,0.67887,0.60704,0.76944,0.35023,0.043891,0.52221,0.53565,0.21856,0.3368,-0.70046,0.62164,0.84737,-2.9308,-0.61447,212,241,165,160,254,244,151,250,174,244,124,255,255,149,174
0.35389,0.11668,-1.9969,0.561,0.27423,-2.4058,0.51498,0.25476,0.561,0.52383,0.66898,0.57339,0.71756,0.51138,-0.83139,0.63509,0.54231,0.19695,0.35674,-0.86232,0.56292,0.849,-2.8056,0.12736,212,241,168,159,253,244,153,251,179,245,129,255,255,158,173
0.32208,-0.024803,-2.4894,0.62185,0.3178,-1.8598,0.427,0.2193,0.5983,0.64541,0.60901,0.61329,0.54233,0.4652,-0.033836,0.48789,0.46067,0.19754,0.26559,-0.87086,0.51511,0.78504,-3.0394,0.22476,212,241,168,156,254,243,150,250,175,245,123,255,255,153,173
0.38959,-0.017808,-2.4064,0.74436,0.34748,-1.958,0.65593,0.30959,0.40433,0.29906,0.68962,0.54224,0.72949,0.27937,-0.61794,0.57504,0.49413,0.48531,0.42205,-0.13987,0.5059,0.54709,-3.0657,-0.21489,207,240,169,170,252,252,155,253,175,244,142,255,255,167,174
0.37635,0.20744,-1.1278,0.59244,0.18951,-2.9537,0.7236,0.28293,0.38579,0.20933,0.64434,0.46977,0.61917,0.51539,-0.99945,0.59895,0.572,0.34827,0.50731,-0.96171,0.54504,0.55582,-2.7488,0.44801,210,242,165,159,253,242,156,253,171,249,120,255,255,152,179
0.39413,-0.23374,-2.659,0.59624,0.33257,-1.5828,0.54802,0.32334,0.47723,0.47005,0.71524,0.61881,0.71948,0.45099,-0.82905,0.53081,0.60918,0.38713,0.45824,-0.54314,0.48437,0.62514,-2.9421,0.048981,205,241,170,170,254,248,156,252,176,245,140,255,255,166,177
0.35441,0.12731,-1.6065,0.62541,0.20365,-2.6896,0.70557,0.29716,0.45938,0.3506,0.62732,0.54526,0.6693,0.52791,-0.81473,0.59196,0.51824,0.30192,0.36597,-0.69388,0.50374,0.59679,-2.9235,0.3563,209,242,166,163,254,249,159,252,173,247,136,255,255,167,176
0.3571,0.078792,-2.2002,0.61667,0.28589,-2.2039,0.6401,0.3571,0.4405,0.32243,0.74974,0.55576,0.45877,0.41112,0.31264,0.43336,0.44924,0.36029,0.33488,-1.0798,0.463,0.55936,-3.0165,0.3137,207,242,171,159,253,246,154,252,170,244,122,255,255,145,181
0.25756,-1.0329,-2.8332,0.46151,0.41931,-0.63908,0.53183,0.40525,0.55996,0.3736,0.85533,0.64084,0.38107,0.39835,0.60811,0.38107,0.41068,0.26508,0.45264,-0.20874,0.40081,0.33418,-3.2219,-0.20133,227,236,174,169,253,241,140,241,183,239,97,255,255,110,184
0.36051,-0.0017958,-2.3534,0.53021,0.33761,-2.0301,0.6622,0.44805,0.51539,0.29316,0.7888,0.4494,0.3773,0.35416,0.5238,0.42485,0.42485,0.32075,0.3336,-0.46062,0.37216,0.41585,-3.216,0.12926,216,241,171,162,253,240,150,249,175,241,113,255,255,124,184
0.3372,-1.8098,-2.3278,0.37174,0.45232,-0.69312,0.65378,0.41203,0.61349,0.45808,0.84373,0.68832,0.64696,0.29725,0.36137,0.57702,0.29725,0.3672,0.48377,-0.34388,0.63531,0.49542,-3.0308,-0.78685,224,240,170,162,253,227,143,236,187,241,96,255,255,106,176
0.3558,0.16356,-2.0654,0.51557,0.31424,-2.3525,0.69483,0.34541,0.46491,0.3623,0.67404,0.52726,0.54375,0.45129,-0.28493,0.47697,0.44958,0.48382,0.44444,-0.65304,0.45129,0.48211,-3.1031,0.25782,213,241,168,166,254,245,151,250,176,242,129,255,255,145,183
0.31693,0.18652,-0.8972,0.48106,0.26971,-3.0568,0.76211,0.29107,0.42485,0.20451,0.56538,0.45183,0.53772,0.37621,-0.17138,0.50388,0.49004,0.45466,0.52695,-0.99122,0.51465,0.43159,-3.0032,0.33007,211,240,170,158,253,244,153,249,174,241,131,255,255,149,179
0.38758,-0.062594,-2.7902,0.60128,0.39517,-1.4359,0.59243,0.2548,0.46345,0.50644,0.50644,0.58105,0.92642,0.011328,-0.28156,0.71061,0.59149,0.3883,0.45556,-0.19888,0.62092,0.57468,-2.8685,-0.93039,199,240,174,178,253,240,157,250,179,246,139,255,255,172,166
0.43252,-0.51192,-2.7331,0.57186,0.27293,-1.3134,0.37893,0.27769,0.62307,0.70763,0.58377,0.71001,1.1478,-0.027134,0.0719,0.74263,0.57307,0.19794,0.32399,-0.27622,0.62109,0.71262,-2.449,-1.6387,205,240,159,175,253,233,156,248,175,247,129,255,255,160,173
0.43004,0.26886,-0.81105,0.44258,0.15066,-3.1079,0.56257,0.23752,0.47213,0.45422,0.45064,0.44974,0.67435,0.58363,-0.24062,0.59011,0.49032,0.15336,0.28814,-1.3319,0.51494,0.66528,-2.7937,0.40608,215,241,167,148,253,248,149,250,178,242,125,255,255,146,180
0.50341,-1.3752,-2.5554,0.48083,0.31223,-0.85139,0.28212,0.33782,0.62082,0.81049,0.65846,0.77587,0.87744,0.35286,-0.11293,0.65434,0.53526,0.09057,0.25186,-0.14609,0.51114,0.68148,-3.0162,-0.67972,213,239,172,160,253,239,143,249,176,246,108,255,255,150,153
0.45375,0.0017861,-2.6727,0.54508,0.15462,-1.616,0.4025,0.32795,0.55533,0.64945,0.58422,0.61404,0.65772,0.52385,-0.00064007,0.59518,0.45253,0.12774,0.15298,-0.45601,0.37682,0.63358,-3.152,0.088239,216,243,168,150,253,248,146,249,175,245,108,255,255,134,176
0.39745,-0.098141,-2.5379,0.63014,0.34771,-1.8043,0.55199,0.3184,0.49959,0.55199,0.6186,0.52445,0.86058,0.27785,-0.28461,0.59075,0.50841,0.32346,0.36019,-0.41382,0.52868,0.75164,-2.9981,-0.50503,203,242,174,166,253,246,155,250,174,246,127,255,255,157,172
0.42473,-1.878,-2.3295,0.56713,0.50089,-0.59417,0.5296,0.28784,0.51304,0.59693,0.64992,0.73161,1.0449,-0.2396,0.16511,0.64796,0.55108,0.3245,0.48388,-0.26616,0.75109,0.69171,-1.9835,-2.171,210,241,171,160,254,237,145,248,175,244,109,255,255,143,159
0.49087,-2.1763,-2.1574,0.55592,0.48458,-0.34013,0.51186,0.3188,0.54333,0.52235,0.60629,0.63986,0.98671,-0.18178,0.22961,0.61334,0.50272,0.20195,0.53037,-0.10573,0.75854,0.64791,-1.7513,-2.4323,211,241,170,164,253,226,145,248,177,240,127,255,255,148,175
0.43469,-0.72125,-2.7805,0.56042,0.34273,-1.1136,0.58835,0.26241,0.59185,0.59767,0.61978,0.61746,0.8374,0.19074,-0.71459,0.69905,0.61333,0.18472,0.55468,-0.52811,0.63438,0.78026,-2.8441,-0.4078,212,242,156,163,252,234,148,249,178,244,125,255,255,151,175
0.42688,-0.2904,-2.7833,0.58654,0.25633,-1.35,0.48373,0.2648,0.55631,0.59259,0.63251,0.62404,0.9126,-0.036856,-0.45196,0.70429,0.53523,0.21975,0.52769,-0.28441,0.70882,0.87486,-2.7554,-0.95461,207,240,174,158,253,244,148,248,180,247,114,255,255,153,164
0.3981,-0.032208,-2.5663,0.57334,0.33092,-1.7787,0.58307,0.28517,0.49156,0.55192,0.64538,0.51784,0.46757,0.40249,0.31612,0.40012,0.37528,0.39421,0.36108,-0.25064,0.41787,0.47348,-3.2335,-0.12404,216,242,172,158,253,249,141,249,178,242,104,255,255,124,175
0.43592,-0.26181,-2.6128,0.52985,0.26245,-1.6247,0.40238,0.27491,0.6209,0.68032,0.69182,0.60077,0.47961,0.5119,0.3157,0.40014,0.39642,0.122,0.2263,-0.38586,0.45602,0.61496,-3.207,0.069846,215,243,169,157,253,243,146,248,177,244,112,255,255,137,166
0.38408,0.21944,-1.2077,0.48885,0.11291,-2.9289,0.54784,0.23529,0.54432,0.52671,0.59362,0.48357,0.52532,0.46909,-0.10116,0.45074,0.4427,0.20749,0.26945,-0.5693,0.4645,0.65497,-3.1463,0.33255,213,243,167,156,252,235,150,250,178,245,122,255,255,157,167
0.40592,0.22853,-1.8665,0.49563,0.16838,-2.5108,0.42325,0.21732,0.59656,0.6302,0.66894,0.54253,0.49322,0.44477,0.0086813,0.44598,0.48353,0.14193,0.30304,-0.75931,0.52593,0.67613,-3.0972,0.33332,209,243,166,165,253,248,154,248,176,246,114,255,255,138,175
0.39177,0.10877,-1.6518,0.48909,0.11948,-2.6526,0.51141,0.24179,0.62657,0.59354,0.66318,0.55872,0.56393,0.4452,-0.024284,0.45384,0.47866,0.11279,0.24122,-0.5445,0.53047,0.78734,-3.1261,0.081486,212,242,168,159,252,250,153,249,177,247,117,255,255,147,172
0.31222,-0.37324,-2.8334,0.6213,0.40688,-1.2127,0.58252,0.31564,0.45593,0.35328,0.70912,0.66236,0.78044,0.073012,-0.26886,0.63244,0.5762,0.34681,0.591,-0.39614,0.68276,0.7168,-2.8677,-0.86677,216,243,162,171,250,224,142,246,181,240,118,255,255,127,186
0.33731,0.10243,-1.0861,0.4839,0.14305,-2.9758,0.64814,0.27727,0.50685,0.41149,0.57043,0.58103,0.47631,0.39431,0.30122,0.47631,0.46966,0.14609,0.41868,-1.0418,0.54501,0.71566,-2.9965,0.095113,212,242,166,165,252,252,150,246,181,239,129,255,255,136,184
0.36105,0.033326,-2.3954,0.56003,0.2284,-1.9896,0.54248,0.26157,0.6127,0.54443,0.64977,0.59125,0.65523,0.30344,0.15117,0.55547,0.55284,0.19843,0.3927,-0.64429,0.63423,0.84688,-2.9335,-0.71255,209,243,166,181,252,237,154,246,176,242,132,255,255,145,186
0.32983,0.14785,-1.5187,0.51273,0.18592,-2.7563,0.61021,0.31404,0.53408,0.48859,0.64735,0.50437,0.65051,0.34624,-0.91281,0.61379,0.57969,0.23738,0.46034,-0.72526,0.66231,0.88658,-2.8093,0.010492,203,242,160,177,250,246,160,245,177,245,146,255,255,168,183
0.40144,-0.22597,-2.5492,0.52955,0.23473,-1.7362,0.54187,0.34149,0.58293,0.57636,0.71515,0.58786,0.67455,0.31773,0.093189,0.55228,0.52338,0.21213,0.29995,-0.6149,0.62898,0.92022,-2.9426,-0.66492,207,243,168,177,251,244,149,245,182,240,135,255,255,148,184
0.49736,0.26166,-1.0566,0.25367,-0.48537,-2.7385,0.057925,-0.0099871,0.86888,1.0766,0.49736,0.777,0.66047,0.33004,0.10017,0.70836,0.55033,-0.38351,0.55033,-2.663,0.60301,0.91907,-1.3748,-0.00039908,197,240,168,109,253,247,120,250,174,229,106,255,255,134,190
0.62881,-0.67444,-1.028,0.17128,-0.28278,-2.4629,-0.029751,-0.095606,0.97542,1.3394,0.50749,0.95115,0.56877,0.48824,0.19514,0.51723,0.44315,-0.31377,0.3594,-2.8293,0.64929,0.9585,-1.1609,0.12427,197,241,167,111,253,239,116,251,174,227,96,255,254,125,196
0.64713,-0.18116,-1.2157,0.20989,-0.43364,-2.5736,0.095966,-0.021041,0.88422,1.1583,0.54244,0.8873,0.58153,0.53881,0.19345,0.58865,0.49608,-0.45455,0.35367,-2.694,0.61714,1.0052,-1.3233,0.097318,199,241,169,107,253,233,116,250,174,229,93,255,255,128,176
0.38821,-0.98038,-1.2368,0.20507,-0.084635,-2.3723,0.19841,0.1085,0.921,1.1241,0.7545,0.97428,0.51186,0.52745,0.32479,0.52433,0.46821,-0.47029,0.34349,-2.8462,0.6054,0.82677,-1.1282,0.31231,199,240,169,108,254,231,117,250,173,226,95,255,255,129,186
0.50912,-0.61207,-1.4174,0.22765,-0.20706,-2.4776,0.4153,0.16823,0.82656,0.98293,0.69521,0.88911,0.62219,0.5286,0.14539,0.59217,0.51977,-0.64927,0.3679,-2.5776,0.64161,0.92946,-1.451,0.33081,201,242,167,102,254,235,116,251,175,230,96,255,255,135,172
0.57476,-0.75373,-0.93003,0.019144,-0.70209,-2.5114,0.93092,0.23284,0.79024,0.64777,0.74216,0.95941,0.92126,0.58514,-0.74928,0.89101,0.78681,-0.89381,0.31624,-1.9963,0.62547,0.86412,-1.6501,0.29943,198,241,168,98,252,243,116,252,175,231,108,255,255,141,176
0.75661,-1.7022,-0.99219,0.50021,0.16491,-2.2183,0.60868,0.079441,0.71716,0.64156,0.69415,0.75003,0.78498,0.72639,0.036808,0.64076,0.65428,-0.33277,-0.14798,-2.1717,0.46949,1.105,-1.9238,0.1585,197,238,173,106,253,245,112,251,175,223,85,255,255,111,189
0.49089,-0.7565,-1.0201,0.17732,-0.51012,-2.5673,0.78378,0.19627,0.77172,0.69591,0.76827,0.96985,0.90704,0.57842,-0.63319,0.72141,0.75151,-0.83638,0.23225,-2.0079,0.74649,0.92209,-1.742,0.36018,197,240,169,111,253,219,117,252,174,233,105,255,255,137,184
0.4131,-1.728,-1.1996,0.52104,0.28744,-2.0905,0.52587,0.25199,0.61448,0.6467,0.86419,0.89319,0.85927,0.71315,-0.18609,0.69816,0.67943,-0.5308,0.021857,-2.1569,0.43026,1.0822,-1.8497,0.23917,197,238,173,110,253,240,115,251,173,225,89,255,255,110,193
0.41776,-1.0274,-1.3585,0.64174,0.14899,-2.4491,0.54241,0.23079,0.57162,0.52683,0.85598,0.89882,0.74176,0.59575,-0.36576,0.77381,0.70615,-0.51177,0.27703,-2.1303,0.62602,0.9216,-1.9149,0.28059,197,240,172,118,252,225,118,252,173,227,99,255,255,121,190
0.71841,-2.3742,-1.2575,0.42586,0.50016,-1.3712,0.57445,0.35388,0.58839,0.52802,0.73002,0.58374,0.48853,0.47095,0.34786,0.57645,0.78394,-0.56297,0.46743,-2.455,0.52722,0.69602,-1.7305,0.39007,204,237,174,114,253,230,115,248,175,219,94,255,245,114,199
0.63865,-2.0144,-1.0859,0.14947,0.18592,-1.859,0.61371,0.28759,0.79404,0.76142,0.80938,0.71922,0.9073,0.65169,-0.49709,0.86422,0.8757,-0.70674,0.37886,-2.1657,0.50522,0.81539,-1.6545,0.025608,197,240,175,103,253,245,113,249,177,222,93,255,255,115,188
0.55432,-2.2765,-1.1441,0.40347,0.5206,-1.5914,0.60224,0.3094,0.66968,0.66436,0.81344,0.47446,0.60285,0.60819,0.16457,0.68569,0.8006,-0.31646,0.12716,-2.433,0.21001,0.95828,-1.7382,0.33026,198,237,173,118,253,239,116,248,177,220,89,255,245,110,196
0.7365,-1.4514,-1.3604,0.61446,0.33931,-2.2102,0.62999,0.1041,0.53901,0.6078,0.76091,0.6899,0.74889,0.64424,-0.045784,0.76851,0.6704,-0.33684,0.53632,-2.42,0.44803,0.71292,-1.7365,0.0098108,197,239,173,120,253,234,115,249,175,223,94,255,239,106,204
0.36319,-0.80975,-1.6808,0.56443,0.24244,-2.3593,0.70242,0.25107,0.6478,0.56443,0.71967,0.79441,0.7607,0.50076,-0.4201,0.82707,0.71922,-0.66346,0.83813,-2.2287,0.58096,0.60861,-1.7143,0.19104,199,238,173,135,249,200,120,250,175,229,108,255,255,133,194
0.27569,-1.9561,-0.67278,0.0876,0.46112,-2.1148,0.61053,0.217,0.84798,1.0387,0.66656,0.53849,0.96226,0.97204,-0.41387,0.73236,0.6704,-0.62747,-0.83291,-1.909,0.51714,1.0389,-1.6221,0.51225,184,237,171,103,253,251,115,250,169,238,101,213,205,74,242
0.43326,-0.92043,-0.52561,0.28285,0.020737,-2.8736,0.4786,0.2375,0.68763,0.76836,0.6445,0.76615,1.0349,0.70757,-0.59316,0.85542,0.62484,-0.87302,-0.20945,-1.783,0.5826,1.2022,-1.7707,0.22177,187,241,166,117,252,240,121,249,170,235,102,255,248,97,210
0.57111,-0.64853,-0.5759,-0.38268,-0.92124,-2.2135,-0.17712,0.079139,1.1878,1.3193,0.50259,1.259,0.88322,0.38797,-0.57928,0.83397,0.60002,-0.3809,0.47553,-2.6095,0.64517,0.74778,-1.2154,0.21149,183,241,169,114,251,232,113,250,179,233,124,216,214,83,240
0.56531,-0.13755,0.2297,-0.5378,-1.4827,-1.8252,-0.89955,-0.042639,1.2764,1.2764,0.30122,1.2764,0.95136,0.41615,-0.89684,0.92475,0.73852,-1.0017,0.43179,-2.2771,0.65871,0.81208,-1.0721,0.31442,173,242,175,107,252,238,116,250,176,239,108,255,255,116,215
0.66141,-0.52629,-0.24254,-0.41144,-1.0519,-2.2045,-0.39387,-0.020943,1.2032,1.2884,0.41009,1.2884,0.82529,0.61141,-0.38413,0.83825,0.66196,-0.77819,0.27697,-2.3039,0.60881,0.81103,-1.5728,0.4053,176,243,172,137,250,192,118,251,175,237,116,255,255,150,190
0.6043,-1.4569,-0.88897,0.19062,0.043602,-2.2828,0.26125,0.036395,0.92428,1.3351,0.56106,0.67204,0.54129,0.43034,0.25167,0.46304,0.51326,-0.055472,0.46071,-3.0147,0.47005,0.62304,-0.9874,0.30422,191,239,173,114,252,241,110,250,176,218,96,255,247,115,193
0.47063,-0.95579,-0.66373,-0.17965,-0.53303,-2.3241,0.055938,-0.061855,0.93213,1.3775,0.6562,1.2258,0.73448,0.36419,-0.60166,0.79784,0.68943,-0.5721,0.42192,-1.7449,0.70773,1.0245,-2.1546,0.33321,172,242,169,134,249,191,117,249,175,237,114,255,242,120,209
0.48357,-0.94044,-0.77215,-0.28345,-0.62489,-2.3224,0.28615,0.087113,0.9043,1.2587,0.7619,1.1616,0.69,0.51934,-0.63821,0.82523,0.70931,-0.66236,0.5773,-2.1355,0.73185,0.85421,-1.7314,0.26014,183,241,163,138,250,191,122,249,173,233,112,255,255,145,184
0.46623,-0.98543,-0.75637,-0.16368,-0.55595,-2.4056,0.36602,0.12837,0.84132,1.2193,0.73824,1.1076,0.7828,0.38853,-0.72231,0.77342,0.739,-0.45633,0.57628,-1.6579,0.70145,0.88294,-2.2274,0.21956,176,240,166,149,250,176,121,248,178,233,109,255,255,149,189
0.63618,-1.079,-0.9879,-0.0098089,-0.47363,-2.2476,0.18497,0.036433,0.94586,1.3102,0.60395,1.0804,0.66166,0.44602,-0.13233,0.68736,0.64881,-0.57788,0.64738,-2.4872,0.72306,0.74163,-1.5504,0.19183,173,242,172,137,251,197,121,248,172,232,107,255,255,141,183
0.24867,-1.7669,-0.92274,0.023572,0.1302,-2.0512,0.44119,0.17907,0.89584,1.1269,0.8055,0.88992,0.98584,0.60949,-0.85235,0.75879,0.73235,-0.85546,-0.47912,-1.7388,0.76812,1.1911,-1.6082,0.48819,178,241,168,98,252,243,105,250,184,233,93,255,255,134,169
0.3528,-1.4499,-0.88244,0.038711,-0.074783,-2.2074,0.12317,0.12317,0.92819,1.2396,0.74607,1.0628,0.69341,0.72391,-0.42296,0.66901,0.62325,-2.0243,0.23588,-1.5881,0.68121,1.0838,-1.1855,0.5104,180,238,170,118,253,228,116,250,175,235,101,255,251,132,191
0.34736,-1.287,-0.77425,-0.1084,-0.057366,-2.3742,0.32837,0.043519,0.92775,1.2185,0.79601,0.93962,0.91784,0.86941,-0.46417,0.6789,0.68697,-0.85649,-0.73379,-1.9253,0.60786,1.1439,-1.5039,0.5788,185,238,172,94,251,245,104,250,175,227,100,255,246,119,189
0.18905,-1.6417,-0.9061,-0.029267,0.33499,-2.0713,0.4311,0.16176,1.1644,1.3661,0.73485,0.26617,0.81378,0.97366,-0.052443,0.48677,0.66118,-0.60328,-1.0873,-1.8314,0.45915,0.97366,-1.689,0.89517,199,239,171,84,251,249,98,249,176,230,79,201,190,69,235
0.34015,-1.3876,-1.187,0.48046,0.20563,-2.1402,0.029376,-0.098179,0.94197,1.1495,0.62193,1.044,0.87242,0.50317,-0.79414,0.73095,0.71539,-1.0813,-0.091015,-1.783,0.82573,1.253,-1.585,0.43385,174,241,167,119,250,221,114,249,176,234,109,255,255,141,179
0.25929,-1.0042,-0.77962,-0.23587,-0.47753,-2.3019,0.23039,0.070158,1.0618,1.2719,0.71242,1.1931,0.86389,0.35931,-0.60433,0.82974,0.80888,-0.82627,0.23601,-2.0403,0.75956,1.3154,-1.4674,-0.23443,192,242,163,120,250,213,108,246,171,225,105,255,255,129,192
0.38855,-0.24968,-1.2227,0.11219,-0.33206,-2.6441,0.37604,0.12054,0.83802,1.0091,0.71601,0.88808,0.88132,0.49199,-0.52603,0.78239,0.7042,-0.95365,-0.018616,-1.9334,0.76643,1.3951,-1.5536,-0.036168,189,239,168,117,250,216,110,246,174,234,115,220,208,78,246
0.31011,-0.66464,-1.0495,-0.1431,-0.56671,-2.4115,0.46612,0.12222,0.99677,1.1198,0.72689,1.0936,0.92792,0.30977,-0.59651,0.83076,0.70009,-0.90642,0.16738,-1.8278,0.83076,1.3484,-1.672,-0.11238,185,242,172,118,250,210,113,245,178,238,110,248,217,91,248
0.2371,-0.87063,-0.88098,-0.10419,-0.46385,-2.4506,0.40027,0.18079,0.96907,1.1254,0.76453,1.0932,0.77752,0.37683,-0.49054,0.76304,0.7566,-0.83652,0.21751,-2.0177,0.73407,1.3601,-1.6283,-0.012606,184,243,168,126,250,214,113,246,179,230,122,255,255,145,193
0.30314,-0.71039,-0.78795,-0.076139,-0.64877,-2.4602,0.34139,0.054537,1.0691,1.2104,0.60486,1.0999,0.90147,0.35374,-0.48125,0.80621,0.74072,-0.75064,0.066481,-2.0262,0.77793,1.3093,-1.6228,-0.074916,185,245,173,117,251,208,109,246,173,232,105,255,247,111,210
0.53464,0.1985,-0.49867,0.15285,-0.46547,-2.6151,-0.38662,-0.55262,0.95377,1.4351,0.34789,0.89567,0.56043,0.47913,-0.22997,0.62817,0.63269,-0.53257,0.14039,-2.6599,0.60559,1.1702,-1.1649,0.37073,211,240,167,163,253,243,144,250,174,245,139,243,249,108,230
0.64658,-0.15517,-0.38518,0.29171,0.0025557,-1.9712,-1.1322,-0.74224,1.5622,1.5798,-0.40708,0.71011,0.71914,0.62547,0.39519,0.57473,0.36787,-1.0704,-0.36006,-2.1203,0.63132,1.3358,-1.5271,0.42836,215,242,166,141,254,242,135,251,175,251,120,255,255,128,211
0.78137,0.40062,-0.54164,0.40062,-0.11089,-2.1685,-0.65701,-0.81085,1.2506,1.4236,-0.8147,0.84675,0.74773,0.63538,-0.17434,0.50753,0.49203,-0.72061,-0.55789,-2.1192,0.79422,1.4219,-1.5148,0.48816,214,242,166,121,252,247,133,250,174,250,125,255,255,124,215
0.60619,-0.027036,-0.56645,0.46157,-0.01531,-2.2668,-0.92215,-0.80098,1.2433,1.388,-0.093486,0.99316,0.84333,0.43823,-0.16561,0.69428,0.62167,-1.1172,0.14395,-2.1988,0.679,1.1911,-1.4535,0.32357,211,242,166,141,253,243,140,250,174,255,118,255,255,126,218
0.73246,0.47644,-0.61685,0.29826,-0.24665,-2.2775,-1.0043,-0.69815,1.184,1.2255,-0.12383,1.0508,0.77366,0.51943,-0.46687,0.72969,0.63985,-1.1894,0.0090793,-2.1203,0.67999,1.3605,-1.2773,0.34167,213,241,167,152,252,232,138,251,175,252,117,250,255,113,217
0.68687,0.31678,-0.24938,-0.26654,-0.18811,-2.5336,-0.32291,-0.74446,1.1378,1.5545,-0.072915,0.68197,1.1197,0.68737,-1.0859,0.92719,0.70426,-1.4541,0.29893,-1.9304,0.57928,0.77519,-0.89341,0.27191,207,242,165,158,251,237,136,252,173,254,135,250,255,120,225
0.6917,0.6917,0.6917,0.46783,0.088487,-1.7942,-2.3415,-0.423,0.6917,0.6917,-0.14782,0.6917,0.85296,0.55337,-0.66231,0.85791,0.76135,-0.85296,0.37015,-2.3633,0.57318,0.86534,-1.2615,0.30578,209,241,164,147,252,242,138,252,171,250,140,255,255,126,222
0.77236,0.86734,0.43389,0.38726,-0.35876,-1.8836,-2.0114,-0.3484,0.86734,0.86734,-0.46065,0.86734,0.77414,0.51782,-0.25343,0.76721,0.78106,-0.79146,0.15298,-2.5302,0.50859,0.91961,-1.2464,0.40006,204,237,172,158,252,238,134,252,173,246,123,250,255,111,218
0.62225,0.11744,-0.5609,0.51007,-0.80805,-2.7572,0.46099,-0.40841,0.95879,0.99209,0.20683,0.66607,0.91145,0.4083,-0.75676,0.75025,0.76246,-1.023,0.55729,-2.3175,0.68186,0.74292,-1.1598,0.4425,207,241,167,158,252,232,138,251,175,254,129,251,255,115,218
0.43368,0.2922,-0.1896,0.2272,-0.56051,-2.5718,-0.77081,-0.28519,1.2099,1.3055,-0.02135,0.93078,0.81128,0.6683,-0.48397,0.79446,0.60101,-0.64797,-0.44191,-2.1577,0.51691,1.2739,-1.4848,0.55055,207,242,168,145,253,245,130,254,171,247,112,240,248,102,226
0.61441,-1.2508,-0.98648,0.42348,0.93018,-1.8677,1.2239,-0.31088,1.3267,0.70988,0.019583,-0.83227,0.63842,0.064337,-0.90567,0.96176,0.87597,-0.7671,0.85618,-2.3376,1.0739,0.48005,-0.95186,0.011548,236,236,173,159,251,243,153,248,178,247,141,255,254,117,233
0.4844,-1.4829,-0.95448,0.14696,0.096031,-2.2533,0.8473,0.408,1.3757,0.6563,0.57353,0.1024,0.68051,-0.20851,-0.88962,1.3401,0.85975,-0.99717,0.88843,-1.5636,0.94579,0.76655,-1.5421,-0.28021,234,234,175,156,251,235,163,244,180,253,133,255,255,130,222
0.49529,-1.691,-0.73907,0.178,0.085128,-2.3178,0.61137,0.26312,0.95963,0.70037,0.83967,0.61524,0.95367,0.064771,-0.033996,0.64878,0.77332,-1.2063,1.0138,-2.0351,0.83773,0.80338,-1.3781,-0.44195,231,235,175,183,252,234,166,248,178,254,126,241,244,106,230
0.61396,-0.29969,-0.34829,0.5605,-0.076137,-2.8462,0.89583,-0.73707,0.8691,0.87639,0.26648,0.22517,1.0122,0.54025,-0.61157,0.8002,0.8002,-0.17964,0.008332,-2.4033,0.47226,0.68822,-1.5354,0.40827,216,240,169,157,252,238,142,250,174,253,125,243,255,108,220
0.73154,0.011692,-0.055412,0.52413,0.13675,-2.218,-0.78441,-1.0467,1.0579,1.8205,-0.29943,0.1215,0.72733,0.45518,-0.83599,0.82544,0.8381,-0.34547,0.62923,-1.1524,0.60391,0.47733,-2.5734,0.35074,218,243,167,157,252,244,148,250,174,253,128,255,255,118,213
0.79611,0.79611,0.79611,0.17252,-0.88909,-1.3363,-2.3461,-0.099513,0.79611,0.79611,-0.27818,0.79611,0.91851,0.90603,-0.039257,0.68453,0.060575,-0.58521,-1.4431,-1.855,0.80464,0.92475,-1.2887,0.91227,175,239,186,112,252,243,93,251,173,240,104,255,251,107,214
0.63738,0.63738,0.63738,0.49614,0.10558,-1.0939,-2.8081,-0.46903,0.63738,0.63738,-0.054928,0.63738,1.0583,1.0583,-0.85619,0.76002,-0.20216,-0.88897,-1.4627,-1.2611,0.73216,1.0583,-1.0545,1.0583,171,241,181,97,251,250,88,250,173,241,109,255,255,120,203
0.83924,0.83924,0.83429,0.22821,-0.34571,-1.4676,-2.0959,-0.9518,0.83924,0.83924,-0.39766,0.83924,0.89872,0.89872,0.52222,0.64067,0.11892,-0.88086,-1.3152,-2.1232,0.40095,0.89872,-0.95277,0.89308,180,243,182,87,251,246,76,251,183,233,98,255,252,115,205
0.98643,0.67989,0.061672,0.222,-0.75022,-2.0213,-0.94261,-1.1119,1.1031,1.1031,-0.40007,1.0698,0.98416,0.95563,-0.2126,0.56522,0.12375,-1.3943,-0.53393,-1.4844,0.94361,1.1118,-1.6736,0.61477,176,242,177,107,251,242,102,251,174,252,109,255,255,121,211
1.1388,0.60944,0.28687,0.34416,-0.85521,-1.6784,-1.2438,-1.2413,1.1388,1.1388,-0.46538,0.82739,1.0505,1.0505,-0.38498,0.70245,-0.15536,-1.6472,-1.1099,-1.224,0.85553,1.0505,-1.0507,0.86275,173,242,175,64,250,241,81,250,180,241,116,255,255,131,188
0.86843,0.86843,0.42118,0.32033,-0.10353,-1.7449,-2.0138,-0.82556,0.86843,0.86843,-0.39585,0.86843,0.97239,1.0434,0.1058,0.4942,0.13921,-0.94246,-1.7088,-1.736,0.43364,1.081,-0.80882,0.92645,197,242,167,92,252,250,100,248,174,241,99,255,255,103,206
0.97968,0.85791,0.56279,-0.10052,-0.81254,-1.7395,-1.7036,-0.60624,0.97968,0.97968,-0.37702,0.97968,0.88308,0.89009,0.40124,0.6115,0.31013,-0.86381,-0.96018,-2.2112,0.13141,1.2475,-1.1056,0.66582,190,243,172,97,252,247,75,250,182,227,98,255,238,99,213
0.9416,0.45253,0.20279,-0.10939,-0.82887,-2.2247,-0.93145,-0.7486,1.1676,1.172,-0.11384,1.0204,0.87479,0.99384,0.4935,0.56911,0.018903,-0.42834,-1.4033,-2.1739,0.26505,1.0067,-1.0284,0.81204,193,242,175,112,252,244,83,250,175,233,93,255,247,120,206
1.0762,0.67149,0.19868,0.055763,-0.57733,-2.4833,-0.73627,-0.78168,1.1056,1.1056,-0.12054,0.48584,1.0571,0.6375,-0.5416,0.80392,-1.1329,-1.7774,0.067423,-1.3932,0.85349,1.3917,-0.47432,0.50826,175,240,182,76,250,248,92,248,176,241,114,255,255,133,204
0.76058,0.76058,0.7262,0.42505,-0.40845,-1.4257,-2.443,-0.37525,0.76058,0.76058,-0.30174,0.76058,0.91602,0.93069,0.30452,0.71871,-0.050958,-0.75214,-0.94292,-2.2523,0.43008,1.2307,-1.0766,0.54423,184,243,172,75,250,246,74,251,184,233,95,255,254,116,203
0.94717,0.94717,0.77817,0.34362,-0.91176,-1.7302,-1.5032,-0.93107,0.94717,0.94717,-0.51825,0.68402,0.91419,1.073,-0.069524,0.53752,0.23866,-1.0999,-1.0252,-1.8066,0.45658,1.0916,-1.3147,1.0045,178,241,174,80,251,250,81,251,183,240,106,255,255,128,197
0.82532,0.80913,0.73976,0.15242,-0.57597,-1.7391,-2.1252,-0.37942,0.82532,0.82532,-0.18287,0.82532,0.98373,1.1121,-0.85331,0.34795,-0.021906,-1.3882,-0.63323,-1.5319,0.91037,1.2711,-1.0489,0.85229,170,240,174,108,251,250,95,250,174,246,94,255,255,118,198
0.93223,0.88084,0.26072,0.12875,-1.0963,-2.1824,-1.2271,-0.34889,1.0373,1.0373,-0.13518,0.71267,1.0677,1.0905,-0.087912,-0.36994,0.44871,-1.4523,-1.4615,-1.1413,0.86032,1.0966,-0.98279,0.93197,187,242,175,96,252,246,81,252,182,233,94,255,245,110,198
0.88069,0.62483,0.44125,0.35405,-0.29535,-1.9533,-1.9693,-0.63037,0.88069,0.88069,-0.094561,0.88069,0.74078,0.93624,-0.31156,0.38583,0.096556,-1.4296,-0.20992,-1.7673,0.61725,1.4085,-1.3811,0.91435,171,242,171,93,252,250,98,251,173,246,114,255,255,127,203
0.85577,0.85577,0.62248,0.20604,-0.24529,-1.7671,-2.0048,-0.78164,0.85577,0.85577,-0.30851,0.85577,0.93132,0.72651,-0.3335,0.58813,0.25878,-1.3603,-0.5909,-1.8419,0.75972,1.1887,-1.269,0.94239,171,241,177,97,250,249,94,250,175,246,118,255,255,132,197
1.0249,0.68376,0.48412,0.12318,-0.93981,-2.1905,-1.2796,-0.41228,1.0249,1.0249,-0.29065,0.74722,0.69831,0.66881,-0.39506,0.60324,0.57045,-1.2212,-0.4262,-2.2556,0.47866,1.4212,-0.84584,0.70323,180,243,190,117,250,246,88,246,185,239,108,255,247,112,223
0.95443,0.8626,0.062771,-0.0077632,-0.59466,-2.2276,-1.4011,-0.42032,1.1155,1.1155,-0.083621,0.62438,0.92298,0.92298,0.13297,0.58064,0.17127,-0.83061,-1.3824,-1.7726,0.92298,0.92298,-1.3657,0.77455,176,242,188,77,250,247,78,247,184,243,107,255,255,121,202
0.84374,0.84374,0.61547,0.18841,-0.24957,-1.913,-1.9644,-0.5969,0.84374,0.84374,-0.29872,0.84374,0.76869,0.76869,0.41258,0.67419,0.41373,-0.30886,-1.8601,-1.8001,0.66151,0.76869,-1.2677,0.76869,181,243,186,93,249,252,79,248,186,234,108,255,255,123,206
0.86995,0.74869,0.34592,0.50833,-0.31994,-1.9775,-1.6278,-1.1709,0.86995,0.86995,0.013534,0.86995,0.7257,0.7257,0.46692,0.58956,0.52768,-0.33303,-2.1861,-1.3985,0.7257,0.7257,-1.295,0.7257,184,241,173,80,251,254,76,247,177,236,79,255,252,102,211
0.67943,0.3872,-0.26301,0.38477,-0.49435,-2.6203,-0.40181,-0.64777,1.2761,1.2761,-0.04627,0.47,0.76758,0.76758,0.46457,0.56777,0.58972,-0.38516,-1.5818,-1.8541,0.66877,0.76758,-1.5072,0.73464,190,242,176,115,250,249,86,246,184,230,88,255,230,98,231
0.47768,-0.56478,-0.44165,0.32993,0.15208,-2.0176,-1.1284,-0.78914,1.1809,1.698,0.18218,0.92093,0.3462,0.52014,0.38282,0.40296,0.55127,0.088038,0.029448,-2.9806,0.10085,1.0053,-0.92447,0.47803,176,237,173,66,253,241,77,251,174,195,38,255,212,72,211
0.51219,-0.64739,-0.61942,0.39776,0.15109,-2.2189,-0.90422,-0.54059,1.0996,1.6692,0.30621,0.79445,0.4117,0.44977,0.4117,0.3124,0.42329,0.093925,0.0012413,-3.0457,0.30577,0.97939,-0.79816,0.45473,178,238,172,71,253,239,78,251,171,194,30,255,199,69,204
0.63761,-0.32261,-0.56038,0.23828,-0.045217,-2.1303,-1.3255,-0.46893,1.0278,1.4911,0.36935,1.0888,0.35914,0.57584,0.32471,0.42597,0.55559,-0.094511,0.14447,-2.944,0.12826,1.0376,-0.97144,0.45838,179,237,174,69,252,239,73,251,168,195,25,219,156,68,210
0.36888,-0.20529,-1.6423,0.47473,-0.016038,-2.4314,-0.022453,0.080191,0.75059,1.0938,0.6736,0.87569,0.68634,0.8342,0.52649,0.43059,0.5225,-0.36865,-0.74429,-2.2349,0.28672,1.2458,-1.6115,0.42659,179,242,170,49,254,248,76,249,174,207,46,255,228,86,200
0.55426,-0.36378,-0.88838,0.28259,-0.059329,-2.228,-0.92117,-0.34505,1.1304,1.5285,0.27791,1.032,0.45213,0.45899,0.30123,0.38697,0.59274,0.013147,0.030294,-3.0186,0.27036,0.98027,-0.84081,0.37325,179,238,174,50,254,248,79,249,178,199,37,255,221,74,204
0.60941,0.33673,-0.65486,0.63007,0.022724,-3.0347,0.43589,-0.43175,0.45654,0.50612,0.50199,0.62181,0.81019,1.0326,0.24034,0.53916,0.38627,-0.41986,-1.358,-1.8723,0.080498,1.4078,-1.3997,0.55306,181,241,169,54,251,246,73,252,173,205,62,255,231,97,199
0.82005,0.16116,-0.13811,0.45791,-0.55306,-2.4543,-0.78191,-0.7467,0.83011,1.3683,0.030388,1.0061,0.53223,0.51769,0.37953,0.47164,0.43043,0.29712,-0.0034338,-3.1084,0.21956,0.68494,-0.73058,0.30924,180,239,170,48,253,240,75,250,177,203,39,255,234,81,187
0.72474,0.27302,-0.43683,0.4691,-0.59072,-2.4721,-0.7719,-0.551,0.86622,1.3527,0.11914,1.0176,0.48058,0.6796,0.81006,0.49827,0.38108,0.091399,-0.056756,-2.728,0.27272,0.72382,-1.4543,0.30147,179,239,170,56,252,223,73,251,174,204,45,255,235,83,184
0.6954,0.049776,-0.54534,0.37918,-0.41797,-2.5723,-0.5695,-0.52118,0.88645,1.3542,0.26279,0.99845,0.42313,0.44442,0.46393,0.44442,0.51893,0.2333,0.25104,-3.0559,0.13749,0.65376,-0.93053,0.41603,176,240,167,64,253,235,77,251,174,201,40,255,222,76,200
0.46286,-0.76434,-0.61708,0.35732,-0.30291,-2.4996,-0.41582,-0.1581,0.70339,1.2826,0.74021,1.2115,0.42672,0.57754,0.35683,0.45799,0.58306,0.11772,0.045983,-3.0238,0.051501,0.74124,-0.88839,0.55363,179,242,174,44,253,250,78,251,170,202,32,255,227,71,199
0.69471,-0.37315,-0.72313,-0.023182,-0.48981,-2.6973,0.28192,-0.059077,1.3677,0.75753,0.55113,0.71266,0.46549,0.35477,0.45442,0.55407,0.53746,0.18315,0.52085,-2.6901,0.36584,0.70908,-1.6271,0.17208,193,236,174,49,253,240,91,209,217,195,41,255,228,69,196
0.44637,0.10271,-0.7061,0.55599,0.12937,-3.0821,0.55007,-0.12838,0.61821,0.49378,0.52933,0.49081,0.53101,0.98052,0.57547,0.40752,0.64956,-0.17042,-1.1682,-2.2204,-0.0074095,1.351,-1.2571,0.32849,182,241,169,48,253,248,71,249,179,201,44,255,221,82,194
0.47955,-2.0677,-0.67758,0.44848,0.54944,-1.9512,0.32423,-0.071835,1.0232,0.98433,0.74359,0.21551,0.2222,0.36585,0.17282,0.37034,0.63968,0.33892,0.46012,-3.1715,0.074068,0.58581,-0.53194,0.47359,174,235,177,90,251,234,85,248,175,205,29,210,152,68,211
0.5881,-1.2074,-0.78515,-0.028762,-0.32985,-2.2649,-0.047121,-0.039778,1.0507,1.2784,0.8488,0.93692,0.5598,0.53275,0.29948,0.43133,0.50571,-0.18735,0.1372,-2.9663,0.47866,0.82688,-0.98521,0.36709,177,243,168,52,253,248,83,247,183,209,47,255,244,88,179
0.56459,-0.36297,-1.2305,0.67565,0.33945,-2.6954,0.5826,-0.426,0.48954,0.57659,0.76571,0.72068,0.53622,0.84238,0.47395,0.70746,0.72822,0.16778,-0.82335,-2.4683,-0.27849,0.88389,-1.3319,0.56216,183,238,172,57,253,248,74,247,178,200,39,255,214,74,207
0.80111,0.80554,0.80332,-0.09207,-1.3886,-1.495,-1.9782,-0.046635,0.80554,0.80554,0.17389,0.80554,0.7097,0.62867,-0.31807,0.68696,0.50073,-1.977,0.10555,-1.8036,0.80352,1.0182,-1.0018,0.64715,143,240,176,28,251,249,68,251,187,217,86,255,255,121,182
0.58647,-0.52222,-0.42218,0.1134,-0.18669,-2.9084,0.15717,-0.019972,0.70318,1.0595,0.61982,0.81988,0.93455,0.93455,0.1079,0.79529,0.67678,-0.42839,-1.175,-1.818,0.19679,0.93455,-1.741,0.58197,168,244,170,41,252,249,55,251,184,204,53,255,230,87,192
0.54472,-0.10782,-0.096526,0.34828,-0.52327,-3.0679,0.64407,-0.1033,0.68697,0.71407,0.42505,0.53569,1.0049,0.52857,-0.083867,0.81151,0.79361,-0.37755,0.24921,-2.7055,-0.098193,0.79002,-1.1046,0.19191,219,244,168,146,252,239,123,251,173,236,108,255,255,137,190
0.51502,-0.5107,-0.18224,-0.5107,-1.2569,-2.032,-0.44155,0.068429,1.2411,1.3275,0.45451,1.3275,0.82406,0.36521,-0.60542,0.86229,0.73876,-0.92308,0.47698,-2.4114,0.66523,0.77111,-1.1907,0.42698,180,241,162,113,250,228,114,250,178,237,119,223,220,88,237
0.60353,-0.40198,-0.27099,0.2154,-0.56694,-2.9491,0.45798,0.050437,0.76,0.91404,0.5441,0.64356,0.83036,0.46891,-0.23714,0.75838,0.80126,-0.59399,0.48576,-2.7535,0.37855,0.68486,-1.0014,0.17792,209,242,168,166,252,237,140,250,173,242,118,255,255,141,192
0.54356,-0.00051817,-0.79021,0.49071,-0.15908,-2.8422,-0.271,-0.09068,0.70213,1.1685,0.53424,0.71456,0.77725,1.0394,0.076943,0.5073,0.55425,-0.51773,-0.73291,-2.1922,-0.071726,1.2272,-1.4293,0.7616,173,241,170,52,252,249,71,249,175,203,54,255,224,88,197
0.5445,0.0026921,-0.84187,0.4402,0.059919,-2.9787,0.27591,-0.16068,0.51312,0.84449,0.62665,0.67373,0.86809,0.9931,-0.00041122,0.7036,0.76446,-0.47907,-1.0531,-2.0434,0.19369,1.1559,-1.4693,0.3664,170,244,167,54,252,249,57,251,187,200,53,255,221,84,203
0.48741,-1.5823,-0.64034,-0.14496,-0.47897,-1.9858,0.28475,0.044566,1.0785,1.5495,0.5437,0.84394,1.2968,-0.28875,-0.87399,0.8843,0.87914,-0.76313,0.60844,-1.5469,0.91524,1.0132,-1.5366,-0.58781,194,241,169,161,252,247,136,249,174,242,138,255,255,155,186
0.86766,0.44663,0.18349,-0.2162,-0.99567,-1.9857,-1.6727,0.085343,1.0312,1.0312,0.19345,1.0312,0.85439,-0.018885,-0.54141,0.8515,0.73892,-2.0512,0.69561,-1.8722,0.82263,0.80387,-0.4115,0.12834,167,241,197,174,251,245,157,249,176,255,184,255,255,207,189
0.43157,-1.2853,-1.0764,-0.17375,-0.52066,-2.011,1.0121,0.095282,1.1856,1.2882,0.48467,0.56963,1.1176,-0.091647,-0.68032,0.90772,0.85753,-0.6073,0.65674,-1.6751,0.85753,0.95336,-1.7938,-0.50235,196,241,168,154,252,232,129,248,169,241,128,255,255,152,180
0.59816,0.22864,-0.18843,0.024142,-0.67096,-2.8827,-0.36601,0.058224,0.88518,0.89235,0.5291,0.89235,1.0693,0.77628,-0.41137,0.61719,0.34784,-0.7642,-1.0194,-1.914,0.76368,1.1433,-1.358,0.7495,159,242,165,37,252,251,61,251,184,212,66,255,243,111,178
0.56322,0.87001,0.67362,-0.13054,-1.5762,-1.6471,-1.6993,0.021692,0.87001,0.87001,0.31454,0.87001,0.65137,0.84755,-0.3614,0.59742,0.39266,-2.0706,-0.35772,-1.1167,0.93951,0.98243,-1.3877,0.88311,145,243,166,27,251,252,73,250,189,218,81,255,255,124,158
0.50302,-0.24464,-1.5347,0.3373,0.062706,-2.6302,0.76894,0.15424,0.72269,0.67355,0.58202,0.60514,0.88347,0.30385,-0.24953,0.67787,0.80036,-0.49013,0.4329,-2.6358,0.69755,0.8091,-1.2032,-0.026429,212,243,165,164,252,249,135,249,176,243,112,255,255,138,183
0.7362,0.30672,0.080737,-0.095302,-1.2377,-2.1803,-1.1191,-0.076575,1.1182,1.1182,0.23056,1.1182,0.77442,0.12705,-0.46797,0.71568,0.71057,-1.7027,0.6097,-2.276,0.7974,0.77569,-0.51011,0.44626,171,242,190,174,251,244,159,249,173,255,170,255,255,206,177
0.77243,0.77243,0.56511,0.19877,-0.77143,-1.7275,-2.2509,0.10819,0.77243,0.77243,0.0156,0.77243,1.146,-0.16685,-0.92188,0.74829,0.59324,-1.0651,-0.032022,-1.6702,1.0719,1.35,-1.3769,0.32359,189,241,178,141,248,242,125,250,186,247,134,255,255,151,188
0.69988,0.72972,0.54076,0.048482,-1.1549,-1.9281,-1.6944,-0.26976,0.93856,0.93856,0.21258,0.93856,0.61242,0.46556,-0.52795,0.75353,0.73913,-1.3199,0.50587,-2.2875,0.73625,1.0329,-1.0348,0.32445,153,244,167,42,250,249,70,246,187,213,80,255,252,110,190
0.51152,0.74884,0.46716,-0.042973,-1.2751,-2.0857,-1.4902,-0.03521,0.9285,0.9285,0.41615,0.9285,0.54922,0.62016,0.10246,0.55171,0.50442,-1.6858,0.043971,-2.2172,0.71598,1.1652,-0.90058,0.55047,157,239,170,22,251,254,64,247,188,206,71,255,252,107,177
0.44007,0.065809,-0.43199,0.22961,-0.59121,-2.9631,0.35223,-0.079688,0.74571,0.94062,0.52884,0.7631,1.1182,0.033395,-0.70604,0.85499,0.84661,-0.5937,0.085373,-1.7389,0.95895,1.239,-1.6668,-0.43106,217,245,164,155,247,234,116,246,179,236,119,255,255,132,190
0.21159,-1.0029,-0.92252,-0.011659,-0.35993,-2.3305,0.87241,-0.059285,1.1522,1.3606,0.53605,0.55391,1.0202,-0.039846,-0.48464,0.91646,0.86457,-0.49947,0.42348,-1.8079,0.83862,1.0758,-1.8301,-0.47723,201,241,169,156,252,245,129,246,181,241,137,255,255,157,180
0.34064,-0.10984,-0.62916,-0.020753,-0.7891,-2.8188,0.75468,0.26776,0.81238,0.77594,0.68382,0.73241,0.58741,0.26929,0.075461,0.6392,0.65103,-0.41577,0.53118,-2.7432,0.67471,0.93216,-1.2,-0.0014796,211,244,162,167,252,249,145,246,180,245,136,255,255,156,187
0.2985,0.29065,-1.5206,0.50835,0.24239,-2.7628,0.37032,0.23678,0.53192,0.60598,0.63292,0.56559,0.47181,0.39664,0.4623,0.35572,0.39378,0.15019,0.32718,-0.62247,0.45564,0.64499,-3.1574,0.12164,194,240,168,131,253,241,146,252,173,223,67,216,190,70,234
0.29079,0.24831,-0.89491,0.46073,0.20389,-3.0732,0.48197,0.21162,0.50322,0.48197,0.57853,0.50708,0.42933,0.49901,0.55127,0.39667,0.45328,0.1898,0.33352,-1.9724,0.54909,0.72111,-2.4406,0.28997,200,239,167,115,253,250,139,250,172,222,53,225,187,69,232
0.31815,0.20106,-1.0503,0.46659,0.2272,-3.0051,0.46241,0.19061,0.53036,0.52304,0.61713,0.51886,0.45304,0.5202,0.47458,0.39348,0.4353,0.13369,0.3073,-2.4173,0.52527,0.78759,-1.9902,0.377,203,241,168,111,253,246,137,252,173,223,57,225,191,69,234
0.30094,0.18772,-1.4682,0.50303,0.26073,-2.7897,0.42474,0.23322,0.57498,0.56969,0.62895,0.57393,0.44135,0.48854,0.52347,0.39321,0.37339,0.19405,0.20632,-0.99998,0.44324,0.74717,-3.0199,0.20915,197,240,166,123,253,247,142,251,172,227,73,208,192,69,234
0.33845,0.1903,-0.63827,0.461,0.10616,-3.1496,0.48844,0.17658,0.52776,0.48204,0.52045,0.49667,0.47509,0.48515,0.48616,0.40967,0.44993,0.13896,0.32715,-2.3095,0.52842,0.78706,-2.1123,0.3342,198,238,172,112,252,238,138,251,171,108,10,232,99,67,173
0.34925,0.25072,-0.80623,0.5692,0.18802,-3.0953,0.65977,0.23977,0.37015,0.24674,0.5682,0.45972,0.47898,0.44361,0.52762,0.40603,0.39498,0.32534,0.32423,-1.2531,0.4414,0.53204,-2.9354,0.31429,193,239,167,118,250,244,146,253,168,217,50,234,190,69,232
0.36078,0.21521,-1.094,0.59079,0.20647,-2.9816,0.64126,0.25306,0.39669,0.30547,0.61409,0.4918,0.46828,0.36577,0.53804,0.45349,0.37316,0.34357,0.39325,-1.2724,0.46089,0.49048,-2.9275,0.31292,196,240,167,121,252,248,143,253,171,221,57,224,191,69,232
0.32303,0.16414,-0.25537,0.49258,-0.0044406,-3.2055,0.77743,0.18158,0.43348,0.16414,0.49258,0.43639,0.42022,0.33799,0.4808,0.41156,0.42995,0.38235,0.47864,-2.8362,0.47539,0.50027,-1.4471,0.36612,192,236,169,123,251,238,143,253,171,106,12,229,98,67,174
0.32167,0.19047,-0.69561,0.54035,0.11699,-3.1308,0.63219,0.27706,0.42664,0.30593,0.53598,0.47912,0.47193,0.42871,0.59773,0.38069,0.41623,0.29811,0.37685,-1.5381,0.44984,0.56028,-2.774,0.33172,195,240,166,126,253,247,144,253,170,220,38,219,180,69,226
0.36205,0.18304,-0.89306,0.51693,0.17499,-3.0573,0.66779,0.20919,0.41837,0.28562,0.6175,0.51492,0.54146,0.44293,0.48441,0.45071,0.48701,0.22255,0.3107,-2.2276,0.50256,0.62183,-2.2224,0.38589,201,240,166,103,252,247,137,252,169,227,51,219,193,69,232
0.28845,0.15093,-1.9031,0.35867,0.30601,-2.4824,0.58397,0.49034,0.57812,0.44353,0.78294,0.40256,0.41287,0.40862,0.75067,0.43837,0.37463,0.24291,0.3895,-1.3441,0.44049,0.5106,-2.8696,0.24503,208,230,179,100,252,243,130,247,175,102,10,243,94,66,173
0.31659,0.082893,-1.6968,0.35255,0.26266,-2.6196,0.60422,0.4664,0.58624,0.35854,0.83792,0.44842,0.30167,0.37067,0.75245,0.47646,0.37067,0.54546,0.38907,-1.8004,0.47186,0.42587,-2.5824,0.27867,210,231,180,98,253,244,128,246,180,104,9,224,83,67,170
0.30566,0.066358,-1.9925,0.37993,0.27678,-2.3844,0.66874,0.43769,0.5986,0.36755,0.8379,0.43769,0.3278,0.3572,0.58651,0.33956,0.39835,0.3278,0.42481,-0.62179,0.42187,0.47185,-3.1707,0.1367,203,234,175,118,252,247,135,247,175,221,52,230,183,69,231
0.32365,0.18479,-0.71994,0.44962,0.21342,-3.1192,0.71445,0.25064,0.4167,0.25923,0.62427,0.40238,0.42419,0.35047,0.56649,0.4259,0.40533,0.4019,0.44819,-2.8402,0.44819,0.46705,-1.4377,0.34018,202,235,177,102,252,242,134,251,173,98,9,231,87,66,167
0.34866,0.17062,-0.97755,0.53942,0.27417,-2.9923,0.76832,-0.009235,0.39953,0.29779,0.72836,0.45221,0.33697,0.29796,0.49302,0.5045,0.39205,0.14649,0.45171,-3.1926,0.3691,0.40123,-0.55346,0.35303,206,237,173,80,252,249,128,248,176,223,40,215,174,69,227
0.40063,0.30957,-1.3359,0.48123,0.1714,-2.8756,0.41319,0.25723,0.4917,0.53461,0.59846,0.55346,0.55868,0.47384,0.24798,0.49257,0.43638,0.21493,0.21714,-1.1006,0.4463,0.62258,-2.9889,0.37909,193,240,167,107,251,252,142,250,175,229,69,214,191,69,232
0.40159,0.28008,-1.2368,0.42893,0.16059,-2.929,0.45324,0.31248,0.48058,0.5221,0.58691,0.53931,0.55408,0.51276,0.24414,0.51819,0.42249,0.21587,0.21152,-1.001,0.44207,0.57801,-3.0314,0.33332,191,240,168,112,250,249,143,249,173,233,62,212,190,69,233
0.42377,-0.12636,-2.734,0.49679,0.26773,-1.5047,0.43877,0.38276,0.52179,0.52679,0.70184,0.60481,0.67377,0.47167,0.31287,0.51601,0.43042,0.26028,0.21697,-0.18621,0.45207,0.59128,-3.1106,-0.62857,197,242,170,112,252,245,135,250,174,227,86,204,193,69,234
0.4351,0.17702,-1.634,0.44613,0.18033,-2.695,0.48032,0.40973,0.51341,0.51892,0.61047,0.55753,0.55783,0.46222,0.2679,0.48997,0.42418,0.17332,0.21753,-0.23483,0.41801,0.53829,-3.2215,-0.092957,191,240,169,124,251,247,142,249,177,229,92,212,200,69,240
0.48389,0.17297,-1.1106,0.41877,0.028011,-2.9615,0.35994,0.34314,0.5007,0.70238,0.52171,0.54062,0.51722,0.52737,0.41065,0.4597,0.38527,0.13322,0.1366,-0.71768,0.37005,0.61534,-3.1266,0.28885,196,240,169,126,252,244,139,249,175,217,55,217,180,68,226
0.38148,0.24654,-1.1396,0.56169,0.18846,-2.9767,0.55229,0.31743,0.46432,0.48311,0.50788,0.41308,0.43773,0.43031,0.45256,0.40213,0.391,0.29087,0.31238,-0.76161,0.40658,0.59052,-3.1299,0.17739,188,238,173,124,251,250,142,250,174,95,13,232,90,66,163
0.40766,0.19738,-1.6834,0.49839,0.18884,-2.6579,0.58805,0.34575,0.44822,0.4557,0.65423,0.5571,0.42941,0.4225,0.45508,0.37313,0.36721,0.23787,0.2744,-0.59347,0.47384,0.58442,-3.1754,0.15098,195,240,172,116,252,247,138,249,172,227,53,203,175,69,229
0.45971,0.19603,-2.0757,0.47489,0.26811,-2.3375,0.65606,0.21405,0.42462,0.47015,0.73099,0.51852,0.62964,0.41703,-0.20275,0.758,0.68981,-0.27295,0.47319,-2.4331,0.68379,0.77606,-1.7331,0.21445,211,243,167,71,252,244,120,250,167,231,50,199,175,69,229
0.43237,0.134,-1.8344,0.44639,0.20609,-2.5333,0.62761,0.31623,0.47342,0.45039,0.76078,0.52048,0.53906,0.47101,-0.09321,0.54898,0.56316,0.086831,0.43699,-1.2571,0.56599,0.71059,-2.859,0.28672,203,241,162,92,252,246,131,249,172,233,71,205,190,69,237
0.4191,0.18151,-1.1324,0.37932,0.0035915,-2.9536,0.56829,0.34506,0.53071,0.55282,0.57381,0.53182,0.46078,0.41296,0.42421,0.40921,0.42609,0.15234,0.32297,-0.3839,0.48984,0.61921,-3.1889,-0.14484,187,235,176,126,252,240,143,250,173,95,13,232,90,66,167
0.38039,0.25797,-0.51167,0.43164,0.065323,-3.1803,0.55786,0.11562,0.49238,0.48763,0.52085,0.38229,0.43098,0.43098,0.51718,0.3873,0.4239,0.27984,0.29283,-2.5682,0.48648,0.67422,-1.8314,0.47585,197,240,171,110,251,246,139,251,174,86,7,199,82,66,136
0.41021,0.2468,-1.2983,0.41698,0.14915,-2.8898,0.47596,0.27774,0.52721,0.51367,0.64614,0.52431,0.44545,0.47613,0.44863,0.3767,0.39045,0.17998,0.23709,-0.83326,0.43699,0.62208,-3.1009,0.32065,196,240,169,104,250,247,134,249,176,226,60,191,175,69,229
0.37823,0.20991,-0.48817,0.41412,0.028766,-3.1874,0.4876,0.19196,0.50042,0.50982,0.51153,0.44317,0.37841,0.44208,0.49909,0.38506,0.42022,0.22828,0.26914,-1.1818,0.47153,0.65777,-2.9596,0.38982,195,238,173,111,252,246,138,250,175,83,8,194,73,66,137
0.42705,0.23338,-1.1806,0.41677,0.10141,-2.9237,0.41505,0.10998,0.56931,0.68243,0.61558,0.53331,0.53726,0.6313,0.058774,0.44046,0.47088,-0.054625,0.17494,-1.7777,0.53449,0.89682,-2.5024,0.58981,206,242,167,85,251,243,126,249,170,229,54,195,176,69,229
0.37388,0.044698,-2.3394,0.44384,0.18462,-2.0353,0.41962,0.25099,0.66179,0.72009,0.67884,0.59632,0.58698,0.43268,0.31696,0.40623,0.41615,0.15164,0.25083,-0.33441,0.51534,0.69499,-3.1636,-0.27379,193,241,169,118,251,245,138,249,174,230,87,196,191,69,236
0.35158,0.2814,-1.423,0.50398,0.19317,-2.8267,0.47791,0.26335,0.49596,0.53406,0.60825,0.54007,0.43936,0.39133,0.3776,0.45766,0.46452,0.18547,0.37074,-1.1092,0.51027,0.70012,-2.9825,0.19462,196,240,168,103,249,253,138,246,175,225,63,253,199,72,244
0.36371,0.27377,-1.5126,0.48362,0.18384,-2.7682,0.48362,0.23851,0.52595,0.533,0.66526,0.52947,0.49209,0.44436,0.1557,0.47391,0.49891,0.16479,0.32162,-1.1331,0.52846,0.79212,-2.9491,0.21025,197,241,168,98,250,252,133,246,178,227,80,234,200,71,244
0.32739,0.13334,-2.1866,0.5004,0.20026,-2.2267,0.51952,0.3207,0.55871,0.5654,0.72025,0.56731,0.45767,0.41997,0.46378,0.42506,0.40469,0.17645,0.26713,-0.78339,0.48213,0.75826,-3.0872,0.015454,199,239,166,107,251,253,135,246,178,222,76,239,201,69,243
0.32352,0.19115,-0.78767,0.43673,0.11277,-3.1041,0.59696,0.27301,0.48723,0.4315,0.57084,0.46808,0.41792,0.4067,0.489,0.40109,0.43289,0.19719,0.32252,-0.83538,0.46843,0.67419,-3.0894,0.11489,187,237,169,131,250,246,148,245,176,222,69,234,193,69,242
0.31722,-0.0015354,-2.2982,0.53556,0.18732,-2.0817,0.53187,0.29142,0.58715,0.61479,0.70967,0.60649,0.533,0.4444,0.47545,0.42978,0.42704,0.18498,0.2544,-0.48642,0.53666,0.77872,-3.0724,-0.5056,189,238,169,127,250,241,140,245,180,209,73,245,193,69,240
0.44179,0.39369,-0.92098,0.40972,0.16389,-2.396,-0.59499,-0.9103,0.86398,1.4893,0.2494,0.81054,0.5104,0.70115,0.63413,0.32995,0.4176,-0.082489,-0.54133,-2.5365,-0.10311,1.4281,-1.2425,0.48462,173,236,176,15,254,248,60,248,179,182,22,239,180,68,190
0.49502,0.18539,-1.0675,0.4712,0.1568,-2.4013,-0.69589,-0.64825,0.91422,1.4239,0.33782,0.82848,0.46206,0.82795,0.67784,0.35417,0.40577,-0.035182,-0.71068,-2.3854,-0.20406,1.4612,-1.3252,0.47144,172,237,175,15,254,251,61,248,175,180,21,240,173,68,195
0.48833,0.31328,-1.1288,0.48416,0.096554,-2.5375,-0.44526,-0.55779,0.81758,1.3219,0.32578,0.82175,0.53017,0.63425,0.59352,0.38538,0.50755,-0.13952,-0.42007,-2.7233,-0.09427,1.2677,-1.04,0.4985,173,239,168,18,253,250,62,248,176,183,24,235,179,68,189
0.43868,0.29993,-1.1927,0.52277,0.14436,-2.513,-0.37701,-0.59145,0.82971,1.3385,0.31675,0.78346,0.50449,0.66013,0.60279,0.47172,0.37751,-0.0034133,-0.28603,-2.5757,0.14814,1.209,-1.4943,0.3857,171,239,169,32,253,248,62,249,176,182,23,236,174,68,193
0.57137,0.20044,-1.1905,0.45593,0.077434,-2.4225,-0.76283,-0.38433,0.94419,1.2205,0.3367,0.95365,0.57936,0.70765,0.44228,0.40186,0.40889,-0.076154,-0.33625,-2.7035,0.02226,1.2208,-1.1991,0.53191,169,236,174,33,253,250,60,251,172,178,20,238,163,68,199
0.80201,0.40205,-0.809,0.8999,0.24822,-2.5095,-0.21606,-1.2034,0.4552,1.0621,0.14754,0.7209,0.72293,1.0231,0.79956,0.31743,0.4643,0.39725,-0.71388,-2.2944,-0.82564,0.93366,-1.3205,0.49623,170,240,170,32,252,246,59,252,173,180,23,234,170,68,195
0.70006,0.29186,-0.79506,0.77977,0.057567,-2.5945,-0.58734,-0.7226,0.6276,1.2025,0.20249,0.83774,0.6814,0.80349,0.85232,0.34771,0.41553,0.29616,-0.90025,-2.4602,-0.47432,1.0883,-1.1309,0.48065,170,242,168,19,253,249,60,251,176,186,27,252,191,68,199
0.67452,0.15699,-1.2015,0.9307,0.20098,-2.6196,0.027602,-0.72541,0.51409,0.83755,0.38988,0.81426,0.42551,0.89482,0.87605,0.38797,0.54083,0.32092,-0.66061,-2.1571,-0.49971,1.0933,-1.7119,0.48987,170,241,168,25,253,249,59,251,175,183,25,230,179,67,189
0.5771,0.46022,-1.0826,0.64918,0.049187,-2.5553,-0.71833,-0.43003,0.70567,1.1362,0.37061,0.83814,0.59155,0.89122,0.68107,0.31913,0.4534,0.34637,-0.83479,-2.3273,-0.058377,1.0411,-1.5898,0.48648,166,238,172,32,253,241,59,252,173,181,20,219,166,67,185
0.70753,0.33575,-0.88669,0.63681,0.04883,-2.5294,-0.89881,-0.48056,0.71966,1.1561,0.28524,0.90555,0.59901,0.83075,0.62924,0.30278,0.55064,0.25441,-0.71085,-2.4358,-0.31588,1.0826,-1.4121,0.62521,167,238,173,33,252,246,59,253,173,183,23,231,179,68,189
0.28044,0.03684,-0.73906,0.29848,0.29848,-2.9856,0.75861,-0.36915,0.7947,0.67741,0.59621,0.35261,0.22261,0.63881,0.53234,0.077431,0.77431,0.49362,0.16454,-3.0682,0.25165,0.69688,-0.15486,-0.62913,181,233,178,16,253,248,70,223,201,179,18,223,142,67,197
0.62777,0.36596,-0.8527,0.51245,0.29428,-2.676,-0.34155,-0.83712,0.73998,1.167,0.43765,0.56232,0.40628,0.61471,0.82012,0.47274,0.49388,0.32774,-0.38514,-2.6778,-0.45159,1.0859,-1.1464,0.43951,168,240,170,29,252,248,61,248,177,185,20,235,181,67,183
0.67413,-1.327,-1.0189,0.5112,0.52891,-2.3152,0.35182,-0.45926,0.75205,0.95039,0.92914,0.42266,0.49758,0.72486,0.41966,0.46511,0.73135,0.25407,-0.36608,-2.6486,-0.84662,1.0918,-0.91155,0.58849,169,235,176,27,252,250,60,249,179,178,18,232,162,67,186
0.50865,-0.30593,-1.2937,0.35384,0.30961,-2.687,0.084775,-0.12163,0.70031,0.86986,0.87355,0.70768,0.27981,0.56236,0.47037,0.43095,0.56894,0.20425,-0.21958,-2.8775,-0.029022,1.0815,-1.018,0.54594,166,232,177,34,252,249,68,244,180,184,21,234,168,67,190
0.45191,0.21258,-1.2065,0.64337,0.19287,-2.8001,0.20695,-0.37589,0.68279,0.78415,0.53919,0.66871,0.35359,0.48513,0.63546,0.58284,0.44379,0.51895,-0.19136,-2.9612,-0.13498,0.80834,-0.90543,0.36486,173,239,171,20,253,250,64,245,180,184,23,240,185,68,185
0.67609,0.79335,0.73202,-0.46759,-1.8918,-1.5481,-1.4201,0.36041,0.79335,0.79335,0.38566,0.79335,0.90494,0.90494,-0.48006,0.8608,0.28969,-1.1974,-1.5754,-1.2291,0.90494,0.90494,-1.1932,0.90494,139,238,177,0,252,251,56,252,172,204,61,255,251,91,181
0.78476,0.57413,0.48325,0.2429,-0.94443,-2.3721,-1.5007,-0.0008493,0.78476,0.78476,0.37879,0.78476,0.78158,0.78158,0.13543,0.74344,0.60126,-0.6552,-1.2227,-2.0007,0.73881,0.78158,-1.4666,0.78158,153,242,169,0,251,251,44,250,185,189,37,255,212,67,196
-0.026804,-2.0181,-0.9267,-0.54361,0.43941,-1.4399,0.46471,0.44302,1.1839,1.4983,0.55867,0.36713,0.9479,0.4356,-0.87428,0.88655,0.69022,-0.46628,0.36198,-1.6443,0.5399,0.9387,-2.1351,0.31903,200,242,166,140,252,249,127,249,177,253,68,194,229,83,196
0.17271,-1.7538,-0.89025,-1.209,-0.051635,-1.2998,0.56442,0.43978,1.0843,1.4511,0.60181,0.89025,1.0415,0.20174,-1.2045,0.96815,0.75989,-0.63965,0.55329,-1.3261,0.65992,0.83153,-2.0642,0.2184,202,243,163,145,252,245,129,249,174,253,85,184,220,84,209
0.52046,-0.9033,-1.0426,-0.397,-0.34263,-2.3186,0.6088,0.17896,1.0319,1.3598,0.58672,0.71754,0.81364,0.5646,-1.0797,0.90336,0.77187,-0.70536,0.4919,-1.8516,0.47179,0.89407,-1.7417,0.46715,203,241,166,144,253,243,130,250,178,250,46,202,218,80,207
1.0029,-0.13043,-0.68566,0.7424,0.33797,-2.1366,-0.99641,-1.0604,0.81323,1.4119,-0.00933,0.71041,0.57983,0.95174,0.64574,0.27148,0.41742,0.2856,-0.97371,-2.3084,-0.65123,1.2036,-1.1526,0.73048,168,243,170,19,253,250,54,249,172,180,28,242,180,67,186
0.36474,0.79745,0.74463,-0.80439,-2.1381,-1.1629,-1.2716,0.53538,0.79745,0.79745,0.54249,0.79745,0.92461,0.62882,-1.4325,0.63498,-0.22005,-1.716,-0.43881,-1.0042,1.205,1.3021,-0.62985,0.7459,145,236,175,0,251,250,46,251,187,202,44,255,247,83,169
0.25751,-1.4973,-1.3109,-0.21367,-0.10212,-1.9452,0.9035,0.35241,0.9035,1.0217,0.85688,0.77364,0.98278,-0.13453,-0.94554,0.85372,0.80748,-0.049765,0.65144,-1.275,0.95196,0.96352,-2.0802,-0.72593,207,243,171,147,253,247,133,249,175,253,100,213,255,85,196
0.3837,-0.89919,-1.1536,-0.7834,-0.4223,-2.1242,1.0191,0.39741,0.84384,0.89564,0.92306,0.92002,1.0338,-0.32312,-1.18,0.95573,0.83863,-0.22089,0.74383,-1.4588,0.89625,0.93157,-1.8009,-0.41606,202,242,166,147,252,245,139,248,176,247,119,255,255,145,182
0.014241,-1.8431,-1.4158,-0.13716,0.26008,-1.6167,0.82821,0.46095,0.88368,0.95263,0.87918,0.73377,0.98415,-0.08048,-1.2687,0.88175,0.70166,0.018391,0.70166,-0.97385,0.94355,0.97003,-2.0438,-0.83438,203,243,164,172,252,238,137,249,177,254,110,187,229,88,218
0.59387,0.50364,0.41341,-0.3996,-1.614,-2.0661,-1.1104,0.36553,0.90876,0.90876,0.58742,0.90876,0.95975,0.95975,-0.6206,0.75442,0.060538,-1.0058,-1.4929,-1.4533,0.95975,0.95975,-1.0412,0.95975,147,237,166,0,251,253,46,251,184,201,41,255,245,77,175
0.90502,0.70618,0.16346,0.019372,-0.92967,-2.3523,-1.2764,-0.26688,0.90502,0.90502,0.31619,0.90502,0.82516,0.82516,0.1477,0.71118,0.49091,-1.0318,-1.3622,-1.95,0.77906,0.82516,-1.0856,0.82516,150,244,172,0,252,252,47,251,184,196,41,255,235,78,182
0.030999,-0.86975,-1.3216,-0.31248,-0.071618,-2.2351,0.65525,0.17495,1.0443,1.1185,0.89612,0.89042,0.99556,-0.0064343,-1.5156,0.85517,0.79376,-0.65396,0.70426,-1.391,0.93063,0.9552,-1.6472,-0.020473,196,242,168,157,252,243,139,249,176,254,108,175,210,82,232
0.15653,-0.89045,-1.2178,-0.50465,-0.040918,-2.2596,0.77484,0.24875,1.1139,1.1866,0.72288,0.70989,1.4854,-0.96817,-0.25014,0.7313,0.7398,-0.099313,0.29794,-1.0128,0.97135,1.0882,-1.5566,-1.427,201,244,165,155,253,247,126,249,177,250,108,255,255,99,200
0.44921,-1.3181,-0.70894,0.13754,-0.26976,-2.3063,0.16587,-0.043091,1.069,1.3913,0.7963,0.63692,0.93558,-0.77971,-1.6985,0.59017,0.83924,-0.027805,0.90973,-0.59878,1.3068,0.87683,-1.447,-0.9066,155,239,170,20,251,250,41,249,177,216,69,255,255,127,136
0.80602,0.76114,0.41945,0.051253,-0.89424,-2.158,-1.7408,-0.054822,0.80602,0.80602,0.39192,0.80602,0.77261,0.77261,0.30579,0.56939,0.65532,-0.45365,-1.6346,-1.9307,0.69364,0.77261,-1.2955,0.77261,152,241,167,11,249,252,48,246,178,189,43,255,223,70,198
0.8444,0.66827,0.22489,0.10747,-0.77118,-2.3341,-1.5668,-0.074739,0.8444,0.8444,0.36863,0.8444,0.77106,0.77106,0.43848,0.60808,0.68076,-0.35442,-1.4469,-2.0526,0.48033,0.77106,-1.4072,0.74023,150,245,175,21,249,253,50,247,180,190,44,255,222,71,200
0.17057,-1.3835,-0.19995,0.48353,0.037472,-2.6965,0.41159,0.21374,0.7893,0.97276,0.65261,0.54829,1.1658,-0.9789,-0.16516,0.80048,0.75708,-0.41109,0.71729,-1.5793,1.1766,0.95237,-1.1561,-1.2791,146,239,170,70,249,243,49,246,181,218,93,255,255,98,181
-0.71752,-2.0701,-0.86976,-0.27105,0.63067,-1.3777,0.72728,0.43744,1.0596,1.124,0.8722,0.45501,1.1199,-0.70055,-0.44026,0.8066,0.74233,0.17675,0.64592,-0.95121,0.95121,0.90944,-2.1097,-1.1505,177,242,165,177,248,245,141,246,179,249,148,255,255,170,186
0.086957,-1.6226,-0.50908,0.48318,0.10745,-2.4492,0.49684,0.28165,0.89647,0.93746,0.73252,0.55832,1.1694,-0.74126,-0.21346,0.81945,0.74,-0.50857,0.46758,-1.7231,1.0389,1.2451,-1.3826,-0.91152,151,240,171,71,251,245,45,246,180,217,102,255,255,115,173
0.33151,0.38231,-0.46567,0.39403,0.17129,-3.0878,0.054057,-0.32109,0.6324,0.83951,0.42138,0.64803,0.36032,0.50896,0.34006,0.3333,0.29952,0.036032,0.056301,-3.1968,0.47856,0.79609,-0.3288,0.31641,182,236,173,0,251,253,83,251,175,106,9,232,98,67,175
0.30761,0.25094,-0.69247,0.46119,0.20157,-3.0565,0.27105,-0.27562,0.59466,0.73178,0.57089,0.63488,0.36893,0.39023,0.31745,0.38846,0.44703,0.0050295,0.22514,-3.1689,0.53757,0.74703,-0.50798,0.25,184,239,170,0,254,253,83,250,171,98,7,226,85,67,172
0.3769,0.32937,-0.62661,0.41211,0.16916,-3.0526,0.1181,-0.30091,0.6181,0.85577,0.46317,0.63746,0.37987,0.47983,0.38139,0.35261,0.40108,0.0042909,0.14362,-3.1851,0.44651,0.77212,-0.41824,0.24206,181,235,173,0,251,252,82,250,176,98,7,226,86,67,170
0.39098,0.21034,-0.86537,0.4333,0.16966,-3.0136,0.27381,-0.16559,0.60092,0.69531,0.60092,0.66927,0.35672,0.40442,0.23748,0.40442,0.40442,0.014337,0.18638,-3.1421,0.62075,0.81493,-0.5529,0.25111,181,235,176,0,252,253,82,251,176,99,9,226,86,67,171
0.38057,0.18936,-1.1131,0.47202,0.17551,-2.9226,0.25033,-0.040643,0.56901,0.76022,0.62166,0.65768,0.36812,0.47847,0.29244,0.40595,0.4564,-0.048084,0.10642,-3.1255,0.44694,0.85684,-0.5841,0.34605,182,235,170,0,251,253,83,250,179,108,10,232,99,67,174
0.42179,0.32108,-0.52613,0.59163,0.17099,-3.129,0.54818,-0.25755,0.3428,0.38822,0.58965,0.53831,0.25337,0.22708,0.31791,0.38484,0.46611,0.32508,0.16254,-3.2843,0.44699,0.49719,-0.023903,0.22708,181,240,169,0,252,252,85,251,173,105,11,232,98,67,174
0.39659,0.24915,-0.43072,0.57515,0.16723,-3.1682,0.5473,-0.17351,0.37857,0.3802,0.52928,0.54894,0.3154,0.31345,0.37995,0.32323,0.40147,0.3643,0.1824,-3.2621,0.40147,0.44059,-0.26161,0.40147,182,238,172,0,251,253,84,252,175,143,20,255,139,67,203
0.40528,0.17137,-0.49463,0.52874,0.083656,-3.1521,0.61321,-0.082032,0.40204,0.39229,0.56123,0.57097,0.38787,0.33336,0.41303,0.31659,0.35852,0.33336,0.1866,-3.2477,0.50948,0.44239,-0.32498,0.29143,180,239,172,0,253,252,86,252,173,108,11,230,98,67,175
0.40697,0.19961,-0.60543,0.55638,0.1371,-3.1257,0.57773,-0.1099,0.42069,0.43441,0.51064,0.59755,0.38039,0.25464,0.3741,0.38458,0.44536,0.29865,0.34895,-3.2202,0.39087,0.53129,-0.46213,0.2735,182,234,177,0,248,253,80,253,175,108,11,230,100,67,175
0.38775,0.22469,-0.69075,0.55082,0.15849,-3.0883,0.55566,-0.16926,0.38291,0.44426,0.64446,0.59926,0.44088,0.36736,0.29383,0.34702,0.38926,0.30478,0.19215,-3.2071,0.44088,0.53317,-0.50554,0.40334,182,240,170,0,246,252,81,252,174,110,10,226,101,67,173
0.11735,0.063534,-0.66299,0.0097169,0.30571,-3.004,0.7183,-0.026161,0.95151,0.20704,0.87078,0.44922,0.31244,0.36324,0.078745,0.35816,0.59186,0.12447,0.59694,-3.2133,0.6833,0.21591,-0.24132,0.12955,190,230,179,0,252,251,82,231,191,104,9,241,94,66,173
0.40261,0.18122,-0.60105,0.39769,0.23042,-3.1323,0.49117,-0.081998,0.40753,0.50101,0.72732,0.47641,0.31969,0.27064,0.35894,0.24905,0.3923,0.27848,0.40604,-3.2831,0.51004,0.36286,-0.1022,0.23728,181,240,169,0,253,252,83,249,176,115,11,223,94,67,174
0.36017,0.025151,-0.67507,0.28773,0.22737,-3.0926,0.64086,-0.029176,0.52919,0.51711,0.71631,0.49297,0.23892,0.35424,0.29093,0.32259,0.4786,0.22988,0.36329,-3.2794,0.46504,0.45599,-0.088937,0.16883,181,231,180,0,251,252,83,247,176,104,6,227,85,66,169
0.36578,0.2964,-0.32163,0.44776,0.16397,-3.1911,0.52974,-0.22073,0.51713,0.44145,0.51083,0.46037,0.33606,0.2996,0.40896,0.27682,0.2267,0.59123,0.26315,-3.282,0.18113,0.12645,0.062654,0.50921,184,236,174,0,253,255,81,247,179,99,8,231,87,66,167
0.41169,0.10911,-0.74361,0.47771,0.28516,-3.0707,0.54372,-0.17146,0.4337,0.47771,0.68676,0.56023,0.30845,0.34978,0.20742,0.34978,0.40489,0.24875,0.3957,-3.3011,0.36815,0.34519,0.037504,0.28549,183,235,177,0,248,252,80,250,178,100,8,231,88,66,167
0.41204,0.29612,-0.32844,0.37129,0.10222,-3.2313,0.35724,0.12962,0.41415,0.50759,0.50899,0.46052,0.55824,0.65742,0.18333,0.44319,0.4293,-0.43558,-0.22135,-3.0283,0.56816,0.86373,-0.43558,0.4174,175,237,172,0,251,252,75,252,173,108,16,238,102,66,170
0.40383,0.28861,-0.23573,0.38658,0.13827,-3.2493,0.46422,0.075427,0.38165,0.45251,0.43341,0.46052,0.52693,0.54606,0.27613,0.52056,0.52481,-0.35513,0.12735,-3.0948,0.50355,0.56306,-0.5698,0.43129,173,237,170,0,251,252,81,251,162,101,15,227,93,66,162
0.42435,0.26552,-0.22246,0.37651,0.12837,-3.2511,0.44029,0.086911,0.38735,0.44348,0.46071,0.46007,0.64958,0.58698,0.10323,0.5092,0.52627,-0.3293,-0.063709,-3.0762,0.51489,0.69701,-0.47916,0.36123,177,236,173,0,249,252,73,250,171,99,15,229,91,66,165
0.49465,0.25128,-1.0775,0.45409,0.18719,-2.9815,0.4622,0.04117,0.46057,0.59605,0.55792,0.55387,0.63193,0.77303,0.25165,0.48223,0.42544,-0.22326,-0.66032,-2.9282,0.35145,0.88143,-0.52438,0.53901,193,241,174,0,246,251,60,251,171,101,14,224,96,66,161
0.45495,0.25703,-0.72583,0.42861,0.1503,-3.1171,0.46846,0.034113,0.44887,0.56236,0.52521,0.51305,0.56832,0.68196,0.31562,0.50253,0.49505,-0.21968,-0.40808,-3.0023,0.4472,0.83747,-0.589,0.37095,190,243,164,0,254,255,66,250,169,102,14,223,97,66,162
0.47752,0.23491,-0.53773,0.41159,0.15844,-3.1536,0.32457,-0.015602,0.39577,0.73858,0.56586,0.39973,0.3999,0.49453,0.23645,0.25366,0.38987,0.054364,0.14039,-3.2376,0.35689,0.68666,-0.19941,0.42428,180,238,173,0,251,253,76,250,178,93,12,234,90,66,165
0.45384,0.28031,-0.91362,0.45977,0.24768,-3.0508,0.52355,-0.0074157,0.39452,0.52503,0.58881,0.49834,0.41722,0.45055,0.16722,0.35722,0.48722,-0.049444,-0.12611,-3.1827,0.44388,0.84721,-0.17944,0.36722,195,243,166,0,252,255,59,250,175,93,11,232,92,66,162
0.47705,0.19972,-0.76152,0.47277,0.17918,-3.0991,0.51728,0.007133,0.39916,0.5481,0.56864,0.4916,0.40769,0.44036,0.21004,0.39462,0.49099,-0.0072145,0.04669,-3.2268,0.50733,0.64127,-0.18853,0.28354,183,242,170,0,253,254,73,250,167,94,12,232,90,66,165
0.46228,0.19577,-0.78494,0.40464,0.14786,-3.0945,0.52591,0.080478,0.40688,0.53265,0.62324,0.49971,0.42429,0.50262,0.092635,0.33096,0.47095,-0.17402,0.014305,-3.1572,0.56095,0.88427,-0.23069,0.28096,186,241,166,0,253,253,66,251,177,96,12,228,90,66,167
0.46599,0.19391,-1.2764,0.50336,0.21484,-2.8902,0.50261,0.12065,0.42562,0.57138,0.64089,0.52728,0.42033,0.55057,0.20444,0.37929,0.53808,-0.15775,-0.20771,-3.0821,0.43282,1.002,-0.41646,0.33647,189,243,173,0,253,254,63,250,171,95,12,231,90,66,167
0.41592,0.26099,-1.3338,0.51768,0.28529,-2.8618,0.49034,0.058983,0.463,0.5678,0.65438,0.48123,0.2934,0.36897,0.24187,0.27622,0.48232,0.097608,0.03578,-3.2583,0.33805,0.61284,-0.029483,0.54071,194,241,167,0,251,254,58,250,178,90,9,211,86,66,148
0.44931,0.24735,-1.0167,0.40863,0.18997,-2.9962,0.37594,0.0010897,0.53793,0.66216,0.6113,0.52922,0.36158,0.60548,0.18131,0.26968,0.45879,-0.2305,-0.32064,-3.0866,0.41991,0.95013,-0.22166,0.61255,197,245,169,0,249,252,59,252,173,89,6,196,84,66,134
0.40759,0.24519,-0.43306,0.39257,0.16331,-3.1952,0.46627,-0.020925,0.45262,0.50584,0.53723,0.47855,0.31946,0.45444,0.12373,0.26884,0.48481,-0.085489,0.16423,-3.2306,0.49156,0.64679,-0.11249,0.47469,195,240,171,0,242,249,63,250,158,89,6,192,83,66,132
0.40855,0.24539,-0.71648,0.40792,0.14571,-3.1068,0.42379,-0.027618,0.51521,0.6168,0.57362,0.51394,0.37158,0.5148,0.20391,0.31395,0.4397,-0.25893,0.055454,-3.1478,0.51131,0.82395,-0.32006,0.4921,188,242,185,0,252,252,60,250,182,98,14,226,94,66,162
0.43789,0.22864,-1.2655,0.43056,0.18732,-2.8848,0.41123,0.070695,0.53652,0.66847,0.65247,0.52652,0.41772,0.59999,0.11454,0.2373,0.44562,-0.32441,-0.34673,-2.9637,0.53489,1.0966,-0.48995,0.67811,196,242,166,0,251,255,58,250,172,99,14,224,94,66,162
0.39118,0.31758,-0.50907,0.45083,0.13551,-3.1664,0.44153,-0.091483,0.44773,0.52056,0.5469,0.51513,0.32919,0.33061,0.19341,0.38577,0.5074,-0.080972,0.29525,-3.2406,0.45507,0.68137,-0.1036,0.24716,194,243,170,0,243,251,60,247,178,142,26,255,141,66,210
0.37421,0.2895,-0.7546,0.45822,0.18643,-3.1082,0.55211,0.0092361,0.47516,0.48293,0.54434,0.49069,0.35254,0.35672,0.30798,0.34976,0.46394,-0.045721,0.14227,-3.2137,0.46255,0.81904,-0.1989,0.20354,187,241,169,0,250,254,66,246,177,143,26,255,139,66,211
0.40378,0.22579,-0.85102,0.49072,0.16007,-3.0635,0.52221,-0.018597,0.50304,0.55096,0.56054,0.51604,0.37769,0.42748,0.31765,0.40112,0.48752,-0.11288,-0.036732,-3.1325,0.44505,0.95027,-0.40869,0.28397,194,244,167,0,245,252,61,246,177,142,26,255,142,67,209
0.37934,0.2205,-0.98265,0.43228,0.16476,-3.0253,0.47826,0.12714,0.50683,0.55351,0.64825,0.49707,0.4476,0.46864,0.24616,0.3589,0.4927,-0.17626,-0.025931,-3.0715,0.45662,1.0504,-0.53554,0.28825,185,239,173,0,242,251,66,247,177,141,26,255,142,67,209
0.39924,0.20786,-0.84979,0.47353,0.18645,-3.0683,0.52264,0.011437,0.47605,0.55411,0.58811,0.49871,0.38746,0.40304,0.29135,0.39525,0.50175,-0.020347,0.12251,-3.1399,0.47317,0.87838,-0.52166,0.22901,189,245,165,0,243,251,62,246,187,142,27,255,142,66,211
0.2936,0.0044899,-2.4424,0.38953,0.33039,-1.9089,0.34222,0.26863,0.65104,0.69835,0.67469,0.69835,0.55591,0.47045,0.43604,0.44825,0.44714,0.22958,0.36167,-0.61511,0.57478,0.69799,-3.0271,-0.57959,200,236,174,164,252,239,159,251,171,235,87,219,208,72,242
0.30944,0.061068,-1.9427,0.53768,0.25574,-2.4372,0.4974,0.26916,0.62382,0.51978,0.66075,0.64508,0.43281,0.47778,0.43681,0.41982,0.46479,0.21495,0.34187,-1.0103,0.55773,0.72163,-2.997,-0.060878,203,239,170,154,253,247,161,251,171,242,86,224,211,75,247
0.31025,0.18676,-1.7425,0.53091,0.22522,-2.611,0.4884,0.2819,0.59367,0.52484,0.64023,0.5714,0.52623,0.44092,0.40254,0.50277,0.47078,0.20207,0.41533,-1.3185,0.59021,0.7203,-2.8391,-0.11356,203,239,170,155,253,245,159,251,172,239,77,218,207,73,242
0.33918,-0.48193,-2.5733,0.51424,0.35898,-1.5844,0.38607,0.30583,0.60281,0.6497,0.73931,0.74348,0.60949,0.41874,0.19939,0.52008,0.44974,0.13382,0.32218,-0.80441,0.56538,0.86699,-3.0039,-0.27747,207,241,168,143,253,248,155,251,173,244,99,210,212,76,246
0.32912,-0.024497,-2.1909,0.4974,0.24604,-2.1866,0.39515,0.28651,0.59113,0.67634,0.73385,0.64652,0.51574,0.45272,0.39162,0.43363,0.4489,0.19875,0.34006,-1.031,0.55775,0.75252,-2.9806,-0.080042,202,240,170,154,253,246,157,251,174,239,88,211,209,72,242
0.36627,0.20965,-0.67158,0.56552,0.021312,-3.1071,0.82523,0.30085,0.39105,0.16901,0.53974,0.39006,0.44294,0.43653,0.51671,0.42049,0.43867,0.36383,0.45257,-1.8224,0.46326,0.53274,-2.5889,0.34352,202,239,169,148,253,247,156,252,171,231,48,217,190,69,233
0.3797,0.16543,-0.95089,0.60253,0.11829,-3.0132,0.80394,0.30042,0.37541,0.16436,0.58968,0.46433,0.40302,0.43924,0.4768,0.41643,0.4446,0.29167,0.39228,-1.6146,0.49692,0.61095,-2.7281,0.37082,206,238,170,141,252,248,154,251,170,237,50,206,191,69,233
0.33614,-0.067351,-2.1847,0.62857,0.28308,-2.186,0.69274,0.39413,0.43238,0.30899,0.7532,0.60883,0.44124,0.38662,0.47158,0.42202,0.35729,0.41089,0.36538,-0.91003,0.44427,0.49484,-3.0846,0.20052,205,238,169,150,253,249,157,252,172,235,84,201,200,70,240
0.37433,-0.18676,-2.3527,0.58679,0.29153,-1.9844,0.62819,0.35581,0.49854,0.36344,0.76328,0.66196,0.53485,0.39073,0.34046,0.46894,0.48123,0.32706,0.41643,-0.59239,0.48346,0.50692,-3.134,-0.22372,201,239,170,150,252,245,158,252,172,238,96,217,211,77,245
0.38881,0.082031,-1.3945,0.60671,0.14702,-2.808,0.70802,0.32765,0.44998,0.28942,0.64781,0.55511,0.47449,0.42711,0.38746,0.46579,0.46579,0.34008,0.3923,-1.2362,0.47063,0.55186,-2.9401,0.20082,200,240,169,157,251,244,160,253,171,239,68,204,203,70,237
0.40133,-1.6308,-2.2587,0.36421,0.42607,-1.0957,0.5931,0.4601,0.67043,0.42298,0.90859,0.73847,0.50225,0.34987,0.69405,0.42343,0.44708,0.30783,0.60472,-0.91386,0.48386,0.37877,-3.0026,-0.27543,221,235,176,121,252,244,137,243,182,242,46,207,185,69,233
0.32276,0.0078878,-2.1054,0.52559,0.28219,-2.2754,0.72649,0.46764,0.514,0.27446,0.7883,0.4715,0.38438,0.30889,0.69896,0.42034,0.52639,0.32147,0.41135,-1.3611,0.48685,0.49224,-2.8603,0.17047,216,234,176,137,252,247,144,248,177,226,58,221,184,69,234
0.31953,-0.19426,-2.0834,0.44293,0.31056,-2.236,0.78397,0.47434,0.51922,0.28588,0.89839,0.47883,0.49114,0.38818,0.5533,0.39013,0.44646,0.33768,0.45229,-1.1736,0.56884,0.48337,-2.9491,0.011331,215,235,173,137,252,246,149,248,176,239,72,208,196,70,238
0.32579,-0.31149,-2.1967,0.43668,0.36127,-2.0991,0.7398,0.47217,0.51801,0.29621,0.89505,0.56236,0.48007,0.3502,0.038499,0.53759,0.5246,0.37803,0.49306,-0.52182,0.55429,0.44111,-3.1472,-0.12848,205,239,171,155,252,239,158,250,173,241,100,208,207,72,244
0.35369,-0.22073,-2.5017,0.5482,0.34306,-1.8057,0.57252,0.34306,0.50869,0.47374,0.71536,0.66977,0.52546,0.31041,0.40872,0.44405,0.4333,0.42408,0.41794,-0.62813,0.4886,0.47324,-3.1365,-0.16116,208,236,174,142,252,245,151,250,174,234,89,220,202,72,243
0.47289,0.17342,-1.8989,0.46744,0.16035,-2.4946,0.46636,0.3727,0.50229,0.57852,0.67217,0.52734,0.67626,0.50904,0.14017,0.54838,0.47707,0.088528,0.25206,-1.2873,0.54346,0.64306,-2.8673,0.27665,203,240,169,139,249,248,156,249,175,245,91,206,206,72,243
0.47341,0.1055,-2.4006,0.48206,0.24401,-2.0132,0.46908,0.38251,0.49938,0.51669,0.66602,0.57512,0.6914,0.41404,-0.26869,0.61139,0.43271,0.17402,0.26736,-0.35937,0.48338,0.63273,-3.1383,0.059339,203,240,168,140,251,248,157,250,174,246,100,204,207,74,246
0.44125,-0.22492,-2.3764,0.50554,0.27942,-1.9674,0.51552,0.41465,0.54766,0.56207,0.67513,0.62747,0.56538,0.46236,0.36712,0.46916,0.41863,0.22911,0.27965,-0.43758,0.44778,0.57898,-3.1675,-0.21308,207,241,170,147,252,246,153,250,176,236,93,215,206,73,244
0.47399,0.17394,-1.2929,0.42139,0.063956,-2.8816,0.41542,0.35804,0.54931,0.59713,0.54692,0.57441,0.60097,0.47593,0.37047,0.59227,0.45854,0.1041,0.33894,-0.91028,0.39983,0.51616,-3.0532,0.10628,206,240,168,146,252,245,155,250,176,235,91,218,207,74,243
0.48029,-0.081158,-2.2341,0.47381,0.1607,-2.1477,0.46301,0.45222,0.53643,0.60985,0.6768,0.60985,0.61475,0.52386,0.18915,0.60366,0.49283,0.069455,0.29333,-0.93025,0.45958,0.61475,-3.025,0.093837,212,241,166,141,252,241,149,250,177,242,74,190,195,69,235
0.42102,0.090567,-1.8169,0.53484,0.23009,-2.5558,0.5789,0.35584,0.48802,0.533,0.63489,0.50546,0.52031,0.41399,0.40505,0.41399,0.39213,0.30669,0.42691,-0.74651,0.50242,0.63656,-3.0894,-0.18216,196,240,172,148,251,251,159,250,177,236,86,222,204,72,243
0.46685,0.26707,-1.0151,0.32035,-0.13006,-2.9814,0.74532,0.35183,0.51286,0.38573,0.56492,0.51165,0.41798,0.42574,0.5207,0.38891,0.44996,0.29394,0.44609,-1.2488,0.49744,0.63311,-2.9184,0.093352,201,235,174,157,252,239,154,250,174,94,13,232,91,66,163
0.39755,0.10623,-1.482,0.46397,0.11788,-2.7638,0.72498,0.40687,0.45115,0.38123,0.67371,0.52223,0.46682,0.48752,0.43087,0.42433,0.39601,0.2631,0.31648,-0.57794,0.45048,0.58121,-3.1577,-0.081163,207,240,172,150,253,245,154,249,175,239,66,196,188,69,236
0.36374,-0.42823,-2.3742,0.43615,0.22345,-1.8741,0.6217,0.39768,0.58097,0.61264,0.73031,0.70994,0.83336,0.16224,0.34362,0.56733,0.56733,0.20758,0.46757,-0.50284,0.73058,0.75174,-2.5011,-1.6274,199,236,176,148,251,240,154,248,178,237,87,199,199,71,240
0.43668,-0.22032,-2.3073,0.47676,0.14878,-2.0205,0.52,0.39661,0.53371,0.60331,0.75411,0.67818,0.63076,0.417,0.055732,0.56701,0.50826,0.12324,0.46326,-0.87182,0.57701,0.72702,-2.9919,-0.20553,207,240,167,138,252,245,150,248,175,243,76,198,198,71,241
0.40074,0.16555,-1.5667,0.50816,0.19834,-2.7302,0.65175,0.28767,0.50816,0.4584,0.60992,0.50816,0.39893,0.41191,0.59603,0.3647,0.34228,0.38359,0.4603,-1.2865,0.50869,0.51932,-2.9117,0.21245,203,238,174,146,250,249,154,249,174,230,60,208,186,69,233
0.40455,0.13349,-1.4888,0.46162,0.096808,-2.7646,0.54722,0.28839,0.61244,0.56556,0.62263,0.52072,0.55662,0.47479,0.47011,0.47713,0.45842,0.20125,0.33685,-0.4931,0.51219,0.63844,-3.0695,-0.56324,207,240,170,151,253,250,155,249,172,238,66,193,187,69,234
0.42956,0.18401,-1.2939,0.4488,0.044743,-2.8726,0.53676,0.24906,0.63022,0.53035,0.60456,0.50836,0.43175,0.5042,0.43269,0.38094,0.40352,0.2332,0.28684,-1.0465,0.48068,0.68299,-3.0141,0.22379,202,240,172,150,251,250,158,249,176,230,57,211,187,69,232
0.43068,0.14542,-1.8104,0.45585,0.13797,-2.5412,0.49687,0.22187,0.63856,0.62085,0.69636,0.50712,0.56881,0.47603,0.11854,0.45995,0.53541,0.1136,0.34615,-1.1358,0.49088,0.77291,-2.9393,0.19276,207,241,166,142,251,243,155,249,171,244,85,192,199,70,240
0.40832,0.09168,-1.4155,0.42449,0.061252,-2.7914,0.52718,0.25523,0.63748,0.59089,0.69073,0.51957,0.49512,0.43912,0.34137,0.38821,0.42283,0.17947,0.2762,-0.76649,0.53789,0.74968,-3.0932,0.029784,203,240,170,149,251,243,154,248,176,240,75,187,189,69,236
0.34971,-0.25363,-2.3691,0.55297,0.25507,-1.9453,0.47769,0.33573,0.59276,0.58738,0.75731,0.65944,0.60194,0.46274,0.32353,0.50914,0.47258,0.27572,0.41774,-0.98559,0.55414,0.68209,-2.9514,-0.36267,210,240,170,137,250,245,147,247,181,234,93,230,205,76,246
0.32368,0.20959,-0.94804,0.46694,0.091974,-3.0396,0.67742,0.29184,0.50232,0.40504,0.5713,0.44749,0.4351,0.38586,0.40125,0.4392,0.47921,0.21661,0.43715,-1.1323,0.55614,0.70488,-2.9582,0.035047,202,237,170,147,251,253,156,246,179,233,86,235,205,76,248
0.23957,-0.13824,-2.0783,0.46321,0.16357,-2.2552,0.5772,0.32859,0.67925,0.58263,0.69445,0.74331,0.66584,0.38179,0.47734,0.50352,0.51268,0.13439,0.43676,-0.63006,0.74699,0.80721,-2.6119,-1.4246,194,238,179,177,249,217,162,246,173,234,78,226,203,71,244
0.33492,-0.0035358,-1.8241,0.49181,0.13757,-2.5148,0.59147,0.32604,0.61713,0.58358,0.67633,0.58358,0.51225,0.42946,0.43785,0.45461,0.46928,0.22303,0.37916,-0.94223,0.55835,0.73335,-2.9888,-0.26634,204,237,169,159,250,242,155,246,181,229,76,235,203,71,245
0.35668,-0.76665,-2.5936,0.53163,0.27446,-1.3909,0.49913,0.36337,0.62341,0.60907,0.81557,0.6779,0.7972,0.22136,0.18443,0.61802,0.54142,0.18579,0.36224,-0.82775,0.73428,0.90663,-2.7167,-1.0069,210,239,169,132,251,238,146,245,179,234,95,227,207,78,245
