0.45427,0.45427,0.45427,0.22301,0.26265,0.45427,-3.1898,0.03469,0.45427,0.45427,-0.51044,0.45427,0.15445,0.58147,0.60872,0.0090854,-2.7256,0.47244,-1.1811,0.23622,0.59964,1.3083,-0.24531,0.18171,172,241,149,86,181,226,93,255,173,216,0,255,187,57,255
0.49568,0.49568,0.49568,0.18763,0.22892,0.49568,-3.1437,-0.24109,0.49568,0.49568,-0.5015,0.49568,0.025175,0.43026,0.60191,-0.05035,-2.577,0.38907,-1.3892,0.39593,0.86968,1.2267,-0.35245,0.43026,173,240,149,81,181,229,93,255,167,219,0,255,191,50,255
0.54097,0.54097,0.54097,0.22624,0.29618,0.54097,-2.9751,-0.85623,0.54097,0.54097,-0.47792,0.54097,0.10804,0.36394,0.60703,-0.058286,-2.7281,0.48335,-1.2652,0.43644,1.0634,0.56438,-0.27579,0.70086,171,239,154,84,180,231,97,255,153,221,0,255,215,25,255
0.51461,0.51461,0.51461,0.1017,0.25769,0.51461,-3.1129,-0.32651,0.51461,0.51461,-0.52226,0.51461,0.11726,0.43067,0.66093,-0.12579,-2.4028,0.32833,-1.5969,0.41788,0.89759,1.2366,-0.4328,0.46905,170,239,147,79,181,234,97,255,154,218,0,255,206,37,255
0.48551,0.48551,0.48551,0.1576,0.27589,0.48551,-3.159,-0.18979,0.48551,0.48551,-0.48327,0.48551,0.066111,0.37407,0.62847,-0.041005,-2.7323,0.38076,-1.2293,0.47784,0.87283,1.0302,-0.28202,0.45441,173,241,150,82,181,237,96,255,158,217,0,255,195,37,255
0.56501,0.56501,0.56501,0.1399,0.15541,0.56501,-2.9538,-0.92755,0.56501,0.56501,-0.369,0.56501,0.10028,0.556,0.68417,-0.056371,-2.5486,0.43495,-1.4662,0.59872,1.1897,0.25693,-0.3768,0.6272,170,240,154,77,181,235,97,255,147,223,0,255,212,25,255
0.51886,0.51886,0.51886,0.071056,0.16307,0.51886,-3.1311,-0.29701,0.51886,0.51886,-0.4381,0.51886,0.18304,0.57066,0.70633,-0.12705,-2.5626,0.26057,-1.5031,0.35747,0.97767,0.79032,-0.30794,0.65465,171,240,159,74,181,243,87,255,180,219,0,255,196,43,255
0.54375,0.54375,0.54375,0.10835,0.20144,0.54375,-3.0476,-0.63333,0.54375,0.54375,-0.43515,0.54375,0.12284,0.49453,0.68352,-0.072447,-2.5041,0.40633,-1.5718,0.48823,1.1119,0.47563,-0.36223,0.72762,170,239,155,77,181,238,95,255,156,219,0,255,205,33,255
0.40873,0.40873,0.40873,0.40873,0.25759,0.40873,-3.2317,0.086106,0.40873,0.40873,-0.38185,0.40873,0.66985,-0.14404,0.27902,-0.035255,-2.6663,0.23873,-0.28506,0.56509,0.86728,-1.2521,0.80684,0.95592,174,240,157,80,182,225,97,255,145,218,0,255,214,13,255
0.39685,0.39685,0.39685,0.39685,0.21386,0.39685,-3.2347,0.25403,0.39685,0.39685,-0.40801,0.39685,0.82383,0.26075,0.20407,-0.2154,-2.7625,0.13227,-1.2886,0.28721,0.57063,0.73691,0.3779,0.87295,172,240,154,85,181,216,97,255,149,217,0,255,198,32,255
0.42809,0.42809,0.42809,0.42809,-0.037421,0.42809,-3.2212,0.18411,0.42809,0.42809,-0.35026,0.42809,0.56159,0.56964,0.3764,-0.13084,-2.3047,0.36835,-1.9129,0.22074,0.67431,0.95342,-0.18183,0.80581,174,242,144,85,180,217,98,255,151,217,0,255,196,37,255
0.46091,0.46091,0.46091,0.44871,-0.0097201,0.46091,-3.1916,-0.1562,0.46091,0.46091,-0.3176,0.46091,0.58624,0.61649,0.53274,-0.088402,-2.0635,0.33267,-2.1496,0.19309,0.75374,0.80725,-0.31871,0.79794,173,241,137,85,180,232,98,255,161,218,0,255,193,50,255
0.42041,0.42041,0.42041,0.41507,-0.012126,0.42041,-3.2374,0.17344,0.42041,0.42041,-0.28179,0.42041,0.65937,0.46927,0.26375,-0.18582,-2.5262,0.32027,-1.6707,0.2509,0.63882,0.81608,0.055661,0.90856,169,239,164,84,181,220,97,255,155,218,0,255,206,26,255
0.40606,0.40606,0.40606,0.40606,0.057172,0.40606,-3.2325,0.29931,0.40606,0.40606,-0.37243,0.40606,0.4872,0.51842,0.54517,-0.063548,-2.4628,0.37348,-1.7559,0.22855,0.67896,0.86626,-0.19287,0.77707,170,239,165,85,181,219,98,255,154,215,0,255,201,25,255
0.47232,0.47232,0.47232,0.47232,0.030725,0.47232,-3.1628,-0.2889,0.47232,0.47232,-0.3576,0.47232,0.55182,0.62343,0.52944,-0.10835,-2.156,0.37503,-2.0687,0.20271,0.77784,0.76217,-0.28738,0.79798,171,239,152,76,181,233,96,255,146,216,0,255,202,35,255
0.077763,0.46445,0.46445,0.4293,0.34461,0.46445,-3.1659,0.1257,0.46445,0.46445,-0.59814,0.46445,-0.24655,0.41809,0.68775,0.083872,-2.5215,0.57381,-1.3442,0.56242,0.91563,1.2043,-0.42126,0.08767,176,242,143,88,181,240,100,255,154,216,0,255,191,44,255
0.29322,0.44828,0.44828,0.44214,0.38073,0.44828,-3.1656,-0.053732,0.44828,0.44828,-0.58645,0.44828,-0.27521,0.40093,0.68611,0.26754,-2.6532,0.55272,-1.1675,0.70911,0.94369,0.98048,-0.3948,-0.049829,172,240,150,85,182,224,100,255,147,219,0,255,202,36,255
0.42479,0.42479,0.42479,0.3972,0.30063,0.42479,-3.2086,-0.023568,0.42479,0.42479,-0.43916,0.42479,-0.30783,-0.37333,0.55672,0.29474,-2.7509,0.75321,-0.66807,0.13099,1.3951,-0.20304,0.36678,0.80561,174,238,152,85,177,212,97,255,149,218,0,255,197,40,255
0.45001,0.45001,0.45001,0.45001,0.26755,0.45001,-3.1624,-0.18085,0.45001,0.45001,-0.52442,0.45001,-0.55115,0.020692,0.63015,0.62263,-2.6956,0.87845,-0.52105,-0.28028,1.2471,-0.47591,0.32918,0.79569,171,239,148,79,181,241,99,255,138,216,0,255,192,45,255
0.44854,0.44854,0.44854,0.39645,0.29226,0.44854,-3.1702,-0.12636,0.44854,0.44854,-0.53196,0.44854,-0.12059,0.10949,0.59995,0.49701,-2.9483,0.6605,-0.55655,0.13371,1.0056,-0.35674,0.10344,0.87242,173,240,146,99,162,225,102,255,143,211,0,255,196,28,255
0.65295,0.65295,0.59485,0.17776,0.20059,0.51599,-0.5734,0.34999,0.58447,-3.0718,-0.37628,0.29189,-0.88231,0.78148,0.79828,0.14285,-1.5545,0.2773,-1.6386,0.075627,0.86551,1.773,-0.89912,0.26049,205,242,155,173,182,172,161,255,144,249,0,255,243,95,255
0.68645,0.68645,0.68645,0.1102,0.14351,0.68645,-2.418,0.26675,0.68645,-1.7251,-0.49603,0.68645,-1.1419,0.40149,0.70739,0.34587,-0.32849,0.46059,-0.4154,0.48492,0.87077,0.26592,-2.6957,1.0446,205,242,152,161,181,190,161,255,147,251,0,255,244,117,255
0.76819,0.76819,0.76819,0.062136,0.082716,0.64946,-1.4703,0.30276,0.73178,-2.569,-0.49669,0.4025,-1.3616,0.42385,0.66128,0.39104,-0.1726,0.47018,-0.19576,0.51458,0.80798,0.059034,-2.6549,1.057,205,243,150,163,182,181,160,255,148,251,0,255,245,110,255
0.47742,0.47742,0.47742,0.059708,0.14673,0.47742,-3.1718,0.16414,0.47742,0.47742,-0.54075,0.47742,-0.1439,-0.019417,0.69236,0.42425,-0.31626,0.53915,-0.11198,0.58064,0.97643,-2.8729,-0.69289,0.94451,203,243,159,151,182,240,163,255,147,251,0,255,244,117,255
0.73544,0.73544,0.72403,0.016174,0.11258,0.63777,-1.156,0.20519,0.69992,-2.7734,-0.42275,0.48554,-1.3546,0.37594,0.76052,0.31086,-0.75706,0.42623,-0.66832,0.55344,0.98238,0.60965,-2.3131,1.0741,204,242,157,171,182,186,164,255,141,251,0,255,246,102,255
0.53487,0.53487,0.53487,-0.1333,-0.028684,0.53487,-3.113,0.19741,0.53487,0.44713,-0.57874,0.53487,-0.32901,-0.19073,0.73431,0.41007,-0.58649,0.54596,-0.25033,0.68186,1.1062,-2.7346,-0.43153,1.0442,208,242,169,154,181,192,156,255,156,246,0,255,243,55,255
0.74145,0.74145,0.74145,0.015442,0.064045,0.74145,-2.2203,0.22504,0.71715,-1.8953,-0.52831,0.65639,-1.0512,0.40863,0.80167,0.36746,-0.51594,0.58831,-0.42236,0.68938,1.1685,-1.2346,-2.0544,1.2546,206,243,155,159,182,186,163,255,136,251,0,255,245,107,255
0.734,0.734,0.734,0.041637,0.05163,0.734,-2.0355,0.19724,0.72687,-2.1183,-0.45801,0.65834,-0.42832,-0.037264,0.79416,0.4065,-0.47083,0.57483,-0.43852,0.65814,1.1206,-2.6727,-0.56604,1.0594,206,242,164,153,181,213,159,255,146,248,0,255,243,92,255
0.6199,0.6199,0.6199,0.27868,0.096254,0.4715,-0.58146,0.44693,0.60856,-3.0683,-0.37919,0.26734,-1.7268,-0.18375,0.80258,0.55271,-0.21882,0.61628,-0.11799,0.70614,1.0503,-1.4506,-1.409,1.379,209,243,153,160,183,192,159,255,137,247,0,255,245,100,255
0.43511,0.43511,0.43511,0.32672,-0.021991,0.43511,-3.2044,0.41626,0.43511,0.3283,-0.45553,0.43511,-0.83865,-0.093863,0.772,0.32072,-1.0808,0.63258,-0.98174,0.69128,1.3847,-1.5834,-0.80563,1.5828,207,243,157,152,182,235,161,255,145,250,0,255,244,93,255
0.60999,0.60999,0.60999,0.50009,-0.18534,0.60999,-2.2084,0.58397,0.60999,-2.0421,-0.30825,0.60999,-1.1107,0.62798,0.68934,0.28024,-0.6157,0.53593,-1.1046,0.51138,0.8673,0.59729,-2.3339,1.0555,207,243,153,156,182,210,160,255,141,251,0,255,247,108,255
0.42295,0.42295,0.42295,0.39666,-0.17647,0.42295,-3.2038,0.39534,0.42295,0.42295,-0.37234,0.42295,0.21176,0.28542,0.69052,0.22491,-1.4192,0.6195,-1.7454,0.57215,1.2377,-1.4218,-0.56163,1.3061,206,242,152,152,182,237,162,255,140,248,0,255,244,90,255
0.43131,0.43131,0.43131,0.41403,-0.12889,0.43131,-3.1948,0.3305,0.43131,0.43131,-0.43995,0.43131,-0.82046,-0.37718,0.9473,0.18091,-1.4106,0.66691,-1.9714,0.52272,1.1262,0.50936,-0.67092,1.2971,205,242,153,157,182,223,160,255,146,248,0,255,241,83,255
0.51707,0.51707,0.51707,0.36384,-0.2354,0.51707,-3.1269,0.41087,0.51707,-0.003287,-0.5115,0.51707,-1.1403,0.45685,0.81559,0.40533,-0.75866,0.70682,-1.1594,0.69538,1.1686,-0.46099,-1.9322,1.203,204,242,148,164,182,193,164,255,136,249,0,255,246,94,255
0.652,0.652,0.652,0.36901,-0.18252,0.652,-2.6341,0.36757,0.652,-1.43,-0.40198,0.652,-0.90896,0.60702,0.754,0.35749,-0.74659,0.6224,-1.1704,0.56429,1.036,0.13359,-2.2985,1.0497,207,243,151,165,182,192,162,255,147,250,0,255,244,105,255
0.0011815,0.51512,0.47081,0.31309,0.18372,0.5736,-3.1019,0.43891,0.5736,0.19435,-0.73605,0.5736,-1.2558,0.065931,0.83822,0.62296,-0.066246,0.69472,-0.036034,0.76458,0.97418,-1.7506,-1.8185,0.96662,205,242,150,158,181,233,164,255,142,249,0,255,246,115,255
0.1597,0.61645,0.55746,0.44959,0.29285,0.66701,-2.6415,0.56757,0.66701,-1.4229,-0.58021,0.66701,-1.8813,0.30233,0.80345,0.4681,-0.18356,0.54622,-0.31694,0.63387,0.88348,0.21087,-2.2776,0.81108,203,242,150,170,182,190,165,255,137,249,0,255,246,106,255
0.69769,0.6834,0.67625,0.30105,0.11703,0.67446,-1.7893,0.24031,0.69054,-2.4147,-0.4154,0.53868,-1.7966,-0.078948,0.6892,0.60598,0.19204,0.59318,0.29232,0.50356,0.94311,-1.5662,-1.564,1.1864,205,242,151,163,182,203,162,255,142,248,0,255,243,99,255
0.55381,0.55381,0.55381,0.24386,0.10278,0.55381,-3.0886,0.32723,0.55381,-0.31191,-0.59193,0.54954,-1.3086,-0.25518,0.65503,0.5746,0.24112,0.61384,0.34705,0.49221,0.99244,-2.3561,-1.03,1.0336,204,242,150,164,182,199,163,255,142,248,0,255,243,95,255
0.40209,0.40209,0.40209,0.33775,0.26055,0.40209,-3.2263,0.26699,0.40209,0.40209,-0.45355,0.40209,-0.94909,-1.5659,0.77653,0.57827,0.086281,0.40203,0.46078,0.20377,0.94542,-2.2488,0.16705,1.1437,206,242,151,149,182,235,161,255,135,249,0,255,246,78,255
1.1123,1.1123,1.1123,0.36592,0.43345,0.55784,-1.4484,-1.9726,-0.41775,0.24864,-1.1925,0.088703,-0.26627,0.18747,1.0216,0.20649,-1.9236,0.49449,-1.8666,0.66023,1.1982,0.078793,-0.75533,0.96454,182,243,160,130,181,201,125,255,142,243,0,255,216,83,255
1.114,1.114,1.114,0.36358,0.39251,0.22745,-1.4674,-1.971,-0.26772,0.44696,-1.2615,0.19512,-0.12793,0.18252,1.0454,0.071189,-2.012,0.29171,-1.8707,0.67067,1.0454,0.44587,-0.72099,0.97898,180,242,142,131,181,202,128,255,135,242,0,255,220,65,255
1.0165,1.0165,1.0165,0.48173,0.52727,0.43766,-1.3575,-2.2493,-0.58922,0.52433,-0.82133,-0.0030605,0.16734,0.56645,0.81511,0.20704,-1.4249,0.59779,-2.359,0.58943,0.81511,0.31361,-1.1031,0.81511,182,243,147,122,181,214,129,255,140,247,0,255,234,95,255
1.0045,1.0045,1.0045,0.27609,0.36714,0.31133,-1.5302,-2.1881,-0.29077,0.61679,-0.96043,0.38476,-0.19493,0.21485,1.0643,0.12521,-2.0133,0.38986,-1.8298,0.67159,1.0643,0.22766,-0.73704,1.0173,182,242,149,127,181,209,122,255,145,232,0,255,211,81,255
0.94194,0.94194,0.94194,0.28972,0.3242,-0.023465,-1.5434,-2.3594,-0.22172,0.68048,-0.57225,0.60003,-0.38307,-0.21997,1.115,0.21494,-2.3462,0.54113,-1.3073,0.66798,1.2358,-0.0085573,-0.43139,0.92168,182,242,139,133,182,204,127,255,141,232,0,255,212,83,255
1.0935,1.0935,1.0935,0.28715,0.30334,0.45555,-1.5523,-1.9442,-0.3897,0.47822,-1.1799,0.26124,0.097992,0.23894,0.93965,0.12618,-1.9196,0.30337,-2.0363,0.74232,0.93965,0.41613,-0.78796,0.93965,180,242,151,122,181,214,121,255,147,227,0,255,214,78,255
1.01,1.01,1.01,0.25617,0.27384,0.53,-1.6077,-2.123,-0.38278,0.57712,-0.9069,0.35334,0.02947,0.38704,0.85856,0.13556,-1.8487,0.46955,-2.1277,0.67388,0.85856,0.54421,-0.83891,0.85856,183,243,154,125,182,213,126,255,141,240,0,255,218,86,255
1.1367,1.1367,1.1367,0.15261,0.13306,0.51105,-1.6233,-1.8775,-0.30685,0.36116,-1.1378,0.37745,-0.18889,0.27537,0.93469,0.19734,-1.9523,0.53676,-1.925,0.6655,0.93469,0.46263,-0.87552,0.93469,182,242,161,128,181,210,125,255,140,229,0,255,217,77,255
1.114,1.114,1.114,0.71559,0.24301,0.27365,-1.336,-1.9392,-0.46021,0.075268,-1.3086,0.39462,-0.041386,0.26787,0.91003,0.038657,-1.8496,0.36247,-2.0643,0.87365,0.91003,0.47889,-0.79634,0.91003,187,243,158,115,181,227,117,255,133,227,0,255,213,64,255
1.0547,1.0547,1.0547,0.72124,0.22544,0.27727,-1.6455,-1.8614,-0.29454,0.20471,-1.2326,0.44138,0.0907,0.13273,0.96673,0.2544,-1.9622,0.5995,-1.9932,0.61499,0.97558,0.057517,-0.71232,0.97558,180,243,149,129,182,204,127,255,139,238,0,255,218,79,255
0.96223,0.96223,0.96223,0.55754,-0.13503,0.39304,-1.8179,-1.9677,-0.28145,0.44568,-0.84077,0.75989,0.42828,0.48646,0.66629,0.1744,-1.7103,0.58519,-2.3662,0.58343,0.66629,0.61516,-0.79529,0.66629,183,243,154,125,182,184,127,255,139,245,0,255,223,89,255
0.81527,0.81527,0.81527,0.58885,0.016553,0.21658,-1.8476,-2.1199,-0.21264,0.77777,-0.65576,0.79027,0.51927,0.40794,0.65496,0.20962,-1.777,0.59929,-2.3563,0.59929,0.65496,0.54537,-0.71237,0.65496,181,243,150,126,182,208,124,255,147,240,0,255,219,90,255
0.80173,0.80173,0.80173,0.696,-0.016152,0.24522,-1.9823,-1.8531,-0.039646,0.76061,-0.99114,0.7753,0.26907,0.35522,0.75547,0.12728,-1.9547,0.53471,-2.1934,0.57778,0.75547,0.64958,-0.63193,0.75547,180,242,152,128,181,206,125,255,137,229,0,255,217,71,255
0.89201,0.89201,0.89201,0.63537,-0.0025014,0.16109,-1.8711,-1.8666,-0.077545,0.62486,-1.0786,0.79896,0.41676,0.53738,0.65149,0.17062,-1.8751,0.50804,-2.3348,0.56836,0.65149,0.61237,-0.55803,0.65149,180,242,146,125,181,216,127,255,137,230,0,255,220,64,255
0.87234,0.87234,0.87234,0.59882,-0.00011689,0.39263,-1.8937,-1.8446,-0.11093,0.61285,-1.1237,0.75171,0.43203,0.44191,0.66904,0.18845,-1.7915,0.52091,-2.3445,0.62131,0.66904,0.62295,-0.69866,0.66904,182,242,143,123,181,210,125,255,137,231,0,255,220,76,255
0.33948,0.78623,0.65284,0.81164,0.60626,0.60626,-1.3205,-2.4935,-0.20891,0.65496,-0.89492,0.46016,-0.40906,0.10952,1.0831,0.37136,-1.7335,0.62302,-1.8987,0.72216,1.2484,0.00021184,-0.90223,0.78571,182,242,147,130,181,201,128,255,140,240,0,255,225,84,255
0.4739,0.54042,0.81082,0.88378,0.54257,0.64987,-1.6656,-1.9682,0.061875,0.66704,-1.4296,0.43313,-0.23955,0.0427,1.1153,0.16211,-2.0699,0.35318,-1.7572,0.85038,1.1066,0.073096,-0.57826,0.94157,182,242,147,135,181,195,127,255,138,235,0,255,215,69,255
1.135,1.0386,1.1202,0.79938,0.48228,0.22824,-1.1403,-1.9339,-0.27614,-0.022098,-1.526,0.094726,-0.26626,-0.073231,1.2348,-0.022435,-1.8079,0.061379,-1.6403,0.71411,1.3338,-0.42626,-0.43896,1.3313,182,242,149,133,182,201,126,255,137,228,0,255,215,56,255
1.0119,1.0055,1.0119,0.69185,0.44417,0.18523,-1.1239,-2.4637,-0.4758,0.33158,-0.73956,0.12089,-0.45253,-0.07755,1.1268,0.37954,-1.6185,0.58208,-1.468,0.60945,1.3074,-0.97804,-0.71802,1.3074,182,242,146,128,181,211,129,255,139,238,0,255,222,79,255
1.0248,1.0248,1.0248,0.76226,0.51958,0.066267,-0.87699,-2.4857,-0.60225,0.19142,-0.79152,0.14258,-0.34043,-0.20159,1.2028,0.46592,-1.5179,0.4499,-1.5232,0.68486,1.2803,-1.0667,-0.70355,1.2696,182,242,143,123,181,226,128,255,136,236,0,255,226,69,255
0.76565,0.7841,1.1393,0.37821,-0.15221,-0.12915,-2.1909,-1.6189,-0.023062,0.97782,-0.65034,0.71953,0.5841,0.68589,0.68589,-0.095734,-1.459,0.33689,-2.4552,0.52593,0.68589,0.68589,-0.86645,0.68589,184,242,152,150,181,241,132,255,147,248,0,255,229,99,255
1.0664,1.0196,1.1016,0.32054,-0.12854,-1.6554,-1.4875,-1.2493,-0.16369,1.2226,-0.49953,0.45332,0.1782,0.8714,0.863,-0.30914,-1.2166,-0.29233,-2.1703,0.64454,0.8714,0.8714,-1.183,0.8714,185,242,153,136,181,241,135,255,141,247,0,255,226,72,255
0.92149,0.97775,0.93895,0.16296,-0.02522,-1.0767,-1.9206,-1.6082,0.18236,1.0088,-0.37441,0.81285,0.35693,0.36673,0.91119,0.010282,-2.0344,-0.41471,-1.7308,0.5802,0.96211,0.97973,-0.82403,0.83676,179,242,147,148,181,240,124,255,147,241,0,255,206,79,255
1.0369,1.0767,1.0767,0.10886,-0.154,-0.8948,-2.1295,-1.2174,0.092932,1.0528,-0.58813,0.53901,0.21732,0.81853,0.86831,-0.53707,-1.7318,0.31305,-2.0497,0.63089,0.92192,0.43559,-0.80895,0.92192,185,242,155,155,181,240,137,255,139,248,0,255,235,82,255
0.79026,0.87963,0.94583,0.15805,-0.047167,-0.35003,-1.8958,-2.0944,-0.015722,0.94748,-0.13157,0.81343,0.4081,0.54373,0.84393,-0.50696,-1.8994,0.031949,-1.9555,0.64681,0.86201,0.86201,-0.69865,0.86201,181,242,158,148,182,241,125,255,147,235,0,255,216,70,255
0.92073,1.0142,1.0766,0.071425,-0.43115,-1.0779,-2.1648,-0.90255,0.083112,1.0688,-0.50127,0.84281,0.37202,0.68178,0.70365,-0.4115,-1.8947,0.29913,-2.1207,0.44126,0.82755,0.82755,-0.55362,0.82755,184,241,153,146,181,240,134,255,137,242,0,255,230,80,255
0.893,0.8997,0.91812,-0.042976,-0.21544,-1.7257,-1.9668,-0.53022,0.81431,0.6971,-0.6424,0.90137,0.44054,0.6819,0.84995,0.020411,-1.6083,0.35473,-2.2823,0.80347,0.79274,-0.068979,-0.83416,0.84995,174,242,166,120,181,240,114,255,136,251,0,255,242,95,255
1.041,1.041,1.0146,0.19017,-0.32098,-0.90469,-1.6335,-1.8478,-0.076948,1.0311,-0.30779,0.77388,0.36718,0.5898,0.42092,-0.12794,-2.0202,-0.016632,-2.0163,0.52455,0.93523,0.93523,-0.52711,0.93523,183,242,156,150,181,233,134,255,138,241,0,255,228,76,255
0.79241,0.84466,1.007,0.63754,-0.92054,-1.0381,-1.8479,-1.3031,-0.22267,1.0369,-0.023014,1.0369,0.72093,0.72093,0.72093,-0.23461,-1.5561,-0.25614,-2.3394,0.68781,0.72093,0.72093,-0.62709,0.72093,188,241,152,125,182,237,118,255,140,247,0,255,229,56,255
0.88873,0.80067,0.99486,0.56131,-0.21546,-1.2474,-2.3448,-0.74836,0.12099,0.85486,-0.4661,0.80067,0.72005,0.71611,0.54267,-0.49011,-1.6963,0.45595,-2.3487,0.43229,0.724,0.64516,-0.42507,0.724,182,242,153,152,181,241,133,255,143,253,0,255,245,91,255
1.0467,1.0467,1.0467,0.319,-1.0517,-1.2055,-2.1561,-0.13263,-0.11488,0.44128,-0.28646,1.0467,0.96102,0.81223,0.58381,-0.13709,-2.0357,-0.40114,-1.8828,0.3491,0.96102,0.24851,-0.42,0.96102,183,243,155,131,182,241,129,255,133,245,0,255,226,74,255
0.77528,0.79503,0.79503,0.63048,-0.89156,-1.3589,-2.1421,-0.75499,0.78845,0.79503,-0.2268,0.79503,0.56929,0.56929,0.56929,0.16823,-1.5108,0.54385,-2.6167,0.54834,0.56929,0.56929,-0.54858,0.56929,182,243,155,129,181,241,134,255,136,250,0,255,237,94,255
0.80609,0.81464,0.81464,0.58531,-0.2995,-0.93273,-2.2437,-1.388,0.55964,0.81464,-0.34571,0.81464,0.52458,0.52458,0.52458,0.078342,-1.0631,0.52458,-2.9379,0.49601,0.52458,0.52458,-0.24546,0.52458,182,243,152,152,182,237,136,255,138,244,0,255,248,68,255
0.8195,0.8195,0.8195,0.65607,-0.48478,-1.2501,-2.2086,-1.0222,0.59007,0.8195,-0.37793,0.8195,0.69121,0.69755,0.69755,-0.16646,-1.9468,0.085609,-2.1244,0.59926,0.69755,0.69755,-0.62621,0.69755,180,241,154,128,181,242,130,255,136,241,0,255,234,68,255
0.75658,0.78417,0.78417,0.54512,-0.35282,-0.54436,-2.2299,-1.5373,0.77957,0.78417,-0.55355,0.78417,0.67637,0.67637,0.67637,0.19677,-1.7509,-0.049621,-2.3669,0.4769,0.67637,0.67637,-0.56441,0.67637,181,242,155,145,181,240,130,255,134,241,0,255,232,65,255
-0.39764,-0.21809,0.24983,1.0387,-0.054862,-0.62887,-1.513,-1.8612,0.68781,1.8331,0.048514,0.81567,0.080452,0.34795,0.72488,0.053702,-1.8091,0.41118,-2.0936,0.40631,1.1383,0.96076,-0.85579,0.6349,187,242,150,142,181,243,134,255,148,241,0,255,218,86,255
-0.012269,0.39801,0.47849,0.87895,0.39408,-0.50303,-1.6122,-2.3149,0.33715,1.2951,-0.15165,0.81221,0.1285,0.30755,0.63893,0.016257,-2.2606,-0.11469,-1.4402,1.0211,1.3578,0.37436,-0.80685,0.7779,183,242,155,147,182,240,134,255,138,239,0,255,217,68,255
0.75864,0.49987,0.70567,0.60883,0.13821,-1.484,-1.1995,-2.2451,0.61185,0.80858,0.038335,0.75864,0.53065,0.48293,0.81431,-1.2482,-2.025,-0.604,-1.0838,0.45377,1.1192,0.61018,-0.34419,1.2942,180,241,159,128,181,242,131,255,133,240,0,255,227,57,255
0.95393,0.92787,0.82366,0.53709,-0.058117,-1.0441,-1.4249,-2.1103,0.30261,0.91986,-0.51905,0.6914,0.40166,0.32368,0.59904,-0.78504,-1.9766,0.27251,-1.7183,0.46989,1.1497,0.81103,-0.64615,1.0986,180,241,156,144,181,243,130,255,144,237,0,255,209,72,255
1.0187,0.51758,0.95936,0.67909,-1.2614,-1.8291,-1.3374,-0.79824,0.66722,1.0211,-0.26384,0.62684,0.29957,0.44686,1.1015,-0.47504,-1.9615,-0.44776,-1.5169,0.6296,1.3606,0.22866,-0.71779,1.0524,182,241,157,134,181,242,134,255,138,239,0,255,231,72,255
1.1688,1.2885,1.1296,0.28946,0.18357,-0.74177,-1.4093,-1.9341,-0.24227,0.80507,-0.74407,0.20659,0.34966,0.26327,0.77543,0.18306,-2.7562,0.13781,-1.2835,0.41959,0.80834,0.78777,-0.29618,0.61088,148,242,144,75,180,245,80,255,166,215,0,255,181,48,255
1.0196,1.0196,1.0196,0.21953,0.15457,-0.73608,-1.4592,-2.2097,-0.088181,1.0196,-0.30187,0.34261,0.56088,0.54385,0.56088,0.23738,-1.6049,0.54045,-2.5805,0.55237,0.56088,0.56088,-0.49306,0.56088,152,244,146,73,181,243,84,255,147,223,0,255,198,57,255
1.0042,1.0042,1.0042,0.35052,0.23786,-0.45233,-1.4249,-2.3103,-0.16356,0.96613,-0.45391,0.23786,0.37859,0.4772,0.81251,0.098071,-1.8962,0.49254,-2.2819,0.62184,0.8147,0.16382,-0.46734,0.78621,153,243,154,64,181,245,79,255,156,239,0,255,207,65,255
0.79363,0.79363,0.79363,0.24474,0.33478,0.34712,-1.455,-2.5182,-0.65322,0.76773,-0.034023,0.58517,0.13586,0.678,0.87908,-0.094791,-1.6108,-0.16773,-2.2239,0.5262,0.87908,0.87908,-0.75915,0.87908,158,243,152,76,181,242,86,255,146,233,0,255,214,64,255
1.0317,1.0317,1.0317,0.23413,0.069723,-0.34536,-1.6492,-2.1668,-0.12073,0.94058,-0.42349,0.36598,0.56045,0.56045,0.56045,0.15264,-1.179,0.55336,-2.757,0.56045,0.56045,0.56045,-0.69314,0.56045,153,243,162,63,180,246,81,255,154,229,0,255,213,67,255
1.0836,1.0555,1.0044,0.17402,0.074974,-0.52592,-1.3348,-2.3236,-0.22217,0.98952,-0.2882,0.31269,0.48913,0.48913,0.48913,0.38857,-0.80228,0.48913,-3.0084,0.48913,0.48913,0.48913,-0.491,0.48913,152,243,148,61,181,246,78,255,156,228,0,255,214,59,255
1.018,1.018,1.018,0.15323,0.012748,-0.52422,-1.6263,-2.1414,-0.040325,0.98367,-0.37437,0.50289,0.59483,0.59483,0.59483,0.16193,-1.4078,0.59483,-2.6172,0.59483,0.59483,0.40647,-0.70718,0.59483,152,242,150,63,181,246,78,255,158,223,0,255,206,60,255
1.0832,1.0832,1.0703,0.23302,0.074621,-0.20985,-1.5546,-2.1915,-0.23248,0.844,-0.54605,0.34616,0.50539,0.65036,0.65036,0.14641,-1.2861,0.61585,-2.3354,0.65036,0.65036,0.47778,-1.3758,0.65036,151,243,173,59,181,246,78,255,155,232,0,255,222,55,255
1.0984,1.0984,1.0984,0.62064,-0.085978,-0.79592,-1.4528,-2.0317,-0.13076,0.74007,-0.59853,0.43984,0.56472,0.45732,0.71579,0.17337,-2.0272,0.66847,-2.1037,0.71579,0.72307,0.013196,-0.62387,0.72307,155,244,163,57,181,242,70,255,183,221,0,255,204,42,255
1.2005,1.2027,1.2005,0.63054,0.013393,-1.0816,-1.3409,-1.868,-0.34232,0.5084,-0.52661,0.40339,0.46452,0.46452,0.46452,0.46452,-1.1316,0.46452,-2.9614,0.46452,0.46452,0.46452,-0.087746,0.46452,148,240,143,73,182,243,87,255,154,216,0,255,187,36,255
0.94791,0.94791,0.94791,0.5899,-0.32097,-0.69397,-1.6948,-2.0328,-0.054535,0.90795,-0.23937,0.6948,0.583,0.583,0.583,0.2393,-1.325,0.583,-2.6034,0.57979,0.583,0.49788,-0.88654,0.583,153,244,148,64,181,243,80,255,154,233,0,255,209,68,255
0.85339,0.85339,0.85339,0.64328,-0.26568,-0.39815,-1.875,-2.0638,0.13475,0.85339,-0.32659,0.73767,0.54906,0.54906,0.54906,0.23836,-1.4029,0.54906,-2.7024,0.54175,0.54906,0.54906,-0.51829,0.54906,153,243,156,65,181,244,81,255,148,229,0,255,210,62,255
0.87543,0.87543,0.87543,0.60748,-0.24643,-0.55636,-1.8735,-1.9769,0.10546,0.87543,-0.35943,0.79795,0.56002,0.56002,0.56002,0.28086,-1.4913,0.56002,-2.6817,0.56002,0.56002,0.37966,-0.40763,0.56002,153,242,139,66,180,245,85,255,147,224,0,255,211,63,255
0.84185,0.84185,0.84185,0.60587,-0.23873,-0.55384,-1.9538,-1.9394,0.25192,0.84185,-0.35528,0.81595,0.58737,0.57924,0.58737,0.1807,-1.5582,0.57761,-2.6498,0.58087,0.58737,0.22462,-0.28454,0.58737,152,243,157,66,181,243,79,255,146,216,0,255,201,50,255
0.66636,0.66636,0.66636,0.57274,0.11154,0.4375,-1.9945,-2.2915,-0.034098,0.66636,-0.1335,0.66636,0.66892,0.66892,0.66892,0.062404,-1.5501,-0.013613,-2.5125,0.546,0.66892,0.66892,-0.54573,0.66892,153,243,139,73,181,244,80,255,147,225,0,255,195,67,255
0.15867,0.32953,0.40334,0.53183,0.44435,-0.22679,-1.103,-2.869,0.53456,0.91729,0.11493,0.7642,0.0010519,0.54065,0.94772,-0.16619,-1.5988,-0.39024,-2.1006,0.50594,1.1844,0.67319,-0.65531,1.0582,157,243,141,77,181,244,83,255,148,215,0,255,199,56,255
0.46059,0.73817,0.72039,0.69715,0.51528,0.47289,-1.7327,-2.3836,-0.5007,0.80928,-0.16158,0.36487,0.26231,0.63264,0.92479,-0.19854,-1.4885,-0.26026,-2.2518,0.55035,0.95976,0.73345,-0.80135,0.93713,154,243,145,74,181,243,87,255,138,238,0,255,221,65,255
0.35354,0.57291,0.66889,0.93527,0.57879,-0.50632,-1.2193,-2.4944,-0.16747,1.2976,-0.33591,0.31633,0.5623,0.5623,0.5623,0.2963,-0.9188,0.5623,-2.743,0.5623,0.5623,0.47888,-1.0494,0.5623,152,243,141,65,181,245,80,255,157,232,0,255,212,63,255
0.85546,0.85546,0.84867,0.54639,0.42752,0.28657,-1.6918,-2.2947,-0.47082,0.85546,-0.38082,0.1626,0.35274,0.73171,0.90457,0.086801,-1.234,-0.22347,-2.4485,0.11339,0.9223,0.71841,-0.84621,0.9223,149,242,145,72,181,245,80,255,159,233,0,255,204,74,255
1.1195,0.82585,1.0259,0.60196,0.29731,-1.1489,-0.78548,-2.439,-0.25877,0.75979,-0.1248,0.12663,0.51304,0.34265,0.79237,0.16946,-1.216,0.52142,-2.6658,0.38734,0.93483,-0.27468,-0.41713,0.91248,151,242,144,64,180,243,77,255,156,217,0,255,200,57,255
0.43803,0.43803,0.43803,0.1608,0.15292,0.43803,-3.188,0.36557,0.43803,0.43803,-0.55747,0.43803,-1.5757,-1.995,1.1882,0.46205,-0.92269,0.55774,-0.54273,0.48456,0.94333,0.92363,-0.1881,0.66469,191,242,151,127,181,239,148,255,135,221,0,255,163,41,255
0.42874,0.42874,0.42874,0.14658,0.26365,0.42874,-3.2003,0.31768,0.42874,0.42874,-0.52879,0.42874,-2.088,-1.4406,1.2822,0.44725,-0.80525,0.55011,-0.45431,0.64692,1.0644,0.24757,-0.3575,0.9071,195,242,146,122,181,240,145,255,134,221,0,255,173,31,255
0.4187,0.4187,0.4187,0.21453,0.24116,0.4187,-3.2002,0.35952,0.4187,0.4187,-0.54594,0.4187,-1.2943,-1.6173,1.336,0.50541,-1.0504,0.64385,-0.64165,0.71636,1.2701,-0.48343,-0.46366,1.0789,194,242,150,119,181,240,142,255,146,218,0,255,170,35,255
0.45007,0.45007,0.45007,0.075294,0.22927,0.45007,-3.1815,0.29028,0.45007,0.45007,-0.56385,0.45007,-1.3451,-1.987,1.3098,0.46845,-1.0647,0.63049,-0.42275,0.68658,1.1789,0.013503,-0.27941,0.81122,195,242,146,122,181,241,146,255,135,221,0,255,172,32,255
0.44916,0.44916,0.44916,0.090121,0.18385,0.44916,-3.1989,0.27036,0.44916,0.44916,-0.48954,0.44916,-1.1143,-2.0873,1.4112,0.51751,-1.0533,0.56021,-0.5409,0.70662,1.1428,0.047786,-0.31213,0.72187,193,242,147,123,181,241,146,255,136,217,0,255,186,20,255
0.46867,0.46867,0.46867,0.062812,0.093328,0.46867,-3.181,0.25811,0.46867,0.46867,-0.51394,0.46867,-1.4515,-1.9529,1.2383,0.35037,-0.98669,0.47572,-0.67332,0.64808,1.0085,0.79432,-0.25026,0.79954,192,242,151,127,181,239,145,255,138,215,0,255,197,8,255
0.46167,0.46167,0.46167,0.11899,0.067585,0.46167,-3.1851,0.28176,0.46167,0.46167,-0.51498,0.46167,-0.64534,-1.1576,1.3253,0.4756,-1.3384,0.63229,-0.83217,0.75885,1.3314,-1.248,-0.43442,1.1325,197,242,153,116,181,243,136,255,155,212,0,255,180,30,255
0.44277,0.44277,0.44277,0.15212,0.15755,0.44277,-3.2107,0.25534,0.44277,0.44277,-0.45363,0.44277,-0.31576,-1.9505,1.254,0.37711,-1.6582,0.58821,-0.84082,0.68023,1.1403,0.17682,-0.28869,0.83721,193,242,157,122,181,241,143,255,147,218,0,255,177,25,255
0.36971,0.36971,0.36971,0.36376,0.28948,0.36971,-3.2496,0.36971,0.36971,0.36971,-0.36129,0.36971,0.10043,-1.7861,0.61466,0.47325,-0.67411,0.48932,0.31898,0.55359,0.78178,-2.3196,0.55681,0.89105,199,242,155,109,181,241,138,255,140,223,0,255,156,24,255
0.50504,0.50504,0.50504,0.44527,0.17945,0.50504,-3.0624,0.48617,0.50504,-0.68567,-0.3931,0.50504,-1.023,-0.18281,0.79797,0.46187,-0.65946,0.58714,-0.42725,0.65131,1.1249,-2.1047,-0.77251,1.5465,194,242,149,114,181,240,144,255,130,229,0,255,169,40,255
0.39389,0.39389,0.39389,0.39389,0.0092547,0.39389,-3.2425,0.38847,0.39389,0.39389,-0.30631,0.39389,-0.47629,-1.2396,0.95055,0.26815,-1.5147,0.67543,-1.6361,0.71589,1.1798,0.025399,-0.30366,1.3551,196,242,146,121,181,239,146,255,133,223,0,255,194,14,255
0.39573,0.39573,0.39573,0.39573,0.0055862,0.39573,-3.2389,0.39037,0.39573,0.39573,-0.32289,0.39573,-0.12639,-0.95859,0.93398,0.30312,-1.6431,0.65211,-1.7881,0.55547,1.2454,-0.22304,-0.28746,1.3367,194,242,145,122,181,238,146,255,135,223,0,255,188,21,255
0.39611,0.39611,0.39611,0.39611,-0.028511,0.39611,-3.2403,0.39611,0.39611,0.39611,-0.29627,0.39611,0.39101,-0.19362,0.74885,0.23982,-1.373,0.60773,-1.5771,0.57497,1.1394,-1.7686,-0.087778,1.2982,196,242,150,115,181,241,140,255,151,217,0,255,188,32,255
0.44009,0.44009,0.44009,0.44009,-0.096727,0.44009,-3.1963,0.33159,0.44009,0.32873,-0.44794,0.44009,-1.3203,-0.7149,1.0348,0.26485,-1.2831,0.52505,-1.7212,0.53567,1.1225,0.71622,-0.38831,1.2287,193,241,150,124,181,239,143,255,135,218,0,255,203,7,255
0.40519,0.40519,0.40519,0.38988,-0.041241,0.40519,-3.2262,0.40008,0.40519,0.40519,-0.35884,0.40519,0.28014,-0.70259,0.90551,0.20612,-1.7287,0.62984,-1.6113,0.60431,1.2373,-0.9706,-0.16145,1.3114,198,242,149,118,181,242,139,255,155,212,0,255,197,22,255
0.11738,0.4251,0.4251,0.41016,0.27721,0.4251,-3.1853,0.41315,0.4251,0.4251,-0.58318,0.4251,-1.3859,-1.8525,1.2781,0.61213,-0.87113,0.85987,-0.60087,0.89205,1.1591,-0.3499,-0.36277,0.62178,195,242,149,120,181,240,144,255,139,217,0,255,167,36,255
0.20588,0.4034,0.4034,0.3975,0.36213,0.4034,-3.1889,0.4034,0.4034,0.4034,-0.60043,0.4034,-0.75801,-1.6918,1.1902,0.6091,-0.92932,0.70651,-0.22729,0.88453,1.1432,-1.6784,0.081735,0.66956,196,242,151,117,181,242,146,255,134,225,0,255,170,36,255
0.37393,0.37393,0.37393,0.36731,0.29283,0.37393,-3.2393,0.37228,0.37393,0.37393,-0.41062,0.37393,-0.14068,-2.7025,0.86408,0.62693,-0.92701,0.60509,0.32114,0.4834,0.87968,-0.8802,0.28057,0.58949,196,242,150,119,181,241,143,255,148,219,0,255,173,29,255
0.42009,0.42009,0.42009,0.36,0.14967,0.42009,-3.2155,0.23314,0.42009,0.42009,-0.46794,0.42009,-1.408,-2.2386,1.2025,0.629,-0.39937,0.76744,-0.16865,0.40487,1.0048,-0.61032,-0.096135,0.91246,194,242,150,125,181,239,148,255,135,222,0,255,186,22,255
0.3902,0.3902,0.3902,0.35306,0.25295,0.3902,-3.2443,0.28202,0.3902,0.3902,-0.37513,0.3902,-0.13366,-1.7152,0.70495,0.5774,-0.65021,0.64117,0.46261,0.29362,1.0302,-2.3019,0.29999,0.79104,197,242,150,117,181,241,141,255,150,215,0,255,195,19,255
0.75849,0.75849,0.75849,0.23274,0.21619,-0.65178,-1.3914,-2.5547,0.44111,0.75849,-0.043237,0.71709,-0.049859,0.018947,0.81769,0.27323,-2.2995,-0.14858,-1.423,0.79077,1.3023,0.14758,-0.55543,1.1258,145,243,143,67,181,244,80,255,136,216,0,255,187,38,255
0.7845,0.78979,0.78979,0.22871,0.29223,-1.2931,-1.309,-2.2803,0.46426,0.78979,-0.014777,0.75803,0.23835,0.51561,0.89502,-0.12647,-1.9141,-0.39279,-1.9433,0.77463,0.89502,0.86583,-0.64451,0.83664,146,242,149,71,181,244,74,255,154,204,0,255,170,25,255
0.87777,0.87777,0.87777,0.25783,0.30108,-0.55242,-1.4881,-2.3834,-0.28859,0.87345,-0.047817,0.69467,0.16945,0.089497,0.99923,0.31423,-2.0411,-0.17845,-1.3064,0.90415,1.2693,-0.81159,-0.62576,1.2175,144,243,144,59,181,245,77,255,133,217,0,255,198,28,255
0.80828,0.80828,0.80828,0.14717,0.24567,-0.58949,-1.6351,-2.3596,0.25646,0.80828,-0.098379,0.80019,0.17993,0.13315,1.0595,0.086361,-1.8108,-0.22945,-1.6447,0.96361,1.3005,-0.49847,-0.72071,1.1812,146,244,156,60,181,246,77,255,131,216,0,255,203,21,255
0.76137,0.76137,0.76137,0.15019,0.13585,-0.65386,-1.5478,-2.4301,0.57502,0.76137,-0.036163,0.76137,-0.034018,0.13121,0.90149,-0.14336,-2.2258,-0.24542,-1.3243,1.0862,1.3826,0.063177,-0.57102,0.97925,148,242,144,64,181,247,79,255,138,213,0,255,198,29,255
0.85328,0.91802,0.90919,0.10729,0.18821,-0.72551,-1.5907,-2.2366,-0.12519,0.91655,-0.014836,0.80031,0.35958,0.64966,0.82715,0.10958,-1.4763,-0.1557,-2.3389,0.77371,0.82715,0.51607,-0.91907,0.82715,147,243,147,59,181,246,74,255,146,214,0,255,199,35,255
0.81638,0.81638,0.81638,0.19804,0.12074,-0.60372,-1.509,-2.443,0.2452,0.79018,-0.053494,0.8059,0.20941,0.38342,0.84574,0.084873,-2.3069,0.0063974,-1.6876,0.8048,0.8611,0.59496,-0.65723,0.8611,149,243,148,64,181,246,78,255,134,211,0,255,193,25,255
0.8254,0.8254,0.8254,0.16183,0.12279,-0.6551,-1.6519,-2.3196,0.29148,0.78637,-0.031947,0.81983,0.16369,0.13387,1.0047,0.14779,-2.2122,-0.05103,-1.562,0.80985,1.1101,0.12393,-0.73695,1.0683,146,243,156,60,181,247,71,255,147,213,0,255,190,29,255
0.6716,-0.035041,1.1008,0.8199,-1.0086,-0.20603,-1.9194,0.085349,1.1148,-0.19207,-1.546,1.1148,0.085902,-0.32898,-0.38845,-1.6019,-2.1372,-0.53005,0.57725,1.1833,1.0544,0.59565,0.81088,0.6792,148,246,209,66,182,244,55,255,158,173,0,255,135,0,255
0.7519,0.7519,0.7519,0.49285,0.071349,-0.54627,-1.5825,-2.4621,0.24551,0.7519,0.021588,0.7519,0.52189,0.52189,0.52189,0.35094,-0.971,0.46942,-2.9074,0.52189,0.52189,0.52189,-0.59524,0.52189,145,243,143,59,181,244,78,255,133,218,0,255,207,24,255
0.70334,0.70334,0.70334,0.54321,-0.018534,-0.63492,-1.5055,-2.4955,0.57752,0.70334,0.017051,0.70334,0.61797,0.60287,0.61797,0.13299,-1.5552,0.19676,-2.5772,0.60455,0.61797,0.61797,-0.49463,0.61797,146,243,143,59,181,245,74,255,146,215,0,255,193,39,255
0.75069,0.75069,0.75069,0.60893,-0.097082,-0.26972,-1.8432,-2.2993,0.20469,0.75069,-0.057781,0.75069,0.57933,0.57933,0.57933,0.2592,-1.1981,0.43599,-2.684,0.57933,0.57933,0.57933,-0.86839,0.57933,143,243,143,51,181,246,71,255,148,225,0,255,212,48,255
0.71554,0.71554,0.71554,0.52688,-0.060339,-0.70203,-1.733,-2.2817,0.67568,0.71554,-0.0032107,0.71554,0.60342,0.52917,0.79294,0.15208,-2.1066,0.11886,-1.9464,0.67376,0.91018,-0.045265,-0.59235,0.91018,147,243,136,64,181,242,78,255,138,215,0,255,202,28,255
0.77276,0.77276,0.77276,0.49103,-0.07522,-0.70034,-1.9057,-2.1034,0.46861,0.77276,-0.038778,0.77276,0.54455,0.62215,0.64963,0.093497,-1.84,0.23738,-2.3331,0.64316,0.64963,0.64963,-0.5661,0.64963,144,243,148,61,181,244,76,255,136,216,0,255,205,26,255
0.72059,0.72059,0.72059,0.55668,-0.062283,-0.85861,-1.8666,-2.0855,0.72059,0.72059,-0.0072375,0.72059,0.5477,0.62403,0.63649,0.12397,-1.599,0.17382,-2.5321,0.63649,0.63649,0.63649,-0.52095,0.63649,147,243,146,66,181,243,78,255,136,211,0,255,194,10,255
0.014506,0.56036,0.51304,0.60599,0.45559,-0.60233,-1.4338,-2.5103,0.46066,1.0927,-0.005774,0.84935,-0.15522,0.23061,1.1398,0.2794,-1.4968,0.0066523,-2.0755,0.83376,1.1752,0.10865,-1.0001,0.9535,146,243,144,61,181,247,74,255,147,214,0,255,185,37,255
0.13683,0.5888,0.47877,0.74284,0.64635,-0.42347,-1.1598,-2.6935,-0.12724,1.1169,0.070814,0.62266,0.31467,0.56084,1.0949,0.50868,-1.3814,-0.058761,-2.0239,0.61299,1.0886,-0.31119,-1.2938,0.88837,145,239,144,52,181,246,71,255,148,212,0,255,185,31,255
0.89908,0.85903,0.82344,0.61134,0.3933,-0.96681,-0.906,-2.5316,-0.5085,0.77746,0.089241,0.46005,0.47982,0.53977,1.0506,0.47742,-1.4075,-0.5106,-1.9039,0.61651,1.1417,-0.80317,-0.81516,1.1345,146,243,146,55,181,246,72,255,147,215,0,255,196,31,255
0.7853,0.83081,0.7853,0.42935,0.29445,-0.78476,-1.1651,-2.5921,-0.098873,0.83731,0.04578,0.63252,0.32523,0.42452,0.93624,0.2845,-1.574,0.037551,-2.3683,0.74275,0.94642,-0.15084,-0.55054,0.94642,148,242,136,59,180,246,74,255,147,214,0,255,191,38,255
0.7834,0.79779,0.80419,0.51156,0.30049,-0.53102,-1.2346,-2.6242,-0.20961,0.81538,-0.0049304,0.59151,0.43621,0.41809,1.0184,0.31201,-1.1344,-0.073527,-2.1099,0.69495,1.1245,-0.66347,-1.1447,1.1219,145,243,144,55,181,247,70,255,148,215,0,255,200,38,255
0.56874,0.56874,0.56874,0.043457,0.09865,0.56874,-3.0188,-0.53131,0.56874,0.56874,-0.57319,0.56874,0.12907,0.79962,0.81379,0.19518,-2.2509,0.37463,-1.1176,0.5399,1.2766,-1.382,0.025185,0.59657,169,242,148,21,179,242,92,255,177,192,0,255,149,0,255
0.54882,0.54882,0.54882,0.14029,0.16846,0.54882,-3.0364,-0.59578,0.54882,0.54882,-0.5183,0.54882,-0.1452,0.69759,0.78282,0.24305,-2.2285,0.59343,-1.2816,0.57449,1.3983,-1.1111,-0.097853,0.57449,170,241,151,64,180,245,88,255,179,185,0,255,145,0,255
0.58006,0.58006,0.58006,0.1981,0.23847,0.58006,-2.7256,-1.4105,0.58006,0.58006,-0.36087,0.58006,0.19096,0.69721,0.72716,0.18497,-1.3128,0.48453,-1.1331,0.58338,1.2634,-2.2803,-0.12656,0.72117,167,239,145,59,177,242,93,255,167,184,0,255,139,0,255
0.56508,0.56508,0.56508,-0.020808,0.12444,0.56508,-3.0351,-0.43207,0.56508,0.56508,-0.592,0.56508,-0.053311,0.74318,0.69657,-0.044838,-2.1674,0.3873,-1.8496,0.5144,1.3236,0.30257,-0.46003,0.6076,170,240,147,68,180,244,87,255,185,139,0,255,92,0,255
0.58235,0.58235,0.58235,0.051954,0.15741,0.58235,-2.9117,-0.98402,0.58235,0.58235,-0.39004,0.58235,0.081904,0.60145,0.75368,0.10838,-1.7878,0.48563,-1.1822,0.70073,1.4188,-1.7911,-0.096795,0.70735,169,240,149,69,181,244,93,255,161,183,0,255,143,0,255
0.58084,0.58084,0.58084,-0.15285,-0.036129,0.58084,-3.041,-0.32627,0.58084,0.58084,-0.5097,0.58084,0.41027,0.66296,0.57329,-0.144,-2.3693,0.059775,-1.4808,0.50809,1.152,-0.59231,0.084228,1.1357,167,239,148,72,181,243,92,255,172,133,0,255,101,0,255
0.55091,0.55091,0.55091,-0.038619,0.024432,0.55091,-3.0935,-0.2656,0.55091,0.55091,-0.48313,0.55091,-0.10681,0.55706,0.65565,-0.17254,-2.2364,0.28757,-1.7435,0.4256,1.0369,1.1618,-0.42231,0.55706,170,240,157,70,181,244,88,255,179,107,0,255,68,0,255
0.56069,0.56069,0.56069,0.02157,0.081301,0.56069,-3.0523,-0.48232,0.56069,0.56069,-0.49304,0.56069,-0.045996,0.55307,0.69442,-0.062823,-2.274,0.35114,-1.7692,0.62375,1.2565,0.43191,-0.4263,0.6675,172,240,150,69,181,245,86,255,187,110,0,255,74,0,255
0.42548,0.42548,0.42548,0.34557,0.12543,0.42548,-3.2257,0.17761,0.42548,0.42548,-0.40129,0.42548,0.42606,0.77955,0.35434,-0.23993,-2.2379,0.56439,-2.0176,0.24164,0.94349,0.54389,0.021346,0.62074,171,241,155,66,181,240,85,255,195,145,0,255,99,0,255
0.4759,0.4759,0.4759,0.44141,0.067124,0.4759,-3.1565,-0.24679,0.4759,0.4759,-0.43652,0.4759,0.45205,0.78967,0.63793,-0.24215,-1.9833,0.41032,-2.1351,0.34963,1.0135,-0.052476,-0.17007,0.93002,168,240,156,0,179,246,89,255,179,195,0,255,148,8,255
0.55544,0.55544,0.55544,0.39925,-0.29173,0.52658,-3.0285,-0.55657,0.55544,0.55544,-0.38171,0.55544,0.57162,0.73488,0.49789,-0.044545,-2.0142,0.43996,-1.7482,0.51106,1.0509,-1.0267,-0.047178,1.0746,171,242,143,5,178,246,92,255,172,202,0,255,152,14,255
0.45798,0.45798,0.45798,0.42316,-0.12525,0.45798,-3.1952,0.045943,0.45798,0.45798,-0.35448,0.45798,0.50685,0.54257,0.43797,-0.14372,-2.1133,0.3997,-2.0878,0.34612,0.77218,0.80025,-0.34272,0.88189,166,240,161,68,181,242,95,255,159,201,0,255,163,0,255
0.54525,0.54525,0.54525,0.46051,-0.20075,0.5392,-2.9941,-0.7924,0.54525,0.54525,-0.28397,0.54525,0.62056,0.74645,0.50269,0.0044644,-1.817,0.50805,-2.251,0.29912,1.0009,-0.3384,-0.23394,0.95807,171,241,147,65,180,244,90,255,173,194,0,255,174,2,255
0.46672,0.46672,0.46672,0.43514,-0.081574,0.46672,-3.1833,-0.060044,0.46672,0.46672,-0.37725,0.46672,0.54245,0.58797,0.5137,-0.12837,-1.9444,0.42266,-2.2774,0.25016,0.77723,0.75328,-0.2841,0.78682,168,239,154,71,181,243,92,255,166,194,0,255,175,0,255
0.50477,0.50477,0.50477,0.36589,-0.13756,0.50477,-3.1409,-0.25618,0.50477,0.50477,-0.36468,0.50477,0.55972,0.65634,0.60927,-0.11665,-1.9624,0.44575,-2.2448,0.2748,0.87684,0.28223,-0.26778,0.88675,171,239,146,66,180,245,87,255,176,193,0,255,174,0,255
-0.0018976,0.50288,0.43836,0.28465,0.098678,0.65089,-3.0476,-0.17838,0.65089,0.65089,-0.68505,0.63571,-0.32397,0.53493,0.73219,0.074658,-2.0623,0.54315,-1.8363,0.58836,0.88425,1.2829,-0.58699,0.16918,169,240,146,64,179,243,92,255,178,179,0,255,139,0,255
0.23662,0.4874,0.4742,0.30756,0.23332,0.4874,-3.1555,0.10958,0.4874,0.4874,-0.64276,0.4874,-0.43614,0.57414,0.91486,0.21757,-1.7871,0.54641,-2.0328,0.47113,0.83959,1.2358,-0.70158,0.15814,170,240,148,62,179,245,91,255,180,186,0,255,145,0,255
0.54243,0.56997,0.56997,-0.015105,-0.083937,0.55161,-3.0552,-0.14589,0.56997,0.56997,-0.64377,0.56997,0.12447,0.40062,0.69559,0.15585,-2.6432,0.60772,-1.3127,-0.11401,0.95918,-0.032426,0.017782,1.1412,172,239,146,54,180,241,89,255,175,193,0,255,159,0,255
0.54261,0.54261,0.54261,0.37364,0.16846,0.54261,-2.9192,-1.0566,0.54261,0.54261,-0.36459,0.54261,-0.12594,0.18833,0.52732,0.38607,-0.60971,0.49907,-0.069446,0.2307,0.97578,-3.0462,0.34017,0.70388,170,240,141,52,179,245,91,255,179,197,0,255,156,11,255
0.49814,0.49814,0.49814,0.32131,0.26557,0.49814,-3.1,-0.43792,0.49814,0.49814,-0.53595,0.49814,-0.37083,0.31839,0.99262,0.1311,-1.944,0.6555,-1.7268,-0.16107,1.5695,-0.10863,-0.33337,0.97764,168,239,150,68,180,245,88,255,182,189,0,255,170,3,255
0.66646,0.66646,0.66646,0.2318,0.27019,0.66646,-2.5544,0.17957,0.66646,-1.5053,-0.62064,0.66646,-2.5881,-0.82615,1.1456,0.5758,-0.57103,0.59726,-0.17286,0.62587,0.98112,-0.32307,-0.29207,0.84761,200,242,147,139,180,238,154,255,145,218,0,255,175,50,255
0.61956,0.61956,0.61956,0.29027,0.37486,0.61956,-2.7005,0.24495,0.61956,-1.326,-0.60093,0.61956,-1.8346,-1.0576,1.2523,0.59685,-0.4603,0.70257,-0.1273,0.71842,1.0884,-0.62945,-1.2955,1.0461,199,242,147,138,180,239,156,255,138,225,0,255,172,50,255
0.46146,0.46146,0.46146,0.17176,0.27986,0.46146,-3.1879,-0.005525,0.46146,0.46146,-0.48837,0.46146,-1.5445,-1.1744,1.2113,0.49805,-0.89446,0.64412,-0.40026,0.70011,1.131,0.27651,-1.4885,1.0409,198,242,149,136,181,241,157,255,140,225,0,255,178,53,255
0.63554,0.63554,0.63554,0.13478,0.27307,0.63554,-2.6762,0.37934,0.63554,-1.3661,-0.55815,0.63554,-1.8893,-0.81209,1.2074,0.56471,-0.83039,0.66305,-0.32495,0.80943,1.1914,-0.5994,-1.0682,1.0884,201,243,151,136,181,240,158,255,136,226,0,255,179,53,255
0.6299,0.6299,0.6299,0.18369,0.29971,0.6299,-2.8178,0.22236,0.6299,-1.0746,-0.59272,0.6299,-2.2753,-0.78616,1.103,0.54853,-0.58021,0.61586,-0.20397,0.71883,1.0476,-0.057427,-1.1386,1.0079,198,242,151,141,181,233,157,255,145,219,0,255,185,52,255
0.51885,0.51885,0.51885,0.018449,0.10337,0.51885,-3.1538,0.018449,0.51885,0.40967,-0.50924,0.51885,-1.0442,-1.5635,1.2951,0.44229,-1.6731,0.6805,-0.60586,0.72815,1.2141,0.042085,-0.40576,0.89013,199,241,153,140,181,241,157,255,143,219,0,255,188,45,255
0.6748,0.6748,0.6748,0.18297,0.25362,0.6748,-2.2436,0.27264,0.6748,-1.9284,-0.58603,0.6748,-1.7395,-0.11276,1.0399,0.47319,-0.54065,0.65823,-0.45199,0.72762,1.1594,-0.55993,-1.7974,1.1439,199,241,151,133,180,235,155,255,137,226,0,255,191,53,255
0.59247,0.59247,0.59247,0.13712,0.16039,0.59247,-3.0402,0.22586,0.59247,-0.42735,-0.61066,0.59247,-1.0072,-0.91377,1.1616,0.51159,-0.93502,0.65816,-0.47831,0.80261,1.2954,-1.7868,-0.44432,1.1361,200,241,163,132,181,240,153,255,137,220,0,255,203,31,255
0.56702,0.56702,0.56702,0.42859,0.25139,0.56702,-1.6756,0.55816,0.56702,-2.5571,-0.40754,0.56702,-1.6972,-1.0693,1.0985,0.61881,-0.53406,0.77527,0.019729,0.73409,1.0017,-1.2546,-0.92727,1.2344,208,243,150,126,182,240,152,255,133,231,0,255,169,41,255
0.41799,0.41799,0.41799,0.40572,0.13413,0.41799,-3.2246,0.41185,0.41799,0.17709,-0.41211,0.41799,-1.5242,-1.107,1.1584,0.54082,-0.65908,0.76241,-0.42098,0.7907,1.1584,-1.206,-0.76516,1.2716,200,242,145,136,181,242,161,255,135,229,0,255,176,48,255
0.48771,0.48771,0.48771,0.45389,-0.19178,0.48771,-3.1696,0.22637,0.48771,0.19562,-0.44083,0.48771,-2.171,-0.54847,1.049,0.39504,-1.0046,0.62831,-1.0296,0.59707,1.0136,0.32422,-0.49224,1.2386,200,242,146,143,181,240,156,255,148,216,0,255,189,36,255
0.42685,0.42685,0.42685,0.39982,-0.14996,0.42685,-3.1888,0.41934,0.42685,0.41484,-0.4564,0.42685,-1.6596,-0.71049,1.0441,0.38704,-1.3252,0.77094,-1.3794,0.5731,1.0936,0.2999,-0.32895,1.2349,200,242,145,141,182,240,161,255,136,233,0,255,190,50,255
0.42214,0.42214,0.42214,0.42214,-0.048068,0.42214,-3.2137,0.28682,0.42214,0.42214,-0.40209,0.42214,-1.68,-0.12413,1.0214,0.41871,-1.1201,0.6367,-1.4043,0.63884,1.077,0.34818,-1.0474,1.2351,200,241,146,140,181,236,158,255,135,225,0,255,211,31,255
0.61964,0.61964,0.61964,0.48665,-0.056721,0.61964,-2.7393,0.36511,0.61964,-1.2378,-0.53575,0.61964,-1.5459,-0.47274,1.0776,0.37922,-1.1547,0.67617,-1.2858,0.51643,1.139,0.60449,-1.1301,1.1964,199,242,148,144,181,237,159,255,139,223,0,255,209,30,255
0.4103,0.4103,0.4103,0.38762,-0.036451,0.4103,-3.2237,0.37296,0.4103,0.4103,-0.37251,0.4103,-0.1012,-0.40581,1.0431,0.44789,-1.3036,0.73246,-1.1313,0.67635,1.2214,-1.7365,-0.69639,1.2535,199,241,152,132,181,241,153,255,149,224,0,255,211,32,255
-0.0018764,0.55239,0.54372,0.35839,0.22329,0.55239,-3.1248,0.2129,0.55239,0.24061,-0.66179,0.55239,-2.1683,-0.58505,1.1338,0.61329,-0.36717,0.74644,-0.37685,0.81665,1.1314,-0.70367,-1.1176,0.87717,202,242,148,137,181,237,161,255,136,227,0,255,176,57,255
0.20445,0.42178,0.42178,0.39115,0.32843,0.42178,-3.1825,0.34594,0.42178,0.42178,-0.61821,0.42178,-0.70844,-1.4705,1.1181,0.71167,-0.9044,0.76973,-0.023789,0.77457,1.0262,-1.9931,-0.035886,0.73586,203,242,151,132,181,242,154,255,147,219,0,255,177,46,255
0.47755,0.47755,0.47755,0.39734,0.26009,0.47755,-3.1818,0.17097,0.47755,-0.0090608,-0.5028,0.47755,-2.2091,-1.9101,1.007,0.66915,-0.031575,0.64404,0.1807,0.37471,0.83121,-0.081789,-0.27808,0.80382,200,241,144,142,181,238,161,255,136,225,0,255,196,41,255
0.3936,0.3936,0.3936,0.3936,0.26408,0.3936,-3.2123,0.31934,0.3936,0.3936,-0.51995,0.3936,-0.87816,-0.91615,0.78151,0.66953,-0.024328,0.59755,0.46157,0.48357,0.97547,-2.5558,-0.49023,0.89548,200,241,149,135,180,241,159,255,135,229,0,255,196,41,255
0.57062,0.57062,0.57062,0.55908,0.38105,0.57062,-2.4245,0.35138,0.57062,-1.8393,-0.45138,0.57062,-1.9288,-0.18175,0.68845,0.63088,0.43603,0.55338,0.48031,0.39838,0.8346,-1.6387,-1.3752,1.1025,201,241,147,136,180,221,156,255,136,229,0,255,201,45,255
0.67229,0.67229,0.67229,0.25747,0.2927,0.5842,-2.2411,-0.50812,0.65307,0.67229,-1.9816,0.25426,-0.53827,-0.20092,1.1066,0.56267,-2.2067,0.74834,-0.31337,0.76403,1.1432,-1.2103,-0.71347,0.85817,191,242,146,125,181,238,138,255,137,228,0,255,185,63,255
0.72279,0.72279,0.72279,0.092791,0.22099,0.70448,-2.4821,-0.0061046,0.45907,0.12942,-1.7972,0.51035,0.087804,-0.090706,0.89328,0.37081,-2.3025,0.68864,-1.7408,0.52319,0.89328,0.30985,-0.5261,0.89328,188,242,152,130,181,241,139,255,138,227,0,255,185,63,255
0.77747,0.77747,0.77747,0.13381,0.21383,0.61394,-2.3643,-0.85256,0.68701,0.46433,-1.611,0.38257,-0.39125,0.03262,1.0865,0.26888,-2.1145,0.41712,-0.20132,0.81551,1.0564,0.1299,-1.8736,0.77382,188,242,149,137,181,239,146,255,139,232,0,255,186,60,255
0.71858,0.71858,0.71858,0.17881,0.24684,0.67865,-1.9521,-1.7362,0.53225,0.71858,-1.3946,0.57218,-0.92724,0.070103,1.0176,0.41484,-2.5533,0.67068,-0.16839,0.71837,0.98289,-0.10118,-0.90772,0.78342,188,243,144,147,182,239,140,255,141,224,0,255,182,59,255
0.76876,0.76876,0.76876,0.0032412,0.10401,0.52125,-2.5974,-0.62438,0.76876,0.024457,-1.275,0.76876,0.095871,0.24785,0.95054,0.25275,-2.1969,0.66783,-1.2425,0.64822,0.96361,0.22987,-1.4386,0.82144,187,242,145,141,181,239,142,255,138,224,0,255,209,44,255
0.80852,0.80852,0.80852,0.23126,0.2665,0.64049,-1.8393,-2.3542,0.1066,-0.007227,-0.19694,0.72722,-0.36605,-0.017062,0.99734,0.29005,-2.2785,0.49945,-0.96632,0.66696,1.1276,0.45757,-1.3014,0.89032,189,241,150,137,181,241,134,255,143,218,0,255,196,49,255
0.72128,0.72128,0.72128,0.093044,0.099264,0.72128,-2.4728,-0.60984,0.27343,0.72128,-1.574,0.58444,-0.89003,-0.080797,1.0376,0.39635,-1.9321,0.59866,-0.67246,0.64828,1.1483,0.4078,-1.6153,0.95365,189,242,156,134,181,241,139,255,147,224,0,255,197,64,255
0.91377,0.91377,0.91377,0.06435,0.10128,0.66532,-2.1885,-1.4834,-0.31503,0.45381,-0.95294,0.91377,-0.38862,0.048364,0.90867,0.33172,-2.1024,0.63556,-1.2592,0.58776,0.9155,0.86087,-1.3718,0.83356,183,241,166,126,181,241,130,255,146,219,0,255,191,53,255
0.73815,0.73815,0.73815,0.41676,0.21836,0.69223,-1.8526,-0.25224,0.71847,-2.1658,-0.68841,0.69879,-0.13827,0.49673,0.72205,0.29376,-1.9669,0.72205,-2.2518,0.56936,0.72205,0.43714,-0.32821,0.72205,193,244,153,125,181,241,126,255,134,225,0,255,185,40,255
0.50346,0.50346,0.50346,0.40365,0.0043943,0.49593,-3.0766,0.03076,0.50346,0.43943,-0.81483,0.50346,-0.97234,-0.12206,0.93228,0.3881,-2.2806,0.73955,-0.74787,0.73728,1.1477,-0.038168,-0.84763,1.0638,188,243,153,137,181,242,143,255,147,231,0,255,187,69,255
0.61418,0.61418,0.61418,0.47274,-0.18003,0.60796,-2.6373,-0.61521,0.61418,0.61418,-1.3333,0.61418,-0.3003,0.6538,0.92352,0.36941,-1.614,0.77123,-1.4948,0.64463,1.0465,-0.59937,-1.4471,1.0465,192,243,150,140,181,232,141,255,139,226,0,255,195,55,255
0.55816,0.55816,0.55816,0.52693,-0.23828,0.53318,-2.8494,-0.15083,0.55816,0.55816,-1.1706,0.55816,0.52153,0.83512,0.77284,0.23463,-1.4823,0.67943,-2.1962,0.48595,0.83512,-0.5282,-0.99302,0.83512,188,243,151,126,181,234,135,255,138,231,0,255,208,59,255
0.5696,0.5696,0.5696,0.5,-0.089327,0.53248,-2.8472,-0.29195,0.5696,0.5201,-1.1721,0.5696,0.46736,0.11391,0.72121,0.30333,-2.3583,0.54937,-1.1495,0.49079,0.91453,0.22522,-1.3233,1.0454,190,242,144,143,181,238,145,255,138,221,0,255,206,36,255
0.6438,0.6438,0.6438,0.42259,-0.14164,0.5724,-2.596,-1.0545,0.6438,0.6438,-1.0657,0.6438,0.39932,0.4854,0.61006,0.31474,-2.0033,0.61006,-2.2452,0.54921,0.61006,0.60412,-0.54451,0.61006,188,242,149,137,181,242,142,255,139,226,0,255,214,35,255
0.63751,0.63751,0.63751,0.42911,-0.25363,0.6173,-2.6036,-0.24119,0.53953,0.50065,-1.5383,0.63751,-0.42993,0.83723,0.907,0.33564,-1.7065,0.71655,-1.7612,0.68826,0.93151,-0.28285,-1.1672,0.93151,191,242,150,138,181,233,140,255,139,225,0,255,211,38,255
0.24047,0.4418,0.48974,0.43797,0.11009,0.74091,-2.4055,0.1887,0.77159,0.33826,-1.9626,0.60861,-1.0441,0.41303,1.1785,0.40483,-0.75977,0.73562,-1.3721,0.77389,1.2824,-0.7297,-1.6701,0.78756,191,242,147,130,181,235,137,255,139,228,0,255,182,64,255
0.29323,0.6517,0.6517,0.51135,0.3913,0.51473,-2.6151,-0.8329,0.6517,0.49614,-1.3385,0.62464,-0.10425,-0.73622,1.1059,0.56855,-1.7487,0.70827,-0.28052,0.95977,1.2005,-1.2951,-1.2263,0.84799,187,242,152,132,181,240,139,255,139,234,0,255,186,65,255
0.7272,0.7272,0.7272,0.48,0.26931,0.54968,-1.8044,-2.2275,0.59116,0.34894,-0.91687,0.52812,-1.2515,-0.26127,1.2153,0.50945,-1.7104,0.8337,-1.1841,0.6142,1.2428,-0.24132,-0.77758,1.0108,190,242,152,146,181,217,138,255,139,217,0,255,191,37,255
0.71531,0.71531,0.71531,0.55462,0.33601,0.67981,-2.2611,-1.4091,0.51538,0.089375,-1.325,0.6742,-1.0621,0.038539,0.77109,0.65455,-0.93819,0.6083,0.15693,0.45106,0.94683,-2.5698,0.010791,0.93203,189,242,152,131,181,239,136,255,139,226,0,255,196,56,255
0.6025,0.57579,0.59828,0.36211,0.19904,0.60391,-1.4823,-2.6055,0.57017,0.60391,-0.62054,0.59266,-0.40389,-1.2275,0.82749,0.81662,-1.5374,0.6209,0.63993,0.59643,1.0721,-1.1134,-1.377,1.0857,188,242,155,145,181,240,145,255,138,226,0,255,216,42,255
