140.52,141.72,133.28,142.4,140.32,101.8,141.6,137.72,144.72,145.24,143.68,144.04,141.84,142.84,142.44,142.72,141.64,138.2,139.4,107.16,143.68,147.44,136.16,141.64,190,240,169,77,253,235,98,246,173,215,52,255,255,82,186
141.42,139.96,129.36,142.06,139.78,100.68,141.16,136.54,144.08,145.78,144.04,144.24,142.34,142.18,140.54,142.28,141.76,136.92,140.02,97.22,143.16,145.74,131.8,140.64,191,241,167,82,253,218,93,251,174,209,58,255,242,86,196
141.96,140.4,130.56,142.48,139.48,101.24,141.2,136.92,144.16,145.92,143.96,144.24,141.92,142.84,142,141.68,142.28,137.56,139.6,99.24,143.44,146.92,132.52,141.36,192,242,169,72,253,233,92,250,176,209,56,255,244,87,196
140.8,138.16,117.36,142.72,138.4,85.32,141.32,135.96,144.04,145.56,144.88,144.28,142.72,143.04,140,141.48,141.84,136.68,139.76,99.68,143.88,146.64,129.04,140.72,191,241,170,71,253,235,93,250,175,212,51,255,247,84,187
140.96,140.12,129.04,142.64,138.8,100.88,141.2,137.88,144.92,146,143.52,144.92,142.72,143,142.4,141.92,142.12,137.4,138.8,103.56,144.36,148.4,130.64,141.16,194,241,169,71,254,233,92,247,179,212,49,255,248,81,184
142.72,142.16,132.68,145.78,140.52,97.38,146.6,138.18,141.68,140.6,145.72,143.62,144.2,144.36,143.54,144.16,144.4,143.66,143.7,110.08,144.74,144.14,141.86,144.08,188,240,168,85,251,223,94,251,172,214,53,255,252,83,190
143.44,141.72,131.76,145.72,140.36,99.88,146.2,137.84,142.4,141.84,145.84,144.24,144.04,144.08,143.64,143.76,144.44,144.68,143.48,103.56,144.56,144,139.72,143.8,190,242,167,70,253,236,90,252,176,209,56,255,246,82,185
142.58,139.36,130.34,144.72,137.58,88.02,146.54,137.18,142.38,140.44,144.58,144.04,145.5,144.76,145.48,144.9,144.88,143.4,141.62,106.62,145.36,146.7,136.38,145.54,191,241,168,76,253,236,92,252,174,214,50,255,254,83,190
141.86,138.06,124,144.62,139,88.42,146.48,137.68,141.84,141.44,145.76,144.24,144.52,143.06,143.6,143.94,144.9,141.38,143.08,103.9,144.74,145.44,134.44,141.64,188,241,166,76,252,232,93,252,174,211,55,255,246,84,196
142.24,139.48,128.88,145.08,138.72,92.44,146.2,136.64,142.88,141.2,144.8,144.68,144.72,145.04,143.56,144.68,144.84,143.08,142.88,103.6,144.56,144.8,135.2,144.12,189,241,167,77,252,228,92,251,174,209,55,255,244,84,199
143.34,144.12,138.76,143.94,143.52,121.82,145.72,142.34,145.42,143.34,145.38,144.1,142.62,141.56,142.92,143.26,143.38,142.14,143.5,116.46,143.18,142.7,140.74,142.48,194,236,174,97,252,222,93,244,181,207,59,255,244,80,195
143.06,142.16,139.56,143.3,142.98,129.42,145.64,144.1,144.76,143.26,145.4,144.66,143.1,144.26,144.04,142.5,143.26,142.94,142.8,126.1,143.6,144.04,140.4,142.6,202,235,177,73,252,231,97,226,198,205,53,255,243,76,189
141.76,139.84,130.38,143.06,140.56,96.06,147.76,141,143.44,141.28,146.14,142.98,141.8,142.26,143.56,144.08,143.24,142.28,143.72,112,142.96,143.04,138.9,141.4,188,240,169,78,253,236,97,246,176,214,56,255,254,82,185
142.14,138.2,131.66,142.2,140.04,96.52,146.92,141.74,143.58,140.92,146.28,143.7,141.58,142.86,142.72,142.32,143.48,141.52,142.9,113.18,144.3,143.08,137.62,142.1,185,236,173,92,252,225,103,244,180,216,64,255,255,86,188
142.98,141.8,136.06,143.82,141.5,114.6,145.6,140.84,143.48,143.88,145.06,145.12,143.42,143.52,144.78,143.78,144.16,144.04,144.26,115.2,144.18,143.48,139.86,144.52,192,238,172,91,252,218,95,242,178,213,52,255,252,75,181
142.24,140.6,123.28,143.28,136.72,41.88,146.04,135.12,141.8,142.92,144.12,143.16,144.36,145.12,141.36,145.12,145.6,138.92,143.52,97.4,145,143.28,138.48,144.04,176,240,175,112,230,202,86,251,177,213,66,255,255,92,169
142.42,138.16,116.42,141.86,134.12,37.26,143.1,134.6,142.8,143.94,144.6,144.34,146.22,145.5,142.48,146.36,145.52,136.26,140.94,105.56,145.92,147.18,134.06,143.82,176,241,172,60,252,242,90,249,164,216,55,255,255,84,175
142.56,135.98,112.28,141.5,135.04,45.36,144.46,131.38,142.36,144.22,143.4,144.02,146.46,147.44,143.2,146.04,145.12,138.52,139.22,89.76,145.98,149.08,130.62,144.86,189,243,172,58,250,222,76,250,175,204,50,255,245,79,187
142.46,137.22,118.4,141.4,134.74,57.08,142.52,135.74,142.6,144.32,144.74,144.8,144.74,145.94,140.96,145.78,145.08,136.66,141.46,91.98,144.58,146.02,132.68,144.46,182,242,173,74,251,215,82,251,173,211,54,255,254,78,180
142.92,137.84,128.08,141.2,132.2,47.28,144.36,132.24,143.56,143.92,143.08,144.72,148.32,146.12,141.52,147.24,146.04,136.56,139.76,97.16,145.36,149.12,132.68,143.92,188,242,169,72,246,213,79,250,176,211,58,255,255,93,174
142.56,138.64,118.14,143.2,138.66,74.02,143.24,136.46,141.62,144.14,145.1,141.5,143.76,145.24,141.18,142.88,144.24,140,141.76,95,143.48,146.4,138.6,143.5,185,241,169,81,251,210,85,250,177,207,60,255,249,79,185
143.36,138.66,115.06,143.68,135.94,54.12,146.18,133.62,141.66,142.94,145.56,144.56,142,142.26,140.7,143.1,143.04,134.36,142.02,92.54,142.94,144.18,135.64,140.94,190,242,179,63,244,195,70,250,177,202,53,255,248,78,173
143.3,138.9,114.4,143.52,136.92,59.68,145.72,135.76,142.52,145.14,147.04,144.8,141.7,142.38,139.44,142.78,143.02,136.9,141.84,95.54,144.04,144.92,135.28,140.44,182,240,178,67,249,213,79,249,175,204,61,255,249,86,187
142.2,136.82,119,141.88,134.82,46.06,147.34,134.62,142.32,142.4,146.24,143.94,142.22,142.3,139.9,142.92,143.64,135.14,141.1,99.18,143.74,145.12,135.34,140.68,181,243,172,62,251,225,81,250,174,207,64,255,253,92,183
142.82,135.58,109.64,142.26,135.2,58.04,145.86,135.76,142.26,144.72,146.82,144.64,141.52,140.94,137.86,142.52,143.16,135.2,142.44,86.7,143.6,144.04,131.78,139.06,182,242,179,65,250,222,81,249,174,204,58,255,244,85,185
139.88,137,86.68,144.16,139.92,94.2,141.96,139.48,144.28,144.44,147.48,144.96,144.32,140.52,134.6,142.48,141.6,138.32,139.92,127.12,143.12,146.24,93.4,131.84,210,241,166,165,254,247,155,250,174,244,131,255,255,151,179
139,136.08,110.4,143.54,136.18,57.18,145.44,136.34,143.64,141.76,143.24,143.18,143.66,141.66,123.16,142.78,141.58,135.86,139.92,114.44,142.62,146.4,86.08,138.72,211,241,169,158,254,248,154,251,174,245,131,255,255,156,176
139.8,127.44,70.72,144.24,140.52,100.04,141.56,138.4,144.68,144.76,147.2,145.6,145.96,139.72,135.16,142.28,142.48,137.76,139.52,124.08,143.76,147.12,90.88,125.36,212,241,165,160,254,244,151,250,174,244,124,255,255,149,174
139,133.64,85.88,143.68,137.2,76.64,142.64,136.76,143.68,142.84,146.12,143.96,145.08,141.88,121.04,143.8,142.36,137,139.48,120.56,142.68,147.12,90.4,135.92,212,241,168,159,253,244,153,251,179,245,129,255,255,158,173
139.56,133.08,87.04,145.16,139.48,98.8,141.52,137.64,144.72,145.6,144.92,145,143.84,142.48,133.68,142.88,142.4,137.76,138.96,118.92,143.36,148.12,80.68,138.24,212,241,168,156,254,243,150,250,175,245,123,255,255,153,173
142.18,134.44,89.06,148.92,141.38,97.58,147.24,140.66,142.46,140.46,147.88,145.08,147.62,141.5,129.3,145.52,144.42,144.3,143.44,135.8,144.58,145.14,96.02,134.78,207,240,169,170,252,252,155,253,175,244,142,255,255,167,174
141.26,137.68,109.38,145.84,137.3,70.68,148.62,139.28,141.46,137.72,146.94,143.24,145.28,143.74,121.26,144.98,144.58,141.26,143.62,121.82,144.18,144.34,95.3,142.74,210,242,165,159,253,242,156,253,171,249,120,255,255,152,179
142.04,129.8,82.52,145.98,140.84,103.5,145.04,140.66,143.66,143.52,148.3,146.42,146.76,143.06,125.42,144.16,145.24,142.18,143.16,129.36,143.52,145.46,96.3,137.52,205,241,170,170,254,248,156,252,176,245,140,255,255,166,177
140.64,135.88,99.54,146.32,137.48,76.84,148,139.44,142.84,140.56,146.36,144.64,147.28,144.94,122.72,146,144.78,141.2,142.26,124.72,144.54,146.08,87.82,142.1,209,242,166,163,254,249,159,252,173,247,136,255,255,167,176
140.8,134.86,86.22,146.34,139.28,86.14,146.84,140.8,142.58,140.06,149.18,145.04,144.62,143.72,141.86,144.14,144.44,142.76,142.28,115.56,144.7,146.52,78.98,141.88,207,242,171,159,253,246,154,252,170,244,122,255,255,145,181
143.42,136.08,125.84,144.58,144.34,138.32,144.98,144.26,145.14,144.08,146.82,145.6,143.04,143.18,144.88,143.04,143.28,142.1,143.62,138.26,143.2,142.66,113.84,138.32,227,236,174,169,253,241,140,241,183,239,97,255,255,110,184
142.26,136.88,101.96,144.78,141.92,106.76,146.74,143.56,144.56,141.26,148.62,143.58,143.02,142.66,145.3,143.76,143.76,142.14,142.34,129.98,142.94,143.62,87.1,139.16,216,241,171,162,253,240,150,249,175,241,113,255,255,124,184
142.92,128,124.4,143.16,143.72,135.76,145.12,143.44,144.84,143.76,146.44,145.36,144.76,142.36,142.8,144.28,142.36,142.84,143.64,137.96,144.68,143.72,119.52,134.92,224,240,170,162,253,227,143,236,187,241,96,255,255,106,176
141.5,138.54,104.22,143.96,140.86,99.8,146.72,141.34,143.18,141.6,146.4,144.14,145.36,144.28,135.68,144.58,144.26,144.66,144.2,131.38,144.28,144.64,102.76,142.02,213,241,168,166,254,245,151,250,176,242,129,255,255,145,183
140.54,138.22,118.94,143.46,139.7,80.52,148.46,140.08,142.46,138.54,144.96,142.94,145.12,143.02,135.9,144.68,144.5,144.04,144.98,125.24,144.82,143.74,99.08,142.42,211,240,170,158,253,244,153,249,174,241,131,255,255,149,179
141.38,134.26,91.12,144.76,141.5,112.54,144.62,139.28,142.58,143.26,143.26,144.44,149.28,136.22,132.04,146.2,144.5,141.6,142.56,133.22,144.92,144.26,95.12,122.78,199,240,174,178,253,240,157,250,179,246,139,255,255,172,166
141.62,125.76,88.46,143.96,138.94,112.3,140.72,139.02,144.82,146.24,144.16,146.28,152.42,136.76,138.08,147.02,144.76,139.76,141.44,133.44,145.4,146.62,104.48,115.28,205,240,159,175,253,233,156,248,175,247,129,255,255,160,173
142.66,139.06,114.94,142.94,136.42,63.64,145.62,138.36,143.6,143.2,143.12,143.1,147.1,145.7,132.98,145.8,144.26,139.06,141.14,116.14,144.64,146.96,93.58,142.96,215,241,167,148,253,248,149,250,178,242,125,255,255,146,180
142.74,117.78,102.1,142.44,140.2,124.74,139.8,140.54,144.3,146.82,144.8,146.36,149.72,142.76,136.58,146.76,145.18,139.28,141.42,136.14,144.86,147.12,98.06,129.06,213,239,172,160,253,239,143,249,176,246,108,255,255,150,153
142.3,132.6,75.2,144.26,135.88,97.88,141.2,139.6,144.48,146.5,145.1,145.74,149,146.56,137,147.86,145.26,139.34,139.8,128.7,143.88,148.56,79.56,138.62,216,243,168,150,253,248,146,249,175,245,108,255,255,134,176
140.16,129,74.06,145.4,139.04,90.58,143.64,138.38,142.46,143.64,145.14,143.02,149,139.8,130.92,144.74,143.44,140.52,141.1,128.88,143.76,147.28,88.08,127.44,203,242,174,166,253,246,155,250,174,246,127,255,255,157,172
142.62,100.9,92.72,145.2,144,124.16,144.52,140.14,144.22,145.74,146.7,148.18,149.02,132.58,137.76,143.94,142.7,139.8,141.84,132.24,145.26,144.5,110.26,107.86,210,241,171,160,254,237,145,248,175,244,109,255,255,143,159
144.2,93.36,93.72,145.44,144.08,128.36,144.6,140.92,145.2,144.8,146.4,147.04,147.96,134.44,139.2,143.64,142.36,138.88,142.68,135.32,145.32,144.04,116.28,108.4,211,241,170,164,253,226,145,248,177,240,127,255,255,148,175
141.96,122.1,86.72,144.12,140.38,115.36,144.6,139,144.66,144.76,145.14,145.1,145.64,137.04,125,143.8,142.66,136.96,141.88,127.48,142.94,144.88,96.68,129.08,212,242,156,163,252,234,148,249,178,244,125,255,255,151,175
142.02,130.16,88.94,144.66,139.2,112.64,142.96,139.34,144.16,144.76,145.42,145.28,146.46,133.88,128.38,143.7,141.46,137.28,141.36,130.6,143.76,145.96,97.86,121.72,207,240,174,158,253,244,148,248,180,247,114,255,255,153,164
142.92,140.56,127.36,140.48,133.08,110.52,138.52,137.84,146.64,148.72,142.92,145.72,142.52,139.76,137.84,142.92,141.6,133.8,141.6,114.76,142.04,144.68,125.52,137,197,240,168,109,253,247,120,250,174,229,106,255,255,134,190
143.92,128.88,124.8,138.64,133.4,108.24,136.32,135.56,147.92,152.12,142.52,147.64,142.4,141.4,137.76,141.76,140.84,131.44,139.8,100.2,143.4,147.24,120.92,136.88,197,241,167,111,253,239,116,251,174,227,96,255,254,125,196
144.28,133.52,120.08,138.6,130.24,102.44,137.12,135.6,147.36,150.92,142.92,147.4,142.6,142.12,138.24,142.68,141.64,130.96,140.04,105.8,143,147.36,121.2,137.16,199,241,169,107,253,233,116,250,174,229,93,255,255,128,176
140.24,123.8,120.72,138.04,134.56,107.08,137.96,136.88,146.64,149.08,144.64,147.28,142.04,142.24,139.64,142.2,141.48,129.44,139.88,98.96,143.24,146.08,121,139.48,199,240,169,108,254,231,117,250,173,226,95,255,255,129,186
141,126.66,116.36,137.4,131.84,102.8,139.8,136.64,145.06,147.06,143.38,145.86,142.84,141.78,137.44,142.5,141.68,128.44,139.96,106.6,143.06,146.32,119.36,139.54,201,242,167,102,254,235,116,251,175,230,96,255,255,135,172
141.62,126.7,124.72,135.38,127.28,106.96,145.62,137.78,144.04,142.44,143.5,145.94,145.86,143.86,135.92,145.68,145.06,135.06,142.26,128.5,144.1,145.52,130.56,142.16,198,241,168,98,252,243,116,252,175,231,108,255,255,141,176
144.76,114.84,123.48,141.64,137.56,108.56,142.96,136.52,144.28,143.36,144,144.68,147.12,146.6,140.48,145.84,145.96,137.2,138.84,120.88,144.32,149.96,123.08,141.56,197,238,173,106,253,245,112,251,175,223,85,255,255,111,189
140.88,126.4,123.34,137.24,129.26,105.38,144.28,137.46,144.14,143.26,144.1,146.44,146.36,143.74,134.08,144.88,145.12,132.46,140.98,123.12,145.08,146.48,125.24,142,197,240,169,111,253,219,117,252,174,233,105,255,255,137,184
140.98,114.4,120.96,142.32,139.42,109.9,142.38,138.98,143.48,143.88,146.58,146.94,148.1,146.54,136.94,146.38,146.18,133.26,139.16,115.9,143.52,150.48,119.18,141.48,197,238,173,110,253,240,115,251,173,225,89,255,255,110,193
141.94,127.1,123.7,144.24,139.18,112.5,143.22,140.02,143.52,143.06,146.44,146.88,146.22,144.58,133.78,146.58,145.82,132.14,141,113.96,144.92,148.24,116.38,141.04,197,240,172,118,252,225,118,252,173,227,99,255,255,121,190
145.92,119.28,128.9,143.4,144.04,127.92,144.68,142.78,144.8,144.28,146.02,144.76,142.7,142.6,141.9,143.2,144.38,136.72,142.58,125.96,142.92,143.88,130.08,142.14,204,237,174,114,253,230,115,248,175,219,94,255,245,114,199
143.6,115.94,125.62,138.5,138.88,117.56,143.34,139.94,145.22,144.88,145.38,144.44,145.14,143.36,135.36,144.84,144.92,133.9,141.46,123.74,142.34,144.5,127.3,139,197,240,175,103,253,245,113,249,177,222,93,255,255,115,188
143.68,111.78,124.54,141.98,143.3,119.5,144.22,140.92,144.98,144.92,146.6,142.78,143.78,143.82,140.5,144.4,145.26,136.9,140.22,121.06,140.84,146.44,126.26,141.74,198,237,173,118,253,239,116,248,177,220,89,255,245,110,196
145.22,125.5,126.32,144.12,141.64,118.66,144.26,139.52,143.44,144.06,145.44,144.8,144.56,143.92,139.7,144.68,144.08,137.92,143.26,125.18,142.72,144.34,129.36,140.04,197,239,173,120,253,234,115,249,175,223,94,255,239,106,204
142.52,134.36,128.3,143.92,141.68,123.58,144.88,141.74,144.5,143.92,145,145.52,144.94,143.06,136.4,145.42,144.64,134.64,145.5,123.32,143.64,143.84,127.04,140.82,199,238,173,135,249,200,120,250,175,229,108,255,255,133,194
135.88,102.42,121.66,133.06,138.66,100.04,140.9,135,144.46,147.32,141.74,139.82,152.06,152.18,135.18,149.24,148.48,132.56,130.04,116.84,146.6,153,120.36,146.54,184,237,171,103,253,251,115,250,169,238,101,213,205,74,242
139.88,115.4,122.54,137.16,132.42,80.08,140.7,136.34,144.48,145.94,143.7,145.9,150.38,146.66,131.88,148.34,145.72,128.7,136.24,118.36,145.24,152.28,118.5,141.14,187,241,166,117,252,240,121,249,170,235,102,255,248,97,210
142.08,124.28,125.34,128.16,120.3,101.44,131.16,134.9,151.08,153,141.08,152.12,147.92,140.68,126.54,147.2,143.78,129.44,141.96,96.86,144.44,145.94,117.24,138.1,183,241,169,114,251,232,113,250,179,233,124,216,214,83,240
142.66,132.44,137.78,126.62,112.88,107.9,121.36,133.82,153,153,138.82,153,148.14,141.3,124.52,147.8,145.42,123.18,141.5,106.88,144.4,146.36,122.28,140,173,242,175,107,252,238,116,250,176,239,108,255,255,116,215
143.72,126.14,130.34,127.84,118.36,101.3,128.1,133.62,151.74,153,140,153,148.52,145.22,129.86,148.72,146,123.78,140.06,100.24,145.18,148.3,111.52,142.04,176,243,172,137,250,192,118,251,175,237,116,255,255,150,190
141.8,113.2,121.08,136.06,134.02,101.74,137.04,133.92,146.24,151.94,141.2,142.74,144.04,142.14,139.08,142.7,143.56,133.82,142.66,83.14,142.82,145.44,117.86,139.98,191,239,173,114,252,241,110,250,176,218,96,255,247,115,193
141.76,124.08,127.7,133.7,129.32,107.12,136.62,135.16,147.48,153,144.06,151.12,144.14,138.88,125.16,145.04,143.5,125.58,139.7,108.92,143.76,148.26,103.1,138.44,172,242,169,134,249,191,117,249,175,237,114,255,242,120,209
141.1,123.5,125.58,131.62,127.4,106.42,138.66,136.2,146.3,150.68,144.54,149.48,143.48,141.36,126.98,145.16,143.72,126.68,142.08,108.38,144,145.52,113.4,138.14,183,241,163,138,250,191,122,249,173,233,112,255,255,145,184
140.6,120.32,123.52,131.8,126.32,100.48,139.2,135.88,145.84,151.12,144.4,149.56,144.32,139.28,125.08,144.2,143.76,128.48,141.68,113.12,143.28,145.6,105.84,137.12,176,240,166,149,250,176,121,248,178,233,109,255,255,149,189
143.14,118.66,119.96,133.92,127.3,101.98,136.7,134.58,147.56,152.76,142.68,149.48,143.04,140.02,131.92,143.4,142.86,125.68,142.84,98.94,143.9,144.16,112.06,136.46,173,242,172,137,251,197,121,248,172,232,107,255,255,141,183
143.68,140.44,133.72,140,134.04,113.32,134.8,133.2,147.72,152.36,141.88,147.16,142.16,141.44,135.16,142.76,142.8,132.48,138.44,113.64,142.56,147.56,126.88,140.48,211,240,167,163,253,243,144,250,174,245,139,243,249,108,230
144.48,137.16,135.06,141.24,138.6,120.58,128.24,131.8,152.84,153,134.86,145.06,145.76,144.8,142.44,144.28,142.16,127.42,134.7,116.66,144.86,152.08,122.74,142.78,215,242,166,141,254,242,135,251,175,251,120,255,255,128,211
146.32,142.36,132.56,142.36,137.04,115.64,131.36,129.76,151.2,153,129.72,147,145.96,144.8,136.44,143.48,143.32,130.8,132.48,116.36,146.44,152.92,122.6,143.28,214,242,166,121,252,247,133,250,174,250,125,255,255,124,215
145,138.52,133,143.52,138.64,115.6,129.36,130.6,151.52,153,137.84,148.96,144.72,140.48,134.16,143.16,142.4,124.2,137.4,112.88,143,148.36,120.68,139.28,211,242,166,141,253,243,140,250,174,255,118,255,255,126,218
147.3,144.34,131.7,142.28,135.98,112.5,127.22,130.76,152.52,153,137.4,150.98,144.66,142,131.68,144.2,143.26,124.12,136.66,114.38,143.68,150.8,123.2,140.14,213,241,167,152,252,232,138,251,175,252,117,250,255,113,217
144.74,141.72,137.1,136.96,137.6,118.46,136.5,133.06,148.42,151.82,138.54,144.7,146.46,143.9,133.4,145.32,144,131.22,141.6,128.4,143.26,144.42,134.54,141.44,207,242,165,158,251,237,136,252,173,254,135,250,255,120,225
153,153,153,150.12,145.24,121.02,113.98,138.66,153,153,142.2,153,145.86,143.44,133.62,145.9,145.12,132.08,141.96,119.88,143.6,145.96,128.78,141.44,209,241,164,147,252,242,138,252,171,250,140,255,255,126,222
151.9,153,147.98,147.44,138.8,121.14,119.66,138.92,153,153,137.62,153,145.74,143.52,136.84,145.68,145.8,132.18,140.36,117.12,143.44,147,128.24,142.5,204,237,172,158,252,238,134,252,173,246,123,250,255,111,218
142.36,136.6,128.86,141.08,126.04,103.8,140.52,130.6,146.2,146.58,137.62,142.86,145.2,141.08,131.54,143.88,143.98,129.36,142.3,118.76,143.32,143.82,128.24,141.36,207,241,167,158,252,232,138,251,175,254,129,251,255,115,218
143.88,142.4,137.36,141.72,133.48,112.44,131.28,136.36,152,153,139.12,149.08,147.52,146.16,135.2,147.36,145.52,133.64,135.6,119.28,144.72,151.92,125.68,145.04,207,242,168,145,253,245,130,254,171,247,112,240,248,102,226
143.36,138.28,139,142.84,144.22,136.6,145.02,140.84,145.3,143.62,141.74,139.42,143.1,141.36,138.42,144.08,143.82,138.84,143.76,134.08,144.42,142.62,138.28,141.2,236,236,173,159,251,243,153,248,178,247,141,255,254,117,233
143.74,137.56,139.22,142.68,142.52,135.14,144.88,143.5,146.54,144.28,144.02,142.54,142.72,140.24,138.34,144.56,143.22,138.04,143.3,136.46,143.46,142.96,136.52,140.04,234,234,175,156,251,235,163,244,180,253,133,255,255,130,222
143,131.7,136.62,141.36,140.88,128.46,143.6,141.8,145.4,144.06,144.78,143.62,143.9,139.76,139.3,142.48,143.06,133.84,144.18,129.98,143.36,143.2,133.04,137.4,231,235,175,183,252,234,166,248,178,254,126,241,244,106,230
142.44,134.92,134.52,142,136.76,113.96,144.76,131.32,144.54,144.6,139.58,139.24,146.06,143.7,137.94,145,145,140.1,141.04,128.98,143.36,144.44,133.32,143.04,216,240,169,157,252,238,142,250,174,253,125,243,255,108,220
145.86,141.14,140.7,144.5,141.96,126.52,135.92,134.2,148,153,139.1,141.86,144.22,142.5,134.34,144.84,144.92,137.44,143.6,132.34,143.44,142.64,123.36,141.84,218,243,167,157,252,244,148,250,174,253,128,255,255,118,213
153,153,153,142.18,123.76,116,98.48,137.46,153,153,134.36,153,152.92,152.76,140.64,149.92,141.92,133.64,122.64,117.36,151.46,153,124.62,152.84,175,239,186,112,252,243,93,251,173,240,104,255,251,107,214
153,153,153,150.36,143.06,120.64,88.6,132.32,153,153,140.06,153,153,153,129.64,149.36,137.62,129.24,122.24,124.7,149.02,153,127.22,153,171,241,181,97,251,250,88,250,173,241,109,255,255,120,203
153,153,152.92,143.12,133.84,115.7,105.54,124.04,153,153,133,153,153,153,147.66,149.34,141.94,127.76,121.6,110.14,145.94,153,126.74,152.92,180,243,182,87,251,246,76,251,183,233,98,255,252,115,205
151.18,146.4,136.76,139.26,124.1,104.28,121.1,118.46,153,153,129.56,152.48,151.22,150.84,135.28,145.64,139.76,119.54,131,118.34,150.68,152.92,115.82,146.3,176,242,177,107,251,242,102,251,174,252,109,255,255,121,211
153,144.5,139.32,140.24,120.98,107.76,114.74,114.78,153,153,127.24,148,153,153,133.12,148.18,136.3,115.64,123.08,121.5,150.3,153,123.9,150.4,173,242,175,64,250,241,81,250,180,241,116,255,255,131,188
153,153,146.88,145.5,139.7,117.24,113.56,129.82,153,153,135.7,153,151.96,152.64,143.66,147.38,143.98,133.62,126.28,126.02,146.8,153,134.9,151.52,197,242,167,92,252,250,100,248,174,241,99,255,255,103,206
153,151.3,147.18,137.92,127.98,115.04,115.54,130.86,153,153,134.06,153,148.84,148.92,143.34,145.74,142.3,128.9,127.8,113.52,140.26,153,126.14,146.36,190,243,172,97,252,247,75,250,182,227,98,255,238,99,213
149.9,143.32,139.96,135.76,126.08,107.3,124.7,127.16,152.94,153,135.7,150.96,151.36,152.84,146.62,147.56,140.72,135.16,123.04,113.46,143.78,153,127.7,150.58,193,242,175,112,252,244,83,250,175,233,93,255,247,120,206
152.56,146.5,139.42,137.28,127.8,99.26,125.42,124.74,153,153,134.64,143.72,146.92,142.18,128.86,144.06,122.18,114.9,135.74,119.24,144.62,150.7,129.62,140.72,175,240,182,76,250,248,92,248,176,241,114,255,255,133,204
153,153,152.42,147.34,133.28,116.12,98.96,133.84,153,153,135.08,153,149.14,149.32,141.64,146.72,137.28,128.68,126.34,110.28,143.18,153,124.7,144.58,184,243,172,75,250,246,74,251,184,233,95,255,254,116,203
144.08,136.46,137.36,143,141.7,125.84,132.34,134.82,149.22,153,141.92,147.32,141.4,143.3,141.8,142.02,143.64,138.58,137.94,105.06,138.72,148.6,127.52,142.84,176,237,173,66,253,241,77,251,174,195,38,255,212,72,211
143.9,134.78,135,143,141.06,122.42,132.76,135.62,148.52,153,142.28,146.12,142.26,142.72,142.26,141.06,142.4,138.42,137.3,100.48,140.98,149.12,127.64,142.78,178,238,172,71,253,239,78,251,171,194,30,255,199,69,204
147.4,141.1,139.54,144.78,142.92,129.24,134.52,140.14,149.96,153,145.64,150.36,140.88,143.02,140.54,141.54,142.82,136.4,138.76,108.26,138.6,147.58,127.74,141.86,179,237,174,69,252,239,73,251,168,195,25,219,156,68,210
141.72,134.56,116.64,143.04,136.92,106.8,136.84,138.12,146.48,150.76,145.52,148.04,146.36,147.84,144.76,143.8,144.72,135.8,132.04,117.12,142.36,151.96,123.36,143.76,179,242,170,49,254,248,76,249,174,207,46,255,228,86,200
144.68,136.84,132.36,142.36,139.44,120.92,132.08,137,149.6,153,142.32,148.76,142.64,142.72,140.88,141.88,144.28,137.52,137.72,102.16,140.52,148.8,127.56,141.72,179,238,174,50,254,248,79,249,178,199,37,255,221,74,204
144.44,141.8,132.2,144.64,138.76,109.16,142.76,134.36,142.96,143.44,143.4,144.56,148.2,149.48,144.92,146.64,145.76,141.12,135.72,132.76,144,151.64,135.48,146.72,181,241,169,54,251,246,73,252,173,205,62,255,231,97,199
147.56,142.32,139.94,144.68,136.64,121.52,134.82,135.1,147.64,151.92,141.28,149.04,145.58,145.46,144.32,145.08,144.74,143.64,141.16,115.54,143,146.84,135.16,143.74,180,239,170,48,253,240,75,250,177,203,39,255,234,81,187
147.12,143.48,137.76,145.06,136.52,121.36,135.06,136.84,148.26,152.18,142.24,149.48,145.5,147.3,148.48,145.66,144.6,141.98,140.64,116.48,143.62,147.7,128,143.88,179,239,170,56,252,223,73,251,174,204,45,255,235,83,184
146.54,140.66,135.24,143.66,136.4,116.78,135.02,135.46,148.28,152.54,142.6,149.3,143.98,144.22,144.44,144.22,145.06,141.84,142.04,104.76,140.76,146.58,128.72,143.9,176,240,167,64,253,235,77,251,174,201,40,255,222,76,200
144.18,134.18,135.38,143.32,137.94,120.04,137.02,139.12,146.14,150.86,146.44,150.28,144.66,146.3,143.9,145,146.36,141.3,140.52,107.14,140.58,148.08,130.36,146.04,179,242,174,44,253,250,78,251,170,202,32,255,227,71,199
143.82,141.44,140.66,142.22,141.18,136.26,142.9,142.14,145.32,143.96,143.5,143.86,142.96,142.56,142.92,143.28,143.22,141.94,143.16,131.56,142.6,143.84,135.4,141.9,193,236,174,49,253,240,91,209,217,195,41,255,228,69,196
143.54,141.22,135.76,144.28,141.4,119.72,144.24,139.66,144.7,143.86,144.1,143.84,144.58,146.4,144.76,144.08,145.06,141.74,137.7,133.44,142.4,147.9,137.34,143.76,182,241,169,48,253,248,71,249,179,201,44,255,221,82,194
142.76,129.64,136.8,142.6,143.12,130.24,141.96,139.92,145.56,145.36,144.12,141.4,140.64,141.92,140.2,141.96,144.36,141.68,142.76,110.4,139.32,143.88,133.92,142.88,174,235,177,90,251,234,85,248,175,205,29,210,152,68,211
143.64,133.86,136.16,140.28,138.64,128.1,140.18,140.22,146.16,147.4,145.06,145.54,144.02,143.86,142.48,143.26,143.7,139.6,141.52,123.16,143.54,145.6,134.88,142.88,177,243,168,52,253,248,83,247,183,209,47,255,244,88,179
143.78,137.6,131.82,144.52,142.28,122.06,143.9,137.18,143.28,143.86,145.12,144.82,144.98,146.16,144.74,145.64,145.72,143.56,139.74,133.4,141.84,146.32,137.78,145.08,183,238,172,57,253,248,74,247,178,200,39,255,214,74,207
152.92,153,152.96,136.8,113.4,111.48,102.76,137.62,153,153,141.6,153,146.58,145.44,132.12,146.26,143.64,108.78,138.08,111.22,147.9,150.92,122.5,145.7,143,240,176,28,251,249,68,251,187,217,86,255,255,121,182
143.68,122.4,124.32,134.6,128.84,76.6,135.44,132.04,145.92,152.76,144.32,148.16,153,153,141.84,151.12,149.52,134.6,124.52,115.84,143.04,153,116.88,148.24,168,244,170,41,252,249,55,251,184,204,53,255,230,87,192
147.12,143.74,143.92,131.16,107.62,108.02,115.26,134.54,153,153,136.6,153,152.2,145.48,116.88,150.52,141.74,105.28,134.08,114.3,147.92,152.92,127.86,148.48,141,244,204,19,252,244,78,251,172,236,114,255,255,162,152
151.2,153,151.76,135,107.36,110.32,107.36,137,153,153,138.64,153,149.2,144.48,113.6,149.68,143.92,100.8,137.32,116,145.76,150.84,129.92,146.32,140,243,177,36,251,242,78,250,177,228,104,255,255,142,164
147.52,141.7,120.24,139.16,121.28,74.36,128.72,129.92,149.46,153,143.38,152.46,153,153,138.36,152.22,148.68,130.12,122.94,113.14,142.72,153,117.16,150.58,163,244,169,62,252,245,61,251,179,210,53,255,236,90,196
144.8,137.8,127.64,144.12,135.76,101.24,134.32,136.64,146.84,152.84,144.68,147,148.4,151.08,141.24,145.64,146.12,135.16,132.96,118.04,139.72,153,125.84,148.24,173,241,170,52,252,249,71,249,175,203,54,255,224,88,197
144.44,132.7,114.4,142.18,133.94,68.1,138.62,129.16,143.76,150.94,146.22,147.24,149.5,151.02,138.94,147.5,148.24,133.12,126.14,114.1,141.3,153,121.08,143.4,170,244,167,54,252,249,57,251,187,200,53,255,221,84,203
146.08,137.02,113.72,139.9,132.24,75.16,132.66,130.8,147.24,153,145.58,150.56,152.68,152.86,141.74,150.12,145.4,133.38,124.56,117.14,144.32,153,122.9,146.68,170,243,166,31,252,251,59,249,175,205,58,255,236,96,191
143.32,132.08,105.32,142.96,134.84,67.4,141.36,129.76,143.96,148.76,147.04,146.96,150.48,151.8,142.48,147.2,146.44,133.24,125.72,112.16,140.72,153,121.6,144.88,168,242,170,55,251,249,60,249,175,201,51,255,218,81,198
149.92,150.78,146.74,135.22,114.48,109.3,110.46,139.2,153,153,144.94,153,146.4,147.72,125.38,145.98,142.92,115.78,130.74,104.26,150.16,153,123.94,147.94,151,236,173,22,252,249,65,250,190,209,69,255,248,116,176
139.92,139.78,107.5,143.66,138.92,85.36,141.2,138.82,144.08,145.4,145.88,144.68,143.58,142,143.38,141.14,141.94,136.82,140.54,120.58,143.24,147.22,67.3,136.22,194,240,168,131,253,241,146,252,173,223,67,216,190,70,234
139,138.12,114.44,142.52,137.2,69.32,142.96,137.36,143.4,142.96,144.96,143.48,141.68,142.96,143.92,141.08,142.12,137.28,139.92,97.56,143.88,147.04,88.96,139.12,200,239,167,115,253,250,139,250,172,222,53,225,187,69,232
139.66,137.42,113.48,142.5,137.92,76.08,142.42,137.22,143.72,143.58,145.38,143.5,142.08,143.14,142.42,141.14,141.8,137.04,139.78,96.78,143.22,147.36,103.52,140.88,203,241,168,111,253,246,137,252,173,223,57,225,191,69,234
139.5,137.36,106.06,143.32,138.74,81.08,141.84,138.22,144.68,144.58,145.7,144.66,143.54,144.54,145.28,142.52,142.1,138.3,138.56,113,143.58,150.02,70.2,138.62,197,240,166,123,253,247,142,251,172,227,73,208,192,69,234
139.88,136.64,118.52,142.56,134.8,63.6,143.16,136.34,144.02,143.02,143.86,143.34,142.44,142.64,142.66,141.14,141.94,135.76,139.5,87.1,143.5,148.64,91.02,139.64,198,238,172,112,252,238,138,251,171,108,10,232,99,67,173
141.6,139.62,118.38,146.02,138.36,72.38,147.84,139.4,142.02,139.54,146,143.82,145.58,144.94,146.46,144.26,144.06,142.8,142.78,114.24,144.9,146.54,83.8,142.6,193,239,167,118,250,244,146,253,168,217,50,234,190,69,232
141.52,138.52,111.54,146.26,138.34,72.64,147.3,139.3,142.26,140.38,146.74,144.22,145.2,143.26,146.52,144.92,143.4,142.84,143.78,112.26,145.06,145.62,80.94,142.26,196,240,167,121,252,248,143,253,171,221,57,224,191,69,232
140.54,137.26,128.6,144.04,133.78,67.7,149.92,137.62,142.82,137.26,144.04,142.88,143.82,142.3,144.94,143.66,144,143.12,144.9,83.62,144.84,145.3,109.3,142.82,192,236,169,123,251,238,143,253,171,106,12,229,98,67,174
140.56,137.56,117.3,145.56,135.88,61.62,147.66,139.54,142.96,140.2,145.46,144.16,144.88,143.98,147.5,142.98,143.72,141.26,142.9,103.02,144.42,146.72,77.28,141.96,195,240,166,126,253,247,144,253,170,220,38,219,180,69,226
141.48,137.92,116.52,144.56,137.76,73.48,147.56,138.44,142.6,139.96,146.56,144.52,145.64,144.12,144.76,144.24,144.8,140.72,142.08,102.92,145.04,146.88,103,143.24,201,240,166,103,252,247,137,252,169,227,51,219,193,69,232
143.24,142.3,128.26,143.72,143.36,124.3,145.26,144.62,145.22,144.3,146.62,144.02,143.3,143.26,146.48,143.54,142.94,141.7,143.08,126.76,143.56,144.22,112.4,141.72,208,230,179,100,252,243,130,247,175,102,10,243,94,66,173
143.24,141.68,129.8,143.48,142.88,123.64,145.16,144.24,145.04,143.52,146.72,144.12,142.36,142.96,146.28,143.88,142.96,144.48,143.12,124.08,143.84,143.44,117.28,142.16,210,231,180,98,253,244,128,246,180,104,9,224,83,67,170
142.44,140.12,120.16,143.16,142.16,116.36,145.96,143.72,145.28,143.04,147.6,143.72,142.36,142.76,145.88,142.52,143.32,142.36,143.68,129.44,143.64,144.32,94.76,139.76,203,234,175,118,252,247,135,247,175,221,52,230,183,69,231
141.72,139.78,127.14,143.48,140.18,93.62,147.18,140.7,143.02,140.82,145.92,142.82,144.14,143.28,145.8,144.16,143.92,143.88,144.42,106.06,144.42,144.64,122.42,143.16,202,235,177,102,252,242,134,251,173,98,9,231,87,66,167
141.96,140,127.36,144.06,141.14,105.18,146.58,138.02,142.52,141.4,146.14,143.1,143.76,143.42,145.12,145.22,144.24,142.1,144.76,113,144.04,144.32,136,143.9,206,237,173,80,252,249,128,248,176,223,40,215,174,69,227
141.82,140.08,108.64,143.36,137.44,79.22,142.06,139.08,143.56,144.38,145.6,144.74,146.72,145.18,141.08,145.52,144.5,140.48,140.52,116.6,144.68,147.88,82.32,143.46,193,240,167,107,251,252,142,250,175,229,69,214,191,69,232
141.74,139.34,109.38,142.28,136.98,75.96,142.76,139.98,143.3,144.12,145.4,144.46,146.84,146.08,141.14,146.18,144.42,140.62,140.54,118.24,144.78,147.28,80.9,142.78,191,240,168,112,250,249,143,249,173,233,62,212,190,69,233
141.68,130.68,78.54,143.14,138.56,103.12,141.98,140.86,143.64,143.74,147.24,145.3,149.36,145.44,142.36,146.3,144.64,141.34,140.5,132.68,145.06,147.76,75.96,124.1,197,242,170,112,252,245,135,250,174,227,86,204,193,69,234
142,137.32,104.48,142.2,137.38,85.24,142.82,141.54,143.42,143.52,145.18,144.22,147.7,145.84,142.06,146.38,145.1,140.22,141.08,132.28,144.98,147.32,74.18,135.04,191,240,169,124,251,247,142,249,177,229,92,212,200,69,240
143.56,137.64,113.2,142.32,134.88,77.96,141.2,140.88,143.88,147.72,144.28,144.64,148.32,148.56,145.8,146.96,145.2,139.24,139.32,119.12,144.84,150.64,62.16,142.92,196,240,169,126,252,244,139,249,175,217,55,217,180,68,226
141.12,137.96,105.5,145.34,136.6,62.48,145.12,139.62,143.06,143.5,144.08,141.86,144.54,144.34,144.94,143.58,143.28,140.58,141.16,112.2,143.7,148.66,48.34,137.52,188,238,173,124,251,250,142,250,174,95,13,232,90,66,163
142.64,138.7,103.46,144.34,138.54,85.2,146.02,141.48,143.4,143.54,147.26,145.44,143.62,143.48,144.14,142.48,142.36,139.74,140.48,122.9,144.52,146.76,70.6,137.98,195,240,172,116,252,247,138,249,172,227,53,203,175,69,229
142.66,137.1,89.2,142.98,138.62,83.68,146.8,137.48,141.92,142.88,148.38,143.9,143.04,140.92,134.74,144.32,143.64,134.04,141.48,112.5,143.58,144.5,119.48,138.9,211,243,167,71,252,244,120,250,167,231,50,199,175,69,229
142.6,136.64,97.32,142.88,138.08,83.36,146.5,140.28,143.42,142.96,149.16,144.36,142.92,141.96,134,143.06,143.26,136.54,141.48,117.58,143.3,145.34,94.98,139.36,203,241,162,92,252,246,131,249,172,233,71,205,190,69,237
142.58,138.28,114.5,141.86,135.06,81.54,145.28,141.24,144.6,145,145.38,144.62,143.66,142.64,142.88,142.56,142.92,137.08,140.72,125.64,144.28,147.04,65.8,130.74,187,235,176,126,252,240,143,250,173,95,13,232,90,66,167
144.04,143.68,133.84,143.8,141.96,122.8,136.28,133.92,147.2,151.88,142.6,146.8,143.96,145.44,144.92,142.56,143.24,139.36,135.8,120.32,139.2,151.08,130.36,143.76,173,236,176,15,254,248,60,248,179,182,22,239,180,68,190
144.56,141.96,131.44,144.36,141.72,120.24,134.56,134.96,148.08,152.36,143.24,147.36,144.48,147.6,146.32,143.56,144,140.24,134.48,120.2,138.8,153,129.24,144.56,172,237,175,15,254,251,61,248,175,180,21,240,173,68,195
144.12,142.44,128.6,144.08,140.36,115.08,135.16,134.08,147.28,152.12,142.56,147.32,143.92,144.84,144.48,142.64,143.72,138,135.52,115.16,138.4,150.44,130.04,143.64,173,239,168,18,253,250,62,248,176,183,24,235,179,68,189
143.8,142.48,128.28,144.6,141,115.72,136.04,134,147.52,152.36,142.64,147.08,143.8,145.32,144.76,143.48,142.56,138.84,136.08,113.72,140.32,150.68,124.28,142.64,171,239,169,32,253,248,62,249,176,182,23,236,174,68,193
146.14,142.22,127.52,144.92,140.92,114.5,132.04,136.04,150.08,153,143.66,150.18,144.74,146.2,143.18,142.72,142.8,137.28,134.32,107.38,138.4,152.04,124.5,144.2,169,236,174,33,253,250,60,251,172,178,20,238,163,68,199
146.44,143.58,134.92,147.14,142.48,122.76,139.16,132.1,143.96,148.3,141.76,145.86,148.3,150.18,148.78,145.76,146.68,146.26,139.3,129.4,138.6,149.62,135.5,146.88,170,240,170,32,252,246,59,252,173,180,23,234,170,68,195
147.36,143.98,134.98,148.02,142.04,120.08,136.7,135.58,146.76,151.52,143.24,148.5,147.94,148.84,149.2,145.48,145.98,145.1,136.28,124.78,139.42,150.94,134.58,146.46,170,242,168,19,253,249,60,251,176,186,27,252,191,68,199
145.46,141.46,130.96,147.44,141.8,120,140.46,134.64,144.22,146.72,143.26,146.54,145.86,149.36,149.22,145.58,146.72,145.08,137.76,126.6,138.96,150.84,129.92,146.34,170,241,168,25,253,249,59,251,175,183,25,230,179,67,189
147.18,145.98,130.14,147.92,141.76,115.02,133.88,136.84,148.5,152.92,145.06,149.86,148.38,151.46,149.3,145.58,146.96,145.86,133.72,118.38,141.7,153,125.96,147.3,166,238,172,32,253,241,59,252,173,181,20,219,166,67,185
148.56,144.88,132.78,147.86,142.04,116.52,132.66,136.8,148.68,153,144.38,150.52,148.1,150.4,148.4,145.16,147.62,144.68,135.1,117.98,139.02,152.9,128.14,148.36,167,238,173,33,252,246,59,253,173,183,23,231,179,68,189
143.46,142.92,141.2,143.5,143.5,136.22,144.52,142.02,144.6,144.34,144.16,143.62,142.82,143.68,143.46,142.52,143.96,143.38,142.7,136.02,142.88,143.8,142.04,141.06,181,233,178,16,253,248,70,223,201,179,18,223,142,67,197
145.6,143.92,136.1,144.86,143.46,124.4,139.38,136.2,146.32,149.06,144.38,145.18,144.04,145.42,146.78,144.48,144.62,143.52,138.8,123.62,138.36,148.54,133.76,144.26,168,240,170,29,252,248,61,248,177,185,20,235,181,67,183
144.22,132.92,134.66,143.3,143.4,127.34,142.4,137.82,144.66,145.78,145.66,142.8,143.84,145.24,143.36,143.64,145.28,142.34,138.52,124.46,135.56,147.5,135.16,144.4,169,235,176,27,252,250,60,249,179,178,18,232,162,67,186
144,139.58,134.22,143.16,142.92,126.66,141.7,140.58,145.04,145.96,145.98,145.08,142.66,144.38,143.82,143.58,144.42,142.2,139.62,123.44,140.78,147.54,134.76,144.28,166,232,177,34,252,249,68,244,180,184,21,234,168,67,190
143.48,141.78,131.7,144.84,141.64,120.38,141.74,137.6,145.12,145.84,144.1,145.02,144.2,144.9,145.7,145.42,144.68,145.08,141.3,126.56,141.6,146.62,137.5,144.26,173,239,171,20,253,250,64,245,180,184,23,240,185,68,185
150.4,153,151.64,125.04,93.46,101.08,103.92,143.4,153,153,143.96,153,153,153,132.92,152.36,144.08,122.52,117.04,122.06,153,153,122.58,153,139,238,177,0,252,251,56,252,172,204,61,255,251,91,181
153,148.04,145.9,140.24,112.28,78.66,99.18,134.5,153,153,143.44,153,153,153,141.82,152.34,149.88,128.14,118.32,104.86,152.26,153,114.1,153,153,242,169,0,251,251,44,250,185,189,37,255,212,67,196
153,153,153,132.12,102.66,113.46,96.02,147.32,153,153,144.14,153,152.84,151.8,124.22,150.32,139.12,113.78,125.62,123.1,153,153,123.22,152.08,138,238,176,0,252,251,54,250,180,206,61,255,255,92,169
152.56,153,153,126.22,102.82,103.38,99.02,145.76,153,153,143.8,153,153,153,131.6,151.1,138.72,115.38,118.06,120.2,153,153,124,153,141,237,177,0,250,251,53,249,171,206,41,255,248,80,174
152.52,134.12,130.2,138.2,127.76,83.72,114.04,129.52,153,153,138.88,153,153,153,151.6,152.84,152.88,138.64,112.52,110.24,150.28,153,115.88,153,155,242,176,8,251,251,43,250,182,185,33,253,194,67,195
149.42,139.5,134.64,147.14,143.6,121.94,131.92,131.36,147.76,153,140.56,146.86,147.54,150.7,148.1,144.92,146.16,145.04,134.34,123,137.08,152.84,132.82,148.82,168,243,170,19,253,250,54,249,172,180,28,242,180,67,186
144.48,153,151.96,121.46,95.2,114.4,112.26,147.84,153,153,147.98,153,148.1,144.26,117.5,144.34,133.24,113.82,130.4,123.06,151.74,153,127.92,145.78,145,236,175,0,251,250,46,251,187,202,44,255,247,83,169
153,153,144.92,137.8,104.06,97.26,108.66,138.52,153,153,144.52,153,153,153,138.58,151.06,149.48,125.24,118.56,113.58,152.76,153,119.5,152.16,153,243,169,0,252,251,49,249,177,196,39,255,240,73,183
153,153,151.6,133.8,104.08,111.8,108.48,145.92,153,153,145.36,153,150.72,141.32,117.04,146.68,139.56,116.44,127.56,115,151.64,153,120.4,144.84,136,238,167,4,251,251,59,250,187,210,65,255,255,99,181
148.26,149.04,143.02,128.86,106.48,97.56,109.2,144.86,153,153,147.64,153,150.1,148.66,124.02,147.44,135.7,116.52,127.76,117.44,151.58,153,123.9,147.58,147,237,174,0,251,251,48,249,179,199,40,255,240,74,184
142.12,142.64,133.96,142.76,140.48,107.12,139.28,135.44,145.2,147.32,143.04,145.36,142.6,144.36,142.36,142.28,141.88,138.76,139,100.48,144,147.76,134.44,142.08,182,236,173,0,251,253,83,251,175,106,9,232,98,67,175
140.84,140.22,129.9,142.52,139.68,104.04,140.44,134.46,143.98,145.48,143.72,144.42,141.68,141.92,141.1,141.9,142.56,137.58,140.06,101.82,143.58,145.94,131.8,140.34,184,239,170,0,254,253,83,250,171,98,7,226,85,67,172
142,141.46,130.6,142.4,139.64,103.04,139.06,134.3,144.74,147.44,142.98,144.96,142.12,143.44,142.14,141.76,142.4,137.16,139,95.04,143,147.3,131.58,140.3,181,235,173,0,251,252,82,250,176,98,7,226,86,67,170
141.94,139.72,126.5,142.46,139.22,100.1,140.5,135.1,144.52,145.68,144.52,145.36,141.62,142.18,140.22,142.18,142.18,137.6,139.62,100.54,144.72,147,130.94,140.38,181,235,176,0,252,253,82,251,176,99,9,226,86,67,171
141.6,138.84,120.04,142.92,138.64,93.92,139.72,135.52,144.32,147.08,145.08,145.6,141.96,143.36,141,142.44,143.08,136.68,138.64,97.64,142.96,148.16,129.88,141.68,182,235,170,0,251,253,83,250,179,108,10,232,99,67,174
143.4,142.38,133.8,145.12,140.86,107.44,144.68,136.52,142.6,143.06,145.1,144.58,143.46,143.24,144,144.56,145.24,144.06,142.7,113.86,145.08,145.5,141.14,143.24,181,240,169,0,252,252,85,251,173,105,11,232,98,67,174
143.1,141.3,133,145.28,140.3,99.58,144.94,136.14,142.88,142.9,144.72,144.96,144.1,144.08,144.76,144.18,144.98,144.6,142.74,107.52,144.98,145.38,138.2,144.98,182,238,172,0,251,253,84,252,175,143,20,255,139,67,203
142.88,140,131.8,144.4,138.92,99.08,145.44,136.88,142.84,142.72,144.8,144.92,144.6,144.08,144.84,143.92,144.32,144.08,142.68,109.92,145.76,145.12,137.8,143.68,180,239,172,0,253,252,86,252,173,108,11,230,98,67,175
142.98,140.26,129.7,144.94,139.44,96.64,145.22,136.2,143.16,143.34,144.34,145.48,143.86,142.66,143.8,143.9,144.48,143.08,143.56,109.5,143.96,145.3,135.82,142.84,182,234,177,0,248,253,80,253,175,108,11,230,100,67,175
142.5,140.48,129.14,144.52,139.66,99.44,144.58,135.6,142.44,143.2,145.68,145.12,145.24,144.3,143.36,144.04,144.58,143.5,142.06,98.6,145.24,146.42,133.14,144.76,182,240,170,0,246,252,81,252,174,110,10,226,101,67,173
143.26,143.14,141.52,143.02,143.68,136.3,144.6,142.94,145.12,143.46,144.94,144,142.5,142.7,141.58,142.68,143.6,141.76,143.62,128.62,143.96,142.12,140.32,141.78,190,230,179,0,252,251,82,231,191,104,9,241,94,66,173
143.64,141.84,135.48,143.6,142.24,114.9,144.36,139.7,143.68,144.44,146.28,144.24,142.52,142.02,142.92,141.8,143.26,142.1,143.4,105.8,144.46,142.96,138.22,141.68,181,240,169,0,253,252,83,249,176,115,11,223,94,67,174
143.08,140.86,136.22,142.6,142.2,120.2,144.94,140.5,144.2,144.12,145.44,143.96,141.82,142.84,142.28,142.56,143.94,141.74,142.92,110.7,143.82,143.74,138.92,141.2,181,231,180,0,251,252,83,247,176,104,6,227,85,66,169
143.2,142.76,138.84,143.72,141.92,120.64,144.24,139.48,144.16,143.68,144.12,143.8,146.16,145.84,146.8,145.64,145.2,148.4,145.52,114.4,144.8,144.32,143.76,147.68,184,236,174,0,253,255,81,247,179,99,8,231,87,66,167
143.44,141.24,135.04,143.92,142.52,118.12,144.4,139.2,143.6,143.92,145.44,144.52,143.72,144.08,142.84,144.08,144.56,143.2,144.48,112.28,144.24,144.04,141.36,143.52,183,235,177,0,248,252,80,250,178,100,8,231,88,66,167
142.74,139.44,121.66,141.58,133.92,39.02,141.18,134.7,142.8,145.46,145.5,144.12,146.9,147.9,143.12,145.74,145.6,136.88,139.04,110.74,147,149.98,136.88,145.48,175,237,172,0,251,252,75,252,173,108,16,238,102,66,170
142.58,138.84,121.82,142.02,133.96,24,144.54,131.92,141.86,144.16,143.54,144.42,145.12,145.3,142.76,145.06,145.1,136.82,141.36,111.04,144.9,145.46,134.8,144.22,173,237,170,0,251,252,81,251,162,101,15,227,93,66,162
143.16,138.18,122.88,141.66,133.88,27.92,143.66,132.58,142,143.76,144.3,144.28,147.14,146.48,141.38,145.66,145.84,136.82,139.62,107.86,145.72,147.64,135.24,144.1,177,236,173,0,249,252,73,250,171,99,15,229,91,66,165
142.74,136.74,103.98,141.74,135.16,57.04,141.94,131.56,141.9,145.24,144.3,144.2,149.68,151.32,145.26,147.94,147.28,139.74,134.66,108.3,146.42,152.58,136.24,148.6,193,241,174,0,246,251,60,251,171,101,14,224,96,66,161
142.2,136.34,107.24,141.42,133.18,36.44,142.6,129.74,142.02,145.38,144.28,143.92,148.48,150,145.1,147.6,147.5,137.94,135.42,100.72,146.86,152.08,133,145.84,190,243,164,0,254,255,66,250,169,102,14,223,97,66,162
143.64,139.96,128.24,142.64,138.8,88.56,141.32,136.16,142.4,147.6,144.98,142.46,144.24,145.56,141.96,142.2,144.1,139.42,140.62,93.5,143.64,148.24,135.88,144.58,180,238,173,0,251,253,76,250,178,93,12,234,90,66,165
143.6,138.92,106.72,143.76,138.04,49.08,145.48,131.16,142,145.52,147.24,144.8,144.4,144.8,141.4,143.68,145.24,138.8,137.88,101.2,144.72,149.56,137.24,143.8,195,243,166,0,252,255,59,250,175,93,11,232,92,66,162
144,137.52,115.06,143.9,137.04,60.44,144.94,133.02,142.18,145.66,146.14,144.34,143.68,144.08,141.26,143.52,144.7,138.6,139.26,99.18,144.9,146.54,136.38,142.16,183,242,170,0,253,254,73,250,167,94,12,232,90,66,165
143.84,136.72,110.52,142.3,135.44,48.82,145.54,133.64,142.36,145.72,148.14,144.84,143.6,144.54,139.62,142.48,144.16,136.42,138.68,100.62,145.24,149.12,135.74,141.88,186,241,166,0,253,253,66,251,177,96,12,228,90,66,167
143,135.72,96.38,144,136.28,53.2,143.98,133.76,141.92,145.82,147.68,144.64,143.8,145.26,141.38,143.34,145.12,137.32,136.76,104.54,143.94,150.32,134.42,142.86,189,243,173,0,253,254,63,250,171,95,12,231,90,66,167
139.56,135.16,97.92,141.02,140.12,106.04,140.3,139.18,145,145.72,145.36,145.72,143.88,142.34,141.72,141.94,141.92,138,140.38,122.78,144.22,146.44,79.32,123.42,200,236,174,164,252,239,159,251,171,235,87,219,208,72,242
139,134.56,98.74,143.08,138.04,89.9,142.36,138.28,144.62,142.76,145.28,145,141.92,142.82,142,141.66,142.56,137.56,140.1,113.04,144.42,147.7,73.28,132.04,203,239,170,154,253,247,161,251,171,242,86,224,211,75,247
139.12,136.68,98.56,143.48,137.44,81.4,142.64,138.56,144.72,143.36,145.64,144.28,142.6,141,140.28,142.16,141.56,136.52,140.52,108,143.8,146.24,79.48,130.6,203,239,170,155,253,245,159,251,172,239,77,218,207,73,242
139.94,124.18,84.04,143.3,140.32,103.02,140.84,139.3,145,145.9,147.62,147.7,144.42,141.22,137.54,142.92,141.74,136.44,139.6,120.7,143.68,148.74,83.8,129.54,207,241,168,143,253,248,155,251,173,244,99,210,212,76,246
139.84,133.2,92.52,143,138.28,92.6,141.08,139.04,144.76,146.36,147.44,145.8,143.52,142.2,140.92,141.8,142.12,136.88,139.84,111.12,144.4,148.48,70.28,131.04,202,240,170,154,253,246,157,251,174,239,88,211,209,72,242
140.98,137.82,120.04,145,134.02,70.9,150.24,139.66,141.48,137,144.48,141.46,144.22,144.1,145.6,143.8,144.14,142.74,144.4,101.84,144.6,145.9,87.5,142.36,202,239,169,148,253,247,156,252,171,231,48,217,190,69,233
141.28,137.28,116.44,145.44,136.4,77.94,149.2,139.8,141.2,137.26,145.2,142.86,143.54,144.08,144.64,143.74,144.16,141.88,143.38,113.46,144.94,146.64,96.86,143.06,206,238,170,141,252,248,154,251,170,237,50,206,191,69,233
140.82,134.28,99.96,145.56,139.96,99.94,146.6,141.76,142.38,140.38,147.58,145.24,144.9,143.82,145.5,144.52,143.24,144.3,143.4,118.18,144.96,145.96,75.18,140.14,205,238,169,150,253,249,157,252,172,235,84,201,200,70,240
141.28,130.98,91.22,145.18,139.76,97.98,145.94,140.94,143.56,141.08,148.42,146.56,145.66,143.08,142.18,144.48,144.7,141.94,143.54,125.48,144.74,145.16,79.98,132.08,201,239,170,150,252,245,158,252,172,238,96,217,211,77,245
141.26,134.84,103.94,145.82,136.2,74.36,147.94,139.98,142.54,139.18,146.68,144.74,144.68,143.7,142.88,144.5,144.5,141.9,142.98,109.3,144.6,146.28,74.06,139.02,200,240,169,157,251,244,160,253,171,239,68,204,203,70,237
143.7,130.56,126.5,143.46,143.86,134.02,144.94,144.08,145.44,143.84,146.98,145.88,143.64,142.48,145.1,143.04,143.22,142.16,144.42,132.86,143.5,142.7,116.96,137.72,221,235,176,121,252,244,137,243,182,242,46,207,185,69,233
142.24,138.98,117.1,144.34,141.82,115.34,146.42,143.74,144.22,141.74,147.06,143.78,142.6,141.76,146.1,143,144.18,141.9,142.9,123.18,143.74,143.8,106.5,140.22,216,234,176,137,252,247,144,248,177,226,58,221,184,69,234
142.3,137.72,120.88,143.4,142.22,119.52,146.44,143.68,144.08,142,147.46,143.72,143.64,142.58,144.28,142.6,143.18,142.06,143.24,126.5,144.44,143.56,108.22,138.7,215,235,173,137,252,246,149,248,176,239,72,208,196,70,238
141.52,132.9,107.4,143.02,142,108.72,147.12,143.5,144.12,141.12,149.22,144.72,143.26,141.86,138.5,143.88,143.74,142.16,143.4,132.46,144.06,142.84,104.16,136.7,205,239,171,155,252,239,158,250,173,241,100,208,207,72,244
142.4,134.84,104.82,144.96,142.26,113.98,145.28,142.26,144.44,143.98,147.16,146.56,145.64,142.84,144.12,144.58,144.44,144.32,144.24,130.62,145.16,144.96,97.96,136.7,208,236,174,142,252,245,151,250,174,234,89,220,202,72,243
142.88,137.38,99.32,142.78,137.14,88.38,142.76,141.04,143.42,144.82,146.54,143.88,147.78,145.06,139.06,145.7,144.54,138.22,140.88,115.84,145.62,147.24,90.14,141.28,203,240,169,139,249,248,156,249,175,245,91,206,206,72,243
143.2,136.4,90.08,143.36,138.96,97.24,143.12,141.52,143.68,144,146.76,145.08,147.92,143.76,133.52,146.72,144.04,140.16,141.56,132.16,144.8,147.04,90.48,138.44,203,240,168,140,251,248,157,250,174,246,100,204,207,74,246
141.48,129.46,90.64,142.64,138.56,98.02,142.82,141,143.4,143.66,145.7,144.84,147.36,145.24,143.28,145.38,144.34,140.44,141.48,126.72,144.94,147.64,70.54,131.34,207,241,170,147,252,246,153,250,176,236,93,215,206,73,244
142.86,137.84,113.3,141.98,136,86.72,141.88,140.92,144.12,144.92,144.08,144.54,147.14,144.84,142.9,146.98,144.52,138,142.32,119.34,143.44,145.58,79.92,138.04,206,240,168,146,252,245,155,250,176,235,91,218,207,74,243
142.56,132.16,92.28,142.44,136.64,93.88,142.24,142.04,143.6,144.96,146.2,144.96,147.16,145.52,139.48,146.96,144.96,137.32,141.36,119.28,144.36,147.16,81.48,137.76,212,241,166,141,252,241,149,250,177,242,74,190,195,69,235
141.54,134.34,92.78,144.02,137.38,76.68,144.98,140.12,143,143.98,146.2,143.38,144.56,142.42,142.24,142.42,141.98,140.26,142.68,119.06,144.2,146.9,71.9,130.42,196,240,172,148,251,251,159,250,177,236,86,222,204,72,243
142.76,139.46,118.28,140.34,132.9,85.8,147.36,140.86,143.52,141.42,144.38,143.5,141.98,142.14,144.1,141.38,142.64,139.42,142.56,107.58,143.62,146.42,73.12,135.28,201,235,174,157,252,239,154,250,174,94,13,232,91,66,163
141.9,136.9,109.64,143.04,137.1,87.64,147.52,142.06,142.82,141.62,146.64,144.04,144,144.38,143.34,143.22,142.7,140.26,141.24,124.82,143.7,146.1,77.46,133.94,207,240,172,150,253,245,154,249,175,239,66,196,188,69,236
140.92,126.92,92.52,142.2,138.44,101.36,145.48,141.52,144.76,145.32,147.4,147.04,146.68,137.8,140.2,143.16,143.16,138.4,141.84,129,145.32,145.6,102.56,114.12,199,236,176,148,251,240,154,248,178,237,87,199,199,71,240
142.08,129.62,90.04,142.84,136.62,95.48,143.66,141.32,143.92,145.24,148.1,146.66,144.22,140.8,135.02,143.2,142.26,136.1,141.54,120.18,143.36,145.76,86.26,130.84,207,240,167,138,252,245,150,248,175,243,76,198,198,71,241
