0.2707,0.26193,0.27508,0.21809,-3.1311,-0.57537,-0.044934,0.55126,0.81867,0.41536,0.53811,0.40221,0.59784,0.47777,-0.13758,0.43942,-0.55782,-3.1443,0.43608,0.17427,0.53614,0.47277,0.24264,0.46276,115,186,225,43,209,217,48,212,94,192,73,161,161,76,208
0.58714,0.66249,0.031398,-0.039247,-0.51963,-2.7332,-0.28415,-0.78808,1.0534,1.0251,0.27159,0.73314,0.61513,0.91467,0.4134,0.392,0.43785,-0.67167,-1.4969,-2.1969,0.48064,1.2631,-0.75114,0.59984,130,213,146,65,212,218,57,218,100,171,75,161,153,68,207
0.34899,0.28461,0.23416,-0.019863,-3.209,-0.38176,0.36465,0.47426,0.62563,0.38205,0.47426,0.42206,0.81048,1.0037,0.4545,0.39856,-2.1746,-0.6185,-1.3864,-0.52697,0.57909,1.2148,-0.5168,0.76217,141,208,141,55,211,218,40,214,99,175,90,162,155,69,214
0.39179,0.4232,0.34729,0.20855,-3.0165,-0.57154,-0.45112,0.15881,0.76351,0.91795,0.21378,0.61429,0.78286,0.94007,0.43009,0.49144,0.57963,-0.60136,-1.2455,-1.9856,-0.58219,1.5421,-0.91962,0.56813,125,209,151,62,211,220,53,216,85,175,42,194,212,50,180
0.46451,0.31999,0.14566,-0.71224,-2.818,-0.98521,0.46909,0.57002,0.87052,0.51497,0.58149,0.5792,0.82498,0.87854,0.7558,0.488,-1.7191,-0.17928,-1.9981,-0.71042,0.64868,0.87854,-0.65909,0.7915,139,209,143,52,212,218,39,217,99,179,84,149,150,64,212
0.42749,-0.54503,-3.0877,0.28644,0.15652,-0.40398,0.41264,0.60937,0.64278,0.42007,0.55741,0.524,0.51847,0.47085,0.44836,0.46688,0.42322,0.24463,0.44836,-1.3998,0.44968,0.51583,-2.855,0.26844,171,213,154,158,211,170,125,217,110,178,79,188,198,78,198
0.12698,-2.553,-1.7608,0.23148,0.37644,0.0022474,0.54836,0.53151,0.75062,0.52813,0.64612,0.57196,0.5722,0.53454,0.55091,0.50834,0.47231,0.25287,0.34622,-1.4895,0.46085,0.59022,-2.7636,-0.035345,172,213,150,168,211,152,132,215,105,178,85,196,203,87,199
0.17736,-2.717,-1.5185,0.20516,0.22987,0.029088,0.56657,0.49243,0.70557,0.53877,0.63144,0.65924,0.57419,0.51106,0.5273,0.51647,0.42809,0.16474,0.35955,-1.9132,0.4353,0.56337,-2.4994,0.33249,172,214,153,163,212,146,124,218,110,174,87,204,200,92,202
0.42915,-1.8782,-2.4222,0.30959,0.11831,-0.2015,0.53077,0.49191,0.78183,0.55169,0.62342,0.66527,0.59029,0.54098,0.47081,0.51633,0.4765,0.13133,0.24512,-2.3133,0.45374,0.6377,-2.1141,0.3646,157,211,162,122,211,179,91,219,124,170,80,212,211,90,196
0.56253,-1.3248,-2.7586,0.18577,0.053201,-0.29566,0.5102,0.51718,0.77534,0.52067,0.68812,0.56602,0.58228,0.57566,0.4724,0.47637,0.4115,0.26985,0.32016,-1.6074,0.46313,0.65377,-2.7022,0.084507,175,214,156,167,212,169,135,218,108,175,81,189,192,75,203
0.55779,0.53049,-3.0051,-0.1111,0.16191,-0.8619,0.7216,0.066358,0.63969,0.38033,0.24382,0.6761,0.54664,0.57092,0.35491,0.3792,0.42393,0.060927,0.37408,-1.4167,0.51596,0.68085,-2.8176,0.32679,124,208,169,88,210,186,62,217,103,182,60,188,210,60,192
0.56756,0.44119,-2.9309,-0.38687,-0.080922,-0.87241,0.77042,0.34143,0.70391,0.46447,0.30152,0.68063,0.57783,0.6569,0.20072,0.33048,0.34873,-0.79071,0.20072,-3.023,0.49268,0.80288,-0.25343,0.45618,133,214,172,126,212,122,57,219,116,170,76,196,212,81,183
0.4447,0.37232,-2.9988,-0.86033,0.22975,-0.36245,0.62235,0.38548,0.64209,0.47321,0.42276,0.62893,0.66718,0.73863,0.26962,0.44916,0.48031,-1.4379,0.25863,-2.7496,0.33741,0.66901,-0.15542,0.47298,136,214,163,126,212,135,59,219,110,183,69,191,206,72,193
0.47068,0.4324,-0.024459,0.057213,-3.128,-0.58851,0.56767,0.25884,0.71825,0.35328,0.30478,0.57788,0.68958,0.83267,0.2449,0.27792,0.25591,-0.74792,-0.13594,-2.76,0.54649,1.0858,-0.82056,0.53108,132,209,139,67,212,206,52,217,94,180,70,166,177,63,199
0.5387,0.4011,-0.18861,0.036038,-2.8844,-1.1097,0.74931,0.35617,0.79143,0.35336,0.3,0.65664,0.67797,0.75672,0.11273,0.33673,0.32973,-1.2278,0.10048,-2.7782,0.54847,0.92297,-0.28977,0.50998,133,207,134,68,211,217,59,215,101,205,74,152,159,74,213
0.51506,0.53933,-3.0875,-0.18895,0.28201,-0.57736,0.64615,-0.014161,0.64615,0.29172,0.25773,0.68984,0.59986,0.61489,0.2661,0.442,0.49462,0.043599,0.49462,-1.8221,0.54423,0.65699,-2.5332,0.19845,134,212,167,81,213,220,57,219,105,142,54,196,161,57,199
0.55161,0.66295,0.00046393,-1.472,-2.5159,-0.72326,0.47367,0.37903,0.8411,0.67687,0.37625,0.74924,0.78519,0.78519,0.76254,0.42447,-1.3356,0.048067,-2.5258,-0.36145,0.4053,0.78519,-0.55836,0.78519,132,209,166,59,211,218,44,218,70,201,49,155,167,60,202
0.54137,0.30282,-1.6458,-0.38802,-2.3986,-0.40351,0.83257,0.47321,0.86355,0.56925,0.44223,0.81089,0.78432,1.1399,0.18644,0.11721,-0.084174,-1.3429,-1.4436,-1.3114,0.74656,1.5616,-1.003,0.64901,131,210,161,131,213,171,51,220,100,159,72,193,176,81,195
0.48122,0.41921,0.021558,-0.69465,-3.0229,-0.41886,0.62232,0.42349,0.7057,0.45128,0.41494,0.59666,0.88432,1.1051,0.26902,0.23591,-0.45941,-1.4693,-0.53666,-2.0515,0.17521,1.4913,-0.40698,0.76292,137,208,139,61,211,217,43,217,97,183,88,154,153,69,214
0.55084,0.75544,-1.6666,-1.9705,-0.85422,-0.79104,0.88782,0.13263,0.92091,0.68022,0.48164,0.87278,0.63165,0.78122,0.18073,0.29951,0.3413,-0.85747,0.072953,-2.9757,0.28411,0.9066,-0.14701,0.48208,133,210,158,66,213,218,56,220,86,143,54,208,179,64,193
