nrollouts: 2
# HEADER 1
0.0 0.0 0.145321039027 0.516753207022 0.0 0.0 0.345955965109 0.402224455617 0.0 1.03559418354 0.0 0.692097755099 133.0 247.0 255.0 0 0 0.0650915266128 -0.169012567319 
1.32385229352 1.33408720305 0.0 0.811342699326 0.0 0.702003450019 0.0 0.0 1.19811442377 4.64671755145 0.0 2.25040769613 131.0 251.0 255.0 0.0650915266128 -0.169012567319 -0.0779887949532 0.143492012436 
0.0315626740607 1.11852666481 0.0 1.19528786397 0.0 0.474193073106 0.0815067224339 0.0 0.330817697929 1.35236977967 0.0 0.485984371619 131.0 252.0 255.0 -0.0128972683404 -0.0255205548824 -0.0863469319398 -0.108901242991 
0.0 0.0 0.0 0.0 0.0 0.0 0.0 0.0 0.0 0.343232646299 0.0 0.0 131.0 252.0 255.0 -0.0992442002802 -0.134421797873 -0.128305945136 0.0867373638495 
0.0 0.0 0.0 0.0 0.0 0.0 0.0 0.0 0.0 1.99885259087 0.0 0.0 140.0 252.0 255.0 -0.227550145416 -0.0476844340237 0.076717126922 -0.112340551008 
0.0 0.0 0.0 0.0 0.0 0.0 0.0 0.0 0.0 0.0 0.0 0.0 149.0 253.0 255.0 -0.150833018494 -0.160024985032 -0.155516468222 -0.0667275681166 
0.0 0.0 0.0 0.0 0.0 0.0 0.0 0.0 0.0 1.72080427701 0.0 0.0 160.0 253.0 255.0 -0.306349486716 -0.226752553148 0.0163266861421 -0.0194710760664 
0.0 0.0 0.0 0.0 0.0 0.0 0.108514431586 0.0 0.0 0.0 0.0 0.0 172.0 253.0 255.0 -0.290022800574 -0.246223629215 -0.193833498594 0.120894657467 
0.0 0.0 0.0 0.0 0.0 0.0 0.0 0.0 0.0 0.0 0.0 0.0 184.0 252.0 255.0 -0.333333333333 -0.125328971747 0.0857491657905 -0.0944545346037 
0.0 0.0 0.0 0.0 0.0 0.0 0.0 0.0 0.0 0.0 0.0 0.0 195.0 252.0 255.0 -0.247584167543 -0.219783506351 0.0101966270799 -0.0713986794638 
0.0 0.0 0.0 0.0 0.270870118832 0.0 0.0 0.0 0.205749307618 0.637737003562 0.0 0.0 205.0 252.0 255.0 -0.237387540463 -0.291182185815 0.0445065970164 -0.133285001455 
0.0 0.0 0.0 0.0 0.574967380065 0.0 0.296295135303 0.406371105965 0.834841470399 0.13385200394 0.0 0.0 214.0 252.0 255.0 -0.192880943446 -0.333333333333 -0.069641822586 -0.0662435335722 
0.0 0.0 0.0 0.0 0.0 0.0 2.28020997289 0.67405094888 0.0 0.0 0.0 0.0 223.0 251.0 255.0 -0.262522766032 -0.333333333333 -0.021948855815 0.074145458077 
0.0 0.0 0.0 0.331375814604 0.0 0.0 0.0 1.43212387719 0.723454780739 0.7022254835 0.0 0.597451862216 229.0 251.0 255.0 -0.284471621847 -0.259187875256 -0.14835419923 -0.140276914673 
0.0 0.0 0.0 1.18914886918 0.286430196893 0.0 0.0 0.0 0.694811849722 0.0 0.3188769694 1.50797807703 230.0 251.0 255.0 -0.333333333333 -0.333333333333 0.140560979771 0.0286686341414 
0.123155348838 0.0 0.0 0.122172850301 0.0 0.0 0.489705021401 0.0 0.131198843974 0.831596222765 0.613746005128 0.817371796946 231.0 251.0 255.0 -0.192772353562 -0.304664699192 0.0809030652654 0.0416691354036 
0.0 0.0 0.0 0.0 0.106128757133 0.0 1.34878473919 0.0 0.0 0.0 1.37273095833 0.0 234.0 251.0 255.0 -0.111869288297 -0.262995563788 -0.0589715823459 0.00737647184374 
0.662797482907 0.0 0.0 0.0 0.569762922339 0.0 0.0 0.0 0.0517850623695 0.0 0.0 0.0 234.0 251.0 255.0 -0.170840870643 -0.255619091945 -0.036677239598 0.0852969837157 
0.0 0.0 0.0 0.168036887879 0.365473050907 0.0 0.234173564444 1.17525913056 0.0 0.0 1.8427634247 0.0 234.0 251.0 255.0 -0.207518110241 -0.170322108229 0.0623144940635 0.149928333773 
0.0 0.0 0.0 0.0 0.0 0.0 0.0 0.26112863364 0.0 0.0 0.0 0.480741574793 234.0 251.0 255.0 -0.145203616177 -0.020393774456 0.175405823866 0.131516299477 
0.0 0.0 0.437846331199 0.582561245812 0.560674618088 0.586362625754 0.0 0.0 0.0744543950692 0.291285773402 0.0 0.410403794397 234.0 251.0 255.0 0.0302022076883 0.111122525021 0.12475102084 -0.0883753979119 
0.0 0.0 0.0 0.0 0.0 0.0 0.0 0.0 0.0 2.12512454381 0.0 0.0 233.0 247.0 255.0 0.154953228529 0.022747127109 0.0120825564656 -0.0636442916614 
0.0 0.0 0.0 0.0 0.0 0.0 0.0 0.0 0.0 2.08809090187 0.0 0.0 230.0 250.0 255.0 0.167035784994 -0.0408971645525 0.0827951280054 0.0796933232696 
0.0 0.0 0.0 0.0 0.0 0.0 0.0 0.0 0.0 3.58630928688 0.0 0.0 229.0 251.0 255.0 0.249830913 0.0387961587171 -0.0186767130734 -0.0617223424501 
0.0 0.0 0.0 0.0 0.0 0.0 0.0 0.0 0.0 2.35100509287 0.0 0.0 222.0 252.0 255.0 0.231154199926 -0.022926183733 -0.103725000379 -0.0360067048334 
0.0 0.0 0.0 0.0 0.0 0.0 0.0 0.0 0.0 0.4686690177 0.0 0.0 214.0 252.0 255.0 0.127429199548 -0.0589328885664 -0.029506967914 -0.0532959648891 
0.0 0.0 0.0 0.0 0.0 0.0 0.0 0.0 0.0 2.03443637959 0.0 0.0 207.0 253.0 255.0 0.0979222316336 -0.112228853455 -0.0834031606033 0.0694635529386 
0.0 0.0 0.0 0.0 0.0 0.0 0.0 0.0 0.0 1.33282713866 0.0 0.0 204.0 253.0 255.0 0.0145190710304 -0.0427653005169 -0.0302837715628 -0.0387970823814 
0.0 0.0 0.0 0.0 0.0 0.0 0.0 0.0 0.0 1.8418092306 0.0 0.0 204.0 253.0 255.0 -0.0157647005324 -0.0815623828983 -0.0564667748427 0.0201417046982 
0.0 0.0 0.0 0.0 0.0 0.0 0.0 0.0 0.0 0.0143091349489 0.0 0.0 204.0 253.0 255.0 -0.0722314753751 -0.0614206782001 -0.078074642528 -0.116945062624 
0.0 0.0 0.0 0.0 0.0 0.0 0.0 0.0 0.0 1.80072304246 0.0 0.0 204.0 253.0 255.0 -0.150306117903 -0.178365740824 0.0232300201951 -0.116394913428 
0.0 0.0 0.0 0.0 0.0 0.0 0.0 0.0 0.0 1.63753847449 0.0 0.0 208.0 252.0 255.0 -0.127076097708 -0.294760654252 -0.0402951973 0.0105999803426 
0.0 0.0 0.0 0.0 0.0 0.0 0.0 0.0 0.0 1.19498638461 0.0 0.0 215.0 252.0 255.0 -0.167371295008 -0.28416067391 -0.0830285389006 0.114065538394 
0.0 0.0 0.0 0.0 0.0 0.0 0.0 0.0 0.0 1.08708872548 0.0 0.0 224.0 251.0 255.0 -0.250399833909 -0.170095135516 0.0383476949761 -0.0482581712595 
0.0 0.0 0.0 0.0 0.0 0.0 1.31490145185 0.0 0.0 0.0 0.0 0.0 229.0 251.0 255.0 -0.212052138933 -0.218353306775 -0.187615679314 0.068770952227 
0.0 0.0 0.0 0.0 0.0 0.0 0.0 0.0 0.0 1.35693021585 0.0 0.0 232.0 251.0 255.0 -0.333333333333 -0.149582354548 0.00139539151597 0.0594858938166 
0.0 0.0 0.0 0.0 0.0 0.0 0.0 0.0 0.0 1.31030609377 0.0 0.0 234.0 251.0 255.0 -0.331937941817 -0.0900964607317 -0.108675107063 0.120466285605 
0.0 0.0 0.0 0.0 0.0 0.0 0.0 0.0 0.0 1.52699691373 0.0 0.0 234.0 251.0 255.0 -0.333333333333 0.0303698248734 0.0750011104617 0.0135030558043 
0.0 0.0 0.0 0.0 0.0 0.0 0.0 0.0 0.0 2.0645130934 0.0 0.0 234.0 249.0 255.0 -0.258332222872 0.0438728806777 0.0404575708902 0.00713901858517 
0.215554505415 1.33970419069 0.0 0.0 0.0 0.0 0.0 0.0 0.0 1.11216586485 0.0 0.706421272153 234.0 243.0 255.0 -0.217874651981 0.0510118992629 0.038803587269 -0.0691376384682 
0.816609784506 0.0 0.0 0.0 0.0 0.0 0.896055885565 0.0 0.0 0.0 0.518296948905 0.0 235.0 243.0 255.0 -0.179071064712 -0.0181257392054 0.0712441027161 0.0409670635011 
0.0 0.0 0.0 0.0 0.0 0.0 0.0 0.0 0.0 0.0 0.0 0.0 235.0 243.0 255.0 -0.107826961996 0.0228413242958 -0.0998248532693 -0.0427411983841 
0.0 0.0 0.0 0.0 1.35973697923 0.0 0.0 0.0 0.0918777806141 0.891047591561 0.0 0.0 235.0 244.0 255.0 -0.207651815266 -0.0198998740884 0.170479224856 0.149635934708 
0.0 0.0 0.0 0.0 0.0 0.0 0.0 0.0 0.0 0.0140508180556 0.0 0.0 235.0 241.0 255.0 -0.0371725904097 0.12973606062 -0.0417519188697 0.0491214135231 
0.0 0.0 0.0 0.0 0.0 0.0 0.0 0.0 0.819795168992 0.0 0.0 0.0 235.0 227.0 255.0 -0.0789245092795 0.178857474143 -0.0863121259871 -0.089640191069 
1.4833054821 1.84353503137 0.0 0.0 1.4349419976 0.0 0.0 0.0 0.118614276467 0.0 0.0 0.0 235.0 215.0 255.0 -0.165236635267 0.0892172830741 -0.0822538739398 -0.0314615355386 
0.0 0.867441994664 0.0 0.0 0.0 0.0 0.0 0.684377215638 0.0966616132528 0.250501503189 0.596391275421 0.551728328947 235.0 206.0 255.0 -0.247490509206 0.0577557475355 0.236839383138 0.104409098631 
0.0 1.11805211031 0.0 0.0 0.0 0.0 0.0 0.0 0.0 0.0882448167877 0.770407743911 0.0 235.0 195.0 255.0 -0.0106511260687 0.162164846166 -0.0164416059782 -0.0101678265521 
0.0 0.0 0.0 0.0 0.366817704207 0.0 0.0 0.0 0.138046256948 0.0 0.0 0.0 235.0 182.0 255.0 -0.0270927320468 0.151997019614 -0.137278577347 -0.0370048872669 
0.0 0.0 0.0 0.55005465175 0.0 0.454143012264 0.0 1.4641833095 0.972206833563 1.73354601101 0.0 0.840210756164 235.0 173.0 255.0 -0.164371309394 0.114992132347 0.0252102510707 0.0881997789617 
0.0 0.0 0.0 0.0 0.0 0.0 1.65655416554 1.73808726949 0.0 0.0 0.0 0.0 235.0 163.0 250.0 -0.139161058323 0.203191911309 -0.0592488525396 0.0732087098165 
0.0 0.153723260587 0.0 0.0 0.0 0.0 0.0 0.903499111147 1.60494025306 5.10175147991 0.0 0.0 235.0 153.0 243.0 -0.198409910863 0.276400621125 -0.0248461506116 -0.00765686932414 
1.35584111551 1.87839639573 2.54977266918 0.143244709946 0.156239569562 0.0 0.0 0.0 2.76779068288 4.70808433889 0.0 1.50721251566 235.0 143.0 235.0 -0.223256061475 0.268743751801 0.0257458373213 0.124014314363 
0.0 0.0 0.0 0.0 0.0 0.0 2.37973590763 0.0 0.0 0.0 0.74491925712 0.0 234.0 134.0 225.0 -0.197510224153 0.333333333333 -0.0337526378818 0.0072584473172 
0.0 0.0 0.0 0.0 0.300008294203 0.0 1.66882836953 0.0 0.0 0.0 0.591359581454 0.0 234.0 123.0 213.0 -0.231262862035 0.333333333333 0.0189341961214 -0.0790388017585 
0.0 0.0 0.0904422465323 0.0 0.604807997113 0.0 0.0 0.0 0.0 0.0 0.0 0.0 234.0 116.0 200.0 -0.212328665914 0.254294531575 0.0370424285291 -0.00330293396229 
0.0 0.00963867503607 0.813830511711 0.0 0.614018938106 0.0 0.902968053483 0.0 0.0 0.0 0.0 0.0 234.0 108.0 189.0 -0.175286237385 0.250991597613 -0.237718271954 -0.0267296647559 
0.0 0.0 1.02411554077 1.23524608934 0.426875289014 0.523291167037 0.933743653789 0.0 0.0 0.532593877853 0.746598021772 1.64114742616 234.0 109.0 174.0 -0.333333333333 0.224261932857 -0.134935121172 -0.0892861547232 
0.0 0.0 0.0 0.0 0.0 0.0 2.59019556727 0.610780992325 0.0 0.0 0.0 0.0 234.0 111.0 162.0 -0.333333333333 0.134975778133 0.0402374275295 0.0552558293692 
0.0 0.0 0.0 0.0 0.312510294303 0.0 2.70278382799 0.0 0.0 0.0 0.0 0.0 234.0 114.0 147.0 -0.293095905804 0.190231607503 0.0938673750638 0.130029901224 
0.0 0.0 0.0 0.0 0.0 0.0 3.86080265865 0.0 0.0 0.0 0.0 0.0 234.0 118.0 128.0 -0.19922853074 0.320261508726 -0.0483684764725 -0.0213326726928 
0.0 0.0 0.0 0.295626545028 0.0 0.0 1.11424456165 0.0 0.0 0.026248644622 0.0 0.0691804816182 234.0 120.0 108.0 -0.247597007213 0.298928836033 0.0885682340763 -0.0216574190752 
0.0 0.0 0.0 0.0 0.0168144953464 0.0 0.840428053582 0.250608174815 0.0 1.05545922774 0.0 0.0 235.0 121.0 92.0 -0.159028773136 0.277271416958 -0.151208347565 0.0374733189344 
0.0 0.0 0.0 0.0 0.0961033726444 0.0 0.0 0.736645611458 0.0 0.212395955775 0.0 1.01919203711 235.0 119.0 75.0 -0.310237120701 0.314744735893 0.01654156555 0.203321006387 
0.0 0.0 0.0 0.0 0.0 0.0 0.0 0.0 0.0 0.0 0.720588204593 0.0 235.0 112.0 64.0 -0.293695555151 0.333333333333 0.0820701023508 0.0776889599725 
0.0 0.0 0.0 0.544168207727 0.0 0.0 0.0 0.0 0.0 0.854202155107 0.0 0.0 235.0 97.0 59.0 -0.2116254528 0.333333333333 -0.102592227973 0.0554597928773 
0.0 0.0 0.0 0.39419512633 0.0 0.0 0.0 0.0 0.0 0.0808553051852 0.0 0.0 234.0 77.0 59.0 -0.314217680774 0.333333333333 0.0167260272982 0.151401448977 
0.461850282177 0.0 0.0 0.0 0.0 0.0 0.0814454005203 0.0736284358048 0.0 0.0 0.644838311265 0.0 233.0 59.0 60.0 -0.297491653475 0.333333333333 0.145483223147 0.0964890346813 
0.678874384527 0.779184731673 0.0 0.0 0.0 0.0 0.621070526332 0.858080970564 0.0 1.54623529574 0.871504739451 0.288601710545 232.0 45.0 59.0 -0.152008430329 0.333333333333 -0.0879096459923 0.0958051103025 
0.0 0.18754314362 0.0 0.0 0.0 0.0 0.0 0.0 0.972083427062 1.19583961728 0.753085874683 0.0984232720742 230.0 34.0 58.0 -0.239918076321 0.333333333333 -0.138480474646 -0.0131388077658 
0.0 0.0 0.0 0.0 0.372461560755 0.0 0.0 0.0 0.0 1.0908366114 0.0306662778107 0.0 230.0 28.0 55.0 -0.333333333333 0.320194525568 0.112171816245 -0.0607307660119 
0.582732328406 0.0 0.0 1.20713653415 0.0 0.0 0.804441062388 0.0 0.484031022959 1.46218897819 0.0 0.109088217661 230.0 25.0 53.0 -0.221161517088 0.259463759556 0.066552487953 -0.0930381371577 
0.0 0.96659136647 0.0 1.19584377262 0.96959735607 0.935604293315 0.0 0.0 0.0816758119299 0.848318659713 0.674605332558 1.46780018342 230.0 24.0 51.0 -0.154609029135 0.166425622398 -0.0103721760965 0.0057946191771 
0.0 0.0 0.0 0.788529574157 0.753988021652 0.0 0.0 0.496493580202 0.506731929472 0.0 0.0 1.47846836093 230.0 23.0 51.0 -0.164981205231 0.172220241575 0.0659602739601 0.137251143777 
0.461978669021 0.0 0.0973798174589 0.0565048267628 0.0 0.0 0.0 0.0 1.08212957541 0.0 0.0 0.0 230.0 23.0 49.0 -0.0990209312714 0.309471385352 0.123853252511 0.0697751002456 
0.585640723539 0.0 0.0 0.0964618525596 0.0 0.0 0.317192916863 0.0 0.599643391453 0.0 0.0 0.0 229.0 23.0 48.0 0.0248323212396 0.333333333333 0.00494049996078 -0.101164624343 
0.0 0.0 0.0 0.285081832733 0.0 0.0 0.690463915101 0.243701924137 0.865921115888 0.0 0.0 0.241715034079 229.0 23.0 48.0 0.0297728212004 0.23216870899 0.0996708729117 -0.0654852958172 
0.0 0.0 0.0 0.0 0.0 0.275781097044 0.0 0.989001995343 0.404838820319 0.891699585279 0.250691378574 0.56488021032 228.0 22.0 48.0 0.129443694112 0.166683413173 -0.10860785927 -0.0337788528567 
0.0 0.0 0.0 0.0 1.4905262094 0.0 0.309400344214 0.0 0.109104821973 0.0 0.140142202765 0.0 225.0 22.0 48.0 0.0208358348417 0.132904560316 -0.120476806415 -0.142067518021 
0.687548034288 1.33122779532 0.0 0.289289924563 0.457839597746 0.0 0.690167941786 0.147034822962 0.0 0.0 0.0 0.0 226.0 23.0 49.0 -0.0996409715732 -0.00916295770464 -0.0453899933004 -0.00386880482808 
0.686353776494 0.768149692525 0.0 0.760001876253 0.0 0.0 0.358239232168 0.0 0.0879429549785 0.0 0.0 0.828282919417 228.0 23.0 54.0 -0.145030964874 -0.0130317625327 0.117985836528 -0.094914073012 
0.0 0.0 0.0 0.0 0.0 0.0 0.941393148919 0.817017794365 0.0 0.0 0.0 0.0 229.0 31.0 58.0 -0.0270451283457 -0.107945835545 0.179611457777 -0.0898597409135 
0.0 0.0 0.0 0.0 0.0 0.0 1.55281317729 0.0 0.0 0.0 0.0 0.0 230.0 37.0 69.0 0.152566329431 -0.197805576458 0.0597467032294 -0.0015304529176 
0.0 0.0 0.0 0.0 0.0 0.0 0.0 0.0 0.0 0.0 0.0 0.0 230.0 41.0 84.0 0.212313032661 -0.199336029376 0.0823005924177 -0.029985796357 
0.0 0.0 0.0 0.0 0.0 0.0 2.89479812733 0.0 0.0 0.0 0.269854869709 0.0 229.0 41.0 93.0 0.294613625079 -0.229321825733 0.132842093259 -0.0602521021675 
0.0 0.0 0.0 0.0 0.0 0.0 0.0 1.4826775135 0.0 0.0 0.0 0.0 228.0 41.0 98.0 0.333333333333 -0.2895739279 0.040823897164 -0.103788324829 
1.94790953879 0.0 0.0 0.0 0.815876110761 0.0 0.0 0.684896024939 0.0 0.741076674403 0.0 2.51626341132 227.0 42.0 102.0 0.333333333333 -0.333333333333 -0.0703240587455 -0.00931776846061 
0.0 0.0 0.0 0.0 0.0 0.0 0.477723120289 0.0 0.108667137224 0.0 0.748305060013 1.10567154179 223.0 43.0 101.0 0.263009274588 -0.333333333333 0.17771956377 0.0256344557818 
0.0 0.322474118608 0.0 1.34888425513 0.0 0.0 0.785755202283 0.748105350274 1.07070681062 1.0327896953 0.938236712285 0.56117319078 214.0 44.0 100.0 0.333333333333 -0.307698877552 0.0432857098249 0.097943209862 
0.0 0.271415349269 0.0 0.732594156881 0.0 0.425091445598 0.0 0.0 0.16298904254 0.589583773065 0.0 0.950225512842 203.0 41.0 103.0 0.333333333333 -0.209755667689 -0.0635019042564 -0.00462168254554 
0.0 0.0 0.0 0.712820844828 0.462621711846 0.0 1.17092826596 0.0 0.0 0.0 0.0 0.0 190.0 30.0 132.0 0.269831429077 -0.214377350235 -0.0742354304784 -0.0180805568919 
0.0 0.0 0.0 0.680563451813 0.647780330859 0.0 0.0 0.0 0.511910535633 1.84992706284 2.2729649326 0.469794487063 178.0 27.0 146.0 0.195595998599 -0.232457907127 0.0541170387923 -0.204208512114 
0.0 0.0 0.0 0.304667771396 0.0 0.0 0.219886325884 0.0 0.0 1.11493560261 0.0 0.915936922163 164.0 25.0 165.0 0.249713037391 -0.333333333333 0.065477591274 0.0263899887032 
0.0 1.64962789115 0.0 0.698745096467 0.124422134852 2.08480940646 0.0 0.0 0.0 0.591670060071 0.0 1.08616291587 150.0 25.0 181.0 0.315190628665 -0.30694334463 -0.0929825573073 0.10592753522 
0.0 0.0 0.0 0.0 1.46510567464 0.0946128108725 0.675676686629 0.0 0.0 0.122152608575 0.0 0.250299901143 128.0 24.0 214.0 0.222208071358 -0.20101580941 -0.0130195919408 0.115086608296 
1.79361183309 0.0 0.0 0.0 0.0 0.0 0.728535499582 0.0 0.0 0.0918053956405 0.443288552848 0.189835054201 115.0 24.0 236.0 0.209188479417 -0.0859292011139 0.196062273473 0.0977231890599 
2.84857090646 1.05537758938 2.41069708836 0.557056091555 0.379978416921 1.44566623179 0.0 0.0234473430361 3.69140760546 5.52770704039 0.0 1.84391809498 101.0 24.0 255.0 0.333333333333 0.0117939879461 -0.0391572343412 0.0291827903582 
2.41255239205 0.0 0.0 0.0 0.0 0.0 0.808813329308 0.0 0.0 0.75981911773 1.88743747033 0.0 92.0 27.0 255.0 0.294176098992 0.0409767783043 -0.115170918978 0.165902335413 
0.0 0.0 0.0 0.0 0.0 0.0 2.66967489331 0.0 0.0 0.0 0.817368953444 0.0 84.0 33.0 255.0 0.179005180014 0.206879113717 -0.00330383955175 -0.089690956125 
0.0 0.0 0.260442967962 0.0 1.43214598203 0.0 0.0 0.606851930296 0.104591099325 0.0 0.0 0.0 79.0 36.0 255.0 0.175701340462 0.117188157592 0.0754713725707 0.142678264006 
0.0 0.300481653022 0.0 0.0 1.6169380471 0.0 0.0 0.0 0.883905998976 0.556073855604 0.0 0.24759974698 75.0 40.0 255.0 0.251172713033 0.259866421598 0.0705807173107 0.181044396132 
2.76157030029 0.0 0.0 0.467204070257 0.0 0.0 1.55178998682 0.0 0.0 0.0 0.0 0.0 70.0 46.0 255.0 0.321753430344 0.333333333333 0.0103178858823 0.0203264379802 
0.0 0.132434142948 2.92362383774 0.0 2.1072685398 0.0 0.848253877569 0.0 0.835767733399 0.116396507961 0.0 1.62246633558 58.0 58.0 255.0 0.332071316226 0.333333333333 -0.0140189864569 -0.0326688224925 
0.0 0.0 0.0 0.463363332514 0.0 0.0 1.60712773752 0.0 1.00021581825 0.186871763075 0.0 0.0 52.0 65.0 255.0 0.318052329769 0.300664510841 -0.0607241515912 0.00290179959156 
1.6553495376 1.03515107025 0.0 0.0 0.0 0.0 0.0 1.40227412387 0.13016621348 0.0 0.0 0.0 48.0 71.0 255.0 0.257328178178 0.303566310432 -0.0639080507362 0.048238099512 
0.0 0.0 0.0 0.0 0.0 1.60757543201 0.674552441082 0.0 0.790641993565 0.0801577591022 0.0348164729187 0.0864114765186 44.0 77.0 255.0 0.193420127442 0.333333333333 -0.0929629094837 0.0298895804446 
2.76563353975 0.227054602427 0.0 1.52696494291 0.0 0.0 0.0 0.0 0.0300240634119 0.0 2.50993514072 0.968323703228 41.0 78.0 255.0 0.100457217958 0.333333333333 -0.0629618535898 0.117514974532 
0.0 1.30365105538 0.0 0.0201843358312 0.0 0.0 0.0 0.0 0.0999722878128 0.450665649129 0.0 1.18286636544 40.0 79.0 249.0 0.0374953643682 0.333333333333 0.0702018344998 -0.171271559404 
0.0 0.0 0.0 0.0 0.0 0.0 1.45677449969 0.0 0.0 0.0 1.60500577248 0.0 39.0 79.0 239.0 0.107697198868 0.162061773929 -0.0680500608681 -0.0231563667844 
2.14204691715 0.0 3.01916147796 0.0 0.0 0.0 0.470108598163 0.505516813656 0.832021352704 0.0 0.0 0.0 39.0 79.0 227.0 0.0396471379998 0.138905407144 0.0927790278326 0.00184968129525 
0.608329219832 0.0 0.676784599941 1.01449921062 0.790876073455 0.0 0.439041088988 0.0 1.87493992356 0.0 0.63548762314 0.128399339065 38.0 80.0 216.0 0.132426165832 0.14075508844 -0.0672555098981 0.199620827654 
0.0 0.0 0.0 0.0671827998136 1.37930109924 0.654446787297 0.437836162684 0.638817371699 0.250788531788 0.140737178133 0.0 1.75027377555 37.0 82.0 199.0 0.0651706559343 0.333333333333 0.122937046842 0.0638033742848 
0.0 0.733388910922 0.0 0.0 0.0220936003486 0.0 0.0 0.381190361333 0.0 0.563858308852 0.0 0.925679406241 35.0 84.0 178.0 0.188107702776 0.333333333333 0.0415415413014 0.137634133213 
0.509531196899 0.0 0.0 0.691255470228 0.417376538582 0.0 0.594062452756 0.0 0.106101974404 0.0 1.11485047152 1.11844987745 31.0 89.0 155.0 0.229649244078 0.333333333333 0.205281336803 0.249667894503 
0.776386230921 0.00597480144916 0.0 0.275512534786 0.0 0.0 0.0 0.0 0.195722388298 0.0 0.387216268578 0.592800867725 27.0 98.0 132.0 0.333333333333 0.333333333333 -0.0319511664849 -0.121399504081 
0.222101512972 0.0 0.0 0.0 0.0 0.0 0.316893713498 0.0 0.979609237531 0.0 0.0208206837335 1.01381841502 20.0 109.0 114.0 0.301382166848 0.211933829252 0.0659242774916 -0.0315439489439 
0.0 0.0 1.33832241229 0.0 0.687043628489 0.0 0.0 0.0 0.0 0.47594462122 0.103096913742 0.0 16.0 117.0 99.0 0.333333333333 0.180389880309 -0.0736401891944 0.0682750750331 
0.610492753673 0.0 0.0 0.0 0.844733141745 0.402686209952 0.203060377912 0.0 0.0 0.574749998928 0.0 0.0 14.0 121.0 84.0 0.259693144139 0.248664955342 0.0933527099659 -0.0636244927647 
0.0 0.0 0.0 0.0 0.224108054638 0.0 0.0 0.0 0.0 0.0 0.0 0.0 12.0 124.0 72.0 0.333333333333 0.185040462577 0.0521681450858 -0.0959530349071 
0.0 0.0 0.0 0.0 0.0 0.0 0.0 0.0 0.0 0.0 0.0 0.0 11.0 126.0 67.0 0.333333333333 0.0890874276698 0.152044236138 0.0801175526033 
0.0 0.350293993364 0.0 0.0314527961967 0.0 0.460102124381 0.188099310883 0.416664046356 0.0 0.0 0.0 0.0 9.0 127.0 61.0 0.333333333333 0.169204980273 0.0473430115517 0.0670817246149 
0.0 0.0 0.0 0.0 0.484359108712 0.0 1.21139150743 2.12767885553 0.0 0.0 0.9561723658 0.0 7.0 125.0 59.0 0.333333333333 0.236286704888 -0.294233464031 0.019708392655 
0.0 0.0 0.0 0.0 1.49431153396 0.0 0.0 0.0 0.115404695463 0.0 0.0 0.790039204987 8.0 116.0 57.0 0.0390998693027 0.255995097543 -0.0572119156894 -0.090289368122 
0.0 0.0 0.0 0.0 0.0 0.0 0.722635449219 0.0 0.0718721416788 0.0 0.0 0.0856285859168 7.0 114.0 55.0 -0.0181120463867 0.165705729421 -0.0940237318398 -0.148230858148 
2.02262612219 1.02913154112 0.0 5.34198201828 0.908244092502 0.0 0.039844463608 0.0 1.88303112395 2.06010797879 0.250723769974 0.0 9.0 112.0 52.0 -0.112135778227 0.0174748712728 0.298407986333 -0.0892474682323 
7.07389772433 0.613988423648 1.86780170834 19.7394327258 7.84937005616 2.30508266611 0.580791356192 0.0 0.0639151042854 0.0 1.36343809774 0.0 10.0 119.0 55.0 0.186272208107 -0.0717725969595 -0.0408893169928 -0.124726127754 
11.911646154 1.88200931603 7.92545451653 27.9303476969 9.91960452757 5.50117749128 0.222494432893 0.537642589244 0.975692216175 1.49056877185 0.991316678185 0.350154148636 10.0 131.0 66.0 0.145382891114 -0.196498724713 0.253994804388 -0.0509498618924 
9.94934841203 2.73356757393 4.55000774255 20.0827391375 4.71514597211 2.69369118061 0.336316510026 0.756488238995 1.47236875086 3.45155715359 0.885536658749 0.0 10.0 134.0 89.0 0.333333333333 -0.247448586606 -0.0902825876031 0.199087299352 
4.88274084213 0.571863879481 3.16186885221 12.1643452385 2.23765246775 2.69907475386 0.8082621756 1.01285158781 1.86214283393 3.57427583713 0.132069401868 0.27629815728 10.0 143.0 98.0 0.24305074573 -0.0483612872539 0.0262591664894 -0.146915358028 
4.34792748437 0.0 0.0 11.979688203 0.472221746084 0.0 2.69741494723 0.0 0.0 0.0 1.35825935299 0.0 9.0 153.0 112.0 0.26930991222 -0.195276645282 0.0967266991147 0.000947962687732 
6.70468161042 0.0 0.0 11.9692703767 1.91633214818 0.0 3.41093710095 0.0 0.0 0.0 0.864570710463 0.0 9.0 163.0 119.0 0.333333333333 -0.194328682594 0.0862443804639 0.135148105563 
9.52179356741 0.0 0.0 8.62508041118 1.96045104334 0.0876927274584 3.80620892642 0.0 0.00230003237412 0.0 0.286433371445 0.0 8.0 169.0 138.0 0.333333333333 -0.0591805770313 -0.0910031211662 -0.0372125928932 
5.82370526568 0.0 0.0 4.63779342811 1.0859526164 1.64899180536 2.94160055899 0.0 0.971981642842 0.0 0.0 0.0 7.0 174.0 159.0 0.242330212167 -0.0963931699244 -0.0607612383509 0.0562318279997 
4.70624398774 0.0 0.0 2.38607136904 1.08949562629 3.69712680846 1.56955056295 0.46885189772 0.470468475529 0.0 0.0 0.0 6.0 173.0 181.0 0.181568973816 -0.0401613419248 0.031000840861 0.0592437508855 
1.98264152734 0.336759005169 1.77224003208 1.81450214157 1.99491388611 7.35350560099 0.0 1.19347843573 2.07978957832 1.74532044967 0.0 0.0 6.0 173.0 186.0 0.212569814677 0.0190824089607 0.0677815661198 0.160608759093 
1.89696221816 0.999400308076 2.60734574023 1.35828619885 0.710270708351 4.40390479321 0.69342420621 0.403604799873 0.3483093044 0.0 0.0 0.0 5.0 172.0 183.0 0.280351380797 0.179691168054 -0.0524846254143 0.0176336527477 
1.48754128855 0.457233885114 5.38207759332 2.21776910287 0.981762981168 2.37345427977 0.279386809123 0.0 1.57511267971 0.0451694895988 0.0 0.0 6.0 173.0 169.0 0.227866755383 0.197324820802 -0.0846275084877 -0.0675667293627 
0.536951338416 0.0 10.0835844803 0.368683269873 0.552488251592 4.62178621804 0.0 0.267728518941 3.4560078433 0.533001382107 0.815740079302 0.939552113028 6.0 170.0 149.0 0.143239246895 0.129758091439 -0.158765752138 0.117556813726 
0.413238620636 0.766742460033 2.06967851952 0.810833802181 2.00731082596 4.72211733648 0.752246326756 1.68672485865 3.04446863618 1.92281747757 1.38017202397 1.37495566503 6.0 170.0 127.0 -0.0155265052431 0.247314905165 0.0409345960652 -0.210520980433 
0.0 0.0 0.0 0.88673774461 0.0 4.19287481682 0.874645766209 2.69900202325 2.49895589556 0.0 1.39734388812 0.0 5.0 172.0 120.0 0.025408090822 0.0367939247325 0.274054638729 -0.0604957926355 
2.17769637875 0.0 0.459545301216 0.763191451129 1.34976412014 1.83187027743 0.846644637455 0.448850099271 3.01211322627 1.748874117 0.428567197416 0.866725597003 5.0 171.0 128.0 0.299462729551 -0.0237018679029 0.0701115421832 0.25085595317 
0.0 0.0 0.0 0.384423380277 1.0005953921 0.0 1.31406814475 1.19064126082 1.52665518719 0.0 1.27288086507 0.0 5.0 170.0 127.0 0.333333333333 0.227154085267 -0.0793504476539 0.0179452847587 
2.33310177184 0.639450538258 0.773845275001 0.0 1.98920142769 2.33759592729 0.859260809027 0.83864181979 0.105080681253 0.767376825799 0.0 2.26910805983 5.0 169.0 114.0 0.253982885679 0.245099370026 -0.00273762043813 0.0331682161429 
0.561717130102 0.0 0.997203274044 1.28046409568 1.55012478048 3.08548954919 0.376088843493 0.296022065902 0.0291840750558 0.585303880244 0.0 0.134635901279 5.0 166.0 98.0 0.251245265241 0.278267586169 -0.0925371623977 -0.0960676855487 
0.943824379816 0.0 0.535203613792 1.43124852576 0.59844191432 2.20192841816 0.360872946791 0.0 0.558122175824 0.0481729911257 0.0 0.00542944848233 4.0 155.0 93.0 0.158708102844 0.18219990062 0.00796570267014 -0.0581581286299 
0.455382234265 0.76691457813 0.0 0.435314071911 0.0684117373951 2.14251609951 0.0 1.29630779529 0.0 1.00005548056 0.0 0.0640213726414 4.0 150.0 87.0 0.166673805514 0.12404177199 0.101473749652 0.0450331403141 
1.31479356156 0.0 0.0 1.77874264849 1.39506105574 1.70271541018 0.0 1.34124672508 0.0 1.09200715828 0.340606367544 0.471903140057 4.0 150.0 78.0 0.268147555166 0.169074912304 -0.128775602899 -0.0641354131495 
0.0 0.0 0.0 1.94499477759 2.96686932108 0.251171694716 0.686645323599 0.373629884063 0.0 0.0 0.364835485091 0.0 4.0 150.0 72.0 0.139371952266 0.104939499155 -0.042209931678 -0.00301009950728 
0.362655004913 0.0 0.0 1.91782248589 2.17095696486 1.51802809425 0.338857667857 0.0 0.60983824403 1.07360874281 0.0 1.36522885002 4.0 156.0 66.0 0.0971620205884 0.101929399648 -0.0289765680878 -0.0374550332113 
1.87388607648 0.0 1.05353737144 1.88473446401 5.05110340884 3.02581051095 0.296384828932 0.700704006623 0.201774638853 0.594119156502 0.0 0.606328058656 4.0 156.0 69.0 0.0681854525006 0.0644743664362 -0.051413936674 0.0110804098337 
# HEADER 2
0.0 0.0 0.0 0.361298022629 0.0 0.0 0.710845031978 0.455207562513 0.0 0.0 0.0 0.0 133.0 247.0 255.0 0 0 0.0045001578462 0.119645888482 
1.32950321917 0.300013231389 0.0 0.799798455325 1.61415450448 0.0 0.0 1.36727379502 1.49963622198 1.00646955917 0.0 1.34707368606 133.0 243.0 255.0 0.0045001578462 0.119645888482 0.0493018292929 0.147366457059 
0.978672261225 0.0249172736752 0.0 0.875704484625 1.21477229474 0.0 0.0 0.895256824125 0.239670119245 1.32208085897 0.0 0.089743178908 133.0 229.0 255.0 0.0538019871391 0.267012345541 0.0234062667957 -0.0519644023905 
0.873498977843 0.0 0.0 0.9088978245 1.20177638743 0.0 0.0 0.411546743048 1.10628633069 0.769042399427 0.0 0.487807027647 133.0 229.0 255.0 0.0772082539348 0.215047943151 -0.174630507361 -0.139615577245 
0.0 0.0 0.0 0.409502983904 0.0 0.0 1.09873206279 0.833620614142 0.0 0.0 2.16485884895 0.0 134.0 231.0 246.0 -0.0974222534264 0.0754323659051 -0.0863713299597 -0.0859523779536 
0.0 0.0 0.0 0.362438312219 0.0 0.0 1.01823003307 0.0 0.0 0.0 0.956176795096 0.0 139.0 223.0 249.0 -0.183793583386 -0.0105200120485 -0.0421126086196 -0.0294889956945 
0.0 0.0 0.0 0.0 0.36453933976 0.0 0.827953558204 0.0 0.0 0.0 0.0 0.0 146.0 212.0 255.0 -0.225906192006 -0.040009007743 0.121209178136 -0.0461297149989 
0.0 0.350552316479 0.0 1.06172474317 0.987094650997 0.0 0.633784933194 0.0 0.0 0.0 0.0 0.330504130415 153.0 215.0 255.0 -0.10469701387 -0.0861387227418 -0.0934666872362 0.0741138581732 
0.8643233446 0.0 0.368460722614 0.41323291677 0.474758522174 0.250375410103 0.0 1.32011050988 0.347079570793 0.9503365088 0.0 1.58955261052 162.0 217.0 255.0 -0.198163701106 -0.0120248645686 0.0949268287371 -0.0675965884688 
1.68366554592 0.173488506327 0.0 0.361509576914 0.0 0.0768811082524 0.0 0.455713382419 0.547637667662 0.477884956659 0.0176819664625 0.0 170.0 222.0 255.0 -0.103236872369 -0.0796214530374 -0.0700238603637 -0.16368641869 
0.0 0.647918800446 0.0 0.0 0.927947848966 0.0 0.337970876371 0.0 0.554020495981 0.0 0.639032773831 0.0 178.0 234.0 255.0 -0.173260732732 -0.243307871727 -0.10995495528 -0.0619465755055 
1.62083704013 0.13108165952 0.0 0.492388772295 1.22229683353 0.0 0.212460305019 0.0 0.960201758756 1.33872129021 0.0 0.0 186.0 244.0 255.0 -0.283215688013 -0.305254447233 0.126611522895 0.0783400110192 
0.987724649403 0.802570860338 0.143725048141 0.550793942895 1.23086585662 0.0 0.208423347725 0.0 0.597328238273 1.05233725002 0.437719376378 0.797733299595 196.0 249.0 255.0 -0.156604165118 -0.226914436213 -0.0851000970732 0.0973395269805 
0.0 0.0 0.0 0.0 0.293228773893 0.0 1.33275618147 0.0 0.0 0.0 0.0 0.0 205.0 249.0 255.0 -0.241704262191 -0.129574909233 -0.0246100620935 0.0386865320431 
1.00714837045 0.235076694809 0.0 0.0 0.419884999178 0.227434054562 0.0 0.0 0.0405624259599 0.172971100741 0.0 1.67237003015 216.0 249.0 255.0 -0.266314324284 -0.0908883771897 0.00739489483259 0.0797585605725 
0.936760121131 0.650033299809 0.0 0.0 0.0 1.76500378924 0.0 0.343916232119 0.537803810759 1.17290527273 0.38773818068 0.912428777569 226.0 249.0 255.0 -0.258919429452 -0.0111298166173 -0.0180458490578 0.0787652716917 
0.934249182554 0.66273136694 0.0 0.490317060631 0.320197030199 0.187933230712 0.0 1.5203265327 0.0 0.86025077873 0.495155710485 0.294667525438 230.0 248.0 255.0 -0.27696527851 0.0676354550744 -0.0279934810114 0.0598023461392 
0.0 0.0 0.0 0.0 0.795460548371 0.0 1.13233210983 0.0 0.0 0.0 0.0 0.0 231.0 244.0 255.0 -0.304958759521 0.127437801214 0.156603872719 -0.00674764503113 
1.56307910098 0.0 0.0 0.534957977176 0.654017500968 0.18079831159 0.0 0.0 0.933372778245 0.620337736919 0.0 0.787616004579 231.0 235.0 255.0 -0.148354886802 0.120690156183 0.0343254182094 -0.115390585575 
1.35979573482 0.0 0.0 0.364295639282 1.96151501101 0.264168664331 0.0 0.157115177494 0.0348555462889 0.0 0.0702014847367 0.0 231.0 230.0 255.0 -0.114029468593 0.00529957060782 -0.112573447647 -0.172872883305 
0.0 0.0 0.0 0.14030906051 0.0 0.0 1.90718896971 0.0 0.0 0.0 0.0 0.0 235.0 236.0 255.0 -0.22660291624 -0.167573312698 -0.0373093507958 -0.197364736274 
0.0 0.0 0.0 0.570345882288 0.0 0.0 1.0104055994 0.0 0.0 0.0 0.0 0.0 236.0 249.0 255.0 -0.263912267036 -0.333333333333 0.0830899349328 -0.193353895225 
0.877839322552 0.392126181234 0.0 0.0 1.15670327404 0.0 0.0136449084734 0.0 0.132515808782 0.2597770016 0.0 0.977057502717 236.0 249.0 255.0 -0.180822332103 -0.333333333333 -0.0418704659257 -0.108817376559 
1.15086862719 0.470217065658 0.200194514804 0.866446951243 0.694115103408 0.0 0.0 0.0 1.13472533615 0.0 0.0 1.26532560863 236.0 249.0 255.0 -0.222692798029 -0.333333333333 -0.0698896146102 -0.0966253330884 
2.22167351228 0.0 0.0 0.0 0.0 0.935737023559 0.378944812013 0.0 0.0 0.0 0.10492044181 0.399472467777 236.0 249.0 255.0 -0.292582412639 -0.333333333333 0.0299609549924 0.0456102819403 
1.19197482866 0.0 0.0 0.0 0.0 0.0 0.962411655106 0.0 0.0 0.0 0.0 0.0 236.0 249.0 255.0 -0.262621457647 -0.287723051393 0.0741351802194 0.0456652944261 
0.0 0.926437802411 0.0 1.09041511695 1.40179363818 0.0 0.0119089176623 0.0 0.540171137321 1.10902667509 0.0 0.722588613163 236.0 249.0 255.0 -0.188486277427 -0.242057756967 0.00224355721359 0.015806019089 
1.42396576169 0.0 0.0 1.1301954877 1.23175493577 0.0 0.0 0.0 2.42907637349 0.486793040635 0.832152086331 0.288930411622 236.0 249.0 255.0 -0.186242720214 -0.226251737878 0.00645722470883 0.168743853985 
0.0 0.0 0.0 0.0 0.25738774174 0.0 1.69356522263 0.373719659511 0.0 0.0 0.135188829441 0.275186250611 236.0 249.0 255.0 -0.179785495505 -0.0575078838928 0.15097311575 -0.148072983286 
0.360905495501 0.0 0.0 1.30912345873 0.976770560456 0.0 0.253424307705 0.0 0.105878089658 0.382956153935 0.331709961956 1.33731679805 236.0 249.0 255.0 -0.0288123797545 -0.205580867179 0.199161834466 0.0406275999511 
0.382240639666 0.222124371496 0.437289809865 2.10390616613 1.74887878425 0.0 0.0 0.876788542565 0.0 0.682675798695 0.0 0.307682271322 236.0 249.0 255.0 0.170349454711 -0.164953267228 -0.120750487853 0.13159743915 
1.66388793919 1.4342679906 0.0 0.0 2.74091017954 0.406293010779 0.0 1.1639338804 1.10559138708 0.0 0.0 0.0567207479633 235.0 249.0 255.0 0.0495989668581 -0.0333558280775 -0.0733813174352 -0.24767269888 
1.70349601308 2.75304117738 2.38701329747 1.30792902003 0.0 0.0 0.0 0.422648617199 0.196267539259 0.207649230779 0.847895710822 1.76739585567 235.0 248.0 255.0 -0.0237823505771 -0.281028526958 -0.00696621250538 -0.0734661825071 
0.735751147927 0.0 0.0 1.13339857703 0.727957348886 0.0 0.0 0.617888667549 0.0 0.0 0.0 0.0 235.0 248.0 255.0 -0.0307485630825 -0.333333333333 0.137754491782 -0.0306016846488 
0.923972836345 0.323899011575 0.0 0.0 1.95840858548 0.534848072397 0.0 0.186512109496 1.62374248253 1.17646970207 0.402309783278 0.786494808734 235.0 248.0 255.0 0.107005928699 -0.333333333333 -0.171313433999 0.263980908926 
0.929544939092 0.0 0.0 1.6119798996 1.24608321545 0.215684424681 0.0 0.0 1.93127867925 1.23954477542 0.121311648552 0.508634875187 235.0 249.0 255.0 -0.0643075053002 -0.0693524244076 -0.0646842800663 -0.13560345717 
0.929409348827 0.0 0.0 2.32902607411 1.75466567166 0.0 0.0 0.0 0.0 0.27260000586 0.0 0.0 235.0 248.0 255.0 -0.128991785367 -0.204955881578 0.0456674266265 -0.0186024816701 
0.0 0.0 0.0 0.413316657549 0.0 0.0 1.45915931837 0.0 0.0 0.0 0.932920127676 0.0 235.0 249.0 255.0 -0.0833243587401 -0.223558363248 0.0632004667334 0.114925782889 
0.0 0.0 0.346923828915 1.10319268359 1.4948623454 1.57100569173 0.247820799721 1.08422765445 0.43231775922 2.09181815492 0.0 0.969302178012 235.0 249.0 255.0 -0.0201238920067 -0.108632580359 -0.228376241273 0.00575560965386 
1.42813721308 0.0 0.0 0.374383615988 1.97965954977 0.154095361465 0.0 0.951272499776 1.14380719383 1.26734212074 0.856197353609 0.0 236.0 248.0 255.0 -0.24850013328 -0.102876970706 -0.0882620348617 -0.102450117046 
0.94435182593 1.20542067179 0.0 0.351409232697 1.99398116888 0.0 0.0 0.947043857104 1.91550198748 0.709873566076 0.0 0.573625982924 236.0 248.0 255.0 -0.333333333333 -0.205327087752 -0.0129208084019 -0.0611349227803 
1.89746350589 0.276638821945 0.0 0.0 1.02517393938 0.0 0.178177087229 1.16539133963 0.220514752094 0.254848628964 0.0 0.0 236.0 249.0 255.0 -0.333333333333 -0.266462010532 -0.130419694466 0.106250364328 
0.0 0.0 0.0 0.0 0.0 0.0 0.739585248228 0.0 0.0 0.0 0.854354362568 0.0 236.0 249.0 255.0 -0.333333333333 -0.160211646204 0.0198921311027 -0.169637290188 
0.0 0.0 0.0 1.0844588429 0.0 0.0 1.19404154148 0.0 0.0 0.0 0.0 0.0 236.0 249.0 255.0 -0.313441202231 -0.329848936392 -0.0676586094995 -0.0790509318874 
0.962533037233 0.283907350059 0.651491029759 0.373370587992 1.25075946195 0.0 0.145631973699 0.0 1.00950986775 1.06176892832 0.668481196712 0.10836208697 236.0 249.0 255.0 -0.333333333333 -0.333333333333 -0.231570262393 -0.082181993867 
1.11563989087 2.12396743763 0.0 0.444487894543 1.31272124202 0.0 0.0 1.1162948962 0.285766610877 3.0788121751 2.34813166013 0.925333643248 236.0 249.0 255.0 -0.333333333333 -0.333333333333 -0.0143174468487 -0.0345238876376 
1.02622381141 0.0 0.0 0.539822389099 0.345403936328 0.0 0.96261133644 0.0 0.0 0.0 1.02479616213 0.0 236.0 249.0 255.0 -0.333333333333 -0.333333333333 -0.0977590905983 -0.175343697283 
0.0 3.05736744024 0.0 1.32346527611 0.314859797099 0.0 0.0 0.276173629799 0.0 1.10285342534 0.0 0.0941118630168 236.0 249.0 255.0 -0.333333333333 -0.333333333333 -0.0210963531661 0.0756506389217 
0.0 0.741260333338 0.0 0.472335247993 1.28201690914 0.0 0.061532381945 1.36402322208 0.918369289864 0.173839237155 0.0 0.0497440308439 236.0 249.0 255.0 -0.333333333333 -0.257682694412 -0.117852010096 0.0826561463485 
0.616300118315 0.0 0.0 1.13309113726 1.1242970428 0.0 0.0 0.428983555236 0.877093578476 0.738836263508 0.636241248698 0.829627623572 236.0 249.0 255.0 -0.333333333333 -0.175026548063 -0.00656324099814 0.147783035338 
0.916625656221 0.0 0.0 0.278575291934 1.30606897842 0.525331722848 0.0370172893899 0.399615355576 0.0 0.162713719116 0.877916925996 0.947564529572 236.0 249.0 255.0 -0.333333333333 -0.0272435127256 0.226689053083 0.237060971601 
0.0 0.0 0.0 0.345438965394 0.0 0.0 1.07938358771 0.0 0.0 0.0 0.0 0.0 236.0 248.0 255.0 -0.106644280251 0.209817458876 0.0392618310528 0.0223072875429 
0.0901063061948 0.38811569871 0.0 0.347331215211 0.948475183103 0.41569945929 0.0495658537504 0.410625528556 1.10665101251 1.01255307937 0.734427745358 0.115363588324 236.0 238.0 255.0 -0.0673824491977 0.232124746419 0.00782885419067 -0.0237860790005 
0.118434190859 0.0 0.0 0.0 1.11251430334 0.0 0.892566847223 0.586339213536 0.0 0.0 0.0 0.0 236.0 221.0 255.0 -0.0595535950071 0.208338667418 0.0131484589159 -0.0182373871376 
1.77528035129 1.14625712964 0.451053437667 0.413530771427 1.2107831209 0.0 0.137591159431 0.0 0.824644900481 0.0 0.0 1.03162578815 236.0 206.0 255.0 -0.0464051360912 0.190101280281 0.0806139205579 -0.123231716705 
0.603068030728 0.0 0.0 0.0 1.40059064511 0.0 0.955350054358 0.0 0.0 0.0 0.2066723318 0.0 235.0 197.0 255.0 0.0342087844666 0.0668695635759 0.0116393011962 -0.106204125765 
0.727372518822 0.0599898586124 0.0 0.136588800664 0.343596839304 0.0 0.0 1.02624171341 0.0 0.735746076613 0.0 0.0 235.0 199.0 255.0 0.0458480856628 -0.0393345621891 -0.141265232382 0.0629362135465 
1.66232074784 0.448702748652 0.0 1.08404603052 1.34541074728 0.599579511727 0.0 0.250645521949 0.89659631106 1.21090451487 0.0 0.0344501110904 235.0 200.0 255.0 -0.095417146719 0.0236016513574 0.0265918436312 0.100031535561 
0.0723895526752 0.0 0.0 0.0 0.153741936777 0.0 1.03079965014 0.0 0.0 0.0 0.0 0.0 235.0 192.0 255.0 -0.0688253030879 0.123633186918 -0.126247572733 0.106590248336 
0.192738985841 0.365083867856 0.0 0.0 1.95446773026 0.0 0.312377645566 1.6681763932 0.810454156874 1.00127673164 0.526320035374 0.688934798366 235.0 179.0 255.0 -0.19507287582 0.230223435255 0.108364962582 0.0159716012586 
0.0 0.658780532985 0.0 0.473436121595 1.82794851041 0.0 0.400159120083 0.0 0.0 0.329846700248 0.688210871205 1.41202171097 236.0 166.0 252.0 -0.0867079132386 0.246195036514 -0.106582860358 -0.102499475254 
0.768633033812 0.0 0.0 0.0 1.24891584952 0.0 0.0 0.0 1.04891790122 1.93634363874 0.0 1.44585935942 236.0 158.0 247.0 -0.193290773597 0.14369556126 0.066376077986 -0.0351086756098 
0.919195067882 1.16449764188 0.0 0.292871302652 1.02358604534 0.215192682755 0.0 0.0 0.412670313874 2.0458545636 0.070173283588 2.7787174511 236.0 151.0 242.0 -0.126914695611 0.10858688565 0.150895721883 0.0243050298259 
0.0 0.527194576751 0.0 1.28267123171 0.266183454721 0.645303706842 0.0 0.336834741347 1.67384914251 1.11139452531 0.0 1.72606612787 236.0 146.0 236.0 0.0239810262723 0.132891915476 -0.193804959986 -0.0442161705949 
1.60745355957 1.03845189737 0.0 0.594150465773 0.398482855993 0.658586476945 0.0 0.0 0.0879165367259 0.0 0.0 0.911579987648 236.0 139.0 232.0 -0.169823933714 0.0886757448808 -0.133129048875 0.115642407907 
1.91376998153 1.08547192314 0.0 0.540957131147 1.90220042118 0.0 0.0 0.0 1.10062136179 0.0 0.581190021552 0.0 236.0 133.0 225.0 -0.302952982589 0.204318152788 0.0492860288775 0.0425270550071 
1.57868503286 1.08673260228 0.0 0.0 1.26082676236 0.0 0.0 0.0 0.0 0.0 1.2527290891 0.0 236.0 123.0 216.0 -0.253666953712 0.246845207795 0.0804756975885 0.08530796413 
0.0 0.0 0.0 0.0550665650766 0.0 0.0 0.887496965039 0.0 0.0 0.0 0.367357777659 0.0 236.0 117.0 202.0 -0.173191256123 0.332153171925 -0.149229875226 -0.175794083462 
1.00679345815 0.0 0.0 0.0 0.723251873925 0.0 1.01342210298 0.0 0.0 0.0 0.120676280243 0.0 236.0 110.0 193.0 -0.32242113135 0.156359088463 0.202129083395 -0.00120181562356 
1.45587650844 0.930221112383 0.0 0.534884947996 1.41038182987 0.0 0.0173654372469 0.121742464268 0.133211375621 1.04631060107 0.0 0.0 235.0 107.0 183.0 -0.120292047954 0.15515727284 -0.0556353905592 0.0697757833111 
0.0 0.0 0.0 0.132932145736 0.0 0.0 2.67319968428 0.0 0.0 0.0 0.0 0.0 235.0 108.0 166.0 -0.175927438514 0.224933056151 0.176867347641 0.130627808145 
0.0 0.0 0.0 0.120515389588 0.0 0.0 2.00514439447 0.0 0.0 0.0 0.323462779374 0.0 235.0 112.0 146.0 0.000939909127161 0.333333333333 0.0997095403129 -0.0588442542607 
0.0 0.0 0.0 0.338721338872 0.0 0.0 4.13864392931 0.0 0.0 0.0 0.0 0.0 235.0 114.0 126.0 0.10064944944 0.274489079073 -0.0966140846094 0.139548326268 
0.0 0.0 0.0 0.0 1.37772808993 0.0 0.984767848024 0.0 0.448907854983 0.0 0.0 0.0 235.0 116.0 105.0 0.00403536483071 0.333333333333 0.0142099320186 -0.0382171759615 
1.00868674836 0.0 0.0 0.504414752721 2.18106981633 0.0 0.542754562324 0.0 0.0 0.0 0.855093776992 0.22852279439 235.0 115.0 87.0 0.0182452968493 0.295116157372 -0.257239096277 0.116933804625 
0.0 0.0 0.0 0.0 0.0 0.0 1.40310356888 0.0 0.0 0.0 0.0 0.0 235.0 111.0 73.0 -0.238993799428 0.333333333333 0.00587407247597 0.0708768974067 
1.63578550523 0.610353132916 0.0 0.528199055663 0.386847547026 0.0 0.0 0.0 0.34890667767 0.63902087002 0.0 0.963979643493 235.0 99.0 65.0 -0.233119726952 0.333333333333 -0.0851217531267 -0.0643509332639 
0.726105511181 1.76243648197 0.0 0.351840877488 1.18013503104 0.0 0.0 0.0 1.36033917821 0.0 0.0 0.0772419407391 235.0 81.0 64.0 -0.318241480078 0.268982400069 -0.0450857208758 -0.0236648644608 
1.44753616585 0.0 0.0 0.0 2.17273612458 0.0 0.0 0.0 0.422714569132 0.764488726495 0.0 0.268110218566 233.0 66.0 65.0 -0.333333333333 0.245317535609 0.0386889768435 -0.244506402945 
0.0 0.441205494431 0.0 0.0 0.0 0.0 0.198379221109 0.0 0.393088264886 0.796794368109 0.0 0.805258877724 233.0 62.0 65.0 -0.29464435649 0.000811132663362 -0.174350922849 -0.102544510756 
1.07752702508 0.0 0.0 1.29009728211 0.939314422247 0.0 0.0 0.146836169243 0.173311690458 1.98497431889 0.0 0.509128991144 234.0 62.0 73.0 -0.333333333333 -0.101733378093 -0.153769965189 0.0183585357897 
0.0 0.0 0.0 0.59286132832 1.19514198154 0.0 0.948681118392 0.0 0.0 0.0 0.0 0.0 235.0 63.0 82.0 -0.333333333333 -0.0833748423032 0.123818421809 0.0427032698137 
0.561813232689 0.0 0.0 1.10202833461 1.42100139741 0.0 0.0 0.0 0.0 0.0 0.0 1.72689094697 236.0 65.0 87.0 -0.209514911524 -0.0406715724895 0.0965489890879 0.215244053125 
0.378149675026 0.887964161781 0.225673285901 1.3359672789 0.0 0.0 0.0 0.386627827333 0.0 0.989636144733 0.0 0.318583098672 236.0 68.0 84.0 -0.112965922437 0.174572480635 -0.084025007528 0.00982694408488 
0.0 0.0 0.0 0.374124306519 0.0 0.0 0.0 0.0 0.0 0.0 0.0 0.587164591415 235.0 67.0 77.0 -0.196990929965 0.18439942472 0.0860204716027 0.0810907703701 
0.0 0.0 0.0 0.0 0.0 0.0 1.15660469081 0.0 0.0 0.0 0.0 0.0 234.0 61.0 71.0 -0.110970458362 0.26549019509 -0.0853500307436 -0.149175072139 
0.0 0.0 0.0 0.0 0.0 0.0 0.0 0.0 0.4196119396 0.0 0.0 0.0 233.0 55.0 68.0 -0.196320489105 0.116315122951 -0.026020219333 -0.125312706779 
0.0 0.0 0.644128742163 1.79560626553 0.0 0.0 0.188978579404 0.0 0.707283539477 1.18845729273 0.39264269799 2.28269677488 233.0 55.0 70.0 -0.222340708438 -0.00899758382796 -0.0203924240755 -0.210852866443 
0.671162032579 0.0 0.289687538346 1.35666746044 0.911776472165 0.0 0.0 0.0 0.403381358435 1.24876683525 0.0 0.11758443652 235.0 55.0 84.0 -0.242733132514 -0.219850450271 -0.0566261735199 -0.137538059918 
0.0 0.0 0.0 0.0 0.131670374661 0.0 1.16631195744 0.0 0.0 0.0 0.0 0.0 235.0 56.0 94.0 -0.299359306034 -0.333333333333 -0.149071271955 -0.129769953674 
0.0 0.0 0.0 0.315890034891 0.107392573391 0.0 0.92191448705 0.0 0.201735967447 0.0 0.0 0.0 235.0 61.0 97.0 -0.333333333333 -0.333333333333 -0.169893591219 -0.0329357292717 
0.0 1.42474062665 1.3660536549 1.21607892924 1.07516127679 0.550675371888 0.132960752065 0.0 0.0 0.735838629807 0.0 0.0 235.0 112.0 117.0 -0.333333333333 -0.333333333333 -0.146757263533 -0.107824035927 
0.0 2.25942000235 0.0 0.181746500971 2.1669794055 0.0 0.0 0.0 0.0 1.23576428705 0.828329258364 2.67154524465 235.0 110.0 148.0 -0.333333333333 -0.333333333333 -0.0198479192474 -0.0353123581775 
0.893363513308 0.0 0.421161513339 0.523834197243 1.82573829698 0.733851248618 0.0 0.228052182511 1.13037292129 1.06374989893 0.0 0.317239106034 235.0 111.0 179.0 -0.333333333333 -0.333333333333 -0.0343026063582 -0.123413419658 
0.0 1.04517121464 0.0 1.12811734949 0.0 0.0 0.0 0.0 0.979372897394 0.77730706911 0.0 0.74378287845 235.0 112.0 206.0 -0.333333333333 -0.333333333333 0.0245850436088 -0.115114990946 
2.52094699198 0.497396408096 0.0 0.552453579117 0.0 0.0 0.0862373541571 0.0 1.06808898368 1.14315190961 0.0 0.757157449502 235.0 122.0 227.0 -0.308748289725 -0.333333333333 0.0569513784896 -0.0218323205006 
1.84668284964 2.32360424418 0.0 1.40867054919 1.24197705688 0.0 0.107933629641 0.352432472966 0.102053858786 1.43529710192 0.0 1.03853784434 235.0 136.0 240.0 -0.251796911235 -0.333333333333 0.0531147190825 0.00047354784385 
2.51276850407 0.0 0.0 1.1538272651 1.88956987076 0.0 0.0 0.218873960926 1.7281536165 0.788331318063 0.0 0.0 235.0 150.0 252.0 -0.198682192152 -0.332859785489 0.0216883797456 0.0427621955225 
0.0 0.0 0.0 0.0 0.0 0.0 1.8369633872 0.0 0.0 0.0 0.0 0.0 236.0 169.0 255.0 -0.176993812407 -0.290097589967 0.0918448467014 0.194795052667 
0.0 0.420959737287 0.0 0.973155436781 1.09464329676 1.36284245466 0.0 1.13192172969 0.0875509525602 0.9391505973 0.0 1.52865938953 236.0 188.0 255.0 -0.0851489657055 -0.0953025373004 -0.0366388775434 0.0222387359184 
1.95401590279 2.13378706527 0.0 0.359004939631 2.16492598331 0.0 0.0 0.0 1.04037289103 1.335653348 0.738033557217 1.9379880094 236.0 204.0 255.0 -0.121787843249 -0.073063801382 -0.0783488613888 -0.0561150493507 
0.952451240279 0.0 0.649484835857 1.30801146464 1.91657209983 0.0 0.0 0.100805394692 0.288523232987 1.16029816408 0.0 1.07536770669 236.0 219.0 255.0 -0.200136704638 -0.129178850733 -0.0854812532133 0.000861379672615 
0.733595130127 1.02017297308 0.0 1.24337066472 0.0 0.0 0.271260525408 0.0 0.0 0.0 0.858844792256 0.173176906757 236.0 233.0 255.0 -0.285617957851 -0.12831747106 0.0667671604137 0.0750817515535 
0.0 0.0 0.0 0.27242714681 1.02080967303 0.0 1.36316866695 0.0 0.0 0.0 0.0 0.832496186237 236.0 243.0 255.0 -0.218850797437 -0.0532357195066 0.0316620467672 -0.0208898953763 
1.75869181886 1.32837052075 0.0 1.21051161164 1.28621983137 0.22930570878 0.147153181275 0.0 0.216738033505 1.97124135795 0.0776658324748 0.853026634816 236.0 249.0 255.0 -0.18718875067 -0.0741256148829 -0.0481271728265 -0.0504894199453 
0.0 0.225531087624 0.0 0.364441213376 2.07500671503 2.12187809721 0.0 0.099602353202 0.0766754369219 0.806491010072 0.0 1.72851848251 236.0 249.0 255.0 -0.235315923496 -0.124615034828 -0.144985412982 -0.167328814988 
0.860210355504 1.15984442637 0.0 0.431347865621 0.0 0.24366444464 0.0 0.494005645494 0.259578820379 1.14488850885 0.927557079754 2.03654398653 236.0 249.0 255.0 -0.333333333333 -0.291943849816 0.03504936583 -0.144316226642 
1.79267734275 0.0 0.0 1.30787418278 0.952757264071 0.0 0.0 0.0 1.04635237086 0.0 0.802166275515 0.108438103394 236.0 249.0 255.0 -0.298283967503 -0.333333333333 0.0414872794952 -0.000658890305373 
1.63406004799 1.32553740237 0.0 0.366116244706 2.15722963797 0.0 0.0 0.0 0.977021618721 0.319684436535 0.0 1.79801814858 236.0 249.0 255.0 -0.256796688008 -0.333333333333 0.0712354246978 0.145369407058 
0.0 0.0 0.0 0.0 1.22532038985 0.0 1.05167316007 0.0 0.0 0.0 0.743531002522 0.100601258016 236.0 249.0 255.0 -0.18556126331 -0.187963926275 -0.217605582047 -0.23708944533 
0.0 0.0 0.0 0.0 0.570455629719 0.0 0.262655687511 0.286021471324 0.0 1.16654450716 0.702704952512 2.67231397901 235.0 248.0 255.0 -0.333333333333 -0.333333333333 0.13901105779 -0.0407846658229 
2.44836811022 0.0305967500393 0.66769301884 0.6026480739 1.11252689745 0.0 0.0 0.0 0.824768505895 0.0312900698872 0.0 0.721368719268 236.0 248.0 255.0 -0.194322275543 -0.333333333333 0.0476371217506 0.0275651903003 
0.778332358328 0.0 0.0 0.0 0.410043665864 0.0 0.0 0.0 0.783206224406 0.839404994496 0.0 0.160198942498 236.0 248.0 255.0 -0.146685153793 -0.305768143033 0.00891766302189 -0.026792507417 
0.913368012443 0.0 0.0 0.117507964379 1.07533377864 0.896045242741 0.0 0.166558865643 1.28158090518 0.864426498205 0.871698024568 0.923814839864 236.0 248.0 255.0 -0.137767490771 -0.33256065045 -0.00404660391036 -0.0982394608033 
0.29219617764 0.0 0.0 0.0 0.0 0.0 1.09219917462 0.1856052897 0.265225368361 0.0 0.987914599465 0.0 235.0 248.0 255.0 -0.141814094681 -0.333333333333 -0.0426378714469 0.0884527726333 
0.710314246267 0.619330489471 0.57780273416 0.0 0.934994506894 0.126115459265 0.0 0.0 0.0 0.0 0.522503693706 0.0 235.0 248.0 255.0 -0.184451966128 -0.2448805607 0.0562321908144 -0.0276891450336 
0.910592031399 0.0 0.0 1.59818856388 0.340990711504 0.0 0.090746710088 0.0 0.0559904743242 0.201827560775 0.0 0.444230424453 235.0 248.0 255.0 -0.128219775314 -0.272569705734 0.0439560260127 -0.0706757118888 
0.0 0.0 0.0 0.0 0.665726841341 0.0 0.326591839985 0.0 0.0 0.0 0.175243241249 0.0 236.0 248.0 255.0 -0.0842637493009 -0.333333333333 0.0589811341929 0.0592902024978 
0.198058413197 0.0 0.0 0.635313376493 0.706940878951 0.0 0.0 0.0 1.32459082048 1.20552456703 0.0 0.704821103193 236.0 248.0 255.0 -0.025282615108 -0.274043130836 0.170438456493 0.0469570479417 
0.300508750337 0.0 0.0 0.0630491899018 0.0 0.0 0.0 0.0 1.26638224908 1.3452305268 0.371598991724 0.0 236.0 248.0 255.0 0.145155841385 -0.227086082894 -0.0334899095933 0.134363493317 
0.0 0.0 0.0 0.201145314793 0.0 0.0 0.717523027916 0.0 0.0 0.0 0.628325800875 0.0 236.0 249.0 255.0 0.111665931791 -0.0927225895764 0.100242874835 -0.00641499036778 
0.280430414171 0.0 0.0 0.611619752224 0.551887309524 0.610377578104 0.0 0.545455341437 0.339414875707 1.05797401756 0.0 0.447024050922 235.0 249.0 255.0 0.211908806627 -0.0991375799442 -0.136004248546 -0.0624186795027 
0.0 0.0 0.0 0.217794897207 1.45272730029 0.0 1.09059031934 0.0426229658945 0.0 0.0 0.65507542482 0.0 231.0 249.0 255.0 0.075904558081 -0.161556259447 -0.0210339518982 0.0578879026523 
0.917136780418 0.0 0.520472972045 0.361940020379 1.57382856444 0.0 0.0 0.0 0.0 0.0 0.0 0.439219426665 230.0 249.0 255.0 0.0548706061827 -0.103668356795 -0.138842376869 0.101754677764 
0.385360718442 0.22313334969 0.0 0.928524201515 1.20193211201 0.0 0.476960288058 0.0 0.0 0.0 0.0 0.0 230.0 249.0 255.0 -0.0839717706862 -0.00191367903019 0.0440078058765 -0.0571327002898 
0.243551292272 0.0 0.0 0.0708465044012 1.68970235172 0.0 0.0878039137592 0.0 0.0 0.0 0.00181663647371 0.0 231.0 249.0 255.0 -0.0399639648097 -0.05904637932 0.0575472507775 0.0333238697423 
1.77006445235 0.0 0.0 0.0 0.297794122459 0.0 0.107018301253 1.2615391649 1.00732290615 0.285736110617 0.367086204118 0.908245754293 233.0 249.0 255.0 0.0175832859678 -0.0257225095778 -0.121774369112 -0.129144155908 
0.910888281849 0.0 0.255408783457 0.0 1.34788147428 0.0 0.326412524021 0.0 0.0 0.0 0.0 0.0 235.0 249.0 255.0 -0.104191083144 -0.154866665485 0.121234923032 -0.08273879081 
1.19628349349 0.0 0.0 0.880556332212 1.1925434461 0.0 0.0 0.0 0.731004423891 0.110899319718 0.0 0.482574870021 236.0 249.0 255.0 0.017043839888 -0.237605456295 -0.0598932112987 0.0402192655069 
0.548694520478 1.26635948415 0.0 1.31920521138 1.18708236434 0.0 0.0 0.0 1.15454729938 0.719406466367 0.0 0.0588106748929 236.0 249.0 255.0 -0.0428493714107 -0.197386190788 0.00918968413182 -0.106842957901 
0.903199863261 0.195960730982 0.0 0.457302852805 0.936569017234 0.0 0.0947500554579 0.646155515891 0.667286984764 0.644486934328 0.0 0.79540172384 235.0 248.0 255.0 -0.0336596872789 -0.30422914869 0.0442681480471 0.151044808894 
0.41397346339 0.0 0.0 0.711268497898 0.646603977084 0.171089120056 0.0 1.42174213387 0.558058087421 0.141967395151 0.0 1.06832276515 235.0 248.0 255.0 0.0106084607682 -0.153184339795 -0.118570297473 -0.0589213585388 
0.992553965001 0.0 0.0 0.281186823931 0.668727396119 0.0 0.0556100824305 0.0 0.0 0.0 0.0 0.0 235.0 249.0 255.0 -0.107961836705 -0.212105698334 0.133940343922 0.121985082993 
0.541573544583 0.0 0.0 0.736191290572 0.668901978074 1.03425507149 0.0 0.0 1.54480720269 1.18376319717 0.755140287577 0.993589685319 235.0 248.0 255.0 0.0259785072167 -0.0901206153408 0.0983992099015 0.0214810307625 
0.464871471985 0.0 0.0 0.843884217633 1.19997719448 0.0 1.02994345221 0.0 0.0 0.0 0.0 1.1372169414 235.0 249.0 255.0 0.124377717118 -0.0686395845783 -0.101938868426 0.033993515338 
0.899723774219 0.0 0.0 0.378088372328 0.0 0.178348591665 0.666690591368 0.0 0.0 0.0 0.0 0.0 235.0 249.0 255.0 0.0224388486926 -0.0346460692403 0.0132499977016 0.0413479659316 
0.0 0.0028308987225 0.0 0.332090880155 0.571024371785 1.28159738553 0.0 0.916971127448 1.52782617807 1.19905604505 0.0 1.37970850626 232.0 249.0 255.0 0.0356888463942 0.00670189669128 -0.0178424470502 0.0319153257066 
0.415554148213 0.0330838468495 0.0 1.26771688269 0.0 0.441075227875 0.0 0.431053463642 1.17794465462 1.2533455997 0.267336661545 0.460946058027 230.0 249.0 255.0 0.017846399344 0.0386172223979 -0.0708221536608 -0.0184098741275 
0.0 0.0 0.0 0.0 0.0 0.0 0.0 0.0 0.0 0.0 0.815974810783 0.0886226617429 229.0 247.0 255.0 -0.0529757543168 0.0202073482704 0.0737169582923 0.177397031223 
0.0 1.30577747554 0.0 0.28468832561 0.995772440359 0.0 0.121779335637 0.0 0.688115389892 0.0 0.364075600686 0.0 228.0 240.0 255.0 0.0207412039756 0.197604379494 -0.190654117669 -0.0755000698835 
0.0 1.44863524423 0.0 0.0 0.710339529999 0.0 0.0 0.321801911636 0.6512366702 0.269343476254 0.0 0.455666248091 225.0 230.0 255.0 -0.169912913693 0.12210430961 -0.0328083494602 -0.14447152761 
0.80752733357 0.0 0.0 0.315927934077 0.669649970673 0.0836076350263 0.0 0.819787876146 1.18119243512 0.787341111976 0.322264066493 0.932017115935 223.0 233.0 255.0 -0.202721263153 -0.0223672180002 0.0612569739284 -0.115557216121 
0.879238788403 0.0 0.0 1.20352719239 0.0740001019489 0.0 0.594809334209 0.0 0.259848870272 0.0 0.84851729908 0.0 221.0 245.0 255.0 -0.141464289225 -0.137924434121 -0.0122483346111 0.012756826592 
0.881250576044 0.0 0.0 0.0 1.05530527303 0.0 0.248280871912 0.0 0.605794787958 1.100748853 0.0 1.37288101828 221.0 249.0 255.0 -0.153712623836 -0.125167607529 -0.109625699786 0.130418022287 
0.912261255277 0.0 0.0 0.0 0.67912611911 0.606143050179 0.0 0.0 0.61628061794 1.25033105386 0.0 1.17907170567 230.0 249.0 255.0 -0.263338323622 0.00525041475774 -0.0377013891785 -0.0202992122996 
0.0 0.0 0.0 0.0 0.0 0.0 1.46977110161 0.0 0.0 0.0 0.895281749606 0.0 232.0 249.0 255.0 -0.301039712801 -0.0150487975418 -0.0436518193731 -0.173366678727 
0.0 0.0 0.0 0.0 0.0 0.0 0.0 0.0 0.0 0.0 0.0 0.0 236.0 249.0 255.0 -0.333333333333 -0.188415476269 -0.0315960878063 -0.158204067854 
0.0 0.0 0.0 0.768495671312 0.698699736116 0.0 1.09932747527 0.0 0.586651753775 0.0 0.386980732138 0.0 236.0 249.0 255.0 -0.333333333333 -0.333333333333 -0.0415020758662 -0.128032778328 
0.0 1.3640768899 0.0 0.374095526081 1.19896321888 0.468521139056 0.0 0.0 0.709680299929 0.691703187844 0.0 1.95170732522 236.0 249.0 255.0 -0.333333333333 -0.333333333333 -0.102448832679 0.209354126402 
0.287553367085 0.0 0.0 0.0 1.12001459884 0.0 0.173425285888 0.0 0.0 0.0 0.0 0.134398144925 236.0 249.0 255.0 -0.333333333333 -0.123979206931 -0.0191431446572 0.130779971445 
