nrollouts: 2
# HEADER 1
0.485084921647 0.879330537326 0.0 0.664876774762 1.08037770468 0.0 0.0 0.105565957323 1.1445555565 1.65136329143 0.898184305295 0.0 133.0 246.0 255.0 0 0 -0.0116416995487 -0.115019401751 
0.0 1.40334509331 0.0 0.0 1.04859226911 0.0 0.0 0.0 0.203974770897 1.80983535036 1.32031259364 0.0 133.0 249.0 255.0 -0.0116416995487 -0.115019401751 -0.0352416174492 -0.0591098158491 
0.387755897668 0.0 0.0 0.0 0.484438425645 0.0 0.0 1.27038237941 0.549343513428 1.31433392684 0.0522548370076 0.0 133.0 250.0 255.0 -0.0468833169979 -0.174129217601 0.110356121454 0.11975848386 
0.431132776564 0.0 0.0 0.0 0.0 0.260114796163 0.0 0.0 1.05983528417 0.767253088976 0.0 0.0 133.0 250.0 255.0 0.0634728044559 -0.0543707337405 0.0437241369175 -0.0848212783631 
0.369747494997 0.0 0.0 0.33938640853 0.81305076607 0.0 0.0 1.26640701777 0.606570188857 0.718669377345 0.0 0.848350603209 131.0 250.0 255.0 0.107196941373 -0.139192012104 0.0133871659973 -0.155474990422 
0.0 0.0 0.0 0.0 0.601995866691 0.0 0.0 0.0 0.560852250287 0.0 0.910810636076 0.0127352861086 125.0 250.0 255.0 0.120584107371 -0.294667002525 0.0936228071663 -0.0802144171156 
1.32174561116 0.0 0.713597105052 0.356077337297 1.06368475236 1.52610954187 0.0 0.0 1.05912303226 0.689615496454 0.0 0.86142386938 118.0 250.0 255.0 0.214206914537 -0.333333333333 -0.0645859975715 0.0206410958053 
0.0 0.0 0.0 0.0 0.0 0.0 0.256572556392 0.0 0.0 0.0 0.561908331733 0.85620644312 117.0 252.0 255.0 0.149620916965 -0.312692237528 0.131589441202 0.0428162001646 
0.0 0.0 0.0 0.326805756228 0.990695132056 0.0 0.0 0.0 0.0 0.518218225464 0.0 1.38700150901 117.0 253.0 255.0 0.281210358168 -0.269876037363 0.138120927113 0.102968829939 
0.0 2.29855244201 0.0 0.0 1.51257816952 0.0 0.0 0.0 0.603423352387 0.367451819899 0.0 1.465613545 116.0 254.0 255.0 0.333333333333 -0.166907207424 0.189570860312 0.00426544655787 
0.0 1.23023938601 0.10404590026 0.0 0.716096777981 0.0 0.0 0.785854932182 0.153870488676 0.0 2.74697543794 0.0 114.0 254.0 255.0 0.333333333333 -0.162641760866 -0.0263999573913 -0.0847098100118 
0.470890967249 0.0 0.0 0.0 0.0 0.0 1.7395809511 0.0 0.0 0.0 0.315834472401 0.56942183641 113.0 255.0 255.0 0.306933375942 -0.247351570878 -0.0133199877409 0.0675703497942 
0.496988824063 3.20608494775 1.48845905959 0.0 0.44240866473 0.0 0.0 0.0 0.0 0.988690836051 2.61431184471 3.03297564213 112.0 255.0 255.0 0.293613388201 -0.179781221084 -0.0229641059508 0.000812975045329 
0.0 2.78833580986 5.09024289412 0.646176047504 0.309185458871 0.0 0.0 0.0 0.291434714071 1.25765975502 2.74752014085 3.20270536122 111.0 255.0 255.0 0.27064928225 -0.178968246039 -0.00512133778946 -0.00517166548211 
0.0 4.99302019269 4.01369097394 0.0 0.0861955721219 0.0 0.0895569946671 0.0 0.113025549652 0.5157484088 4.81252278219 5.26913824213 111.0 255.0 255.0 0.265527944461 -0.184139911521 0.141595679771 0.0294420608222 
0.0 4.02944225406 5.97874720406 0.142288231196 0.829134017764 0.0 0.0 0.17433473669 0.295288257946 0.64853928333 5.49997873817 2.39498502989 110.0 255.0 255.0 0.333333333333 -0.154697850699 -0.046628592108 0.0626642409858 
0.0 3.77964614143 6.69471676987 0.00660314785074 0.0 0.0 0.0 0.117896483661 0.0 0.0 4.80048914111 1.8358961606 109.0 255.0 255.0 0.286704741225 -0.0920336097129 -0.038797607581 -0.151704753208 
0.0 5.45787663555 8.24602234105 0.0 0.0 0.0 0.0 0.0 0.980063016444 0.0 6.24473382138 4.44265658576 109.0 255.0 255.0 0.247907133644 -0.243738362921 -0.0795430149998 0.0207562392946 
0.0 4.41548001789 7.94799177022 0.649573888588 0.578429931131 0.0 0.0 0.224430492237 0.0 0.0 5.56873651297 3.67888892949 108.0 255.0 255.0 0.168364118644 -0.222982123626 0.0290841238047 -0.020106101807 
0.0 5.13151648879 9.21203752439 0.0 0.0 0.0 0.0 0.307376338264 0.606097383677 0.492835735393 6.10739925376 3.59163724713 108.0 255.0 255.0 0.197448242449 -0.243088225433 -0.0473347960139 0.0910205081353 
0.0 2.26497306417 6.03938310745 0.0 0.0 0.0 2.42998502745 0.803926215854 0.0 0.0 6.81501443013 2.23139183675 108.0 255.0 255.0 0.150113446435 -0.152067717298 0.111253196534 0.0477585600165 
0.0 5.87469582506 10.5463790734 0.0 0.0 0.0 0.0782927185682 0.169263139006 0.0 0.0 6.17235334077 3.3259570141 108.0 255.0 255.0 0.261366642969 -0.104309157281 -0.013113392763 -0.0693743436962 
0.0 7.45452257671 11.4239896842 0.0 0.0 0.0 0.0 0.0 0.0 1.19371861256 7.61813192635 3.57768682052 108.0 255.0 255.0 0.248253250206 -0.173683500978 0.0216259631942 -0.109103148976 
0.0 8.87652842111 9.78379620774 0.0 0.0719422084952 0.0 0.0 0.200955492787 0.62043582065 0.138829354239 8.65980148382 1.89696795982 107.0 255.0 255.0 0.2698792134 -0.282786649954 -0.00595751861887 -0.0452838516443 
0.0 6.13716138232 11.534992625 0.0 0.0 0.0 0.0 0.681772764435 0.342911597435 1.16825122401 8.15724088261 4.59364712757 107.0 255.0 255.0 0.263921694781 -0.328070501598 0.138593065129 0.0476274669353 
0.0 2.36252697867 11.0703499065 0.0 0.0 0.0 0.60001172421 0.0 0.0 0.0 8.85656446793 3.67642442133 107.0 255.0 255.0 0.333333333333 -0.280443034663 0.0106353320902 -0.125980631868 
0.0 6.0559523777 11.9426172982 0.0 0.400786844832 0.0 0.148298753798 0.0 0.755030723465 0.0 8.90573491514 3.95918064581 107.0 255.0 255.0 0.333333333333 -0.333333333333 0.0699610059547 0.094487384491 
0.0 5.99866856333 13.5511866646 0.0 0.0 0.0 0.0 0.168299122553 0.0 2.36308306621 9.27563296418 3.24706420567 107.0 255.0 255.0 0.333333333333 -0.238845948842 0.208131165909 -0.20392987619 
0.0 7.04148846189 13.768219574 0.0 0.0284608472063 0.0 0.0 0.0 0.0 0.42555640234 10.0236753769 5.44374632006 107.0 255.0 255.0 0.333333333333 -0.333333333333 0.0992638849834 -0.0380676451345 
0.0 4.16580385226 15.4703380242 0.0 0.0 0.873701286891 0.0014324118635 0.226532235902 0.0895820280287 0.48977637911 9.49431921601 4.10466924172 106.0 255.0 255.0 0.333333333333 -0.333333333333 -0.0831474421272 -0.143115845696 
0.0 4.10573587225 11.7800604151 0.0 0.0 2.64451736165 0.0 1.02678242836 0.108124633377 1.39773074488 9.99498195428 4.93650495718 106.0 255.0 255.0 0.250185891206 -0.333333333333 -0.11968515125 0.0774946336695 
0.0 5.79011212531 13.5504308074 0.0 0.0 0.0 0.0 0.926197676661 0.0 0.706930721797 12.6501772923 4.05490153269 106.0 255.0 255.0 0.130500739956 -0.255838699664 0.0467277529947 0.151146143393 
0.0 6.34963877791 15.0514852725 0.0 0.0 0.0 0.0 1.27977483818 0.0 0.0 11.4868406118 5.24684181888 106.0 255.0 255.0 0.17722849295 -0.104692556271 -0.0164078558256 -0.107851534194 
0.0 6.70037383483 16.0136241977 0.0 0.0 0.0 0.0 0.370660316314 0.0 0.771015458686 10.0569806177 6.31196301069 106.0 255.0 255.0 0.160820637125 -0.212544090465 -0.0939359158081 -0.0215231873093 
0.0 7.91462963489 15.1864665802 0.0 0.0799328679222 0.0 0.0 0.860955177696 0.0 0.829248220568 10.680578158 4.65552848155 106.0 255.0 255.0 0.0668847213167 -0.234067277774 0.0592172308867 -0.0361982283501 
0.0 6.05802783914 14.507060788 0.0 0.0 0.0 0.0 0.950747666872 0.496916775487 0.0 10.1809126464 3.07258820345 106.0 255.0 255.0 0.126101952203 -0.270265506124 -0.0570019361394 0.0897675232966 
0.0 5.37304605244 14.8982780844 0.0 0.0 0.0 0.906999994782 0.0 0.0 0.0 10.14903547 2.49098368459 106.0 255.0 255.0 0.069100016064 -0.180497982828 0.052693638135 -0.085200229921 
0.0 8.25592200903 14.4793427005 0.0 0.0 0.0149770538335 0.0 1.79917950328 0.0 0.0 10.5296704317 4.81552969565 106.0 255.0 255.0 0.121793654199 -0.265698212748 0.011290821652 0.0305868582505 
0.0 8.62490868467 15.0681041925 0.0 0.0 0.0 0.0 0.0 2.09068773316 1.11950731864 10.3151453826 4.4804497525 106.0 255.0 255.0 0.133084475851 -0.235111354498 -0.0578323204751 0.0214644300272 
0.0 7.25394894041 15.5924842212 0.0 0.132891582145 0.0 0.0 0.0 2.42175641343 0.0 10.9203457958 3.68788781646 106.0 255.0 255.0 0.0752521553758 -0.213646924471 0.071477929413 0.0798014755191 
0.0 7.64644413849 12.5201131799 0.0 0.0 0.0 1.23936907837 1.78303794967 0.0 0.0 10.3235231011 2.0994796762 106.0 255.0 255.0 0.146730084789 -0.133845448952 -0.0873824735566 -0.0230122958805 
0.0 7.18776406401 15.1252044005 0.0 0.0 0.0 0.0 1.16672050466 0.560745295982 0.246442868204 10.688880072 6.70504531497 106.0 255.0 255.0 0.0593476112322 -0.156857744832 -0.0733718528158 -0.13115645998 
0.0 7.07746946839 16.2736488937 0.0 0.0 0.22391822922 0.0 1.02187375543 0.0 1.29804154199 12.0181240607 6.06572292554 106.0 255.0 255.0 -0.0140242415837 -0.288014204812 -0.0808259278072 -0.0434743759729 
0.0 6.04063653146 15.5027541683 0.0 0.0 0.0 0.0 0.0797594071133 0.0 1.70543602115 11.5961858639 4.60672822277 106.0 255.0 255.0 -0.0948501693909 -0.331488580785 0.0319728480602 0.0473723863695 
0.0 4.69438899524 9.30622221367 0.0 0.139541440588 0.0 0.710129807994 0.550355139491 0.0 0.0 8.75448356979 4.09121522308 108.0 255.0 255.0 -0.0628773213307 -0.284116194416 -0.0606998580935 -0.0674091940851 
0.0 6.43176120795 7.42206734006 0.0 0.0 0.117338728262 0.0 0.096201805201 0.875518571038 0.668206837597 5.69339381508 2.51135608262 110.0 255.0 255.0 -0.123577179424 -0.333333333333 0.0990298419361 -0.0421334175348 
0.0 1.67195290608 3.17402821821 0.0 0.0 0.0 1.19486574143 0.425467853455 0.0 0.0 1.59556563042 1.461415135 112.0 255.0 255.0 -0.0245473374881 -0.333333333333 0.0362456851099 -0.0296816311009 
0.0 2.80386091656 2.94658921925 0.0 0.383696545757 0.0 0.0 0.0 1.06719997832 1.09493805047 1.40442477577 1.86550752441 113.0 254.0 255.0 0.0116983476218 -0.333333333333 -0.0205666675767 -0.0492073878969 
0.0 2.5573053885 2.43855075276 0.31361511139 0.504775523603 0.0 0.0 0.889877281661 0.607622158153 0.292868751557 1.46018008459 2.44012085123 114.0 253.0 255.0 -0.00886831995492 -0.333333333333 0.213460445845 0.0663094853924 
0.00700532839192 2.08014512416 2.82797878976 1.34189987946 0.0 0.33290221527 0.0 0.512226625829 0.124392884891 1.17392168059 1.96114555185 0.457247694195 114.0 253.0 255.0 0.20459212589 -0.267023847941 -0.0252205431344 -0.0224778440962 
0.0 0.721306052054 0.0897367767429 0.0 0.529525617505 0.0 1.12768050724 0.0 0.0 0.0 1.5697941713 0.0 114.0 254.0 255.0 0.179371582756 -0.289501692037 -0.0990970647708 0.183760212368 
0.48153577163 2.05354469043 2.56585480413 0.0 0.0 0.0 0.0 0.0 0.0659251339328 1.15177925858 1.05687662001 1.94557416663 113.0 255.0 255.0 0.080274517985 -0.105741479669 0.00196982981945 -0.0792263647224 
0.0 3.43800037413 4.01736164957 0.0 0.0 0.0 0.0 0.0 0.0 0.138367746276 1.88378786366 1.84788254126 113.0 255.0 255.0 0.0822443478045 -0.184967844392 -0.0931864743179 0.076032756357 
0.471315472807 3.10501055211 4.37378798511 0.0 0.0 0.0 0.0 0.0 0.102174568517 0.0 2.50244376018 1.03189014062 113.0 255.0 255.0 -0.0109421265134 -0.108935088035 -0.155262651996 0.00402285335808 
0.0 2.12484865461 2.13356674046 0.0 0.0 0.0 0.799626079964 0.0 0.0 0.0 2.55190118288 0.0 114.0 254.0 255.0 -0.166204778509 -0.104912234677 0.199636768755 0.0173418657345 
0.0 2.06252026344 0.844612926058 0.0 0.0 0.0 0.0 0.0 0.0 0.0 0.115103830178 1.23892612191 115.0 253.0 255.0 0.0334319902461 -0.0875703689421 -0.0595306279538 -0.0150408681496 
0.0 0.778764452406 0.0 0.0 0.0 0.0 0.818624828866 0.0 0.0 0.0 1.07024477936 1.01240998743 117.0 253.0 255.0 -0.0260986377077 -0.102611237092 0.0499407943204 -0.159493965936 
0.0 0.67587084617 0.281462672227 0.0 0.514102775856 0.0 0.0 0.0 0.179176576536 2.85371140152 0.0 0.0 117.0 254.0 255.0 0.0238421566127 -0.262105203028 -0.0763541711783 0.132023453396 
0.0 0.0 0.0 0.0 0.0 0.0 1.37461136149 0.0 0.0 0.0 0.202837576462 0.0 117.0 253.0 255.0 -0.0525120145656 -0.130081749632 0.158528844454 -0.0246130147826 
0.0 0.722114820575 0.0 0.0 0.354361769163 0.0 0.179732783329 0.943581359612 0.0 1.5015370773 0.0 0.60088561839 117.0 253.0 255.0 0.106016829888 -0.154694764414 -0.0944619414312 -0.0873088591314 
0.0 2.01825225291 0.207876942977 0.0 0.0 0.0 0.0 0.0 0.996302359804 1.12017746105 0.0 1.14859289449 116.0 253.0 255.0 0.011554888457 -0.242003623546 -0.0325141743492 0.0995121092067 
1.35413128102 0.776948637114 0.0 0.158331208126 0.608066598289 0.0947852277593 0.0 0.0 0.0 1.45158894736 0.494915936954 0.415332596231 117.0 253.0 255.0 -0.0209592858922 -0.142491514339 -0.00251092217925 0.102621315615 
0.959469228433 1.98792174811 0.96536813219 0.217634992172 1.07752642449 0.534347214531 0.0 0.0 0.197087699402 1.8366458422 0.0 2.42344509303 117.0 253.0 255.0 -0.0234702080714 -0.0398701987238 -0.232834637175 -0.00349032079045 
0.540802783461 0.0 1.18452590584 0.0 0.15436293147 0.0 0.0 0.0 0.863837465633 1.12955899499 0.0 1.2667725257 118.0 253.0 255.0 -0.256304845247 -0.0433605195142 0.0619781315084 -0.0280445473774 
0.715069592181 0.614300820543 0.0 0.0 1.21881798519 0.0 0.0 0.0 0.165668020993 2.38850959996 0.0 1.5428845651 125.0 252.0 255.0 -0.194326713738 -0.0714050668917 -0.0849314981544 0.0268815741263 
0.345154985724 0.107356833798 0.0 0.113635766839 0.720587518605 0.0 0.060857268611 0.0 0.0 1.36477484966 0.0629374355103 0.832448562998 134.0 252.0 255.0 -0.279258211892 -0.0445234927654 0.198119164247 0.0834103766777 
0.0 0.0 0.0 0.0295795078936 0.142250162937 0.524776428636 0.0 0.0 0.855114442295 1.08252598501 0.0 0.403658165096 141.0 252.0 255.0 -0.0811390476457 0.0388868839123 -0.0339965152961 0.094159389392 
0.0 0.357008956468 0.511814549917 0.0 0.280838697907 0.766726004641 0.0 0.0 0.915125377972 0.510906472068 0.445119141702 2.42128589528 146.0 252.0 255.0 -0.115135562942 0.133046273304 0.186589010798 0.00878068535217 
1.59973836862 0.0 0.0 0.0 0.0 0.0 0.183439507714 2.49900723212 0.0 0.0871300088383 0.0 0.890110047639 148.0 253.0 255.0 0.0714534478564 0.141826958656 -0.0402016410261 0.129305437487 
2.09130018853 0.36905037984 0.0833165234414 0.0 0.921177902035 0.0 0.0 0.0998231712416 0.807578320109 0.479927311243 0.0 2.4669275767 147.0 253.0 255.0 0.0312518068304 0.271132396143 0.0742378898083 -0.0251117067648 
0.0 0.474982930437 0.0 0.0 0.0 0.0 0.941766916962 0.0 0.0 0.0 0.207303882293 0.0 142.0 250.0 255.0 0.105489696639 0.246020689379 -0.0159005880199 -0.0124805895058 
0.0 0.0 0.0 0.0 0.0 0.0 0.920411258202 0.0 0.0 0.0 0.512506547838 0.0 137.0 242.0 255.0 0.0895891086188 0.233540099873 0.0585842936256 0.0723756825342 
0.0 0.0 0.0 0.0 0.0 0.0 1.10678012698 0.0 0.0 0.0 0.553052002541 0.0 134.0 230.0 255.0 0.148173402244 0.305915782407 -0.108689695786 0.2079048319 
0.0 0.0 2.05206638498 0.0 0.0 0.474907214673 0.0 0.229582275334 0.49652209387 2.6168624998 0.0226360946747 0.893779706981 133.0 233.0 252.0 0.0394837064587 0.333333333333 0.0293335405075 0.110978479542 
0.0 0.0 4.4075881124 0.0 0.0 0.0 0.0 0.0 0.0 0.0 1.28712005468 1.18491294009 132.0 240.0 232.0 0.0688172469662 0.333333333333 -0.028882407031 0.0230964590809 
0.0 1.03038771322 5.66731440274 0.0 0.0 0.0 0.0 0.0 0.0 0.0 0.139226901452 0.0 130.0 248.0 210.0 0.0399348399352 0.333333333333 0.0175407464098 -0.0240606730242 
0.0 0.0 3.98664659167 0.444416974434 0.0 1.78679425357 0.0 0.484558118483 0.628878710092 0.0 2.04058209243 0.0 132.0 249.0 199.0 0.0574755863449 0.309272660309 0.0586413512238 -0.0942569214236 
0.191514910147 0.0232556160386 1.7774119012 0.419769829784 0.393935102211 6.05715437063 0.0 5.44507980822 0.972579306199 0.0 2.3179178938 1.01723478169 133.0 250.0 191.0 0.116116937569 0.215015738886 -0.0150169571096 0.0781147179363 
0.0 0.0 2.1453256842 0.637211651748 1.07395909631 9.31416282149 0.0 4.75430630452 1.32636736878 0.938640352401 1.35725142019 1.72048031211 133.0 250.0 184.0 0.101099980459 0.293130456822 0.0105488496484 0.0259493778794 
0.649651309898 0.668658992863 0.0 0.0 0.563182331568 9.75736254268 0.0 8.699183613 0.0553093612243 0.0 1.10829374903 0.0 133.0 251.0 176.0 0.111648830108 0.319079834701 -0.0919129252825 0.0529608531567 
0.0 1.23629625281 0.360930353888 1.15132841477 1.60949395171 7.51894171421 0.0 8.7252966769 0.859283405654 1.01140892997 0.0 1.32961132415 134.0 252.0 169.0 0.019735904825 0.333333333333 -0.129844837772 0.0176551966062 
0.135231109097 1.25376233332 0.0 0.753272377507 0.360319164894 7.5410405945 0.0 9.03558568187 1.10271597566 0.512124556417 0.310045560398 0.0 135.0 252.0 162.0 -0.110108932947 0.333333333333 0.0387030126639 0.04036232587 
0.672588296509 0.0668952155635 0.0 0.428008167875 0.32092773556 6.79003578477 0.0 8.29223717553 0.0 1.68346888 1.29388384796 0.659734748715 136.0 252.0 155.0 -0.0714059202826 0.333333333333 -0.0300614818276 -0.109684074495 
0.0 1.21716891207 0.357761327446 0.0 1.16379768176 5.26499267705 0.0 4.82912062243 0.0880149391304 0.532217230369 0.887175924282 0.740436426349 137.0 252.0 151.0 -0.10146740211 0.223649258838 -0.0446984816769 0.237284184956 
0.874920470342 0.0 0.163184152628 0.0 0.658826073072 4.24730544685 0.0 6.12462789592 0.0 1.99594776808 0.0 0.0 137.0 252.0 147.0 -0.146165883787 0.333333333333 -0.147915955619 0.016931024508 
0.0 0.981828249883 0.0 0.0 1.29853884346 4.30841778367 0.0 7.00666683011 1.59358897941 0.0 0.0 0.0 142.0 252.0 133.0 -0.294081839406 0.333333333333 -0.268622573711 0.039628845048 
1.47863804789 0.0 0.0 0.0 0.0 1.7472637871 1.24848384879 0.0 0.0 0.0 0.0 0.0 149.0 249.0 113.0 -0.333333333333 0.333333333333 0.00833108459329 -0.116779610648 
0.0 0.0 0.0 0.0 0.0 0.417322150594 5.86967695373 0.0 0.0 0.0 1.37127066619 0.0 154.0 247.0 96.0 -0.32500224874 0.216553722685 0.0374922379312 -0.212343905697 
0.0 0.0 0.0 0.0 0.664548437561 0.0 8.13516779829 0.0 0.0 0.0 0.0 0.0 161.0 241.0 95.0 -0.287510010809 0.00420981698796 0.0433361531156 -0.0429282000516 
0.0 0.0 0.0 0.0 0.0 0.0 8.1080678975 0.0 0.0 0.0 0.0 0.0 167.0 231.0 103.0 -0.244173857693 -0.0387183830636 0.0015626159636 -0.134883529727 
0.0 0.0 0.0 0.0 0.0 0.0 2.94748776471 0.0 0.0 0.0 0.0 0.0 175.0 213.0 136.0 -0.24261124173 -0.173601912791 -0.243536831917 -0.0324992000131 
0.50028610756 0.0 0.0 0.0 0.718391046335 0.0 0.566418023222 0.0 0.450952174763 0.0 0.0 0.0 180.0 197.0 172.0 -0.333333333333 -0.206101112804 0.177691492601 -0.0740999697285 
0.0 0.450268167279 0.343636503484 0.0 0.0 0.0 0.304318169364 1.22683009546 0.816044647959 0.298346095359 0.0 0.0581798807291 183.0 181.0 211.0 -0.155641840732 -0.280201082532 0.0250732662444 0.0480099265779 
0.0 0.0 0.297469331434 0.0 1.04073053985 0.547480576876 0.202420680973 0.512412802015 0.0 0.0 0.403158968533 0.0 188.0 176.0 236.0 -0.130568574488 -0.232191155954 -0.0449788840799 0.00531817463696 
0.0 0.0 0.0 0.0 0.0 0.0 2.04255342947 0.0 0.0 0.0 0.455010793242 0.0 196.0 176.0 249.0 -0.175547458568 -0.226872981317 0.0778815428668 0.116880546837 
2.46540907818 2.07268409331 0.0 0.0 0.0 0.0 0.349518407753 0.225998418011 0.156713040329 0.0 0.0 1.54874840776 203.0 178.0 255.0 -0.0976659157012 -0.10999243448 -0.0521856378283 0.0197350998577 
1.74858593371 0.0 0.0 0.218644355278 0.0 0.0 1.17130657141 0.0 0.0 0.0 0.311556920104 0.0 210.0 184.0 255.0 -0.14985155353 -0.0902573346223 -0.197714564735 -0.151499348905 
0.0 0.0 0.0 0.326201916265 0.0 0.0 1.19649488838 0.0 0.0 0.0 0.452474759293 0.0 220.0 195.0 255.0 -0.333333333333 -0.241756683527 0.0443135106823 0.0690753027069 
0.0 0.0 0.0 0.0 0.0 0.0 1.10324577525 0.0 0.0 0.0 0.0 0.0 229.0 207.0 255.0 -0.289019822651 -0.17268138082 0.0719752677064 0.0235927563271 
0.0 0.225723940394 0.0 0.369177728871 0.0 0.0 0.0 0.190013951389 1.03823072966 1.1404987282 0.0 1.52812353569 230.0 222.0 255.0 -0.217044554945 -0.149088624493 -0.215169715909 0.10779811153 
0.0 0.0 0.0 0.0 0.886560880315 0.0 1.0429673954 0.0 0.0 0.0 0.408399355199 0.0 231.0 232.0 255.0 -0.333333333333 -0.0412905129633 0.0230749116606 -0.0280367618943 
0.649236282359 0.0 0.0 0.311205934151 0.0 0.0 0.0 0.0 0.183513694464 0.996918557941 0.0 0.0 234.0 240.0 255.0 -0.310258421673 -0.0693272748576 0.082635732362 0.102114789767 
0.0 0.369911397982 0.0 0.422670182365 0.92142679526 0.0 0.0 0.0 0.121088113166 1.27296797002 1.36892544523 0.91623166769 235.0 241.0 255.0 -0.227622689311 0.0327875149096 0.0756608028151 -0.028326845658 
0.0 0.396113010518 0.0 0.332373895644 0.0 0.0 0.0 0.372682153788 0.0 0.0 1.36096655292 0.0993890091226 235.0 239.0 255.0 -0.151961886496 0.00446066925155 0.195365785251 -0.023343482393 
0.0 0.0 0.0 0.0 0.0 0.0 0.0 0.0 1.03603892554 0.0 0.0 0.0 235.0 241.0 255.0 0.0434038987553 -0.0188828131414 0.0382282390909 0.00207882753837 
0.0 0.0 0.0 0.27543613732 0.0 0.0 0.951546650321 0.0 0.0 0.0 1.21229834014 0.0 235.0 245.0 255.0 0.0816321378462 -0.016803985603 -0.0466319570693 -0.00157119378896 
0.745399425661 0.0 0.0 0.0 0.0709389647805 0.0 0.0 0.248025278441 0.0 0.271414651034 0.0 0.0 230.0 249.0 255.0 0.0350001807769 -0.018375179392 -0.146128232638 0.0133136929087 
0.0 0.0 0.0 0.305746089679 0.0 0.0 0.0 0.0 0.0667475929456 0.875809660588 0.398322528198 0.850538443589 229.0 249.0 255.0 -0.111128051861 -0.00506148648331 -0.0831881079193 -0.032692393697 
0.702026849295 0.436714590491 1.14851967937 0.0 0.940880929819 0.0 0.170424424779 0.0 1.08612680161 1.17572786572 0.362618472681 0.00361349280491 231.0 249.0 255.0 -0.19431615978 -0.0377538801803 -0.0381059639184 0.0966737185129 
0.912872721653 3.21191088546 0.0 0.0 0.3123096984 0.0 0.0 0.467615924596 0.242616854259 0.403578551118 0.0 0.852077640078 233.0 249.0 255.0 -0.232422123699 0.0589198383326 -0.0454160698846 -0.112532553201 
0.825529940792 0.579406950889 0.278562066882 0.0 0.0 0.0 0.268788403694 0.492271435809 0.997336249081 1.25419299748 1.18517109366 0.0 235.0 249.0 255.0 -0.277838193583 -0.0536127148688 0.0424937839911 0.143076572979 
0.0413387451578 1.18425639175 0.0 0.0 0.0 0.0 0.295234345514 0.0 1.11420728236 0.999481403445 0.0 0.139909221907 235.0 249.0 255.0 -0.235344409592 0.0894638581099 -0.0655028361014 0.0442853544649 
0.0 1.73382148416 0.0 0.0 0.44070907858 0.0 0.0 0.0 1.11738480179 1.272443859 1.4670423631 0.856002572122 235.0 245.0 255.0 -0.300847245694 0.133749212575 -0.107750237635 -0.165102303856 
0.782764214928 0.406872883392 0.0 0.0 0.0 0.0 0.0 0.0 0.0 0.218399136802 0.0 1.65949425911 235.0 242.0 255.0 -0.333333333333 -0.0313530912815 -0.124288294799 0.110545251653 
0.164969037017 0.396636902231 0.0 0.0 0.0 0.0 0.0 0.0 1.05959742932 0.0 1.27991563189 2.02816559283 235.0 242.0 255.0 -0.333333333333 0.0791921603711 -0.0645455259066 -0.105634114647 
0.77036529293 1.73976253686 0.0 0.0 0.326783003815 0.0 0.0 0.0 0.24004388868 0.612279035751 0.0 0.914013294904 236.0 241.0 255.0 -0.333333333333 -0.0264419542762 -0.0386849674276 -0.0250319177331 
0.0 0.0 0.0 0.801340795953 0.0 0.0 0.0 0.0 0.0 0.291514112939 0.0 0.847599830105 236.0 247.0 255.0 -0.333333333333 -0.0514738720093 -0.0089047086648 0.0463283459988 
0.544792433596 0.0 0.0 0.0 0.0 0.0 0.0 0.499058795108 0.0 0.0 0.0 0.127072579497 236.0 249.0 255.0 -0.333333333333 -0.00514552601047 -0.0348734233126 0.0489857559203 
0.0 0.0 0.0 0.131969546747 0.581286877959 0.0 0.0 0.0 0.227272475058 0.0 0.0 1.10424625245 235.0 248.0 255.0 -0.333333333333 0.0438402299098 0.178948912545 -0.0607771146956 
0.0 0.0 0.0 0.0 0.708642417007 0.472824650245 0.0 0.2703332547 0.0 1.09929661551 0.0 0.665507148572 235.0 248.0 255.0 -0.154384420788 -0.0169368847857 0.0284190361865 -0.114816855074 
0.0 0.0 0.0 0.0 0.0 0.0 0.0 0.987763312615 0.233344018693 0.0 0.0 0.0 235.0 249.0 255.0 -0.125965384601 -0.13175373986 -0.131799498558 0.0207818193662 
0.0 0.0 0.0 0.0 0.454786395099 0.0 0.0883173067903 0.0 1.08907086276 0.738970357176 0.41957005076 0.0 235.0 249.0 255.0 -0.25776488316 -0.110971920494 -0.12135429098 0.0597876805758 
0.0 0.0 0.0 0.0 0.0 0.987174747733 1.04268263236 0.0 1.11533817927 0.0 0.0 0.0 235.0 249.0 255.0 -0.333333333333 -0.0511842399182 0.000699766093439 -0.0300456221265 
0.0 0.0 0.458026509392 0.0 0.768081695942 0.0 0.0 0.0 0.36590427581 0.832107940518 0.0 1.33407935881 235.0 249.0 255.0 -0.33263356724 -0.0812298620447 -0.0114803960868 -0.186098978893 
0.801127035508 0.0 0.0 0.32269417187 0.214020651802 0.774003249041 0.288011221254 0.0 0.217240749171 0.0 0.0 0.0 235.0 249.0 255.0 -0.333333333333 -0.267328840937 0.00366007281075 0.0733619342594 
0.0 0.0 0.0 0.147920311008 0.102892286045 1.36348267384 0.0 0.0 1.4936753522 0.466125910735 0.0 0.426836627699 235.0 249.0 255.0 -0.329673260523 -0.193966906678 0.02350680133 -0.0605176515435 
0.0 0.0 0.0 0.0 0.0 0.0 0.0 0.0 0.095247851966 0.0 0.16068244751 0.0 235.0 249.0 255.0 -0.306166459193 -0.254484558222 0.0498134934691 0.145192706224 
0.0 0.0 0.0 0.0 0.0 0.0 0.0 0.0 0.801733886561 0.0 0.0 0.0 235.0 249.0 255.0 -0.256352965723 -0.109291851998 0.00185836786415 -0.121002828946 
0.0 0.0 0.0 0.539304623963 0.0 0.0 0.295120658869 0.0 0.0 0.0 0.202533645922 0.0 236.0 250.0 255.0 -0.254494597859 -0.230294680944 -0.00204457382362 -0.0132056017176 
0.0 0.0 0.0 0.0 0.47578032999 0.0 0.0188330035718 0.0 0.0 0.0 0.0 0.630980606748 236.0 249.0 255.0 -0.256539171683 -0.243500282662 0.00203340692205 -0.0660219108145 
0.0 1.23421895348 0.0 0.205916153189 1.0801644948 0.0 0.0 0.0 0.599806023845 0.0 0.0 1.08901398894 236.0 249.0 255.0 -0.254505764761 -0.309522193476 0.050748800422 0.0684551920115 
0.0765274971701 0.239726349659 0.0 0.800895590726 0.598489629561 0.0284317339813 0.0 0.0 0.0 0.6465331518 0.0 0.696737103995 236.0 250.0 255.0 -0.203756964339 -0.241067001465 -0.147861159259 0.0412199480762 
0.426335078071 0.0 0.0 0.0 0.0 0.0 0.0 0.909170180143 0.0 0.0 0.0 0.0 236.0 250.0 255.0 -0.333333333333 -0.199847053389 0.150807464189 0.0263584873351 
0.0 0.0 0.0 0.0 0.58786702678 0.0 0.148361165373 0.0 0.0 0.0 0.0 0.0 236.0 249.0 255.0 -0.182525869144 -0.173488566054 0.18288710174 0.109773054449 
0.0 0.601228070174 0.0 0.181892147255 0.582646894089 0.0 0.0 0.125551638555 1.57543145609 0.0 0.0 0.0485105722978 236.0 249.0 255.0 0.000361232596621 -0.0637155116041 -0.179383462852 0.132342656851 
0.0 0.0017289079021 0.0 0.0513832326302 0.0 0.0147107470178 0.0 0.0 0.847498170056 0.177843950876 0.0 0.0 236.0 249.0 255.0 -0.179022230256 0.0686271452464 -0.167929629032 -0.00254789462873 
0.0 0.0 0.0 0.0 0.0 0.0 1.15754303284 0.0 0.0 0.0 0.0 0.0 235.0 246.0 255.0 -0.333333333333 0.0660792506177 -0.0140500333981 -0.0686301855506 
0.0 0.409928544134 0.0 0.0 0.0 0.0 0.0 0.0 0.485379001576 0.577963740004 0.0 0.482802600991 236.0 245.0 255.0 -0.333333333333 -0.00255093493296 -0.0158415800571 0.087191790911 
0.29822309229 0.496340118251 0.0 0.809499231573 0.0 0.0 0.0 0.0 0.157189030858 0.0 0.0 0.490804522904 235.0 240.0 255.0 -0.333333333333 0.084640855978 0.105348051357 0.102416974831 
0.0 0.498885943947 0.0 0.0 0.146007527988 0.0 0.0 0.564755325387 0.0529455059089 1.27260742408 0.0 1.02219540642 235.0 228.0 255.0 -0.227985281977 0.187057830809 0.103408432786 0.0599421364022 
0.299679342794 0.0 0.0 0.0 0.633097115478 0.0 0.0 0.0 0.0 0.878085945274 0.56545373764 0.94456371407 235.0 212.0 255.0 -0.12457684919 0.246999967212 -0.0552418478758 0.0104146368694 
0.0 0.0 0.0 0.0 0.522614618689 0.0 0.740292000498 0.0 0.0 0.0 0.0 0.0 235.0 194.0 255.0 -0.179818697066 0.257414604081 -0.0942240901485 0.111507328632 
0.0 0.0 0.0 0.0 1.08164407468 0.0 0.0 0.0 0.149721788804 0.878591076161 0.0 0.0 235.0 178.0 255.0 -0.274042787215 0.333333333333 -0.0854967074769 -0.0822488002615 
0.358960135299 0.0 0.0 0.0 0.0 0.0 0.790304713804 0.0 0.0 0.0 0.0 0.0 235.0 166.0 251.0 -0.333333333333 0.251084533072 -0.0818709314163 -0.0461674776238 
0.0 0.702070978213 0.0 0.0 2.21114970974 0.0 0.0 0.000537340527229 0.11840831108 0.176484501187 0.0 0.0 235.0 155.0 245.0 -0.333333333333 0.204917055448 0.0225781978308 0.0555926361081 
1.30278450734 0.0 0.0 0.0 0.195538916052 0.0 0.0 0.0 0.0839677705038 0.375628622102 0.490442611566 0.0 235.0 146.0 236.0 -0.310755135502 0.260509691556 -0.0924299684916 -0.0476199454791 
0.967071154374 0.41219762146 0.0 0.0 0.0 0.0 0.0 0.0 0.45756590572 0.756589798453 0.0 0.0 235.0 137.0 228.0 -0.333333333333 0.212889746077 0.137454192835 -0.00521903079325 
0.487666316055 0.497001159293 0.0 0.0 0.0848923918974 0.0 0.0 0.0 1.09422498969 0.362241024579 0.0 0.974532345667 235.0 129.0 221.0 -0.195879140499 0.207670715284 0.0376565169242 -0.0751994411457 
0.0 0.0 0.0 0.0 0.597995848186 0.0 0.0 0.0 0.644804112749 0.81852681456 0.0 0.505409479898 235.0 124.0 212.0 -0.158222623574 0.132471274138 -0.0908635596142 0.0377040103572 
0.0 0.0 0.0 0.0 2.08230479054 0.0 0.179583736992 0.0 0.0 0.0 0.93938807907 0.0 235.0 119.0 202.0 -0.249086183189 0.170175284495 0.111096048817 0.0612559916396 
# HEADER 2
0.903556256611 1.36697390512 0.464403174722 0.0 1.08475900196 0.0 0.0 0.0 0.874206219519 0.0 0.404288699768 0.0 133.0 247.0 255.0 0 0 -0.0186028066181 0.0788864469355 
0.0 0.45866164717 0.0 0.373465043647 0.0 0.0 0.202841442096 0.0 0.0291639245975 1.89433362996 0.0 0.0 133.0 243.0 255.0 -0.0186028066181 0.0788864469355 0.0434924937056 0.0669712768433 
0.877797388478 0.430237836163 1.06515717775 0.0 0.109217266941 0.0 0.136490007267 0.0 0.971365817952 0.344245503417 0.539129705979 0.0 133.0 230.0 255.0 0.0248896870875 0.145857723779 0.008886570549 -0.0090591161678 
0.620993637422 0.0543904597014 0.0 0.0 0.0 0.0 0.0 0.0 0.0320315036244 0.79572514916 0.0 0.0 132.0 230.0 255.0 0.0337762576365 0.136798607611 0.0808489597831 0.0978537208442 
0.0 1.76112444481 0.372700745826 0.264715152499 0.0644218822819 0.0 0.0 0.377054872538 0.971286845296 1.27827724502 1.34525436576 0.737975069011 130.0 236.0 245.0 0.11462521742 0.234652328455 -0.000716457357414 0.00697626765345 
0.0 0.0 4.74766386669 0.113721563703 0.0 0.0 0.0 0.0 0.0 0.0 0.0610188407928 0.0 129.0 244.0 228.0 0.113908760062 0.241628596109 -0.0464237661669 -0.0852623304645 
0.0 0.0 4.78868423983 0.0 0.0 0.0 0.0 0.200146209825 0.355946240912 0.877141528935 0.458092823369 0.0 128.0 248.0 216.0 0.0674849938954 0.156366265644 -0.00811190294281 0.0196144128248 
0.0 0.131286302812 3.75736144812 0.0 0.0 3.12543818228 0.0 3.05478825114 1.48111418241 1.56208079447 0.876563314317 0.846955191506 129.0 248.0 208.0 0.0593730909525 0.175980678469 0.123668890288 0.0599036729707 
0.308870511845 1.38863709049 1.84898500732 0.0 0.856750187484 4.75954540245 0.0 4.26752904696 1.57796700445 0.0 0.233188321862 0.968541919887 130.0 249.0 200.0 0.18304198124 0.23588435144 -0.0791806498219 -0.00395708791472 
0.0 0.396454556745 0.25774519664 0.0 0.711382848033 4.93451827479 0.0 5.80381715422 0.0 0.0 0.587880720352 0.097129835136 131.0 250.0 192.0 0.103861331418 0.231927263525 0.0976902736424 0.0368827413045 
0.0802562927142 0.0 0.989141982154 0.0 0.456221879417 5.40747779066 0.0 4.75592251555 0.0 0.550699723304 0.598700129905 0.851072313163 132.0 250.0 186.0 0.201551605061 0.26881000483 -0.221094140251 -0.0762803590435 
0.222126768808 0.0 0.0 0.0 0.0 3.17108332459 0.0 5.40887780635 0.0 0.0 0.0 0.0 132.0 251.0 180.0 -0.0195425351909 0.192529645786 -0.0417365137092 0.0731324552791 
0.0 0.0 0.0 0.0 0.235827453313 5.31925336473 0.0 5.39589249338 0.0 0.0 0.036364630353 0.0 136.0 250.0 169.0 -0.0612790489001 0.265662101065 0.0135158974514 -0.118428569466 
0.799994053579 0.0 0.0 0.0 1.34796519854 4.35377078914 0.0 5.04994023248 0.582496114397 1.16144935195 0.519057742156 0.0 139.0 249.0 160.0 -0.0477631514487 0.147233531599 0.213492860605 -0.131220015509 
0.0 0.0647941280859 0.0321903838363 0.124700579823 0.100851442967 2.04136934661 0.0 3.13098513716 0.0 0.0 0.0 0.0 140.0 248.0 155.0 0.165729709156 0.0160135160894 -0.177233338958 0.0638445483173 
0.764258008649 0.0 0.0 0.95793419464 0.0 1.59369671638 0.0 4.19496834881 1.85448113752 0.498906917168 0.0 0.299626257158 141.0 248.0 153.0 -0.0115036298021 0.0798580644067 -0.0815594711562 0.00134683286401 
1.71188063036 0.0 0.0 1.38969685861 0.0 1.32944561278 0.0 2.38310475145 0.0 1.58248629378 0.962710564889 0.264106400648 144.0 245.0 151.0 -0.0930631009583 0.0812048972707 0.0169150151248 0.0478251158157 
0.678538048215 0.0 0.0 0.0 0.0 0.914606818398 0.0 2.01308175994 1.46183993071 0.897103397368 0.0 0.0 147.0 243.0 146.0 -0.0761480858335 0.129030013086 -0.0647109347073 -0.126166600922 
0.0 0.0 0.0 0.0 0.0 0.0 0.700090642226 1.28195053363 0.0 0.0 0.828859434555 0.711152845952 152.0 237.0 146.0 -0.140859020541 0.0028634121642 0.0868978935227 0.0945312323923 
0.59554896862 0.0 0.0 0.0 0.0 0.0 0.0 2.57116859082 0.0 0.35360202578 0.0 0.0 157.0 231.0 145.0 -0.053961127018 0.0973946445565 0.0888051951231 0.0138331661761 
0.0 0.0 0.0 0.0 0.0 0.0 0.329119216281 0.26693951813 0.0 0.0 0.0 0.0 159.0 231.0 139.0 0.034844068105 0.111227810733 0.0757156064403 -0.00541044509742 
0.0 0.0 0.0 0.0 0.0 0.0 1.30171577213 0.0 0.0 0.0 0.0 0.0 159.0 233.0 132.0 0.110559674545 0.105817365635 -0.0650159370335 -0.0208131039805 
0.0 0.0 0.0 0.0 0.0 0.0 1.33137541187 0.39088009512 0.0 0.0 0.0 0.0 156.0 238.0 125.0 0.0455437375118 0.0850042616547 0.0494808956587 0.0168151540326 
0.0 0.0 0.0 0.0 0.0 0.0 2.76882710319 0.0 0.0 0.0 0.0 0.0 152.0 243.0 118.0 0.0950246331705 0.101819415687 -0.0300734840065 0.0703253685433 
0.0 0.0 0.0 0.0 0.0 0.0 3.31200912836 0.0 0.0 0.0 0.0 0.0 151.0 247.0 109.0 0.064951149164 0.172144784231 0.121576642329 0.178211973829 
0.0 0.0 0.0 0.0 0.0 0.0 6.07618397055 0.0 0.0 0.0 0.0 0.0 151.0 248.0 96.0 0.186527791493 0.333333333333 -0.0505413666516 0.0751881755167 
0.0 0.0 0.0 0.0 0.0 0.0 12.0232805282 0.0 0.0 0.0 0.0 0.0 151.0 250.0 81.0 0.135986424842 0.333333333333 0.0192848973957 0.0457415740633 
0.0 0.0 0.0 0.0 0.0 0.0 18.2667279575 0.0 0.0 0.0 0.0986331925457 0.0 152.0 251.0 66.0 0.155271322237 0.333333333333 0.0351542727844 -0.0103241835256 
0.0 0.0 0.0 0.0 0.0 0.0 18.3134910601 0.0 0.0 0.0 0.0 0.0 151.0 251.0 59.0 0.190425595022 0.323009149808 -0.110918724907 0.0336666020383 
0.0 0.0 0.0 0.0 0.0 0.0 13.4589305163 0.0 0.0 0.0 0.0 0.0 151.0 250.0 58.0 0.0795068701146 0.333333333333 -0.0283307190399 -0.0224529594277 
0.0 0.0 0.0 0.0 0.0 0.0 11.5822138289 0.0 0.0 0.0 0.353672556524 0.0 151.0 249.0 56.0 0.0511761510747 0.310880373906 0.0547610150915 -0.132122148848 
0.0 0.0 0.0 0.0 0.0 0.0 6.81794405543 0.0 0.0 0.0 0.0344379342036 0.0 151.0 249.0 55.0 0.105937166166 0.178758225057 0.0846796224452 -0.0627913941616 
0.0 0.0 0.0 0.0 0.0 0.0 7.43718656346 0.0 0.0 0.0 1.6810118417 0.0 151.0 249.0 55.0 0.190616788611 0.115966830896 0.101077252384 0.0270275086861 
0.0 0.0 0.0 0.0 0.0 0.0 6.51169418504 0.0 0.0 0.0 0.0 0.0 150.0 250.0 55.0 0.291694040995 0.142994339582 0.0212896733284 -0.10478658205 
0.0 0.0 0.0 0.0 0.920945789581 0.0 5.07320585217 0.0 0.0 0.0 0.0 0.0 149.0 250.0 55.0 0.312983714323 0.0382077575316 -0.000432407953723 0.135432744949 
0.0 0.0 0.0 0.0 0.0 0.0 7.86860291556 0.0 0.0 0.0 0.0 0.0 148.0 251.0 55.0 0.31255130637 0.173640502481 -0.0768398634675 0.0823141945892 
0.0 0.0 0.0 0.0 0.0 0.0 5.26474487239 0.0 0.0 0.0 0.434798154142 0.0 147.0 252.0 55.0 0.235711442902 0.25595469707 -0.0518683457248 -0.00846855466559 
0.0 0.0 0.0 0.0 0.0 0.0 4.64955599152 0.0 0.0 0.0 1.00622486529 0.0 147.0 252.0 55.0 0.183843097177 0.247486142404 -0.0402682623506 -0.109080119146 
0.0 0.0 0.0 0.0 0.0217892057931 0.0 3.62786392923 0.928931896963 0.0 0.0 2.05480239043 0.0 147.0 252.0 55.0 0.143574834827 0.138406023258 0.0039025747152 -0.100216350482 
0.0 0.0 0.0 0.0 0.0 0.0 2.71962814774 0.0 0.0 0.0 0.0 0.0 147.0 252.0 55.0 0.147477409542 0.0381896727763 0.00881001352378 -0.191318744393 
0.0 0.0 0.0 1.00546673854 0.0 0.0 3.0957622558 0.0 0.0 0.0 0.0 0.0 146.0 254.0 60.0 0.156287423066 -0.153129071617 0.016794218881 0.066186708635 
0.0 0.0 0.0 0.0 0.0 0.0 20.115987422 0.0 0.0 0.0 1.9656054131 0.0 145.0 254.0 75.0 0.173081641947 -0.0869423629817 -0.0614817880019 0.050921968079 
0.0 0.0 0.0 0.0 0.0 0.0 19.0571618617 0.0 0.0 0.0 0.0 0.0 144.0 254.0 96.0 0.111599853945 -0.0360203949027 0.0232255042111 -0.0175437202098 
0.0 0.0 0.0 0.0 0.0 0.0 10.4492368008 0.0 0.0 0.0 0.259202905023 0.0 141.0 254.0 118.0 0.134825358156 -0.0535641151125 -0.08577654547 0.0534542174003 
0.0 0.0 0.0 0.0 0.0 0.0 2.41424015858 0.0456412934278 0.0 0.0 0.0 0.0 139.0 254.0 128.0 0.0490488126858 -0.000109897712216 0.0728964006879 0.0507289640402 
0.0 0.0 0.0 0.0 1.22920427961 0.0 2.84931876812 2.25306181835 0.0 0.0 0.0 0.358456962048 139.0 254.0 129.0 0.121945213374 0.050619066328 0.0662533435165 0.0500214330815 
0.0 0.0 0.0 0.0 0.0 0.0 4.23638102419 0.0 0.0 0.0 0.0 0.0 138.0 254.0 129.0 0.18819855689 0.100640499409 -0.0923571547424 0.0747682138096 
0.0 0.0 0.0 0.568022097764 0.798783025768 0.0 3.77755427167 4.09094568461 0.0 0.0 0.0 0.0 138.0 254.0 128.0 0.0958414021477 0.175408713219 0.0737624106739 0.109005670037 
0.0 0.0 0.0 0.0 1.11602938102 0.591062707581 3.54270678781 1.1591079204 0.0 0.0 0.0 1.75600011126 139.0 254.0 123.0 0.169603812822 0.284414383256 -0.259416722929 0.018808954359 
0.0 0.0 0.0 0.0 0.188725025733 0.0 4.65822239947 0.0 0.0 0.0 0.0 0.0 141.0 254.0 111.0 -0.089812910107 0.303223337615 -0.00120222325268 0.0994381826377 
0.0 0.0 0.0 0.0 0.0 0.0 10.5306850695 0.0 0.0 0.0 1.6209233132 0.0 146.0 252.0 97.0 -0.0910151333596 0.333333333333 -0.210713761617 0.0368793832242 
0.0 0.0 0.0 0.0 0.0 0.0 15.7748979746 0.0 0.0 0.0 0.0 0.0 150.0 250.0 76.0 -0.301728894977 0.333333333333 0.0487129734397 -0.00953895222994 
0.0 0.0 0.0 0.0 0.0 0.0 23.1702796468 0.0 0.0 0.0 1.98374213323 0.0 154.0 248.0 60.0 -0.253015921537 0.323794381103 -0.0716868799325 0.0317419620195 
0.0 0.0 0.0 0.0 0.0 0.0 14.216688888 0.0 0.0 0.0 0.0 0.0 158.0 244.0 56.0 -0.32470280147 0.333333333333 -0.0658614394529 0.081184166819 
0.0 0.0 0.0 0.0 0.0 0.0 5.25948520238 0.0 0.0 0.0 0.0 0.0 169.0 230.0 55.0 -0.333333333333 0.333333333333 0.210023874977 -0.0873662030649 
0.0 0.0 0.0 0.0 0.249107117382 0.0 2.32155569702 0.0 0.0 0.0 0.0 1.39701435697 179.0 214.0 55.0 -0.123309458356 0.245967130268 0.0157011210827 0.163009151489 
0.0 0.0 0.0 0.0 1.07738485793 0.0 1.41644565467 0.0 0.0 0.0 0.0 0.0 188.0 199.0 52.0 -0.107608337274 0.333333333333 -0.0859212456225 0.0269929680257 
0.0 0.0 0.0 0.0 0.0 0.0 2.29364713844 0.0 0.0 0.0 0.0 0.0 197.0 181.0 51.0 -0.193529582896 0.333333333333 0.182858332812 -0.0177121979143 
0.0 0.0 0.0 0.0 0.276415798224 0.0 2.16392911658 0.0 0.301780319231 0.0 0.0665131355066 0.0 204.0 164.0 50.0 -0.0106712500846 0.315621135419 0.0179734042256 -0.0270174572904 
0.0 0.0 0.0 0.0 0.358620435247 0.0 0.0342262661469 0.0 0.0 0.0 0.0 0.0 208.0 150.0 49.0 0.00730215414106 0.288603678129 0.0953710262667 0.0649860046872 
0.0 0.0 0.0 0.616566367458 0.0 0.0 0.185944689597 0.0 0.0 0.0 0.0 0.0 209.0 137.0 48.0 0.102673180408 0.333333333333 -0.0613270971868 -0.0289940675964 
0.0 0.0 0.0 0.0 0.0 0.0 0.721653184924 0.0 0.0 0.0 0.572360007312 0.0 208.0 115.0 47.0 0.0413460832209 0.304339265737 -0.0572000283927 0.118970418722 
0.0 0.0 0.0 0.0 0.855520413569 0.0 2.01941482044 0.0 0.0 0.0 0.0 0.0 184.0 33.0 107.0 -0.0158539451718 0.333333333333 0.253396059824 -0.0340278011268 
0.0 2.04430527602 0.0 0.0 1.87664105763 2.05747218807 0.0 6.99367742566 0.0676352126466 1.02053872967 0.0 0.00480184960098 169.0 31.0 112.0 0.237542114652 0.299305532207 -0.15879857741 -0.00850017201856 
2.68291329859 0.0 0.0 2.03689438203 0.0 0.673249775789 0.0 17.3065831273 0.714620841918 2.10659081958 1.64264754458 0.780020093791 165.0 34.0 105.0 0.078743537242 0.290805360188 0.0466333334473 0.0686647305508 
1.48527230561 0.0 0.0 0.172515136375 0.651354047591 0.0 0.0 33.515630146 0.203413827419 0.0 1.17640527951 0.272741842142 161.0 37.0 99.0 0.125376870689 0.333333333333 0.175653643211 0.149282021651 
0.0 0.0 0.0 0.0 0.0 0.605176309468 0.051809050644 41.8939610917 0.624409959172 0.0 0.630214717397 2.2880175435 156.0 42.0 91.0 0.3010305139 0.333333333333 0.100679087664 -0.0125597737715 
0.0 0.0 0.0 0.0 0.0 0.0 0.499095071098 49.1964943076 0.0 0.0 0.394359361767 0.0 150.0 45.0 86.0 0.333333333333 0.320773559562 0.206515977246 -0.0324014316339 
0.0 0.0 0.0 0.0 0.0 0.0 1.04448050635 60.1967837745 1.13837197073 0.0 0.386983341049 0.0 144.0 49.0 79.0 0.333333333333 0.288372127928 0.0256862169053 -0.124485671374 
0.0 0.0 0.0 0.0964799345817 0.0 0.0 0.0931552963757 69.3561333482 0.43384594333 0.0 0.0 0.0 139.0 50.0 77.0 0.333333333333 0.163886456553 -0.0145084388786 0.0944862345902 
0.0 0.0 0.0 0.551485712031 0.0 0.0 0.0 74.0380171875 3.94275150053 0.0 0.0 0.738681414339 128.0 48.0 85.0 0.318824894455 0.258372691144 0.15210530788 0.0264957248557 
0.0 0.0 0.0 0.0 0.0 0.0 0.496874480415 82.7540451202 2.67571002633 0.0 13.2354057117 0.0 120.0 50.0 82.0 0.333333333333 0.284868415999 0.0398086465957 0.117252984987 
0.0 0.0 0.0 0.0 0.0 0.0 2.66854219887 91.8939863858 2.1976277104 0.0 17.3034544425 0.0 112.0 53.0 78.0 0.333333333333 0.333333333333 0.0595316087058 0.0717279057557 
0.0 0.0 0.0 0.0 0.0 0.0 1.23501263584 99.3148781732 5.9315418693 0.0 16.0172462252 0.0 104.0 57.0 73.0 0.333333333333 0.333333333333 0.0143478742113 -0.139560885882 
0.0 0.0 0.0 0.0 0.0 0.0 4.18892081772 98.7361457492 3.38929741472 0.0 9.91843536875 0.0 96.0 60.0 70.0 0.333333333333 0.193772447451 0.0849617351646 0.00951149004141 
0.0 0.0 0.0 0.0 0.0 0.0 1.9348871243 110.869315384 5.65190209475 0.0 10.7778748182 0.0 69.0 58.0 86.0 0.333333333333 0.203283937492 0.00701821835076 -0.00750980856067 
0.0 0.0 0.0 0.0 2.04507231282 0.0 0.457073803649 28.7622913067 0.565182395658 0.0 16.5621192332 5.52574330616 62.0 53.0 92.0 0.333333333333 0.195774128932 -0.0480828849894 -0.0428861107433 
0.0 0.0 0.0 0.0 0.949207021668 0.0 0.191589898433 5.30636165636 0.0 0.0 13.4925471222 4.82662392578 56.0 56.0 90.0 0.285250448344 0.152888018188 -0.00311935519495 -0.0424270068751 
0.0 0.0 0.0 0.982686069162 0.477726143807 1.66539010177 1.46420827349 1.22860403232 0.0 0.0 17.551088434 2.77214888073 51.0 58.0 89.0 0.282131093149 0.110461011313 -0.0437510643493 0.223212570128 
0.0 2.85856720202 0.0 1.11695434267 0.0 0.0 0.0 0.0 0.0 0.0 13.2397660129 2.58240859183 47.0 61.0 87.0 0.2383800288 0.333333333333 -0.0165731146707 0.0576755884232 
0.150526247239 0.0 0.0 1.33938843673 0.654796691273 0.0 0.0 3.27957041704 0.0 0.0 25.749580227 3.54450025655 44.0 65.0 81.0 0.221806914129 0.333333333333 -0.0675909571132 -0.0571839016733 
0.0 0.0 0.0 1.78268732678 0.0 0.0 0.0 3.63258517137 0.0 0.730302024352 34.5755285344 3.47953825564 41.0 68.0 76.0 0.154215957016 0.27614943166 -0.195769326661 0.0028355887496 
0.0 0.0 0.0 0.0769757791886 0.0 0.0 1.17741431948 0.518303296156 0.0 0.0 38.7693339824 1.75772400595 38.0 71.0 72.0 -0.0415533696456 0.27898502041 0.087893786881 -0.0376202257645 
0.0219051162006 2.18603222815 0.0 0.0 0.0 0.0 0.0 3.76375669992 0.0 0.0 36.4096479124 2.98442590017 37.0 73.0 70.0 0.0463404172354 0.241364794645 0.0336496974045 -0.0468147572942 
0.0996462572123 0.0 0.0 0.0 0.0 0.0 1.48318283334 3.5829067022 0.0 0.0 41.686142381 3.02186432022 37.0 73.0 69.0 0.0799901146399 0.194550037351 -0.0776329020421 -0.148618326372 
0.101940623844 0.0 0.0 2.28372469565 0.0 0.148430735977 0.0 3.76348576242 0.0392732620403 0.0 38.6333034975 3.02213853076 37.0 74.0 69.0 0.00235721259786 0.0459317109791 0.11037830425 0.0598113077276 
0.789540658904 0.0 0.0 0.0 1.8655876284 1.5263909124 0.0 2.11164355803 0.0820136989624 0.0 41.4812729994 2.14632810606 37.0 74.0 68.0 0.112735516848 0.105743018707 -0.073209125406 -0.256314549726 
0.123296445268 0.411243812723 0.0 0.674804944697 0.0 0.0 0.0 2.84032633628 0.0 0.0 37.6104439724 1.43059631772 36.0 75.0 72.0 0.0395263914418 -0.150571531019 0.00387331355062 0.0745951985123 
0.977255407645 0.0 0.0 2.22966127787 0.0250350646691 0.0 0.0 0.0500992747257 0.0931599731156 0.197523661331 2.86461267914 1.12653589251 36.0 75.0 91.0 0.0433997049924 -0.075976332507 0.0686411426743 0.240513416906 
1.00360689614 0.410791232995 0.0 0.0 0.231383626818 0.0 0.0 1.89983687791 0.178332415204 0.0 0.71584584675 0.0 35.0 75.0 92.0 0.112040847667 0.164537084399 0.0322873347706 -0.0768626722912 
0.910470422171 0.0 0.0 0.0 0.0 0.0 0.0 1.67596747871 1.14939868819 1.42162634417 2.49176800131 1.74639291847 34.0 76.0 84.0 0.144328182437 0.0876744121083 0.0692237942437 0.0351617540791 
1.50139660711 0.378078145577 0.0 0.0 0.08984685388 0.0 0.0 0.0 1.86695134905 0.0413437620807 0.0 0.761119292301 33.0 76.0 78.0 0.213551976681 0.122836166187 -0.0684807255991 0.0749179803212 
1.0194489631 0.0 0.0 0.0 0.921147221836 0.0 0.0 0.0 0.0 1.34171139408 1.40095633303 0.0 33.0 77.0 70.0 0.145071251082 0.197754146509 0.0186850613905 0.034138829104 
0.910428326018 0.0 0.0 0.451878801879 2.10249539434 0.590512662502 0.0 0.0 0.218289163425 1.19467494713 7.7611082763 3.68289892009 32.0 79.0 66.0 0.163756312472 0.231892975613 -0.154090707132 -0.0465834058596 
1.96898503561 0.311433444693 0.0 1.53547024749 0.0 0.0 0.0 0.926524611538 0.0 0.408639612535 16.2486345744 0.0 30.0 82.0 60.0 0.00966560533993 0.185309569753 0.0362405722449 0.0986159614441 
0.0 0.0 0.0 0.0 0.0 0.0 0.643995533687 1.0518836808 0.0 0.0 12.1059245838 0.0 29.0 83.0 58.0 0.0459061775849 0.283925531197 0.00889706368782 0.108547514253 
0.0 0.0 0.0 0.0 0.866998840488 0.0 0.0 0.0 0.0 0.0 14.7565042146 0.778077306747 29.0 83.0 57.0 0.0548032412727 0.333333333333 0.0307892613993 0.0098431586513 
0.0 0.0 0.0 0.0 1.13229265174 0.0 0.0 1.02199764398 0.0 0.0 20.2370001819 0.0 28.0 84.0 56.0 0.085592502672 0.333333333333 -0.113103755641 -0.148006739315 
0.0 0.166798226607 0.0 0.44654547227 1.73419187669 0.0 0.0 6.39656998345 0.0 0.0 27.1353618924 0.518195155195 28.0 84.0 56.0 -0.027511252969 0.185326594019 -0.0437574073091 -0.0581500933561 
0.0 0.0 0.0 1.4423018203 0.971415639876 0.73214649713 0.0 5.59390687186 0.858030856723 1.05096853041 28.2585816073 1.78572293912 29.0 84.0 56.0 -0.0712686602782 0.127176500663 -0.0648318314823 -0.0203233121705 
0.0 2.48078595855 1.79840261998 1.28567929388 0.0 0.765066010445 0.0 3.22321307951 0.0176855477715 0.313519204882 28.5106785845 1.82497164784 29.0 83.0 56.0 -0.13610049176 0.106853188492 -0.206452770366 -0.0565040610817 
0.0 0.0 0.0 0.0 0.985973375746 0.0 0.0 5.77233370868 0.0 0.0 37.5702756093 0.169628815744 29.0 83.0 56.0 -0.333333333333 0.0503491274104 0.0638705428393 -0.0222955336607 
0.0704158168618 0.0 0.0 0.0 0.0730526482934 0.0 0.0 5.8498180523 0.253087750534 0.371162164347 38.925706617 1.96126124702 30.0 83.0 56.0 -0.269462790494 0.0280535937497 -0.054291546188 -0.0367366635304 
0.00704267998047 0.0 0.0 0.0 1.10664225647 0.0 0.0 7.88070559045 1.0608740686 0.573557200793 40.81810705 0.266804456339 31.0 82.0 57.0 -0.323754336682 -0.00868306978076 -0.0307401484124 -0.00169336281162 
0.0 0.0 0.0 0.0 0.263491338315 0.0 0.0 5.12917102351 1.08578462471 0.392262771379 26.2399392595 0.901255407899 33.0 81.0 59.0 -0.333333333333 -0.0103764325924 0.09402242906 8.07172999631e-05 
0.0686885455788 0.0 0.0 0.419111403948 0.0 0.0 0.0 1.16702697079 0.398522276528 0.480140262882 11.3047570269 0.0 35.0 79.0 61.0 -0.239310904273 -0.0102957152924 -0.0179995146849 -0.0866190565933 
0.0 0.0 0.0 0.0 1.17715347381 0.0 0.467924951165 0.0 0.0 0.0 4.54642329942 0.0 37.0 78.0 75.0 -0.257310418958 -0.0969147718858 0.0166004584764 0.0150383917172 
0.0 0.495291284563 0.0 0.0 1.60795885222 0.0 0.0 0.0 1.15574897065 1.09087057986 0.553026739233 0.725549312486 38.0 77.0 91.0 -0.240709960482 -0.0818763801686 -0.117726357908 0.106035853091 
0.132268264195 0.0 0.0 0.814285241214 0.0 0.0 0.0 0.0 0.275111425962 0.908497993075 1.08409334604 0.0 39.0 76.0 94.0 -0.333333333333 0.024159472922 0.123521513236 -0.146860831898 
0.791052959757 0.0 0.0 0.0 0.0 0.0 0.0 0.0 0.0 0.0 0.0 0.752603419545 41.0 75.0 106.0 -0.209811820097 -0.122701358976 -0.0240308674839 -0.0398723775212 
0.0 0.722722410574 0.0 0.0 0.147102514899 0.0 0.0 0.531972810473 0.433582842892 2.05764362287 1.2182147349 0.135001036145 43.0 74.0 129.0 -0.233842687581 -0.162573736497 -0.0495896192207 -0.0405159572521 
0.0 0.0 0.0 0.0718691235398 0.732294710774 0.0 0.00932932248511 0.0 0.0 0.0 0.91644858393 0.771784947785 46.0 72.0 152.0 -0.283432306802 -0.203089693749 -0.00111516489066 -0.0104852661678 
0.0 0.0 0.0 0.0 1.25020476156 0.0 0.127774371949 0.0 0.0 0.0 0.469397179863 0.0 49.0 71.0 175.0 -0.284547471692 -0.213574959917 0.0082755984092 0.148261630344 
0.745153249024 0.231323324385 0.0 0.0 0.734337190435 0.0 0.0 0.0 0.173467398565 0.0 0.0 0.468106005 53.0 69.0 192.0 -0.276271873283 -0.0653133295727 -0.0700513808843 0.0606002262905 
0.998112407751 0.0 0.0 0.0 0.405811184402 0.758984568161 0.0 0.0 0.182132437049 0.777437897463 0.0 0.0 56.0 67.0 198.0 -0.333333333333 -0.00471310328219 -0.0918751305997 0.131963447908 
1.00568216271 1.2326953315 0.0 0.07251441576 0.832532946353 0.205853213162 0.0 1.00756557446 0.0 0.242898740784 1.34499548716 0.0 59.0 66.0 193.0 -0.333333333333 0.127250344626 -0.109738024112 -0.143664285267 
0.255679200616 0.481467547349 0.0 0.0 1.1172111925 0.0741257678106 0.0 0.0 0.354262829132 1.31525507834 0.963966473513 0.0 61.0 65.0 192.0 -0.333333333333 -0.016413940641 0.00634864250638 0.114419058389 
0.0839315167506 0.0 0.0 0.0 0.0 0.0 0.168224184699 0.0 0.318410924176 0.0 0.0 0.130855883148 63.0 63.0 189.0 -0.326984690827 0.0980051177478 0.197863198222 -0.132532204424 
0.321054574553 0.0 0.0 0.0 0.0 0.0 0.0 0.0 0.0 0.0 0.677012043605 0.0 64.0 63.0 190.0 -0.129121492605 -0.0345270866764 -0.161654035241 0.0169334623351 
0.98445041785 0.0 0.0 0.0 0.0 0.0 0.0 0.0 0.176043228895 0.570377840634 1.99299846993 0.53716074046 65.0 63.0 199.0 -0.290775527846 -0.0175936243412 0.0398817306397 -0.107330960453 
0.0 0.00606108564521 0.0 0.00700113893384 0.0 0.810687845201 0.0 0.0 0.932414327086 0.393461054637 0.752492648756 0.0355838097001 67.0 62.0 213.0 -0.250893797206 -0.124924584794 -0.0525254666677 -0.00854853472545 
0.31286319132 0.0 0.0 0.0 0.334686761919 0.0 0.0 0.0 0.20584738332 1.13779874476 0.0 0.019903781211 68.0 62.0 223.0 -0.303419263874 -0.133473119519 -0.0473572121138 -0.00291113448111 
0.0 0.0 0.0 0.0 1.20573829008 0.695196392562 0.0 0.0 0.276655827068 0.0362804576386 0.0 0.800692435307 70.0 62.0 227.0 -0.333333333333 -0.136384254001 -0.035290787467 0.139747393865 
0.00370391274806 0.601217635773 0.0 0.0 0.951496879292 0.0 0.0 0.0 0.0914391731797 0.470428662269 0.0 1.0123053144 70.0 61.0 229.0 -0.333333333333 0.00336313986455 0.112611651717 -0.0772874434728 
0.099875487786 0.0 0.0 0.0 1.03693852934 0.0 0.0 0.0 0.179334728952 1.26506298051 0.786234006779 0.924977121856 77.0 47.0 240.0 -0.220721681616 -0.0739243036082 -0.0700464055301 -0.0435861742094 
1.66532288645 0.0 0.0 0.0 0.0 1.49733455064 0.0 0.0 0.0 1.47692275707 0.0 0.0471411972718 101.0 24.0 255.0 -0.290768087146 -0.117510477818 -0.0104098372059 -0.0853234408271 
0.0 0.0 0.0 2.29696659925 0.203552288799 0.0 0.0 0.0 1.21975219048 0.0 0.0 1.76955030242 104.0 26.0 255.0 -0.301177924352 -0.202833918645 -0.00849547814411 -0.0291977598269 
0.0796032234577 0.593673708801 0.529378914353 0.0 1.79446117579 0.0 0.0 0.0 0.995152499618 0.451374997867 0.0 2.69793802427 111.0 27.0 241.0 -0.309673402496 -0.232031678472 0.0122505885823 0.0821607475971 
0.0 0.0 0.0 0.551752367405 0.0 0.0 0.0 0.0 0.300263608605 0.0 0.0 0.101640820394 119.0 27.0 228.0 -0.297422813914 -0.149870930875 -0.131148686733 0.117013577658 
0.0 0.0 0.0 0.389207826311 0.894230765172 0.0 0.0 0.0 0.0 0.0 0.785033774078 0.114140357191 128.0 27.0 210.0 -0.333333333333 -0.0328573532161 0.00672699657297 0.0885678238642 
0.689323389875 0.0 0.0 0.0 0.0 0.0 0.0 2.13620627927 0.0 0.0 0.0 0.708413334553 139.0 27.0 194.0 -0.32660633676 0.0557104706481 -0.0147274720994 0.000539043868733 
0.121420103502 3.10406859152 0.0 0.0 0.0 1.61068039821 0.0 0.799007234107 0.0 0.0 0.0 0.226671292615 152.0 27.0 177.0 -0.333333333333 0.0562495145168 0.161085824931 -0.135217175011 
0.510325068107 0.617580588308 0.0 0.0 0.0 0.0 0.0 0.0 0.0 0.0 0.0 0.0 165.0 27.0 160.0 -0.172247508402 -0.0789676604944 -0.0515354634032 0.219640860171 
1.08456129652 0.0 0.472136116377 0.0 0.999114996356 0.0 0.0 0.0 0.0 1.15651523322 1.47897541217 0.790621877034 177.0 26.0 153.0 -0.223782971806 0.140673199677 -0.0256554777906 -0.0100058833477 
0.0 0.108454797867 0.0 0.0 0.0 0.0 0.0 0.0 1.02649860843 0.0 0.0 0.0 187.0 26.0 141.0 -0.249438449596 0.130667316329 -0.0202799071936 -0.202085554456 
0.843826893546 0.430982696669 1.35517313735 0.0 2.01632325157 0.0 0.0 0.0 0.0 1.23835560614 0.862404920312 1.76283751403 197.0 25.0 136.0 -0.26971835679 -0.0714182381271 -0.0593145594102 -0.0383925388234 
0.0328785070461 0.0 0.0 0.0 0.290312697767 0.0 0.629058464922 0.0 0.0 0.0 0.847365945761 0.165897153691 208.0 24.0 131.0 -0.3290329162 -0.109810776951 0.0370751774179 0.0614634467683 
0.976073497421 1.21618527967 0.0 0.0 0.0 0.714350548565 0.0 0.0 0.0 0.0 0.846655839124 0.209508154348 222.0 24.0 126.0 -0.291957738782 -0.0483473301823 0.0483455175225 -0.0911395821669 
1.69287638027 0.0 0.0 0.148765212297 0.798570374954 0.0 0.0 0.0 0.845221710008 0.0 0.0 0.804634963679 231.0 25.0 124.0 -0.243612221259 -0.139486912349 -0.0413297166616 0.162352819734 
0.152430506096 0.0 0.0 0.475146642655 2.18910458975 0.0 0.0 0.0 0.109837630188 0.374558562304 0.0 1.10408564156 235.0 25.0 123.0 -0.284941937921 0.0228659073845 0.124286275938 -0.0799612988517 
1.07269569944 0.0 0.0 0.0 0.0 1.51754083137 0.0 0.0 0.27413129052 1.17135495531 0.0 0.0 236.0 26.0 123.0 -0.160655661983 -0.0570953914672 -0.161519618856 0.0634415936153 
0.0 0.0 0.0 0.583602231039 0.0 0.0 0.0 1.45908158922 0.0 0.0 0.625715309901 0.890018153797 236.0 26.0 122.0 -0.322175280839 0.00634620214813 -0.0801382325012 -0.183045534777 
0.0 0.112522483363 0.0 0.175953834799 0.0 0.0 0.0 0.0 0.0 0.0 0.0 0.0 236.0 27.0 122.0 -0.333333333333 -0.176699332628 -0.0358153512254 0.0812388586162 
0.0 0.214473925457 0.0 0.0 0.0 0.0 0.0 0.0 0.0 0.463026381433 0.0 1.16107180202 236.0 27.0 122.0 -0.333333333333 -0.0954604740123 0.0213237690401 -0.106579719643 
0.0 0.655200356555 0.0 0.278230745471 0.0 1.2251255678 0.0 0.0 0.539279342498 0.612926836052 0.0 1.5208491061 236.0 27.0 122.0 -0.312009564293 -0.202040193655 -0.085009883093 0.0429018793602 
0.00300024816299 0.106070033736 0.0 0.197709398846 0.137855265642 0.5984159886 0.0 0.0 0.319700071252 0.867309570761 0.0 1.12537087722 237.0 27.0 122.0 -0.333333333333 -0.159138314295 -0.144786535943 -0.0268967606881 
0.88083044939 0.0 0.0 0.69450387428 0.608022369941 0.110024620218 0.0 0.0 0.281326728023 0.906356755623 0.0 0.644030014746 237.0 27.0 121.0 -0.333333333333 -0.186035074983 0.00225853842624 0.0834723804086 
0.0 0.0 0.0 0.0 0.528676332484 0.0 0.121440444728 0.0 0.0 0.0 0.0 0.0 236.0 27.0 121.0 -0.331074794907 -0.102562694574 -0.113580127555 -0.106693210298 
0.0 0.0 0.0 0.0 0.0 0.0 0.112935529747 0.0 0.0 0.0 0.0 0.0 236.0 27.0 121.0 -0.333333333333 -0.209255904872 -0.104865728592 0.0361767421788 
0.0 0.0 0.0 0.0 0.377407479855 0.128367889372 0.0 0.0 0.0 0.335002936102 0.0 0.54071639234 236.0 27.0 121.0 -0.333333333333 -0.173079162694 0.0566165290604 0.0762661682922 
