nrollouts: 2
# HEADER 1
0.0 0.0 0.0 0.0255038136059 0.0444839153293 0.0 0.0 0.0 0.492652617392 2.36983299545 0.0 0.425693909724 133.0 247.0 255.0 0 0 0.0774891653268 0.0872176632725 
0.660471209022 0.938371015498 0.0 0.0 0.0 0.0 0.0 0.0 0.0 1.72065997189 0.0 2.93726237322 129.0 245.0 255.0 0.0774891653268 0.0872176632725 -0.111389006866 0.116960042801 
0.0 0.0 0.0 0.0 0.0 0.0 0.0 0.0 0.418095519109 3.98111318632 0.0 0.0 128.0 238.0 255.0 -0.0338998415392 0.204177706073 0.147584323344 -0.00139922559974 
0.887621575531 0.0 0.0 0.0 0.0709457323169 0.0 0.0 0.0 1.07188333413 0.0506557819098 1.49583047224 1.09503716212 128.0 240.0 249.0 0.113684481805 0.202778480473 -0.129493336265 0.00583232684636 
0.0 0.0 0.451773010958 0.0 0.0 0.258694631696 0.0 0.0 0.0 0.0 0.0 0.0 125.0 248.0 234.0 -0.0158088544605 0.20861080732 -0.114953890948 -0.0605266088629 
0.0 0.0 0.0 0.0 0.0 0.0 0.0 0.0 0.0 0.0 0.0 0.0 128.0 247.0 224.0 -0.130762745409 0.148084198457 0.0660872487019 -0.0824526764589 
0.0 0.0 0.0 0.0 0.0 0.0 0.0 0.0 0.0 1.79361887104 0.0 0.0 131.0 244.0 219.0 -0.0646754967067 0.0656315219979 -0.120714725061 -0.135055476902 
0.0 0.0 2.61680683498 0.0 0.0583360558265 0.0 0.205807030507 0.0 0.0 0.0 0.823829480003 0.0 137.0 233.0 233.0 -0.185390221768 -0.0694239549044 0.0752862432617 -0.0774313811947 
0.0 0.0 1.0833264695 0.0 0.0 0.0 0.491491484261 0.0462120684643 0.0 0.0 0.0 0.0 142.0 220.0 253.0 -0.110103978506 -0.146855336099 0.140844185706 0.20391266441 
0.0 0.317165009542 0.0 0.0 0.0 0.0 0.0 0.710540052824 0.0 0.319535920413 0.0 0.100217517677 148.0 210.0 255.0 0.0307402071994 0.0570573283111 0.0756799400501 -0.102215925093 
0.0349385138408 0.519033711222 0.199263908282 0.0 0.0 0.0 0.0 0.0435714523833 0.0 1.34310534841 0.216165063212 0.0 147.0 211.0 255.0 0.10642014725 -0.045158596782 0.0340452563164 0.0277725014066 
0.173446122245 0.181603183451 0.0 0.0 0.0 0.0 0.228252293287 0.0 0.0 0.99978401929 0.328858970253 0.0 142.0 220.0 255.0 0.140465403566 -0.0173860953754 0.139229949204 0.107020756068 
0.0 0.0 0.0 0.0 0.0 0.0 0.0 0.0 0.0 0.114024947653 0.0 0.0 134.0 228.0 255.0 0.27969535277 0.0896346606928 0.0469739366609 0.207174382599 
0.0 2.01741652649 0.507927591325 0.209065552017 0.360365404 0.0 0.0 0.0 0.401076917597 0.0 0.0 0.0194623985016 128.0 241.0 243.0 0.326669289431 0.296809043292 0.0226815467386 0.0951832372275 
0.117729684661 0.0 2.89264370338 0.278283529453 0.0 0.0 0.0 0.285002468375 1.01158185718 0.0 0.481310458344 0.0 124.0 250.0 226.0 0.333333333333 0.333333333333 0.0527066800941 0.136453736551 
0.0 0.01539592495 2.34190510738 0.0 0.0 0.768643950385 0.120162266459 1.03108785953 0.0 0.0 2.83704412205 0.0 123.0 252.0 218.0 0.333333333333 0.333333333333 -0.114528217169 0.176332812897 
0.140535098022 0.0 6.94806044338 0.370921240665 0.0 4.55177061582 0.0 3.30339709691 0.414668357943 0.86612241865 4.8152250685 0.0 122.0 253.0 211.0 0.218805116165 0.333333333333 0.0212309356889 -0.0859938099261 
0.240857804735 1.123771253 10.332140047 0.0 0.358455445336 9.01229955821 0.0 4.81043371005 0.480998585284 0.548549889735 6.50005909878 0.0 121.0 254.0 208.0 0.240036051853 0.247339523407 -0.0751566767782 0.154430725474 
0.0 2.54353375481 11.8610443595 0.0 0.0 10.5817140478 0.0 7.79287760457 1.26350530767 0.413280735492 8.42432196825 0.73891940763 120.0 255.0 205.0 0.164879375075 0.333333333333 -0.0591469244142 0.0310852353654 
0.0 2.5557657376 9.10920948632 0.0 0.0 11.6576855169 0.0 8.9455561238 0.0 0.471573981299 6.66885360913 0.419488743907 120.0 255.0 201.0 0.105732450661 0.333333333333 0.0562663986946 0.0604755428406 
0.0 0.0 8.54925953803 0.0 1.3423132007 12.1469595122 0.0 9.37200204526 0.0 0.0357931074836 6.51733878789 0.56569838054 120.0 255.0 197.0 0.161998849356 0.333333333333 0.0371090778918 -0.0170945526443 
0.0 0.0 9.06015657176 0.0 1.9668292325 14.4271838547 0.0 10.3416225815 0.0 1.42830662777 5.60394188598 0.0 120.0 255.0 194.0 0.199107927248 0.316238780689 0.165837707166 -0.00254285372809 
0.133824271736 0.590076082107 9.47291263326 0.0 0.985405950179 14.480102787 0.0 10.852111216 0.0 1.09656741005 6.94774497992 0.44621859022 120.0 255.0 192.0 0.333333333333 0.313695926961 0.0327078614163 -0.133586775007 
0.0 0.0 9.0743280022 0.226997668284 0.328975509312 16.3694278506 0.0 11.3478814432 0.388442084011 0.148605193552 5.51802048983 0.0 120.0 255.0 191.0 0.333333333333 0.180109151954 -0.138103386166 0.0534248492313 
0.0 0.217419799574 8.59014031535 0.0 0.0 15.6281147832 0.0 12.6838046996 0.0740470158485 0.0 4.37714323778 2.30628104687 120.0 255.0 190.0 0.195229947167 0.233534001186 0.0415864140809 -0.164657311992 
0.0 0.607814697466 7.60355404618 0.0 0.0 15.1492579144 0.0 14.2013674059 0.970187515322 0.0 5.71420596906 0.186432387847 119.0 255.0 190.0 0.236816361248 0.0688766891935 -0.0375984081345 -0.0361419485168 
0.0 0.057246535942 8.97630962088 0.0 0.0 15.4902659577 0.0 13.8795259326 0.0604539818149 0.0 7.19040457461 0.0 119.0 255.0 190.0 0.199217953114 0.0327347406767 0.1127190799 0.0587684360732 
0.0 1.00864920072 7.20402406498 0.0 0.0 15.5768062814 0.0 13.2809503931 0.438086260245 0.757107107073 6.45246200291 0.0401376050963 119.0 255.0 190.0 0.311937033014 0.0915031767499 0.0648767087318 -0.158566749089 
0.0 1.16313265302 8.45853002637 0.0 0.750274692842 17.4345380419 0.0 13.7382536729 0.449633065113 1.01386823623 6.45786583921 0.0532417048096 116.0 255.0 201.0 0.333333333333 -0.0670635723395 0.0836818511361 -0.129141814709 
0.0 2.57361487584 10.3946840895 0.437812037111 0.0 13.691905767 0.0 10.8532762806 0.0751124066854 0.0 9.19679454263 2.05363530709 111.0 255.0 225.0 0.333333333333 -0.196205387048 -0.146757202864 -0.0658804682792 
0.0 5.64812354529 15.9943907047 0.0 0.891427774514 4.53437621255 0.0 6.90751091484 0.532060650798 0.856230092124 7.02595649671 3.42751529826 105.0 255.0 249.0 0.186576130469 -0.262085855327 0.139637945423 -0.0152518429212 
0.0 10.0543352145 6.96618230806 0.0 0.0 1.71629997246 0.0 5.25053499768 0.0 0.548171372103 5.89256808934 4.96943371418 103.0 255.0 255.0 0.326214075892 -0.277337698248 0.11553009783 0.0862784613595 
0.0 8.64600886937 5.96307422649 0.0 0.0 0.0 0.766947214846 1.88493937901 0.0 0.0 5.91734232767 5.01592883659 102.0 255.0 255.0 0.333333333333 -0.191059236889 0.0540455937094 -0.112276617634 
0.0 9.00336061902 6.49234552555 0.0 0.0 0.954581501003 0.0 2.12272010315 0.0 0.755074216858 4.47811072206 6.45332248676 102.0 255.0 255.0 0.333333333333 -0.303335854522 -0.0545253192232 0.0915013400748 
0.0 11.0057666486 7.88135649046 1.21802453517 0.0 1.0103132349 0.0 2.19196695001 0.0 0.0 4.77470204461 6.96482620523 102.0 255.0 255.0 0.27880801411 -0.211834514448 0.0646216270664 0.0562138055858 
0.0 9.27617622535 8.85942312658 0.0 0.0 2.32407813317 0.0 2.53662192075 0.0 1.29010493717 2.96980755392 8.51004182153 102.0 255.0 255.0 0.333333333333 -0.155620708862 -0.0167688738976 -0.0928890228114 
0.0 10.7126888292 8.29347193546 0.0 0.0 1.70836799396 0.0 2.60907026514 0.0 0.0 5.31809490562 5.49355542437 102.0 255.0 255.0 0.316564459436 -0.248509731673 -0.0725880726515 -0.0178818651232 
0.0 11.1517612591 9.39783602508 0.0 1.01861209343 0.751574859835 0.0 3.23543095696 1.06824962584 0.631267502143 3.23313137484 8.80349777829 101.0 255.0 255.0 0.243976386784 -0.266391596797 0.0822152813422 0.229608318833 
0.0 9.11937584629 11.1414990537 0.293457017989 0.0 0.72140301075 0.0 1.78526546562 0.0 0.946745311991 4.3858750431 7.34192335486 101.0 255.0 255.0 0.326191668126 -0.0367832779633 0.144522425732 0.0527367826313 
0.0 9.70384740725 9.55909282964 0.0 0.0 2.37666111065 0.0 1.48944559961 1.11060591915 0.0 3.38854638524 7.41894241056 101.0 255.0 255.0 0.333333333333 0.015953504668 -0.0532623675543 -0.0573739667996 
0.0 10.3106579612 10.3751319313 0.0 0.0 1.77151137364 0.0 2.60444026438 0.472276177341 0.0 5.88656589831 7.23162733626 101.0 255.0 255.0 0.280070965779 -0.0414204621316 0.173364927496 0.0253130943404 
0.0 10.5329867527 7.79600963466 0.0 0.0 0.0025701794947 0.0 2.10695671247 0.983233168072 1.10966656137 9.99075922216 7.78614043467 101.0 255.0 255.0 0.333333333333 -0.0161073677912 0.136540830561 0.165495353678 
0.0 9.77500356672 7.99414574797 0.0 0.0 2.91581228751 0.0 0.559316195335 0.0 0.0 5.01192072943 7.83246015459 101.0 255.0 255.0 0.333333333333 0.149387985886 -0.0658363074504 0.198799049492 
0.0 9.1487078268 8.40382390158 0.0 0.0 0.0 0.0 3.82257256882 1.04374197246 0.0 2.76041800331 9.51800498889 101.0 255.0 255.0 0.267497025883 0.333333333333 -0.110475489647 -0.0876198250231 
0.0 9.65216003425 9.3511721433 0.0 0.0 1.93797397719 0.0 2.7358102584 0.283423316465 0.0 6.37580128869 6.46794727855 101.0 255.0 255.0 0.157021536236 0.24571350831 0.145663504195 0.0431296869039 
0.0 5.75800152002 8.65933620014 0.0 0.0 0.0 1.54315901538 0.794930967813 0.0 0.0 4.95493784521 4.90221729866 101.0 255.0 255.0 0.302685040431 0.288843195214 0.155518337744 0.0162706349803 
0.0 10.9139930518 9.56739158369 0.0 0.0 0.793354753721 0.453217562956 4.60870901013 0.0 0.0 5.78319644761 8.00758067282 101.0 255.0 255.0 0.333333333333 0.305113830194 0.120505802712 -0.000326580807772 
0.0 9.43930679859 6.58708468666 0.0 0.0 0.68976670934 1.32517670384 1.88279358926 0.0 0.0 7.71236421222 5.5711774135 101.0 255.0 255.0 0.333333333333 0.304787249387 0.0318713619506 -0.0836694263727 
0.0 6.66711662064 5.98263984872 0.0 0.0 0.0 4.19560079687 0.0 0.0 0.0 4.83187619128 1.83711647926 101.0 255.0 255.0 0.333333333333 0.221117823014 -0.228613650573 -0.0694858614947 
0.0 9.4478426062 11.5159836901 0.0 0.0 1.97382468208 0.84627893079 3.38129652689 0.0 0.0 6.8643116684 8.49480419055 101.0 255.0 255.0 0.10471968276 0.151631961519 -0.118817173881 -0.0768761146528 
0.0 13.7734570292 13.0805019776 0.0 0.0 3.63238426317 0.0 4.37286430676 0.0 0.726978288893 8.70564946064 9.88665201329 100.0 255.0 255.0 -0.0140974911211 0.0747558468665 -0.254752833848 -0.0114765136174 
0.0 9.54590842968 12.2338680704 0.0 0.0 0.683379210912 0.0 0.902338565627 0.0 0.421127230467 8.63444504067 7.55238041225 102.0 255.0 255.0 -0.268850324969 0.0632793332491 0.0399735348883 -0.100787293478 
0.0 12.0332081021 9.12682677081 0.0 0.0 1.40355065305 0.0 3.44947644137 0.0 0.942665273458 6.37918218758 5.50899659384 106.0 255.0 255.0 -0.228876790081 -0.0375079602286 0.0153035502372 0.226682741081 
0.0 8.13060680158 4.77627704246 0.0 0.0 1.11306494306 0.520983956992 1.02808817011 0.0 0.615127778597 1.55663782421 4.28733159115 111.0 253.0 251.0 -0.213573239844 0.189174780853 0.078838379637 -0.135963412816 
0.0 2.56870870684 5.45109506183 0.0 0.0 0.510071481881 0.0 1.98298106918 0.0 0.0 4.21751802078 2.12284237164 115.0 250.0 244.0 -0.134734860207 0.0532113680371 0.0633487033261 -0.18133625754 
0.0 1.80048154369 2.501667708 0.0 0.0 0.0 1.30461512325 1.29319842942 0.0 0.0 4.04865569257 0.0 116.0 250.0 248.0 -0.0713861568807 -0.128124889503 0.00613604772103 -0.139664520531 
0.0 2.36961073986 2.09641053759 0.0 0.0 0.193891879113 0.0 0.864949182213 0.403101082721 0.0 2.32354961294 0.632242039061 116.0 250.0 255.0 -0.0652501091597 -0.267789410033 0.00106742720373 -0.0279411342827 
0.0 3.35526285232 0.0 0.381880174289 0.0 0.6687975406 0.524734459133 1.22638436271 1.55128933053 0.0 0.362513704322 1.91453125576 117.0 252.0 255.0 -0.064182681956 -0.295730544316 0.0366701321717 0.169520615771 
0.0 1.16673724829 1.20085498192 0.470574938824 0.0 0.0 0.575880282163 0.143440364942 0.0 0.0 1.14450714091 0.110525611945 119.0 253.0 255.0 -0.0275125497842 -0.126209928546 0.0487524104964 -0.0244067383319 
0.0 2.16041055763 0.0 0.0 0.0 0.0 0.577274285685 0.0 0.00501380589429 0.761049679657 0.0 0.553851993274 121.0 253.0 255.0 0.0212398607121 -0.150616666877 0.0716539056277 0.046510318721 
1.75428961066 1.26079213651 0.0 0.0 0.479999416892 0.0 0.0 0.68208068812 0.0 1.08978799161 0.63646149156 0.0582511070926 120.0 252.0 255.0 0.0928937663399 -0.104106348156 -0.0517122759741 0.0288181246801 
0.0 1.52319778251 0.975090861448 0.0 0.0 0.0 0.283450269007 0.159755356319 0.0 0.0 0.792367026573 1.37122653919 119.0 253.0 255.0 0.0411814903657 -0.0752882234762 -0.0934914892485 0.0270328827857 
0.0 1.93073660454 0.516460722661 0.0 0.0 0.0 0.0 0.0 0.0 1.40170521053 0.0 0.78498343914 119.0 252.0 255.0 -0.0523099988827 -0.0482553406905 0.0902140708398 0.0580907947427 
0.0 1.60646507142 0.0 0.0 0.0148877300876 0.434359004157 0.0 0.0 0.0 0.294858584594 0.0 0.0866669155336 120.0 253.0 255.0 0.0379040719571 0.00983545405213 -0.127459265227 0.014397744056 
0.0 0.0 0.0 0.0 0.0 0.0 0.0 0.532993105634 0.0693597349684 0.0 1.10356881158 0.0557752626126 126.0 253.0 255.0 -0.0895551932697 0.0242331981081 0.133176582316 -0.0449794586964 
0.0 0.325207563471 0.0 1.31030709207 0.0 0.0 0.0 0.0 0.0 0.0 1.35038919388 0.870551361216 127.0 252.0 255.0 0.0436213890462 -0.0207462605883 -0.153068803734 -0.0815677769435 
0.0 0.0366970637677 0.0 1.62167017911 0.0 0.0 0.0 0.0 0.0165687770442 0.0 0.909798739062 0.229608861013 128.0 252.0 255.0 -0.109447414688 -0.102314037532 0.0203314938069 0.0414188334688 
0.0 0.905478844131 0.0 0.603820538814 0.0 0.0 0.0 1.19208253873 0.539697686323 0.0 0.0 0.0 134.0 252.0 255.0 -0.0891159208814 -0.060895204063 0.05682003936 -0.156782949648 
0.738605267077 0.900991368507 0.0 0.0 0.0 0.0 0.0 1.23546728183 1.0558721575 0.0 0.0 0.0 138.0 252.0 255.0 -0.0322958815215 -0.217678153711 -0.0811066529795 -0.132712560098 
0.0 0.0 0.254254106489 0.321145883994 0.0 0.0 0.0 0.978220097444 1.01372249921 0.83100621578 0.175676148978 0.59530712177 144.0 252.0 255.0 -0.113402534501 -0.333333333333 0.108988656477 0.172917643008 
0.0 0.0 0.0 0.0 0.0 0.835736214081 0.123414607314 0.0 1.00775958968 0.0 0.0 0.0249989840241 147.0 252.0 255.0 -0.00441387802374 -0.160415690325 -0.0765862786781 0.00692987260429 
0.0 0.0 0.0 0.0 0.0 0.0 0.0 1.16099111485 0.0 0.00277978550825 0.0 0.0 147.0 252.0 255.0 -0.0810001567019 -0.153485817721 -0.0270205896744 0.107174295312 
0.0 0.0 0.0 0.0 0.0 0.0 0.681397782023 0.0 0.0 0.0 0.249338013894 0.487071864215 152.0 252.0 255.0 -0.108020746376 -0.0463115224088 -0.223084966575 0.0400653943349 
0.0 0.0 1.22002103335 0.427899791588 0.0 0.0 0.0 0.0531274275697 0.0 0.0 1.13928571921 0.0 162.0 252.0 255.0 -0.331105712951 -0.00624612807395 -0.175941999013 -0.106408213882 
0.551956497385 0.293901249724 0.400036293825 0.441406496534 0.0 0.0 0.0 0.0 0.506791379547 0.0 0.0 3.57930004664 175.0 252.0 255.0 -0.333333333333 -0.112654341956 -0.0670591405428 0.0443494503225 
0.0 0.914257895527 0.0 0.0 0.806173188881 0.0 0.197794414598 0.0 0.492476214574 0.46300384971 0.0 0.0 187.0 253.0 255.0 -0.333333333333 -0.0683048916334 -0.0785096906174 0.00288631674891 
1.10253638003 2.8393710574 0.737701394465 0.0 0.566143250824 0.871401883395 0.0 1.2224283284 1.02320419224 3.47934188414 0.0 0.463967742528 199.0 252.0 255.0 -0.333333333333 -0.0654185748845 0.105815347515 -0.109329287412 
0.0 1.64907000082 0.0 0.0 0.0 0.0 0.0707609548634 0.674279624685 0.0 0.729045664396 0.0 0.0319308410336 208.0 252.0 255.0 -0.227517985818 -0.174747862296 0.0829192614669 -0.0837526572498 
0.0 0.486286521862 0.0 0.0 0.498961926034 0.372567155695 0.22008302745 1.56307444002 0.46394603272 0.455426347396 0.609369541034 0.487182002886 216.0 252.0 255.0 -0.144598724351 -0.258500519546 0.0397497969596 -0.14253382712 
0.0 0.0 0.0 0.0 0.0 0.0 0.161802203927 0.0 0.0 0.0 0.0 0.0 222.0 252.0 255.0 -0.104848927391 -0.333333333333 0.105652614291 -0.00316044865588 
0.0 1.71165662791 0.0 0.0 0.0 0.0 0.0 0.146462306387 0.0 1.34705225818 0.19934818269 0.848341138926 224.0 252.0 255.0 0.000803686899747 -0.333333333333 0.0579224554879 -0.000785447735524 
0.0 1.02016755033 0.0 0.0 1.8512071281 0.0 0.0 0.640209938304 0.447130353037 0.0 0.0 0.512411253952 224.0 252.0 255.0 0.0587261423876 -0.333333333333 -0.0925080261168 0.0233260823899 
0.0 0.0 0.0 0.306578654857 0.0 0.0 0.0 0.0 0.0 0.0 0.0 1.90779115456 223.0 252.0 255.0 -0.0337818837292 -0.310007250943 -0.0664582213922 -0.121861298564 
0.0 0.815306059516 0.0 0.0 0.0 0.0 0.0 0.0 0.0261254520699 1.38419373886 0.315003385145 1.419430512 226.0 251.0 255.0 -0.100240105121 -0.333333333333 -0.146937888102 0.0330719533487 
0.0 0.0 0.0 0.0 0.0 0.0 0.677806741086 0.0 1.04078905775 1.60064963751 2.14311261186 0.0 229.0 251.0 255.0 -0.247177993223 -0.300261379985 0.0121550975364 -0.0694572985247 
0.0 0.0 0.250751782113 0.0 0.0 0.949877620865 0.0 0.0 0.103406548132 0.0 0.35591448128 1.47209120875 230.0 251.0 255.0 -0.235022895687 -0.333333333333 0.0527485339569 -0.064990336693 
0.0 1.24321996304 0.0 0.0 0.0082382129596 0.0 0.0 1.06529684378 0.0742904912311 0.0 0.0 0.124259608956 231.0 251.0 255.0 -0.18227436173 -0.333333333333 -0.126106148769 0.129448871771 
0.163471997034 0.0 0.0 0.432341190659 0.0104117599852 0.0 0.0 0.263382087059 0.542028247131 0.0 0.0 0.488388876054 234.0 251.0 255.0 -0.308380510499 -0.203884461562 0.0134458789885 -0.0581165236809 
0.82081512656 0.296939697516 0.0 0.50859460827 0.0 0.0 0.0 0.0 0.119157812058 0.0 0.0 0.0 234.0 251.0 255.0 -0.294934631511 -0.262000985243 0.205697876519 0.156020879459 
0.0 0.475984993298 0.231905022652 0.97934235531 0.414585212127 0.0 0.0 0.0 0.0 0.632570888873 0.0 0.0 234.0 251.0 255.0 -0.0892367549916 -0.105980105785 0.120640493633 0.0575370273365 
0.0 0.0 0.0 0.0 0.0 0.0 0.0 0.593175228442 0.0 0.54673428724 0.0 0.0 234.0 251.0 255.0 0.0314037386413 -0.048443078448 0.0463629689752 0.0139155878826 
0.38055779383 0.0 0.0 0.0 0.0 0.949939727398 0.0 0.0 0.475425405552 0.0 0.412428065497 0.0 234.0 251.0 255.0 0.0777667076165 -0.0345274905654 -0.0955079831692 0.0858655002763 
0.0 0.0 0.0 0.0 0.0 1.10421108039 0.142787471858 0.0 0.0547998807723 0.643650941259 0.0 0.0 233.0 251.0 255.0 -0.0177412755527 0.0513380097109 0.136244867471 0.15908786933 
1.40772060514 0.0 0.0 0.0 0.0 0.0 0.755125988886 0.0 0.947712485939 0.0470297211832 0.567139612016 0.0 229.0 246.0 255.0 0.118503591918 0.210425879041 0.0817035731172 -0.120898671542 
0.390522503912 0.0 0.0 0.0 0.0 0.0 0.0 0.394614930038 1.56903903387 0.0 0.0 0.727309931759 225.0 239.0 255.0 0.200207165035 0.0895272074992 -0.0763621345966 0.0901420523614 
2.20221973908 0.0 0.204945212924 0.0 0.94177676446 0.0 0.0 1.58693797704 1.05659651116 0.0 0.0 0.0 219.0 232.0 255.0 0.123845030439 0.179669259861 -0.0185356782288 -0.00243400508114 
0.0 0.0 0.0 0.14359479093 0.0 0.0 0.0 0.0 0.0 0.0 0.0 0.0 210.0 222.0 255.0 0.10530935221 0.177235254779 -0.0545023974761 0.0605128687328 
0.0 0.0 0.0 0.0 0.0 0.0 0.0 0.0 0.0 0.0 0.0 0.0 205.0 209.0 255.0 0.050806954734 0.237748123512 0.0333516700134 -0.0770329140422 
0.0 0.0 0.0 0.869282298247 0.0 0.0 0.0722485717725 1.12456746899 0.0 0.58478773175 1.45467834167 1.62555634995 198.0 199.0 255.0 0.0841586247474 0.16071520947 -0.0142933376649 0.0461261798824 
0.0 0.0 0.0 0.0 0.0720374731273 0.0 0.0 0.0 0.194052355155 0.233259150706 0.0 0.100646715752 192.0 190.0 255.0 0.0698652870825 0.206841389352 0.191682613281 0.191232022164 
0.0 0.0 0.496806540325 0.954909968841 0.0 0.792126309229 0.601321762378 0.425857444458 0.0 0.940886187351 0.0 0.0 182.0 182.0 255.0 0.261547900363 0.333333333333 0.0223782721363 0.0941372885225 
0.0 0.0 0.0 0.0 0.0 0.0 1.8971292165 0.684834271335 0.0 0.0 0.0 0.0 171.0 181.0 251.0 0.2839261725 0.333333333333 -0.0217761274457 0.0665728834103 
0.737827121614 0.0 1.26982129979 0.0 0.0 1.13500266117 0.0 0.0 0.0 0.716995371447 0.131687250218 0.0538549963044 166.0 197.0 229.0 0.262150045054 0.333333333333 0.00693025807934 0.0798686779669 
0.0 0.0 2.8183312175 0.0 0.191299572472 0.955911444981 0.28471033649 1.06374291914 0.226384080858 0.0 1.76572789966 0.0 159.0 216.0 202.0 0.269080303133 0.333333333333 -0.024074323279 0.0247686374011 
0.0 0.0 0.178971274301 0.0 1.42761280066 3.63707893997 0.0 2.48546857445 0.984795050666 0.0 0.629001428663 0.643289421852 153.0 232.0 173.0 0.245005979854 0.333333333333 -0.0556993320717 0.0191191412248 
0.146457799696 0.0 1.5022709086 0.0 0.0 2.75128372483 0.0 1.4668356381 0.476636053134 0.894174418005 0.156349758269 0.0 147.0 244.0 151.0 0.189306647783 0.333333333333 0.0684668392095 -0.114730089518 
0.0 0.386873875487 0.0 0.0 0.698004031898 3.03558854178 0.739563613365 3.90304781918 1.96015520489 0.337578326576 0.0 0.186176612088 145.0 249.0 135.0 0.257773486992 0.218603243815 -0.124538710465 -0.0998211523288 
1.60730981644 0.0 0.0 1.48504764027 0.788415092589 0.0440210576768 0.0269837832239 2.13538837887 0.0 0.53900927084 0.0 0.0 145.0 250.0 130.0 0.133234776527 0.118782091486 -0.0390197904821 -0.0306888226228 
0.83798918571 0.0 0.0 0.0 0.0 0.0 4.19114056951 1.23608700673 0.0 0.0 0.0 0.0 144.0 250.0 129.0 0.0942149860448 0.0880932688634 -0.0336943641039 -0.158518111635 
0.0 0.0 0.0 0.0 0.0 1.44053635372 1.85101278838 2.61343520205 0.0 0.0 1.52045698712 0.0 142.0 250.0 140.0 0.0605206219409 -0.0704248427713 -0.123507530027 -0.110988603336 
0.0 0.0 0.0 0.0 0.0 0.0 0.0 0.0 0.0 0.0 0.0 0.899056517663 139.0 249.0 164.0 -0.0629869080864 -0.181413446107 0.0582997931451 -0.0517299393378 
0.0 0.776726038154 0.0 0.0 0.415214130412 2.61862834821 0.0 3.1864422745 0.0 0.0 0.0 0.0 137.0 243.0 196.0 -0.00468711494132 -0.233143385445 0.0239722732181 0.00432501125957 
0.0 0.0 0.0 0.0 0.999413094613 0.248923104029 1.49351566013 1.70506078836 0.0 0.0 0.0 0.0 135.0 238.0 228.0 0.0192851582768 -0.228818374185 -0.0774130767004 0.0879385920342 
0.0 2.38977997262 1.79271935386 0.919029957662 0.0 0.268665129875 0.0 0.0339765329255 0.0 1.60823932832 0.0 0.690233941441 134.0 233.0 251.0 -0.0581279184237 -0.140879782151 -0.00514104142965 0.115677420678 
0.0 0.0 0.0 0.0 0.0 0.0 0.840159931837 0.0 0.0 0.0 0.0 0.0 133.0 231.0 255.0 -0.0632689598533 -0.0252023614732 0.0094432843603 -0.0127518045019 
0.0 1.40942881823 0.0 0.0 0.375166195447 0.0 0.777532704199 0.0 0.0 0.0 0.0 0.0 135.0 234.0 255.0 -0.053825675493 -0.0379541659751 0.0447926959058 0.117560789558 
0.0 0.0 0.0 1.17631131018 0.0 0.348907382938 0.0 0.0716346343346 0.0 1.1863129855 0.0 0.739863501932 138.0 230.0 255.0 -0.00903297958721 0.0796066235825 -0.0183603814006 0.169891536067 
0.0 0.719038962491 0.0805131740831 0.0442737796216 0.433735540158 0.0 0.0 0.0 0.206451959669 0.0 0.0 0.54598951604 142.0 221.0 255.0 -0.0273933609878 0.24949815965 0.113525402097 -0.0373282180378 
0.0 0.0 0.0974484896312 0.664667255863 0.469534726648 0.0 0.0 0.0 0.767625707942 0.0 1.29146437852 0.97717926787 146.0 219.0 245.0 0.0861320411092 0.212169941612 -0.0116996897463 0.105196177081 
0.0 0.469930018643 1.16085395064 0.246554117398 0.0 0.0 0.0 0.0 0.0 0.0 0.0 0.0 148.0 221.0 228.0 0.0744323513629 0.317366118692 0.0463476283806 -0.124622736453 
0.0 0.0 1.63145786036 0.015118384344 0.0 1.51332230801 0.209141998286 0.407531442726 0.0 0.0 0.762037107808 0.0 146.0 230.0 209.0 0.120779979744 0.192743382239 -0.00339533689517 0.0484415724686 
0.20097596894 1.35467366594 2.61452849669 0.132164102346 0.131000442246 4.81000447579 0.0 1.39925175491 0.186489875211 0.208243441297 0.819883573839 0.0 142.0 241.0 187.0 0.117384642848 0.241184954708 0.0227875653447 -0.0456756608781 
0.0 1.23976502393 2.23829748342 0.0 1.24368930618 3.53704099502 0.0 2.61691861775 0.986695318412 0.0 3.35240156662 0.0 138.0 250.0 171.0 0.140172208193 0.19550929383 0.0194628501159 -0.00598222691909 
0.0 0.0 0.0 0.0 0.0 2.24684302919 1.24416808304 1.49824670169 0.0 0.0 1.86795906551 0.0 138.0 250.0 165.0 0.159635058309 0.189527066911 0.0854605197356 0.014818792912 
0.0 0.0 0.990450252666 0.0 0.0 2.76817458764 0.00819582159514 6.39915627953 0.671155650621 0.0 0.665126159306 1.50671204537 137.0 251.0 161.0 0.245095578044 0.204345859823 0.0456295185971 -0.00842373660879 
0.0 0.0 0.0 0.0 0.0 6.6579725201 1.62542701525 3.73805144061 0.0 0.0 2.56447026377 0.0 135.0 252.0 158.0 0.290725096642 0.195922123214 0.0928082114874 0.0124990403464 
0.0 2.09752960582 2.2328396459 0.309602901827 0.0 6.77768239417 0.0 4.71566064555 0.0 0.712792357912 2.6229328239 0.996140535592 134.0 253.0 158.0 0.333333333333 0.20842116356 -0.104549879139 -0.00505497221327 
0.0 0.0 0.881791302903 0.0 0.235632034624 6.5922570841 0.0 7.08821352925 1.80287847739 0.0 0.186379687223 0.0 132.0 253.0 157.0 0.228783454195 0.203366191347 -0.148852257758 -0.0517636446622 
0.0 0.0 4.90120383102 0.244848497956 0.0 9.30328347572 0.627009619131 10.2489396982 0.0 0.0 2.64086124462 0.860070863734 132.0 253.0 157.0 0.0799311964366 0.151602546685 -0.132353524332 -0.130475464496 
0.0 0.0 1.52578007603 0.0 0.448170974103 8.51088403378 1.83113892942 6.05788650366 0.0 0.0 1.06030898437 0.0 133.0 253.0 155.0 -0.0524223278951 0.0211270821892 0.0698657727065 -0.0523926041664 
0.0 0.0 0.0 0.0 0.0 6.64054880057 1.77402743152 5.54993328014 0.0 0.0 2.85355971697 0.58854880529 133.0 253.0 160.0 0.0174434448114 -0.0312655219772 0.0149506555248 -0.00669901073844 
0.0 0.0 3.80463068822 3.83583917966 0.0 8.23666476087 0.115095126118 6.31340919265 0.48066711102 0.139278409895 0.0 0.0124644742286 131.0 253.0 172.0 0.0323941003362 -0.0379645327156 0.0451959397746 0.0186264884023 
0.0 1.05312816576 6.64544938717 2.31823639267 0.0 8.19103962115 0.656944701532 1.2730478895 0.0 0.0140622900324 0.785723004191 0.963026304628 129.0 252.0 186.0 0.0775900401108 -0.0193380443134 -0.18751011687 -0.0500977904682 
0.0 0.0 4.57596861559 0.0 0.0 3.81317639475 1.54853100184 3.64566182298 0.0 0.0 2.65611205513 0.0 127.0 251.0 199.0 -0.10992007676 -0.0694358347816 -0.172395466558 0.15376384535 
0.0 2.28972712454 5.38450471036 0.126401781884 0.0 4.2692988495 0.0 2.06211284634 0.0 0.691043042529 1.43164733876 1.05111398518 129.0 250.0 200.0 -0.282315543318 0.0843280105682 0.00842543402747 -0.045113982286 
0.0 0.397653307678 4.34570114689 0.1721161459 1.29341622219 1.37687531327 0.0 4.35530829692 0.105067668674 0.125217016813 1.89251139987 0.0 132.0 247.0 198.0 -0.273890109291 0.0392140282822 0.135132937561 0.00499807959397 
1.57184167181 1.71381926964 4.99946359146 0.361037734406 0.502150415947 5.06705740094 0.0 0.238251462971 2.73783704443 4.48207199913 1.81235223916 1.72273321638 137.0 242.0 198.0 -0.13875717173 0.0442121078761 -0.0611973864498 0.0830647054003 
0.566929403234 0.473393405799 3.26869451611 0.0 1.25848914466 1.77525722413 0.0 4.29628937615 0.0 0.0 0.152860595628 1.79687734706 145.0 234.0 194.0 -0.19995455818 0.127276813276 -0.0238036788542 -0.0424211244404 
0.0 0.0 0.588895648528 0.0 1.37533791012 0.0 0.0 2.76548596322 0.927297321314 0.0 0.0 0.142632987742 153.0 225.0 191.0 -0.223758237034 0.084855688836 -0.107539090152 -0.0185533620082 
0.0 0.0 0.0 0.0 0.0 0.0 0.0 0.65570464732 0.139382010535 1.50803757797 0.0 0.247763539634 162.0 214.0 190.0 -0.331297327186 0.0663023268278 0.0764577195396 0.0206627438744 
0.0 0.0 0.0 0.0 1.08492909351 2.16899745257 0.0 2.43269897943 0.0 0.0 0.0 0.0 169.0 204.0 189.0 -0.254839607646 0.0869650707022 -0.0358618054362 0.130201773076 
0.0 0.0 0.0 0.0 0.619448695283 1.84016441459 0.0 1.89395513588 0.662333004081 0.316183437499 0.0 0.0 179.0 195.0 181.0 -0.290701413083 0.217166843779 0.095255879896 0.168600599842 
0.0 0.0 0.0 0.0 0.0731886651731 1.14222182085 0.0 2.18860073236 0.0 0.0 0.0 1.1138895355 189.0 186.0 164.0 -0.195445533187 0.333333333333 -0.017922004078 -0.0864804031898 
0.0 0.0 0.0 0.0 0.0 0.0 1.4091461967 1.38482723484 0.0 0.0 0.930527506886 0.0 199.0 174.0 147.0 -0.213367537265 0.246852930144 0.210787645901 0.0560301434994 
0.0 0.0 0.0 0.0 0.0 0.0 3.63767125984 0.0 0.0 0.0 0.0 0.0 202.0 172.0 130.0 -0.00257989136403 0.302883073643 0.164898056658 0.0477278965234 
0.0 0.0 0.0 0.0 0.0 0.0 6.98584871198 0.0 0.0 0.0 0.441438435739 0.0 202.0 175.0 108.0 0.162318165294 0.333333333333 -0.0193605710349 0.0700910125874 
0.0 0.0 0.0 0.0 0.0 0.0 4.49285536521 0.0 0.0 0.0 0.894103684371 0.0 202.0 177.0 89.0 0.142957594259 0.333333333333 0.00193203616804 -0.146163196683 
0.0 0.0 0.0 0.0 0.0 0.0 2.31937020825 0.0 0.0 0.0 0.0 0.0 197.0 188.0 71.0 0.144889630428 0.18717013665 0.079261513812 -0.00462286281617 
0.0 0.0 0.0 0.0 0.0 0.0 1.78163442607 0.0 0.0 0.0 0.0 0.0 192.0 197.0 59.0 0.224151144239 0.182547273834 -0.156460414684 -0.0475968837666 
0.0 0.0 0.0 0.0 0.0 0.0 1.01414299505 0.969411952437 0.746732032443 0.0 0.437063090352 0.0 190.0 197.0 58.0 0.0676907295552 0.134950390067 0.0964176346055 -0.0980843467388 
# HEADER 2
0.0 0.0 0.291878029981 0.0 0.0 0.0 0.378722646043 0.0 0.0 1.25672061007 0.0 0.0 133.0 247.0 255.0 0 0 0.0195587763237 0.132622479955 
0.099827548852 0.371080083315 0.0 0.0993028853654 0.972354232277 0.0 0.304366400945 0.0 0.975143715705 0.590047314326 0.0 0.0 132.0 242.0 255.0 0.0195587763237 0.132622479955 -0.22311719221 -0.0355890692586 
0.255324561101 0.389235035607 0.0 0.979374833298 0.0 0.0 0.301958224937 0.0 0.101587211176 1.44391321807 0.0 0.873170784964 131.0 232.0 255.0 -0.203558415886 0.0970334106967 0.059938589018 -0.0688877786588 
0.0 0.45222562805 0.0 0.0 0.410572134033 0.0 0.0 0.0 0.0430183589793 0.0 0.0 0.0 139.0 222.0 255.0 -0.143619826868 0.0281456320379 0.0245371856956 -0.105833899688 
0.0 0.0 0.0 0.446430195922 0.0 0.0 0.0 0.0 0.0 0.0 0.0 0.0 146.0 220.0 255.0 -0.119082641173 -0.0776882676502 -0.105823900847 0.0504450501531 
0.0 0.0 0.0 0.0 0.0 0.0 0.444358223067 0.0 0.0 0.0 0.0 0.0 156.0 223.0 255.0 -0.22490654202 -0.0272432174971 -0.204449078387 0.181658065017 
0.0 0.480120480158 0.0 0.0 0.0 1.46697400604 0.0 1.02329089132 0.0 0.0 0.0 0.0 166.0 213.0 255.0 -0.333333333333 0.15441484752 -0.0754452936353 -0.0950144321817 
0.0 0.0818928362854 0.0 0.0 1.33060227901 0.149012697403 0.0 0.160620075589 0.0 0.0 0.297673522747 0.437217389072 175.0 196.0 255.0 -0.333333333333 0.0594004153381 -0.134905884305 -0.1196144629 
0.0 0.0 0.0 0.0 0.528908383551 0.0 0.0 0.0 0.918061964858 0.0298617940094 0.0151753989129 0.0 188.0 191.0 255.0 -0.333333333333 -0.0602140475621 0.135888610755 -0.111864710369 
0.0 0.0 0.335346230414 0.0 0.0 0.0 0.241725632586 0.934744565176 0.0 0.521212724774 0.0 0.0 198.0 199.0 255.0 -0.197444722578 -0.172078757931 -0.00546638773288 0.0335697239455 
0.67027071724 0.0 0.0 0.0 0.379794065233 0.0 0.239441223084 0.0 0.934491098865 0.0 0.0 0.0 207.0 210.0 255.0 -0.202911110311 -0.138509033986 0.168633902201 -0.0238563879751 
0.0 0.0 0.0 0.0 0.0 0.0 0.0 0.0 0.0 0.149074875922 0.0 0.767531007531 212.0 223.0 255.0 -0.0342772081105 -0.162365421961 0.0397707268171 0.0292921972773 
0.0 0.0 0.0 0.0 0.0200619791332 0.0 0.0 0.0240083370887 0.0 0.995166688663 0.0 0.0 214.0 237.0 255.0 0.00549351870657 -0.133073224684 -0.0326412016134 -0.0243330343234 
0.0 0.0 0.0 0.57071262864 0.0 0.0 0.0 0.0 0.0 0.0 0.0 0.488270380711 215.0 248.0 255.0 -0.0271476829068 -0.157406259007 0.121463207081 -0.0262159209264 
0.16683786939 0.0 0.0 0.557708107361 0.0556081193736 0.0 0.0 0.0 0.0 0.0 0.0 0.435544346929 216.0 251.0 255.0 0.0943155241739 -0.183622179933 -0.0329917378173 0.143573570744 
0.290898178824 0.0 0.0 1.08849910838 1.08400116574 0.0 0.0 0.0 0.467363631925 0.0 0.0 0.433781485022 213.0 252.0 255.0 0.0613237863566 -0.0400486091895 0.115474193165 -0.00582261990621 
0.0 0.0 0.0 0.167182325565 0.0 0.0240635033127 0.0 0.0255065914184 0.588270564969 0.859754164872 1.3107698704 1.46479626305 209.0 252.0 255.0 0.176797979522 -0.0458712290957 -0.0668216293752 0.118870483471 
0.0 0.0 0.0 0.0131777079311 0.0 0.0 0.663977619564 0.0 0.0 0.0 0.29789771578 0.0 202.0 252.0 255.0 0.109976350147 0.0729992543752 -0.0623135618845 -0.025711073987 
0.0 0.339670699716 0.0 0.0 0.0 0.0 0.285527583144 0.0 0.47154579483 0.53318493727 0.0 1.91176979269 196.0 252.0 255.0 0.0476627882621 0.0472881803882 0.000603434265487 0.103368751942 
0.0 0.0 0.0 0.12134316327 0.00902146510274 0.0 1.17938486614 0.0888098675421 0.0 0.0 0.0 0.0 191.0 252.0 255.0 0.0482662225276 0.15065693233 0.105139787743 -0.116333198692 
1.2994565012 0.0 1.42424430549 1.10609931355 0.270944872331 0.0 0.0 1.16496267602 0.205983881538 0.0 0.675540110155 0.96097111786 186.0 252.0 255.0 0.153406010271 0.0343237336382 -0.05636098212 0.0341254336405 
0.0 0.0 0.0 0.761139411263 0.0 0.0 2.89155954258 0.0 0.0 0.0 0.466143482759 0.824449723459 181.0 250.0 255.0 0.0970450281506 0.0684491672787 -0.0859491919394 -0.00509478807974 
1.4108078724 0.0 0.0 0.0 0.0810948396163 0.0 0.0 0.0 0.486884422289 0.0 0.834830117153 0.820001625002 175.0 245.0 255.0 0.0110958362111 0.0633543791989 -0.183125110658 -0.0816634609856 
0.0 1.59926751133 0.0 0.790415433379 1.24166741979 0.0 0.458044924012 0.880975046584 1.40274703525 0.833238089663 1.62707937188 0.0 175.0 245.0 255.0 -0.172029274447 -0.0183090817866 -0.00510244007212 -0.137388163843 
0.0 0.0 0.0 0.376330058035 0.0 0.0 0.0 0.284225337123 0.337064385476 0.0 0.0 0.89786836972 184.0 250.0 255.0 -0.177131714519 -0.15569724563 -0.0254962523184 -0.0662307330743 
0.0446513851922 0.0 0.166104782656 0.0 0.638768304255 0.466181326124 0.0 0.827757849295 0.428425066982 0.426906009181 0.357705701552 1.94675840068 195.0 251.0 255.0 -0.202627966838 -0.221927978704 -0.0392357225399 0.192058064384 
0.0 0.0 0.975025796534 0.0 0.0 0.0 0.0 0.0 0.0 0.0 0.0 0.0 203.0 251.0 255.0 -0.241863689378 -0.0298699143199 -0.187219279474 -0.153621937081 
1.07592884527 0.841550183597 0.0 0.0 0.916183109307 0.151487710105 0.0 0.0 0.414111857778 0.667582500538 0.349586472828 0.0 212.0 251.0 255.0 -0.333333333333 -0.183491851401 -0.0860978869133 -0.0118155397952 
0.0 0.15999900644 0.0 0.0 0.0 0.0 1.39359778266 0.208812822085 0.0 0.0 0.0 0.0 223.0 251.0 255.0 -0.333333333333 -0.195307391196 -0.0537906867103 -0.000865798338288 
0.0 0.0 0.0 0.64411757742 0.0 1.12391622055 0.431967024296 0.0 0.141286973738 0.0 0.0 0.229547009175 229.0 250.0 255.0 -0.333333333333 -0.196173189534 -0.0365885114581 -0.00872209885874 
0.0 0.0 0.0 0.0 0.0 0.0 1.68257582069 0.0 0.0 0.0 0.0 0.0 231.0 250.0 255.0 -0.333333333333 -0.204895288393 -0.0457035040296 0.0634379628826 
0.377875551855 0.0 0.0 0.355824680366 0.0674557766742 0.0 0.627370817281 0.541182287882 0.915794730676 0.425117628767 0.0 0.0 234.0 251.0 255.0 -0.333333333333 -0.14145732551 -0.0869820977467 -0.0438283298767 
0.0 0.0 0.0 0.0 1.24239208831 1.59199267023 0.562946866872 0.0 0.0 0.0 1.16392657461 0.95077333395 235.0 251.0 255.0 -0.333333333333 -0.185285655387 0.14242663405 0.0879560582367 
0.0 0.0 0.0 0.0 1.49712556311 0.0 0.373423226474 0.0 0.0 0.0 0.0 0.449151892381 235.0 251.0 255.0 -0.190906699283 -0.0973295971505 0.0265521076065 0.064709117854 
0.0 0.0 0.0 0.0 0.0 0.0 1.49209941874 0.299261539501 0.0 0.0 0.0 0.0 235.0 251.0 255.0 -0.164354591677 -0.0326204792965 0.0471413855833 0.0153479555634 
0.0 0.0 0.0 0.0 0.95466838844 0.0 0.0576798016536 0.641476105477 1.18826770944 1.52920866375 2.04271171212 0.0981084579292 235.0 251.0 255.0 -0.117213206094 -0.017272523733 -0.0826316373418 -0.117145944003 
0.0 0.0 0.0 0.0 0.0 0.0 2.20009209299 0.464552504107 0.0 0.0 0.571682572432 0.0 235.0 251.0 255.0 -0.199844843435 -0.134418467736 -0.191797500182 -0.0361985025022 
0.0 0.425581818309 0.0 0.217321296321 0.524671040212 0.253194417229 0.0 0.271554534489 0.931510764675 0.039292832958 0.0 0.0 235.0 251.0 255.0 -0.333333333333 -0.170616970238 -0.138386063228 0.0407960485398 
0.0 0.0 0.0 0.0 1.25594786746 0.0 0.0 0.452953520242 0.479551865459 0.0917912359588 0.0 0.0 235.0 251.0 255.0 -0.333333333333 -0.129820921698 -0.0171348724151 -0.226920264662 
0.0 0.0 0.0 0.0 0.372212987384 0.0 0.0 1.02065442029 0.0 0.999543951728 0.0 0.906870833868 235.0 251.0 255.0 -0.333333333333 -0.333333333333 -0.085846293821 -0.199777707713 
0.0 0.0 0.0 0.0 0.0 0.0 0.0 0.0 0.0 0.308902229996 0.805080408507 0.0 235.0 251.0 255.0 -0.333333333333 -0.333333333333 -0.240363725856 0.194224176926 
0.537300291995 0.383151640194 0.0 0.0 0.0 0.0 0.63583149528 0.0 0.782577753326 0.0 0.503839105293 0.432128298883 235.0 251.0 255.0 -0.333333333333 -0.139109156408 -0.0220972129009 -0.094091585567 
0.0 0.0 0.0 0.0 0.0 0.0 0.43610610967 0.0 1.56874806106 1.41316976991 0.0 0.558644901879 234.0 250.0 255.0 -0.333333333333 -0.233200741975 0.0216991892887 -0.0733323119765 
0.0 0.970434671678 0.0 1.54385152728 0.0 0.0 0.742035750029 2.59539153312 0.843000633546 0.0 0.0 0.0312773947675 235.0 250.0 255.0 -0.311634144045 -0.306533053951 -0.031922397027 -0.00463212561618 
0.0 0.0 0.184319026746 0.0 0.0 0.0 0.0 0.0 0.0 0.583873353403 0.0 0.0 235.0 250.0 255.0 -0.333333333333 -0.311165179567 -0.00869693350667 0.166048575193 
0.0 0.0 0.0 0.275667097453 1.23020455507 0.0 0.685133172251 0.0 0.567318745776 0.0773324117949 0.0 0.0 235.0 250.0 255.0 -0.333333333333 -0.145116604375 0.0053464240347 -0.0269721999087 
0.0 0.0 0.0 0.0 1.27807545319 0.0 0.750006751242 0.0 0.374173198123 0.061486403699 0.0 1.27173090919 235.0 250.0 255.0 -0.327986909299 -0.172088804283 0.0425648933707 -0.00527096985676 
1.80136739813 1.34072604866 0.0 0.0 0.842149444985 0.0 0.00167679204946 1.14447763186 0.0555523982716 0.0 0.0 0.0 235.0 251.0 255.0 -0.285422015928 -0.17735977414 -0.0194327172398 0.048090565253 
0.0654185947078 1.49236435007 0.0 0.0 0.734169039493 0.0519241688859 0.0 0.0 0.577007076594 0.0 0.0 0.0 235.0 250.0 255.0 -0.304854733168 -0.129269208887 -0.0644356032705 0.134474971947 
1.72954737167 0.0 0.663096982 0.0 0.0 0.0 0.727110552169 0.403280556555 0.811893532935 0.267901120882 0.984800175547 0.23140699559 235.0 250.0 255.0 -0.333333333333 0.00520576305997 0.0553641974054 -0.155164225435 
0.0 0.0 1.18633600642 0.920615791995 0.0 0.0 0.0 0.425289442137 0.819044672754 0.0 0.0 0.458445059998 235.0 250.0 255.0 -0.277969135928 -0.149958462375 -0.0852766410285 0.17763329449 
1.55116667221 0.0 0.0 0.105543325646 1.20070550347 0.0 0.0 2.58154141864 0.819079166797 0.586687534984 0.0 0.0 235.0 250.0 255.0 -0.333333333333 0.0276748321153 -0.0199984423842 0.00834917866389 
1.24440193574 0.747555888368 0.0 0.0 0.0 0.0 0.265772747708 0.492355643728 1.78737287035 0.0 0.0 0.0 235.0 249.0 255.0 -0.333333333333 0.0360240107792 -0.173829923524 -0.120231472172 
0.0470418474731 0.0 0.0 0.0 0.0 0.0 0.0 0.0 1.81701874638 2.0404768805 0.0 0.00016623991696 235.0 251.0 255.0 -0.333333333333 -0.0842074613923 -0.104672920853 0.107507817152 
0.0 1.14823086601 0.0 0.0 0.0 0.0 0.184619955959 0.0 0.411799904957 0.0 0.0 0.0 235.0 251.0 255.0 -0.333333333333 0.0233003557597 0.0450914590334 -0.064201543125 
0.0 0.0 0.18706825395 0.664628665979 0.0 2.19416970416 0.0 0.0 0.586733241959 2.30734761255 0.383221567681 0.75806519676 235.0 251.0 255.0 -0.2882418743 -0.0409011873653 -0.0933085170214 -0.0998155017996 
0.0 0.0 0.0 0.0 0.0 0.0 1.201015993 0.0 0.0 0.0 0.0 0.0 235.0 251.0 255.0 -0.333333333333 -0.140716689165 -0.084118344497 0.0535307819401 
0.0 0.0 0.0 0.0 0.0 0.0 0.23625401688 1.88670522123 0.0 0.0 1.8477088837 0.0 235.0 251.0 255.0 -0.333333333333 -0.0871859072249 0.00871907984925 -0.0944088949097 
0.37138137512 1.57324487042 0.0 0.0 0.0 0.0 0.0 0.0 0.0 0.0 0.228019166734 1.18746239349 235.0 251.0 255.0 -0.324614253484 -0.181594802135 -0.168238728271 -0.0981480969993 
0.0 0.0 0.0 2.41921451392 0.913216613959 0.436227759524 0.493907120025 0.0 0.0 0.967188673672 0.0 0.270163183583 235.0 251.0 255.0 -0.333333333333 -0.279742899134 -0.143186345325 -0.162128180396 
0.0 0.262552019581 0.0 2.09177214383 0.520014842134 0.0 0.0 0.622130027064 0.240622231862 0.310548698907 0.586876394026 0.772691592436 235.0 251.0 255.0 -0.333333333333 -0.333333333333 -0.0956195998462 0.237870383433 
0.528121941322 0.0 0.0 0.0 0.288988388953 0.0 0.0 0.0 0.0 2.32115776792 0.0 0.0383033188851 235.0 251.0 255.0 -0.333333333333 -0.0954629498999 -0.0975376754037 0.0830457131385 
0.0 0.0 0.0 0.0 0.0 0.0 0.0 2.45425367005 0.0162929057102 1.88358916449 0.7054553485 0.890272883045 235.0 251.0 255.0 -0.333333333333 -0.0124172367614 -0.180328117736 -0.0880068739655 
0.849034161328 0.0623887974662 0.282762173407 0.0 0.567726897728 0.0 0.0 0.0 0.232603201982 0.494304372177 0.0 0.0 235.0 251.0 255.0 -0.333333333333 -0.100424110727 -0.0448180628901 -0.0703163958206 
0.600255967267 0.392957160056 0.0 0.0 0.0 0.0 0.59333789111 0.0 0.145412554299 0.0 0.0 0.0 235.0 251.0 255.0 -0.333333333333 -0.170740506548 -0.0454598555867 0.100472054808 
0.592486386345 0.0 0.0 0.0 0.0 0.3249788797 0.0 0.0 0.830206728425 1.02851051921 0.0 0.293952634334 235.0 251.0 255.0 -0.333333333333 -0.0702684517398 0.0126488404884 0.119234474036 
0.0 0.0 0.0 0.0 0.574748177747 0.0 0.0 0.0 0.0 0.0 0.0 0.116545629157 235.0 251.0 255.0 -0.320684492845 0.0489660222962 0.266850752663 0.064799775128 
1.50650255287 0.0 0.312085564804 1.37679108747 0.508951492445 0.0 0.0 0.0 0.0 0.0 0.0 0.985802504663 235.0 247.0 255.0 -0.0538337401817 0.113765797424 0.0189720392795 -0.112476715959 
0.0 0.0 0.0 0.0 0.41307757887 0.0 0.0 0.0 0.0 1.13295186236 0.65701861378 0.231381976406 235.0 243.0 255.0 -0.0348617009022 0.00128908146483 -0.0196369111304 0.0551667720092 
0.643729773615 0.572131015528 0.0 0.0 0.410026970997 0.39677843453 0.588996474862 0.593066027066 0.0 0.0957170156668 0.0 0.801571446887 235.0 239.0 255.0 -0.0544986120326 0.0564558534741 -0.0614664056941 0.0710413126936 
0.0 0.0 0.0 0.222115187497 0.0 1.22917539849 0.0 0.748334840732 0.679435300844 1.03186435479 0.0 0.0 235.0 228.0 255.0 -0.115965017727 0.127497166168 -0.0656045909238 -0.00576353606086 
1.50915866674 0.289014231986 0.0 0.0 0.523994466384 0.0 0.541696290432 0.0 0.0 0.185900096802 0.0 0.762683266031 235.0 216.0 255.0 -0.18156960865 0.121733630107 -0.128712339244 -0.124438172681 
0.714281685518 0.0 0.0 0.0 0.413227593327 0.0 0.656058202284 1.38043429205 0.0 0.0656898557365 0.57990598226 0.0 235.0 214.0 255.0 -0.310281947894 -0.00270454257381 0.0938306769097 -0.0391688703616 
0.0 0.0 0.0 0.0 0.0 0.0 0.0 0.0 0.921110339239 0.936846200869 0.0 0.0 235.0 220.0 255.0 -0.216451270984 -0.0418734129354 -0.168921840201 0.0270263584181 
0.730540275507 0.0 0.0 0.0 0.0 0.0 0.0 0.0 0.0 0.0889599572248 0.0 0.0 235.0 227.0 255.0 -0.333333333333 -0.0148470545173 0.143476294287 -0.01539881534 
0.0 0.0 0.0 0.410898285677 0.0 0.557204871455 0.0 0.0 0.962768412298 0.656432079871 0.0 0.173591353851 235.0 234.0 255.0 -0.189857039046 -0.0302458698573 0.163426279287 -0.010986586603 
0.727636287125 0.628172207152 0.944696646793 0.0 0.0 0.0 0.0 1.4031868932 0.0 1.0489046234 0.0 0.987903475011 235.0 241.0 255.0 -0.0264307597589 -0.0412324564603 -0.0502682922925 -0.0261657083371 
0.0 0.0 0.0 0.0 0.0 0.0 1.47539335907 0.0 0.0 0.0 0.0 0.0 235.0 249.0 255.0 -0.0766990520514 -0.0673981647974 0.0235093589105 -0.104770666136 
0.0 0.0 0.0 0.0 0.0 0.0 0.0 0.480682233271 1.77192436587 3.54986377556 0.0 1.58971878579 235.0 251.0 255.0 -0.0531896931409 -0.172168830934 0.00497743957636 0.130802080661 
0.0 0.0 0.0 0.0 0.0 0.0 0.596273770205 0.0 0.0 1.04513591984 0.785527690642 0.0 235.0 251.0 255.0 -0.0482122535646 -0.0413667502727 -0.0972134103425 0.0334443825336 
0.0 0.0 0.0 0.0 0.0 0.0 0.0 0.0 0.0 0.0 0.0 0.0 235.0 251.0 255.0 -0.145425663907 -0.00792236773912 0.125462647602 0.0140913251075 
0.0 0.0889213615844 0.0 0.0 0.869130593919 0.0 0.0 0.0 0.0 0.148137046864 0.0 0.0 235.0 251.0 255.0 -0.0199630163055 0.00616895736843 0.00778015051755 -0.0473399179641 
0.0 0.0 0.0 0.0 0.0 0.0 0.0 0.0 0.827227805665 0.750615104011 0.0 0.0 235.0 251.0 255.0 -0.0121828657879 -0.0411709605956 0.0777019054485 -0.0855658629371 
0.0 0.0 0.0 0.603899708469 0.0865948893788 0.0 0.702980008179 0.0 0.853867950058 1.0504249565 0.0 0.234582597614 235.0 250.0 255.0 0.0655190396606 -0.126736823533 0.109332856339 0.107989301334 
0.0 0.0 0.0 0.543070785214 0.0 0.0 0.0 1.03197530496 0.0 0.184575687362 0.0 0.0 234.0 250.0 255.0 0.174851895999 -0.0187475221987 0.0917966558523 0.103626006413 
0.0 0.0 0.0 0.0 0.0 0.0 1.77028806333 0.0 0.0 0.0 0.0 0.0 234.0 250.0 255.0 0.266648551852 0.0848784842146 -0.0325380437037 -0.133267531005 
0.0 0.0 0.0 0.545096973723 0.608021526185 0.689148937569 0.0 0.0 0.0 0.0 0.0 0.0 229.0 251.0 255.0 0.234110508148 -0.0483890467905 -0.0476291538118 0.0677190286501 
0.0 0.0 0.0 0.134530726161 0.0 0.401164503598 0.0 0.160261766797 0.0 0.0 0.0 0.268493333588 228.0 251.0 255.0 0.186481354336 0.0193299818596 0.0970971749428 -0.0976714114281 
0.690581279321 0.0 0.0 0.0 0.0 0.0 0.0 0.0 0.417100143919 2.59405144473 0.0 0.0 221.0 252.0 255.0 0.283578529279 -0.0783414295685 -0.0879610356158 0.0379295374855 
0.631658149615 1.19570775714 0.181867200937 0.0 0.0 0.0 0.0 0.0 0.186774442079 3.39007519149 0.0 0.19121126586 211.0 252.0 255.0 0.195617493663 -0.0404118920831 0.0599216629916 -0.0175982641435 
0.129619922057 0.311179028709 0.0 0.0 0.209197008445 1.09656334694 0.0 0.0790457858047 1.52301226994 2.50776582326 0.0 0.0 201.0 252.0 255.0 0.255539156655 -0.0580101562266 0.159640138953 -0.154576356282 
0.0 0.0 0.0 0.0 0.00414769759417 0.383498907559 0.618611251194 0.0 0.782939662208 0.0 0.0 0.0 190.0 252.0 255.0 0.333333333333 -0.212586512508 0.12611004628 -0.0496373441616 
0.0 0.0 0.0 0.0 0.0 0.798728229765 0.886384727781 1.44773029586 0.0406661197719 0.0 0.0 0.0 178.0 253.0 255.0 0.333333333333 -0.26222385667 -0.0253434507917 -0.20317656731 
0.0 0.0 0.0 0.0 0.19882294763 1.1238017563 0.0 0.0960601260882 0.204902675838 0.0 0.0 0.0 166.0 253.0 255.0 0.307989882542 -0.333333333333 -0.0171618156206 0.0162570005719 
0.0 0.0 0.0 0.0 0.59822935677 0.0 0.0 0.0 0.085258127756 0.0 0.518377356192 0.416731958687 155.0 253.0 255.0 0.290828066921 -0.317076332761 0.068237043685 0.111128153493 
0.0 0.0 0.0 0.0 0.0 0.0 0.0160513471952 0.0 0.0 0.0 0.0 0.0 142.0 253.0 255.0 0.333333333333 -0.205948179268 -0.0470282946067 0.010685708444 
0.0 0.0 0.0 0.309759096669 0.0 0.0 0.0 0.0 0.0 0.0 0.0 0.0 131.0 253.0 255.0 0.286305038727 -0.195262470824 0.0933356094432 0.179768663251 
0.0 0.248586559806 0.0 0.536916173397 0.0 0.0 0.0 0.384615005373 0.0 0.0 0.0 0.0 121.0 253.0 255.0 0.333333333333 -0.0154938075727 -0.0961515064702 -0.115844363742 
0.0 0.0 0.0 0.0 0.0 0.0 0.754645249648 0.0 0.0 0.0 0.0 0.0 118.0 254.0 255.0 0.237181826863 -0.131338171314 0.263775323224 0.0366784413479 
0.0 0.0 0.0 0.0 0.0 0.0 0.0 0.124367906867 2.34616003747 1.08791518053 0.0 1.30338546558 117.0 255.0 255.0 0.333333333333 -0.0946597299665 -0.101490893367 -0.101698152744 
0.0 0.0 0.0 0.0 0.0 0.0 0.0 0.0 0.6833621457 3.68803198638 0.0 0.0 116.0 255.0 255.0 0.231842439966 -0.196357882711 -0.0420877732047 0.206703806299 
0.0 0.0 0.0 0.0 0.0 0.225847855071 0.0 0.0 0.0 0.0 0.0 0.0 115.0 255.0 255.0 0.189754666761 0.0103459235881 0.0171695661192 -0.072220147465 
0.0 2.05369976553 0.778898224169 0.0 0.0 0.0 0.0 0.0 0.0 0.933964875508 1.41628029582 1.15757079808 114.0 255.0 255.0 0.206924232881 -0.0618742238769 -0.0497397905096 0.0938242595663 
0.0 4.02964562275 0.0 0.937971919337 0.0 0.0 0.204887024112 1.14080063265 0.545223057394 0.0 1.45082024988 3.52644301864 113.0 255.0 255.0 0.157184442371 0.0319500356894 0.0601658672565 -0.0683659607893 
0.0 4.02747675289 2.09217967049 0.591646193183 0.0 1.3702422914 0.0 0.652494873662 0.0 2.77193150574 1.42008524243 3.06794437501 113.0 255.0 255.0 0.217350309628 -0.0364159250999 -0.0530467892369 -0.00357054423627 
0.0 3.96363207356 1.94395237454 0.486509798052 0.0 0.177178799836 0.0 0.63707061697 0.0 0.27053297532 2.29317589077 2.55291427967 112.0 255.0 255.0 0.164303520391 -0.0399864693362 -0.172563883039 -0.00210200554135 
0.0 3.53740233745 0.610486844369 0.0 0.0 0.0 0.0 0.0 0.0 1.8862016553 1.89546753741 2.99030481908 112.0 255.0 255.0 -0.00826036264802 -0.0420884748775 -0.0407095148293 0.0735252601581 
0.0 3.8847140966 0.902359214349 0.176086035648 0.0214426104614 1.87692383364 0.410840228732 0.48905255314 0.541907177999 0.0 0.0 3.01694905802 112.0 255.0 255.0 -0.0489698774773 0.0314367852806 0.0182480766297 -0.0835635565269 
0.0 3.53054826101 2.35761348353 1.33649141745 0.0 0.0 0.749281078072 0.657446508956 1.01770572307 0.864346445138 1.2636190382 1.26807476734 113.0 255.0 255.0 -0.0307218008476 -0.0521267712463 0.0114170202891 -0.0800806799471 
0.0 3.78751457435 3.23208580233 0.0 2.21417312445 0.349585044716 0.677178727789 0.0 1.04799817639 0.0 1.66215208645 1.4002132476 114.0 255.0 255.0 -0.0193047805585 -0.132207451193 -0.0694785300218 0.0157239571217 
0.0 1.4824428485 0.0 0.0 0.0 0.0 0.0 2.29446522027 0.954908300786 0.0 0.705663545236 1.81029494438 115.0 255.0 255.0 -0.0887833105803 -0.116483494072 0.103914763823 -0.0759099262466 
0.0 0.347878899003 0.0 0.0 0.0 0.0 0.0 0.0 0.0 0.0 0.0 0.0 117.0 255.0 255.0 0.0151314532423 -0.192393420318 -0.0873003469936 -0.0778396391384 
0.0 0.0 0.0 0.0 0.0 0.0 0.0 0.0 0.0 0.0 0.0 0.0 117.0 255.0 255.0 -0.0721688937512 -0.270233059457 0.021761804053 0.0509671178013 
0.169458421741 0.0 0.0 2.18564371089 1.88896401992 0.0 0.0 0.0 0.0 0.0 0.0 0.0 121.0 254.0 255.0 -0.0504070896982 -0.219265941655 0.0646309219515 -0.134500408646 
0.0 0.282567314076 0.270534809946 0.0 0.0 0.0 0.0 0.0 0.60479731038 0.0 0.0 0.0 126.0 254.0 255.0 0.0142238322533 -0.333333333333 -0.0202950551802 0.131975154909 
0.0 0.0 0.0 0.615240207731 0.0 0.0 0.616723145659 0.62147409992 0.942397308379 0.0 0.0 0.0 127.0 254.0 255.0 -0.00607122292686 -0.201358178424 -0.0563416533532 -0.0396071992348 
0.0 0.385206623371 0.0 0.0 0.0 0.0 0.0 0.0 0.952671288122 0.912687440649 0.0 0.0107697917254 127.0 254.0 255.0 -0.06241287628 -0.240965377659 0.138892965655 0.0206583172345 
0.0 2.43968966506 0.335120215872 1.46126855716 0.0 0.0 0.555171516056 0.0 1.04630756387 0.871610052745 0.0 0.988810207684 127.0 254.0 255.0 0.0764800893747 -0.220307060425 0.102941200828 0.0889199754644 
0.0 0.0 0.0 0.578018089177 0.361603751078 0.717990548238 0.0 0.639406816053 0.0 0.9639026967 1.59206218941 0.0505089840359 123.0 254.0 255.0 0.179421290202 -0.13138708496 0.0365898735949 -0.177153391002 
0.0 0.392113689649 0.0 0.456567024665 0.0 0.0 0.0 0.0 0.119358679896 0.779309909976 1.77001524671 0.0211810733028 117.0 254.0 255.0 0.216011163797 -0.308540475962 0.203922047449 0.0126298608461 
0.0 2.34524443427 0.0 0.639762218376 0.628335399207 0.0 0.0 0.0 0.926103286641 1.05452289877 0.0 0.0 115.0 255.0 255.0 0.333333333333 -0.295910615116 0.0315842242976 -0.0325729551357 
0.0 1.81199388531 0.0 0.0 0.0 0.0 0.0 0.563331873539 0.169739232406 1.65648195432 0.0 1.36554297496 113.0 255.0 255.0 0.333333333333 -0.328483570252 -0.123938303813 -0.016178652104 
0.0 2.13865795942 0.0 0.0 0.409428367272 0.0 0.526098571874 1.51290993553 0.0 0.0503322745269 1.36987033267 1.74995073982 111.0 255.0 255.0 0.20939502952 -0.333333333333 0.00760099564015 0.0312291598487 
0.0 5.33534921382 1.82638004164 0.0 0.0 0.0 0.296659070533 2.10438598339 0.0 1.31214521414 1.07513836567 3.479952332 110.0 255.0 255.0 0.21699602516 -0.302104173485 -0.00462778984979 -0.0109486241752 
0.0 5.71475407816 4.90825143487 0.0 0.0 0.0 0.0 1.87190786481 0.447371933289 0.695086806528 0.503133994832 3.87654708593 110.0 255.0 255.0 0.21236823531 -0.31305279766 -0.00261403791338 -0.0838616129831 
0.0 2.47500514836 2.90916740918 0.0 0.0 0.0 2.65077274475 0.0 0.0 0.0 0.0 2.66928104643 109.0 255.0 255.0 0.209754197397 -0.333333333333 0.0565061909933 -0.000423182776818 
0.0 4.15454474305 1.59592787435 0.0 0.0 0.0 0.298582305355 0.611940057578 0.0 0.0 2.21097197621 3.88062549318 109.0 255.0 255.0 0.26626038839 -0.333333333333 0.113899437334 -0.00512279519079 
0.0 7.89256408256 2.83521407423 0.0 0.020715558934 0.000638229266469 0.0 0.0746531751254 0.0 0.0 2.34965451272 4.63612403838 108.0 255.0 255.0 0.333333333333 -0.333333333333 -0.130254172544 0.112206935273 
0.0 7.60062824538 5.65414435369 0.0 0.0 0.297461146901 0.0 0.0 0.0 1.42809284006 4.0089961222 5.84551599271 108.0 255.0 255.0 0.20307916079 -0.22112639806 -0.0579117478278 -0.0417913806604 
0.0 7.24558670845 7.58385633269 0.0 0.0 0.0 0.0 0.0 0.30296328428 0.886530521589 2.99671568902 4.41290574427 108.0 255.0 255.0 0.145167412962 -0.26291777872 0.101300230082 -0.213074693031 
0.0 8.70091200121 5.95414360566 0.0 0.0 0.0 0.0 0.286940111688 0.0 0.0 4.24494000626 2.92952633741 107.0 255.0 255.0 0.246467643043 -0.333333333333 0.0931397305477 0.0283651723582 
0.0 5.92369784684 7.24514057182 0.0 0.0 0.0 0.0 1.62703858636 0.0 1.10913785588 3.46949719993 4.53842731617 107.0 255.0 255.0 0.333333333333 -0.304968160975 -0.0136270922875 -0.0748323151957 
0.0 6.52223260099 5.15796734718 0.0 0.0 0.0 0.637651586401 0.0 0.0 0.0 5.25584410512 2.14971916762 107.0 255.0 255.0 0.319706241046 -0.333333333333 -0.0182342339367 0.0622506825542 
0.0 8.13262749959 7.37222825058 0.0 0.0 0.19960708978 0.0 0.459375849094 0.0 0.613395707257 3.02858627384 3.88727904785 106.0 255.0 255.0 0.301472007109 -0.271082650779 -0.0089285371972 -0.0486043354008 
0.0 8.33652246739 7.56401395929 0.0 0.0 1.2737264014 0.0 0.757147607579 0.0 0.0 2.23930180902 5.97143953504 106.0 255.0 255.0 0.292543469912 -0.31968698618 -0.0244291041568 0.0203291248815 
0.0 8.37165494213 7.53613076675 0.0 0.0 0.900720892249 0.0 0.0 0.0570182839452 0.0 4.43205825417 6.09716940954 106.0 255.0 255.0 0.268114365755 -0.299357861298 0.137265333259 0.0782705928533 
0.0 8.21038340303 7.93901941483 0.0 0.0 2.41993860342 0.274360797692 0.17391571042 1.02190261051 0.339261209068 4.68604738326 6.88048522364 106.0 255.0 255.0 0.333333333333 -0.221087268445 -0.139262844249 0.224386757142 
0.0 10.2636515902 7.16777370428 0.0 0.0 0.0 0.0 2.02914489824 0.0 0.946071045963 3.94170015332 5.87187604762 105.0 255.0 255.0 0.194070489084 0.00329948869697 -0.0284637937703 -0.00962556501849 
0.0 9.87814569169 7.54756746275 0.0 0.0 0.0 0.0 0.773796551213 0.0 0.0 4.26065544914 5.71356181659 105.0 255.0 255.0 0.165606695314 -0.00632607632152 0.049036215507 -0.0393894015583 
0.0 9.16777270862 7.525562985 0.0 0.235771740013 0.0 0.16555277563 1.45311392548 0.315156342223 0.0973919618908 7.07543425291 5.98812145807 105.0 255.0 255.0 0.214642910821 -0.0457154778798 0.0609112561762 0.0197265204226 
0.0 10.4236046456 6.92863880497 0.0 0.0 3.19049174794 0.0 2.28595395267 0.0 0.469774949019 5.283046694 6.12000100691 105.0 255.0 255.0 0.275554166997 -0.0259889574572 0.0490453834565 0.0340680355972 
0.0 10.1389473611 8.31394938925 0.0 0.0 1.14702960815 0.0 2.96756970807 0.0 0.543675380875 4.72472082839 6.96589129956 105.0 255.0 255.0 0.324599550454 0.00807907813993 0.0600775074023 -0.147384629915 
0.0 10.5254196492 8.51055348435 0.0 0.0 0.0 0.0 1.39403081182 0.0 0.202242438106 4.98635005974 6.99025328364 105.0 255.0 255.0 0.333333333333 -0.139305551775 -0.000540445831917 -0.150884320467 
0.0 9.1195278366 7.04521598408 0.0 0.0 0.0448247992592 0.0 1.18827876941 0.0 0.0 3.86764460934 5.48924903115 105.0 255.0 255.0 0.332792887501 -0.290189872241 0.0176772146412 -0.204339117427 
0.0 9.79123180769 7.30963278325 0.0 0.775031110997 0.0 0.0 1.52494649527 0.0 0.0 5.0807646055 6.44043994357 105.0 255.0 255.0 0.333333333333 -0.333333333333 0.0199223699249 0.023579510613 
0.0 8.49177175423 7.90918086777 0.0 0.0 0.905030834259 0.12820136115 2.06602912684 0.0 0.0880301420215 6.27254623019 5.06222093068 105.0 255.0 255.0 0.333333333333 -0.30975382272 0.0131801054993 -0.0201658242475 
0.0 8.19188906927 6.51920912976 0.0 0.0 1.94996988532 0.0 2.61334895111 0.0 0.0630833225767 7.2441569146 6.4237924643 105.0 255.0 255.0 0.333333333333 -0.329919646968 -0.244444913821 0.0430798079849 
0.0 7.39688927876 3.03642266796 0.0 0.0 0.0 2.05522978981 0.348704514486 0.0 0.0 4.95932192924 4.96432386244 105.0 255.0 255.0 0.0888884195126 -0.286839838983 0.120304641454 0.126744211865 
0.0 9.33830955388 4.58231558972 0.0 0.0 0.0 0.0 0.652743223153 0.0 0.321154111811 5.82328559912 6.22948317952 105.0 255.0 255.0 0.209193060966 -0.160095627118 0.169633709041 0.00979494403104 
0.0 9.89095602982 6.1600733485 0.0 0.0 0.0 0.0 2.53667211877 0.0397864979622 0.102548933066 5.3476144477 5.51740429919 105.0 255.0 255.0 0.333333333333 -0.150300683087 -0.0125925481395 -0.0452577730901 
