nrollouts: 2
# HEADER 1
0.280107732451 0.0 0.0 1.13422858051 0.0 0.0 0.404616838546 1.36972381347 0.0 0.329724119951 0.0 0.0 230.0 247.0 255.0 0 0 0.080802120207 -0.0694061358129 0.0 
0.0 0.0 1.03885397592 0.0 0.0 0.41329466713 0.0 0.0 0.122698008913 0.0 0.53268615317 0.836872131873 230.0 247.0 255.0 0.080802120207 -0.0694061358129 -0.0423461119061 -0.199282788198 0.0 
0.0 1.08234706848 0.0047758628937 1.4424413991 0.0 0.0 1.03947523627 1.27586300633 0.0 0.0 0.187328616451 0.0 230.0 247.0 255.0 0.0384560083009 -0.268688924011 0.0625671198334 -0.265511822668 0.0 
0.129919572821 0.0 0.00511571302284 0.333960621053 0.0 0.0 0.0 0.857385424764 0.0978620688455 0.488168072793 1.34059607758 0.0 230.0 247.0 255.0 0.101023128134 -0.333333333333 -0.0127912401284 0.0909089957109 0.0 
0.0 0.0 0.0 0.325193302899 0.428667342855 0.0 0.793955339972 0.0 0.0 0.817990683897 0.0 0.0 230.0 247.0 255.0 0.0882318880058 -0.242424337622 -0.00344681789343 -0.0761569933825 0.0 
0.882600622335 0.394848249684 0.0691814343608 0.0 0.529553600769 0.0 0.343199376204 0.0 0.0 0.0 0.542092717364 0.462675455648 230.0 247.0 255.0 0.0847850701124 -0.318581331005 -0.045607827273 0.0497466827017 0.0 
0.161491193363 0.0 0.0 0.184630110345 0.0 0.0 0.0 1.13684611985 0.0 0.0 0.561472931429 0.0 230.0 247.0 255.0 0.0391772428394 -0.268834648303 0.0990014577084 0.0983787483366 0.0 
0.0 0.0 0.596256003178 0.0 0.0 1.22198429899 0.0609245048756 0.0 0.0 0.0 0.0 0.83787801716 230.0 247.0 255.0 0.138178700548 -0.170455899967 -0.160497279309 -0.0337392906838 0.0 
0.287135460425 0.0 0.0 0.264544123668 0.0 0.0 0.239198683684 0.0 0.357916200277 0.0 0.0 0.0 230.0 247.0 255.0 -0.0223185787613 -0.204195190651 0.261705368651 -0.0174718008323 0.0 
0.414009886384 0.251400472357 0.369583913541 0.321231218615 0.863302909928 0.0 0.0 0.414064624851 0.0 0.0550818678054 0.0 0.0 230.0 247.0 255.0 0.23938678989 -0.221666991483 -0.0016794252869 0.00190032506685 0.0 
0.907642452728 0.593433139431 0.0 1.05147652027 0.20128893986 0.393936999003 0.0854339596883 0.39997691313 1.10427285827 0.228485770833 0.0 0.0 230.0 247.0 255.0 0.237707364603 -0.219766666416 -0.143131695591 0.195541945128 0.0 
0.615959030099 0.105169985753 0.0 0.565889960766 0.0 0.685171966776 0.54871307154 0.417561790766 0.0 0.201790459045 0.0 0.282246306638 230.0 247.0 255.0 0.0945756690121 -0.0242247212884 0.00689568833913 -0.3 0.0 
0.183636561854 0.0 0.19186688242 1.21425434489 0.0 0.0 0.350794477549 0.941962714276 0.0 0.0 0.0766836803269 1.25347580009 230.0 247.0 255.0 0.101471357351 -0.324224721288 0.0694772236375 0.051185364262 0.0 
1.03053596681 0.0 0.0 0.0 0.0 0.0 0.0 0.0 0.0 0.0 1.04785322903 0.0822370069053 230.0 247.0 255.0 0.170948580989 -0.273039357026 0.201682960932 0.0818078000009 0.0 
0.0 0.691705508844 0.0 0.0 0.428294882295 0.480706803928 0.860764657574 0.124364178455 0.0 0.411215932767 0.0 0.0 230.0 247.0 255.0 0.333333333333 -0.191231557025 -0.0770825703196 0.0493777349769 0.0 
0.0 0.0 0.0 0.0686698141988 0.529915447506 0.484359662164 0.797308462917 0.416920325816 0.155985708407 0.0 0.0 0.0 230.0 247.0 255.0 0.256250763014 -0.141853822049 -0.024574622362 0.166587157866 0.0 
0.0 0.754589901108 0.0 0.0 0.359282967549 0.343459895512 0.0 0.281107161437 0.0 0.90001382901 0.0 0.0 230.0 247.0 255.0 0.231676140652 0.024733335817 0.136156595286 -0.150095608062 0.0 
0.0 0.721078756537 0.0 0.0 0.35695805374 0.41933450134 0.142564871273 0.0 0.173577140039 0.480924127607 0.0 0.0332731382374 230.0 247.0 255.0 0.333333333333 -0.125362272245 -0.197587551406 -0.0114328658446 0.0 
1.50297926683 1.62723428666 0.024561319187 0.0 1.36083937539 0.842165942816 0.0 1.44193652056 1.49133726521 2.05144399703 0.0 0.290438709056 230.0 247.0 255.0 0.135745781927 -0.13679513809 -0.245205827981 -0.037020690026 0.0 
0.0 0.858657413989 0.0 0.0 0.011772162945 0.0 0.0 1.18705074143 0.0 0.0 0.0 0.389867582922 230.0 247.0 255.0 -0.109460046054 -0.173815828116 -0.0374859620229 0.0265125738874 0.0 
1.14805081295 0.127996246689 0.479870535858 0.328185135158 0.100285251066 0.202020120142 0.0 0.433156307033 1.67565516407 2.41073591718 0.0 1.09434754535 230.0 247.0 255.0 -0.146946008077 -0.147303254228 0.174883280961 0.0996146780168 0.0 
0.419171713208 0.0 0.0 0.871499958626 0.210471255698 0.0 0.0 0.0 1.96699720525 0.0 0.0 0.0 230.0 247.0 255.0 0.0279372728838 -0.0476885762115 0.140416429349 -0.150602559838 0.0 
0.626135087869 0.0 0.105779754286 0.0 0.44604785594 0.0 0.0 0.0 0.236707508232 0.305997457154 0.0 0.0 230.0 247.0 255.0 0.168353702233 -0.198291136049 0.3 0.150906173562 0.0 
0.0 0.0 1.64811874117 0.0839101318392 0.168111141584 0.0 0.272967906209 0.679769846248 0.0 0.236232986315 0.0 0.0 230.0 247.0 255.0 0.333333333333 -0.0473849624876 0.0730609706094 -0.20331303148 0.0 
1.07564875595 0.313082188495 0.0 0.322214709898 0.521296588384 0.0 0.0 0.20561296421 0.149107496009 0.0 0.504193302391 0.823171926191 230.0 247.0 255.0 0.333333333333 -0.250697993968 -0.130406134319 -0.249702068479 0.0 
0.214095102947 0.0 0.0 0.136534418839 0.0 0.406046253845 0.0 0.26102805473 0.0 0.0 0.377841162511 0.0 230.0 247.0 255.0 0.202927199014 -0.333333333333 -0.0112250850175 0.0773166112187 0.0 
0.0 0.0 0.807333684741 0.0552266938578 0.0 0.18490272558 0.0 0.0 0.0 0.0 0.345128964687 0.0 230.0 247.0 255.0 0.191702113997 -0.256016722115 -0.154716210284 -0.163890042222 0.0 
0.0982194234341 0.0 1.0952086379 0.0 0.668321745675 0.41580490835 0.0925899180152 0.0 0.0 0.0 0.0 0.0 230.0 247.0 255.0 0.036985903713 -0.333333333333 -0.222109812726 -0.19277023893 0.0 
0.151964346096 0.803399193136 0.0370414273449 0.293587193573 0.0 2.21586018103 1.21594432888 0.394496432023 0.933823256064 0.0 0.0 0.0 230.0 247.0 255.0 -0.185123909013 -0.333333333333 0.217905861022 0.110665692149 0.0 
0.0 1.5885687124 0.0 1.80013781883 0.0 0.503049639013 1.80464468667 0.0 0.0 0.0 0.559326029367 0.0 230.0 247.0 255.0 0.0327819520089 -0.222667641184 -0.085352134012 -0.0448708025935 0.0 
0.153942325173 0.0 0.357025254644 0.737317272184 0.255373073723 0.357144067431 0.100967620592 0.0 0.0 0.398726152234 0.191604710639 0.0 230.0 247.0 255.0 -0.0525701820031 -0.267538443777 0.0104681116386 0.0100908820637 0.0 
0.0 0.0 0.0 0.00183549536545 0.0251331235369 0.0 1.08968660066 0.0 0.0 0.800295084026 0.56033359079 0.0 230.0 247.0 255.0 -0.0421020703645 -0.257447561714 0.0658885119687 -0.122563528458 0.0 
2.75692031107 2.43570598703 0.949786752529 1.19323843486 0.849478956311 2.06469557536 0.0 0.522465522866 0.174037655612 3.85314534851 0.565426506137 0.606766561402 230.0 247.0 255.0 0.0237864416042 -0.333333333333 0.0566987506714 0.0937891162347 0.0349065 
0.0 0.542709277415 0.205558921203 0.0 0.0 0.537296696774 0.214772416415 0.65828299414 0.0 0.321978397555 0.0347754263942 0.0 230.0 247.0 255.0 0.0804851922756 -0.239544217099 0.0604547477495 0.167449768903 -0.0349065 
0.0 1.60655237213 0.100108264949 0.535470612074 0.0 0.0 1.12524541736 0.441358342169 0.0 0.422971391964 0.557256170041 1.1195532349 230.0 247.0 255.0 0.140939940025 -0.0720944481954 -0.19658142748 -0.00542655900297 0.0 
0.334921965846 0.546566324822 0.0 0.269606247995 0.0281343647487 0.0 1.04722873174 0.213257972623 0.0 0.0 0.269309552526 0.0 230.0 247.0 255.0 -0.055641487455 -0.0775210071983 0.00638566978985 0.269936504211 0.0 
0.0 0.0 0.0685354049245 0.0 0.0 0.0 0.0 0.0438869377851 0.549666597303 0.674083501397 0.061047382109 0.357933892245 230.0 247.0 255.0 -0.0492558176651 0.192415497013 -0.00497450309999 0.189717262253 0.0 
0.0 0.0 0.0 0.266567331874 0.0 0.0 0.0 0.775308679984 0.0 0.803699297844 0.510828168757 0.0 230.0 247.0 255.0 -0.0542303207651 0.333333333333 -0.0411289210005 0.224172537055 0.0 
0.0 0.0 0.0 1.10299036973 0.0 0.0 0.125185570012 0.0 1.04966726047 0.258824092338 0.564075716474 0.0 230.0 247.0 255.0 -0.0953592417657 0.333333333333 -0.137433340916 -0.0881162320155 0.0 
0.248339921675 0.611061955136 0.56938642594 0.459609645233 0.0 0.0 0.843127914013 0.0 0.0 0.0 0.0 0.337539094826 230.0 247.0 255.0 -0.232792582682 0.245217101318 0.144795733736 0.0795370848045 0.0349065 
0.0 0.0 0.105928281452 0.121379562849 0.942969204454 0.938766105674 0.587774415782 0.0 0.0 0.0 0.0 0.0 230.0 247.0 255.0 -0.087996848946 0.324754186122 0.00144584295977 -0.161393325063 0.10472 
0.0 0.0 0.0 0.0 0.0980209564582 0.34830259958 0.349056586801 0.0 0.0648330084916 0.0 0.0524895643666 0.0 230.0 247.0 255.0 -0.0865510059862 0.163360861059 0.214301927017 0.0838930439748 0.0349066 
0.21384676808 0.0 0.0 0.131490322604 0.755810518467 0.441475948797 0.344953231947 0.0 0.0 0.300478382488 0.537057017372 0.0 230.0 247.0 255.0 0.127750921031 0.247253905034 -0.0236645455705 0.0574856570986 0.10472 
0.0 0.0 0.0 0.366370235567 0.0 0.0 0.344625698346 0.163346494737 0.0 0.0 0.516907150403 0.292454400703 230.0 247.0 255.0 0.104086375461 0.304739562133 -0.0704710480604 0.0713925923488 0.0349064 
0.123098360492 0.605475769101 0.0 0.104469288913 0.0 0.0 0.344327072063 0.620925348601 0.0 0.0 0.0 1.14183729488 230.0 247.0 255.0 0.0336153274003 0.333333333333 0.140904722183 -0.182819279218 0.10472 
0.0429623344312 0.373887375098 0.0 0.0847535976345 0.0 0.0786445450142 0.0 0.0 0.0 0.0 0.0515417996148 0.0 230.0 247.0 255.0 0.174520049583 0.150514054116 -0.0808261669124 -0.0424604120603 0.0349066 
0.0 0.85436107246 0.0 0.0 0.0 0.459525433938 0.0 0.0 0.0 0.0 0.321133025193 0.0 230.0 247.0 255.0 0.093693882671 0.108053642055 0.0369795565409 0.0147368013648 0.0 
0.0347120245429 0.0 0.069701878319 0.0 0.0 0.371649588015 0.310986909748 0.0 0.240931857331 0.0 0.0 0.0 230.0 247.0 255.0 0.130673439212 0.12279044342 0.171138324034 -0.157513068761 0.10472 
0.213686675025 0.40913605088 0.552859620007 0.0 0.401441651857 0.417095012914 0.0 0.0 0.179175364728 0.0 0.0 0.337407193831 230.0 247.0 255.0 0.301811763246 -0.0347226253411 -0.0790837511995 -0.0740222472436 0.0349066 
0.0 0.248705089561 0.751948043459 0.0 0.0 0.0 0.0 0.0 0.0 0.0 0.0 0.231680395616 230.0 247.0 255.0 0.222728012046 -0.108744872585 0.151238466391 0.107581887761 0.0 
# HEADER 2
0.175435501065 0.0 1.09269899684 0.0569968862392 0.0 0.0 0.113272960159 1.14467573567 0.685502202688 0.230016232864 0.0 0.0 230.0 247.0 255.0 0 0 0.0876413508721 -0.0114970355879 0.0 
0.152982197284 0.236631595893 0.880281895095 0.195105688338 0.230213202408 0.0 0.0 0.54240924098 0.0 0.0 0.0 0.0 230.0 247.0 255.0 0.0876413508721 -0.0114970355879 0.136046655827 -0.0942566632107 0.10472 
0.902504392672 0.0 0.157802535419 1.02536653003 0.730150648053 0.0 0.10432409314 0.0 0.922350856091 0.0 0.0 0.742030903446 230.0 247.0 255.0 0.223688006699 -0.105753698799 0.0132834781289 0.00640330313444 0.0 
0.0 0.0 0.880880311102 0.350450017589 0.00322707225501 0.0 0.0 0.0 0.48593450459 0.0 0.0 0.0 230.0 247.0 255.0 0.236971484828 -0.0993503956642 0.145851479975 0.10984527586 0.0 
0.0764389178948 0.361738315775 0.0 0.0 0.413430524935 0.0 0.367270154743 0.0 0.0 0.0 0.0 0.0099965330433 230.0 247.0 255.0 0.333333333333 0.0104948801954 0.0787997982679 -0.0248033023406 0.0 
0.143785565671 0.0 0.22453607861 0.320340228315 0.0877531446941 0.0 0.220960912467 0.0 0.165679844196 0.0 0.0 0.0 230.0 247.0 255.0 0.333333333333 -0.0143084221452 0.0128587866492 0.0017714616924 0.0 
0.339330045723 0.0 0.0 0.0 0.0 0.0 0.0 0.0 0.364482766267 0.0 0.0 0.228122369499 230.0 247.0 255.0 0.333333333333 -0.0125369604528 -0.293607697652 -0.0482316074664 0.0 
0.263896017967 0.0 0.0 0.0 0.958738914431 0.344580426 1.20372613524 0.631312467718 0.0 0.502526769766 0.0 0.0 230.0 247.0 255.0 0.0397256356815 -0.0607685679191 0.105286935511 0.0342313738728 0.0349066 
0.606543373928 0.0 0.0 0.309823047025 0.0 0.0 0.0 0.0 0.0 0.0 0.0 0.789079575731 230.0 247.0 255.0 0.145012571192 -0.0265371940463 0.13383418431 0.178338592418 0.0 
0.924099520581 0.0 0.293746542595 0.0 0.0 0.0 0.0 0.0 1.12175555832 0.153965261674 0.505241046741 0.0 230.0 247.0 255.0 0.278846755502 0.151801398372 0.0169689260173 -0.0960168712177 0.0 
1.1005283523 0.0 0.0 0.218381361032 0.396913273105 0.0 1.32179363579 0.235055727746 1.01910927841 0.375271010084 0.0643995270381 0.0 230.0 247.0 255.0 0.295815681519 0.055784527154 -0.232673091858 0.0691301032377 0.0698133 
0.0567068652978 0.0 0.0 0.0 0.0 0.0 0.735684221965 0.0 0.182588143855 0.0 0.162046100223 0.0 230.0 247.0 255.0 0.0631425896604 0.124914630392 -0.107993715672 -0.215004574077 0.0 
0.899269305023 1.30471627865 0.0 0.880400907861 0.0 0.0 0.350940908736 0.959694835726 0.0 0.0 1.07382286101 0.0 230.0 247.0 255.0 -0.0448511260116 -0.0900899436856 -0.0747960669552 -0.0205656283313 0.0698133 
0.3649294726 0.0 1.04101847419 0.0 0.0 0.438472747778 1.31294391037 0.0 0.266682332129 0.489043371642 0.0 0.040931380854 230.0 247.0 255.0 -0.119647192967 -0.110655572017 -0.0305957443198 -0.0344947596323 0.0 
