nrollouts: 2
# HEADER 1
0.4118139945 0.0 0.0 0.243923259992 0.0 0.0 0.739570358029 0.0 0.0 0.00840733870649 0.304211778461 0.0 230.0 247.0 255.0 0 0 0.177132559534 -0.0164989549452 0.0 
0.0369793526786 0.0 0.0 0.374277351435 0.0 0.0 0.0 0.0 1.30255297176 0.0 0.303918766226 0.0 230.0 247.0 255.0 0.177132559534 -0.0164989549452 -0.0101758568156 0.0948076932609 0.0 
0.0 0.0 0.0 0.190832025997 0.0 0.0 0.0 0.0797195271535 0.0 0.0 0.303615315187 0.41226793318 230.0 247.0 255.0 0.166956702719 0.0783087383158 -0.115897401605 0.114738704259 0.0 
0.0 0.226015610271 0.370094927439 0.185108836336 0.156752188171 0.0 0.0 0.0 0.0 0.0 0.0 0.461324748428 230.0 247.0 255.0 0.0510593011136 0.193047442575 0.155213362338 -0.210001356809 0.0 
0.0 0.100376116482 0.0 0.0 0.205778056982 0.0 0.0 0.0 0.0 0.0 0.248898898269 0.0 230.0 247.0 255.0 0.206272663452 -0.0169539142341 0.0481667480976 0.00405586601987 0.0 
0.361338911405 0.283876436183 0.0 0.329228912001 0.207309451072 0.0 0.0 0.585301833661 0.0 0.0 0.301595126928 0.601205760545 230.0 247.0 255.0 0.254439411549 -0.0128980482142 -0.0541413320996 -0.0934474717083 0.0 
0.40999376755 0.0 0.0 0.189198556435 0.207356643348 0.0 0.0 0.883275431586 0.564612796221 0.128629640356 0.0 1.21663409128 230.0 247.0 255.0 0.20029807945 -0.106345519922 -0.0789702118697 0.205648517679 0.0 
0.223980858142 0.0 0.0 0.0 0.394602576028 0.0 0.0 0.0 1.1760708649 0.00885609296951 0.0073025043447 0.0 230.0 247.0 255.0 0.12132786758 0.0993029977562 -0.0530447471732 0.115054507859 0.0 
0.0302665120727 0.227425204592 0.0 0.0 0.587394794388 0.0 0.0 0.0 1.2257745704 0.942326071089 0.0 1.15833271947 230.0 247.0 255.0 0.0682831204067 0.214357505616 0.00879905135946 -0.00468415904236 0.0 
0.0 0.256282136352 0.368772328635 0.32188006209 1.15548821746 0.0 0.228786493219 0.0 0.0 0.0 0.0621150746816 0.0 230.0 247.0 255.0 0.0770821717662 0.209673346573 0.170469698428 0.0517476415941 0.0 
0.960809152887 0.475732336397 0.0 0.0 0.0 0.0 0.0 0.0 0.0 0.144269602835 0.109629433903 0.0 230.0 247.0 255.0 0.247551870194 0.261420988167 0.121790010752 -0.3 0.0 
0.604788604437 0.0 0.202396810201 0.0 0.0 0.475397859463 0.0 0.392489675937 0.0570328454824 0.0 0.530107645859 0.0 230.0 247.0 255.0 0.333333333333 -0.0385790118328 0.0565122666001 -0.150658545355 0.0 
0.16716828768 0.0 0.382775651524 0.0 0.150480539006 0.0501182890898 0.0 0.283608024615 0.190921762464 0.0964699812584 0.0 0.0 230.0 247.0 255.0 0.333333333333 -0.189237557188 0.0548901891064 0.0621045541576 0.0 
0.0 0.0 0.825905377218 0.0 0.0 0.0 0.163098406301 0.4051837128 0.320123539725 0.0 0.0 0.0 230.0 247.0 255.0 0.333333333333 -0.12713300303 -0.227932123645 0.130128475966 0.0 
0.299181229732 0.0 0.0 0.277515762074 0.0 0.0 0.0320211395374 0.0 0.277489324548 0.0 0.0 0.0 230.0 247.0 255.0 0.105401209689 0.00299547293592 0.177429474798 -0.0554993949194 0.0 
0.0 0.0 0.0 0.353620854258 0.0 0.146702488906 0.175503065481 0.135111516172 0.425342616841 0.0986574221849 0.404525052062 0.0551208433056 230.0 247.0 255.0 0.282830684486 -0.0525039219835 0.062682312881 0.0125439291808 0.0 
0.377870343979 0.0402734686582 0.0 0.377287597639 0.0 0.339848524153 0.0 0.0 0.409108096526 0.192063447363 0.0 0.0 230.0 247.0 255.0 0.333333333333 -0.0399599928027 0.185539212578 0.0794803302056 0.0 
0.408661685897 0.274258144181 0.0 0.191285313998 0.0 0.0 0.496599912817 0.830954888354 0.782907767696 0.0 0.0243683085102 0.60673774411 230.0 247.0 255.0 0.333333333333 0.039520337403 0.138838713117 0.00978743177426 0.0 
0.0 0.0 0.0 0.367053899023 0.338662141617 0.0 1.30255035114 0.0 0.0 0.0 0.287535661795 1.21522311707 230.0 247.0 255.0 0.333333333333 0.0493077691772 0.146386011783 -0.102473436086 0.0 
0.0 0.0 0.00779439487365 0.565263014052 0.959585896641 0.0 0.602423118352 0.0 0.0 0.183706568984 0.303754879896 0.0 230.0 247.0 255.0 0.333333333333 -0.0531656669088 0.0801537723129 0.102433229789 0.0 
0.0 0.234015163442 0.408210234949 0.0 0.0 0.433701985704 0.369560919803 0.0 0.0 0.385294771767 0.867238329144 0.0 230.0 247.0 255.0 0.333333333333 0.0492675628806 0.107519993597 -0.081957692311 0.0 
0.0 0.286245488201 0.0452817686947 0.26939508615 0.0 0.0 0.168885843425 0.0 0.212485463298 0.0 0.0 0.0 230.0 247.0 255.0 0.333333333333 -0.0326901294304 0.175055588999 0.171154464699 0.0 
0.0 0.0 0.0 0.0 0.0 0.270519527544 0.0 0.644146276358 0.160165436506 0.0 0.0 0.0 230.0 247.0 255.0 0.333333333333 0.138464335269 -0.0575905830025 0.0824739987894 0.0 
0.161102814453 0.0 0.0 0.0 0.0 0.0 0.0 0.0 0.0 0.186601953374 0.0 0.0 230.0 247.0 255.0 0.275742750331 0.220938334058 -0.197780708865 0.15061635413 0.0 
0.255518601109 0.0 0.0 0.0 0.161850590275 0.0 0.354802537974 0.64691900926 0.701449470766 0.0 0.114728305038 0.0 230.0 247.0 255.0 0.0779620414662 0.333333333333 -0.0173116676841 0.0330599563884 0.0 
0.0173472047029 0.0 0.0824010967563 0.0 0.0 0.0529760376055 0.0 0.0 0.295789385276 0.0 0.280940871921 0.0 230.0 247.0 255.0 0.0606503737821 0.333333333333 -0.107899574345 0.142567247489 0.0 
0.0 0.227947125976 0.0 0.293433231892 0.188962971265 0.0 0.0 0.805871979427 0.0270659968017 0.0 0.302982282912 0.0 230.0 247.0 255.0 -0.0472492005629 0.333333333333 -0.0648883800256 0.0333839491216 0.0 
0.440145244747 1.78224962415 0.42700041443 0.0 0.500237484979 0.933060891199 0.0 0.0 1.33641209253 2.579420156 0.0 1.50751272131 230.0 247.0 255.0 -0.112137580589 0.333333333333 0.0337764734913 0.113072587917 0.0 
0.0 0.0 0.484397866047 0.354851198827 0.470070438536 0.0 0.0 0.752381521588 0.96668772431 1.53419991508 0.0 0.0 230.0 247.0 255.0 -0.0783611070973 0.333333333333 0.103366422812 -0.0685237680616 0.0 
0.0 0.364693835077 0.329745853075 0.0 0.0 0.34199888938 0.0 0.0 0.0 0.239497302002 0.271586348961 0.727940964959 230.0 247.0 255.0 0.0250053157152 0.264809565272 0.139861682343 0.0770394597623 0.0 
0.0 0.198127822908 0.0 0.348768938515 0.371337606802 0.0 0.524461536163 0.0 0.534089325143 0.292676599922 0.0 0.564282256616 230.0 247.0 255.0 0.164866998059 0.333333333333 0.3 -0.0951043228627 0.0 
0.0 0.0963588528231 0.0 0.0 0.399413075772 0.0 1.11846090365 0.0 0.0 0.0 0.0 0.0 230.0 247.0 255.0 0.333333333333 0.238229010471 -0.0292840946177 0.24457650416 0.0 
0.912744769553 0.0 0.359491243273 0.324277473845 0.213682759324 0.0 0.0 0.455386939632 0.560724345254 0.0 0.249459005813 0.160345667207 230.0 247.0 255.0 0.304049238716 0.333333333333 0.0303773378527 0.0759694526042 0.0 
0.271906995256 0.228995217261 1.35688741913 0.0 0.0 0.0 0.305803141376 0.693163796364 0.0 0.184360923111 0.0 0.0 230.0 247.0 255.0 0.333333333333 0.333333333333 0.113043138936 -0.132176865363 0.0 
0.220622496211 0.287743237072 0.0 0.318532531789 0.0 0.0 0.362701019496 0.0 0.0 0.197324753014 1.00100407755 0.0 230.0 247.0 255.0 0.333333333333 0.20115646797 0.151323053204 0.0912305012872 0.0 
0.0 0.0 0.0 0.000331481258289 0.27705898637 0.0 0.0 0.163515044357 0.0 0.0 0.0 0.543379797642 230.0 247.0 255.0 0.333333333333 0.292386969258 -0.0170941965384 0.109337375927 0.0 
0.166064607182 0.0 0.18790707826 0.0 0.0 0.0 0.0 0.277627363288 0.0 0.0 0.573962663512 0.0 230.0 247.0 255.0 0.316239136795 0.333333333333 -0.0579376867401 0.069608980964 0.0 
0.0 0.0 0.0 0.0 0.0 0.0 0.0 0.0 0.0 0.0 0.313021813934 0.0 230.0 247.0 255.0 0.258301450055 0.333333333333 0.00560309819315 -0.121792582602 0.0 
0.0 0.0 0.0 0.0 0.0 0.0 0.498446827834 0.0 0.0 0.0 0.0 0.383654206422 230.0 247.0 255.0 0.263904548248 0.211540750732 0.19468345949 -0.126750357487 0.0 
0.0 0.259875675263 0.14871607787 0.13034935713 0.879570643887 0.0 0.0 0.10534958746 0.0 0.184150091998 0.0627979396944 0.961031258754 230.0 247.0 255.0 0.333333333333 0.0847903932448 0.149168124135 0.00168611150266 0.0 
0.0 0.289352099203 0.0 0.371485303082 0.0 0.0 0.0 0.651405047658 0.0 0.197569452504 0.0 0.0 230.0 247.0 255.0 0.333333333333 0.0864765047474 0.0538130192 0.152076235683 0.0 
0.0 0.727525356302 0.0 0.378645230352 0.343409043002 0.0 0.0 0.0 0.0 0.197944677091 0.0 0.0 230.0 247.0 255.0 0.333333333333 0.23855274043 0.193004266394 -0.00998927862037 0.0 
0.491842217462 1.05356672942 0.0 0.0 0.0 0.0 0.310527477953 0.362892802095 0.246320471125 0.0 0.0 0.0814087347705 230.0 247.0 255.0 0.333333333333 0.22856346181 -0.108611071783 -0.179783150906 0.0 
0.415958842785 2.09417930531 0.735025818695 0.761669177587 0.842571722718 1.43687512632 0.0 0.377558751954 0.69860717941 2.37141309152 0.271171821078 0.544949467241 230.0 247.0 255.0 0.22472226155 0.048780310904 -0.010544628426 0.0054313157134 0.0 
0.226053258947 0.345141907093 0.0 0.390580790678 0.0 0.0 0.0 0.0 0.0 1.01528824512 0.33693055363 0.0 230.0 247.0 255.0 0.214177633124 0.0542116266174 -0.127090069187 0.260678566503 0.0 
0.0 0.0 0.0 0.879226097527 0.0 0.342220299427 0.949341462564 0.0 0.0 0.0609488493928 0.0 0.158574799523 230.0 247.0 255.0 0.087087563937 0.31489019312 -0.043934521537 0.0604812649678 0.0 
0.280605230245 0.0 0.0 0.112565941494 0.181206241883 0.175486252281 0.0 0.0 0.18478883473 0.0 0.0 0.0 230.0 247.0 255.0 0.0431530423999 0.333333333333 -0.229044927039 0.111911780059 0.0 
0.0 0.0 0.0 0.0 0.146844345415 0.170213166669 0.15476162928 0.488863231917 0.321826217048 0.0 0.0 0.0 230.0 247.0 255.0 -0.185891884639 0.333333333333 -0.0647563749715 0.102964927971 0.0 
0.171432010363 0.0 0.19706433156 0.0 0.0 0.532835221493 0.0 0.868990732259 0.0294651093494 0.0 0.0816363149979 0.0 230.0 247.0 255.0 -0.25064825961 0.333333333333 0.272032148837 0.0765292430497 0.0 
0.187640373652 0.790032114553 0.197161714021 0.0 0.385221012266 0.0 0.318667082092 0.0 0.0 0.940191172948 0.51894389862 0.0 230.0 247.0 255.0 0.0213838892269 0.333333333333 0.106651329388 -0.102901507962 0.0 
# HEADER 2
0.292160860285 0.0 0.0 0.0 0.282382401649 0.430797955709 0.0 0.746054731788 0.0 0.0 1.18226913167 0.0 230.0 247.0 255.0 0 0 -0.034035320192 0.0899030730503 0.0 
0.0 0.0 0.0 0.257077247918 0.306015019133 0.0 1.40061085515 0.0 0.659994098205 0.261060920801 0.0 0.533674135349 230.0 247.0 255.0 -0.034035320192 0.0899030730503 0.177236108181 0.0576401111813 0.0 
0.480175360426 0.539177738842 0.0 0.374328019791 0.400216588456 0.0 0.0 0.0 0.0 0.0 0.15690645195 0.653941736499 230.0 247.0 255.0 0.143200787989 0.147543184232 0.0300537204224 -0.20824573392 0.0 
0.0 0.0 0.0 0.377741822605 0.0 0.330061579554 0.523431951523 0.461395200787 0.379430273399 0.0 0.297821902266 0.0 230.0 247.0 255.0 0.173254508412 -0.0607025496885 -0.222732258151 -0.02046188053 0.0 
0.0 0.234958631031 0.0 1.31510674664 0.155663482947 0.0 0.748449491164 0.0 0.0 0.891490602925 0.0 0.0 230.0 247.0 255.0 -0.0494777497398 -0.0811644302185 0.061187351666 -0.0788121236719 0.0 
0.0 0.0 0.168621821578 0.0 0.0 0.30841711572 0.0 0.0 0.0 0.0625329038487 0.198390069472 0.0 230.0 247.0 255.0 0.0117096019262 -0.15997655389 -0.177383218426 -0.143067214785 0.0 
0.277832050111 0.17969630927 0.0 0.248628399197 0.196270982307 0.0 0.0779671891146 0.0 0.979637494478 0.188653764836 0.42598257926 0.405325843705 230.0 247.0 255.0 -0.1656736165 -0.303043768675 0.23040106892 0.144167331546 0.0 
0.0 0.0 0.0 0.0 0.397048265295 0.0 0.421402722648 0.258727390857 0.0352121211874 0.19676154786 0.0 0.0567061496456 230.0 247.0 255.0 0.0647274524207 -0.158876437129 -0.226201489155 0.149853843675 0.0 
0.0 0.0 0.0 1.14297538221 0.0 0.0 0.838114490065 0.531955549876 0.193155855826 0.0 0.575734648986 1.04577937665 230.0 247.0 255.0 -0.161474036735 -0.00902259345394 -0.0951272127965 0.155781122529 0.0 
0.0 0.0 0.585744438976 0.119791291993 0.0 0.0456192981924 1.4442332874 0.602431674619 0.0 0.0 0.315049521887 0.0138046831214 230.0 247.0 255.0 -0.256601249531 0.146758529075 0.0391361153137 -0.000483964573545 0.0 
0.938775940894 1.56896934764 1.18452789118 0.360943311575 0.904304370864 1.2752068501 0.0 0.126431516876 1.21872048259 2.22755407913 0.0 1.36746754007 230.0 247.0 255.0 -0.217465134217 0.146274564502 0.00873766580755 -0.0474787654575 0.0 
0.212159382023 0.329120475721 0.447849091094 0.0 1.16914599859 0.0 1.41942697366 0.0 0.0741240266029 0.0 0.0648302843262 0.0 230.0 247.0 255.0 -0.20872746841 0.0987957990444 0.12956544886 0.0879205319052 0.0 
0.189534011878 0.0 0.0 0.0 0.0 0.0 0.586483576326 0.0 0.0 0.0 0.0809827874713 0.0 230.0 247.0 255.0 -0.0791620195495 0.18671633095 0.112250607302 0.065076664543 0.0 
0.0 0.0 0.0 0.0 0.0 0.0 0.123789627291 0.0 0.0 0.14839672671 0.0 0.0 230.0 247.0 255.0 0.0330885877523 0.251792995493 0.0249594149546 0.157693679715 0.0 
