nrollouts: 2
# HEADER 1
0.0 0.0 0.0 0.403377829009 0.0 0.0 0.682071412756 0.0 0.0 0.0 0.0 0.264439045069 230.0 247.0 255.0 0 0 0.15959222 -0.115222444529 0.0 
0.0 0.317441852411 0.0 0.0 0.0 0.0 0.0 0.0239513426508 0.0 0.0 0.490746822123 0.0 230.0 247.0 255.0 0.15959222 -0.115222444529 0.040540687738 0.0650642911417 0.0 
0.0103250786998 0.0 0.0 0.415153159739 0.0 0.0 0.29260237519 0.0 0.290272855653 0.0 0.867115095343 0.565773190078 230.0 247.0 255.0 0.200132907738 -0.0501581533869 0.0339029968519 -0.0334942899967 0.0 
1.10300492987 0.0204255318781 0.0 0.188135349511 0.0 0.450149652932 0.0 0.0 0.0 0.0 0.0 0.0 230.0 247.0 255.0 0.23403590459 -0.0836524433836 0.0488224903035 0.122079276302 0.0 
0.0 0.603976386701 0.0 0.0 0.232661599894 0.0896278334035 0.162635484681 0.0 1.29110902278 0.516072242499 0.097626729529 0.0 230.0 247.0 255.0 0.282858394894 0.0384268329179 -0.028893383672 -0.140095496789 0.0 
# HEADER 2
0.0 0.0 0.423838799249 0.0 0.0 0.0 0.0 0.879803747411 0.0 0.720915690425 0.0 1.13909150271 230.0 247.0 255.0 0 0 0.0394564180591 0.0103670628536 0.0 
0.0 0.296868777895 0.0 0.0 0.0 0.362948190223 0.0 0.0 0.0 0.837374737539 0.181429986819 0.0 230.0 247.0 255.0 0.0394564180591 0.0103670628536 -0.0310835159708 0.00541735966637 0.0 
0.0 0.354357430418 0.367922598236 0.783546562348 0.0 0.0 0.0 0.463945694446 0.0 0.0 0.0 0.305964887262 230.0 247.0 255.0 0.00837290208829 0.01578442252 0.133422042804 -0.0499109402573 0.0 
0.0 0.0 0.0 0.0 0.703079742953 0.238022731936 0.0 0.0 0.630082956667 0.272829764157 0.0 1.19339789172 230.0 247.0 255.0 0.141794944892 -0.0341265177374 0.08429695082 0.0850935608788 0.0 
0.0 1.09630709816 0.0 0.0 0.521168122897 0.0 0.250186122913 0.0 1.14495721985 0.00769443458807 0.519768046911 0.0 230.0 247.0 255.0 0.226091895712 0.0509670431415 0.230810849072 -0.137883636975 0.0 
0.0 0.145496479234 0.0 0.399629693137 0.0 0.463275036939 0.687387001146 0.0 0.216599805208 0.0 0.497463021981 0.0 230.0 247.0 255.0 0.333333333333 -0.0869165938335 -0.26179086636 -0.0472871729408 0.0 
0.0927045202615 0.0 0.550815398027 0.0 0.183268551036 0.0438637422855 0.0 0.394483833481 0.0 0.0 0.0 0.0 230.0 247.0 255.0 0.0715424669734 -0.134203766774 0.185216675661 -0.0958378340518 0.0 
0.0137356864612 0.0 0.175328944642 0.0 0.727880035967 0.0 0.0 0.0 0.0 0.0 0.0 0.402647044887 230.0 247.0 255.0 0.256759142634 -0.230041600826 0.205057609679 0.128258975482 0.0 
0.0 0.694302809896 0.478579164711 0.337285460966 0.0 0.0 0.424576662009 0.0 0.0 0.0734453268754 0.0 0.47765100604 230.0 247.0 255.0 0.333333333333 -0.101782625344 0.0731317895807 0.0493844017311 0.0 
1.74491775219 1.16260647939 1.17406530682 1.10255387069 0.353114203703 0.969088948135 0.0 0.704293444088 1.91572279058 3.7863222494 0.0 2.08156377535 230.0 247.0 255.0 0.333333333333 -0.0523982236134 -0.0489957677091 0.0337166528577 0.0 
0.0 0.0 0.0 0.0 0.0 0.0 0.0 0.0 0.449847539125 0.0 0.0 0.423146237176 230.0 247.0 255.0 0.284337565624 -0.0186815707557 0.3 0.102561819493 0.0 
0.0 0.0 1.10764601586 0.502125159292 0.0 0.478794417344 0.493316538974 0.0476760442246 0.0 0.401563423377 0.0 0.0 230.0 247.0 255.0 0.333333333333 0.0838802487371 -0.0835029653861 -0.0635858100119 0.0 
0.0 0.0 0.0 0.0 0.697634552896 0.512711648799 0.0 0.0 0.0 0.942136952894 0.179973873402 0.0 230.0 247.0 255.0 0.249830367947 0.0202944387252 0.155657495592 -0.202299918816 0.0 
0.560438986591 0.0 0.0 0.212987308429 0.0 0.535758513308 0.0 0.968888470973 0.225838749308 0.271703752175 0.68699081799 0.0 230.0 247.0 255.0 0.333333333333 -0.18200548009 -0.0263123880085 0.0576892030185 0.0 
