nrollouts: 2
# HEADER 1
0.0 0.549913910377 0.0 0.0 0.0 0.0 0.0 0.928855095823 0.0 0.0 0.0 0.0 230.0 247.0 255.0 0 0 -0.199131285894 -0.0324829325586 0.174533 
0.924362337374 2.68705935138 2.06884931842 0.0584021984627 0.864048586318 1.50861393985 0.0 1.17095175638 1.17384104087 3.90456702008 0.0 0.676112237064 230.0 247.0 255.0 -0.199131285894 -0.0324829325586 -0.247073572886 -0.0854613852665 0.0 
0.0 0.205966084211 0.0 0.0 0.0 0.0 0.606259583913 0.908928055029 0.0 0.223391092831 0.0 1.32882767751 230.0 247.0 255.0 -0.333333333333 -0.117944317825 -0.0222748164146 0.082616399239 0.0 
0.0 0.413245587368 0.0 0.0 0.320842881043 0.0 0.0 0.0 0.808374245298 0.0 0.0 0.0 230.0 247.0 255.0 -0.333333333333 -0.0353279185862 -0.0346992635558 -0.112423368154 0.0 
0.0 0.0595830009307 0.0 0.0 0.0900496808274 0.0 0.0 0.0 0.0 0.407454558985 0.0 0.0 230.0 247.0 255.0 -0.333333333333 -0.14775128674 -0.028623132185 0.0482468770192 0.0 
0.0 0.241580766134 0.0 0.0 0.0 0.0 0.0 0.207276718528 0.0 0.0 0.618722668363 0.800440176183 230.0 247.0 255.0 -0.333333333333 -0.0995044097211 0.27039765853 0.256545054755 0.0 
0.65318943541 1.94403235618 0.829852045392 0.0 0.0 0.0 0.112060852416 0.0 0.0 0.0 0.0 0.713523256393 230.0 247.0 255.0 -0.0629356748038 0.157040645034 0.0775963825528 -0.070803407303 0.0 
0.0 0.769958220059 0.96477109054 0.0 0.0 0.0 0.137943463885 0.0 0.0 0.0 0.724704879399 0.0942938584973 230.0 247.0 255.0 0.014660707749 0.0862372377308 0.267407914204 -0.0231743210465 0.0698133 
0.0 0.657785527298 0.0 2.15756271147 0.05736649368 0.0 0.0 0.0 0.0 0.0 0.0 0.0 230.0 247.0 255.0 0.282068621953 0.0630629166843 -0.130425912556 -0.0864519368715 0.139626 
0.0709175915111 0.0 0.0 0.0 0.814229010869 0.826575645583 0.0 0.0 0.0 0.0 0.0 0.0 230.0 247.0 255.0 0.151642709397 -0.0233890201872 0.0765859630406 -0.0487886001179 0.279253 
0.0 0.0 0.0 0.0 0.0 0.0 0.35254051087 0.427241635286 0.0240311292872 0.595893399466 0.0 0.0 230.0 247.0 255.0 0.228228672438 -0.0721776203051 0.0690068660084 -0.121572281466 0.488692 
0.0 0.0 0.752539340615 0.0 0.0 0.591419351071 0.0 0.0 0.302598367855 0.0 1.41583184303 0.0 230.0 247.0 255.0 0.297235538446 -0.193749901771 0.00685239002474 0.13304588459 1.01229086717 
0.596836029092 0.879610715571 1.43777190083 0.0 0.0 0.80802240165 0.0 0.0 0.744174011408 2.42977004495 0.0 0.890373008725 230.0 247.0 255.0 0.304087928471 -0.0607040171815 -0.0274801004432 0.234121339655 0.593412 
0.735282713 0.0 0.0 0.0 0.0 0.32442055923 0.0 0.157267936372 0.969031603212 0.0 0.0 1.47129782758 230.0 247.0 255.0 0.276607828028 0.173417322474 -0.0908485956734 0.00720372621665 0.383972 
0.0 0.0 0.0 0.0 0.0 0.0 0.0 0.0 0.331997258903 0.0 0.562237992016 0.432966984283 230.0 247.0 255.0 0.185759232354 0.18062104869 0.143402467493 0.152373151023 0.279253 
0.0 0.0 0.0 0.0 0.0 0.0 0.0 0.921713077763 0.0 0.141935918625 0.792080844724 0.0 230.0 247.0 255.0 0.329161699847 0.332994199714 0.0466490203381 0.055537125215 0.244346 
0.0 0.0 0.248195843631 0.0 0.0634478205482 0.0 0.303723257546 0.0809001540809 0.530583081002 0.434213924778 0.701345019117 0.0 230.0 247.0 255.0 0.333333333333 0.333333333333 0.0362103664383 -0.115018355596 0.314159 
0.0 1.56750617386 1.22266414645 0.342418172007 0.0 0.0 0.0 0.154588692713 0.307774461473 0.0 0.0 1.42448723931 230.0 247.0 255.0 0.333333333333 0.218314977738 0.147643698978 0.0153077187132 0.802851 
0.0 0.0 0.0 0.0 0.199372573925 0.0 0.0 0.0 0.0 0.331596359271 0.156006348079 0.0 230.0 247.0 255.0 0.333333333333 0.233622696451 0.3 0.0620797340477 0.872664602595 
0.0 0.0 2.31395565634 0.0 0.0 0.0 0.149910064227 0.0 0.0 0.0 2.0510998611 0.548016756948 230.0 247.0 255.0 0.333333333333 0.295702430499 -0.190257001156 0.0464656064835 0.453786 
0.0 0.0 0.0 0.0 0.0828264223212 0.0 1.1133372648 0.0 0.290625562948 0.0 0.0 0.0 230.0 247.0 255.0 0.143076332177 0.333333333333 0.0637887596042 0.0315354573575 0.244346 
0.0 0.285438965768 0.0609594131386 0.0 0.0 0.0 0.0 0.0 0.868409661083 0.0 0.0 0.0 230.0 247.0 255.0 0.206865091781 0.333333333333 -0.00639978917356 -0.145351129562 0.174533 
0.0 0.0 0.235545495998 0.437742048708 0.0382996241282 1.66440990219 0.0 0.947863064799 0.345829002406 0.0 0.773763960067 0.843405987432 230.0 247.0 255.0 0.200465302608 0.187982203772 0.0543962668013 -0.153205881871 0.209439 
0.0 1.03545240072 0.0 0.0 0.623082122355 0.0 0.0 0.0 0.0640874580788 0.0 1.03609957113 0.0705107800033 230.0 247.0 255.0 0.254861569409 0.0347763219002 0.157651324338 -0.128530344785 0.349066 
0.0 0.0 0.0 0.250902266737 0.20207235026 0.0 0.0 0.0 0.0174747374597 0.0 0.300761944224 0.0 230.0 247.0 255.0 0.333333333333 -0.0937540228851 -0.0832333208948 -0.0680222532501 0.767945 
0.243378930555 0.0 0.0 0.0 0.0 0.0 0.0 0.0 0.301677558518 0.613582746181 0.0 0.0 230.0 247.0 255.0 0.250100012439 -0.161776276135 0.3 -0.113199006174 0.8028513511 
0.0648976116439 0.0 0.233636435986 0.127773006512 0.0 0.352694126521 0.0 0.0 1.80586407979 0.0702069867528 0.0 1.43422900212 230.0 247.0 255.0 0.333333333333 -0.274975282309 0.0320489981148 -0.00999600393159 0.453786 
0.0 0.0 0.0 0.0 0.0 0.0 1.20789171405 0.161485112759 0.0 0.0 0.168071047479 0.128486557266 230.0 247.0 255.0 0.333333333333 -0.284971286241 -0.04838819839 -0.0214126429022 0.279253 
0.0 0.0 0.0 0.0 0.121441767136 0.0 0.0 0.0 0.0 0.0 0.0 0.566582816359 230.0 247.0 255.0 0.284945134943 -0.306383929143 -0.3 0.0403397455796 0.20944 
0.0 0.0 0.487966609514 0.0 0.0 0.0 0.0 1.40425852525 0.0 0.201799493472 0.0 0.0 230.0 247.0 255.0 -0.0150548650566 -0.266044183563 0.111341678133 0.10579156013 0.174533 
1.31000509865 0.0 0.0 0.417031496444 0.0 0.408479297251 0.0 0.0 0.0 0.0 1.34039408144 1.46047859727 230.0 247.0 255.0 0.0962868130762 -0.160252623434 0.076410641677 -0.0431792548877 0.10472 
0.0 0.720980173824 0.0 0.189592028415 0.0 0.0 0.0205914826023 0.086633560573 0.184644893722 0.0 0.0 0.0 230.0 247.0 255.0 0.172697454753 -0.203431878321 0.0325880456098 -0.170623774671 0.0349066 
0.0 0.799092487369 0.0 0.0 0.0 0.0 0.346096199144 0.0 0.0 0.0 0.0 0.0 230.0 247.0 255.0 0.205285500363 -0.333333333333 -0.00521067146482 0.00619824970102 -0.139626 
0.0 0.409700077141 0.0981283902519 0.0 0.0 1.11948369642 0.398346172943 1.1092794155 0.264712921095 0.213734077145 0.0 0.0 230.0 247.0 255.0 0.200074828898 -0.327135083632 0.111455994315 0.194769864514 -0.314159 
0.0 0.122455670079 0.363212340964 0.0 0.0 0.0 0.00854227240546 0.698571468122 0.306189596849 0.0 0.0 0.237741970667 230.0 247.0 255.0 0.311530823213 -0.132365219119 0.0412069329243 -0.0721518789482 -0.314159 
0.0 0.0 0.0 0.0 1.53981160295 0.0836561374871 0.0 0.0512264442872 0.119323937075 0.0 0.0 0.786945318952 230.0 247.0 255.0 0.333333333333 -0.204517098067 0.0901511740624 0.0817228863329 -0.558505 
0.0 0.0 0.0 0.0 0.0 0.0 0.0 0.572616057182 0.0 0.0 0.0 0.0 230.0 247.0 255.0 0.333333333333 -0.122794211734 -0.0810842730294 -0.0194581095286 -0.872664841013 
0.0 0.811164148701 0.0 0.0 0.0 1.44976942239 0.0 0.116502795521 0.371766411636 1.16621671781 0.0 0.0 230.0 247.0 255.0 0.252249060304 -0.142252321262 0.112422017259 0.170379602033 -0.523599 
0.0 0.0 0.369261572387 0.0 0.533612898999 0.0 0.0 0.0 0.0 0.0 0.0 0.0 230.0 247.0 255.0 0.333333333333 0.0281272807701 -0.215656871875 -0.0790177863185 -0.383972 
0.0 0.0592475778699 0.0 0.0 0.0 1.54937234035 1.56221694021 0.0 0.299625294028 0.197924747455 0.542343183273 0.0 230.0 247.0 255.0 0.117676461458 -0.0508905055484 -0.00601728338988 0.116763868204 -0.174533 
0.0 0.0 0.0 0.0 0.0 0.0 0.0 0.0 0.0 0.0 0.0 0.0153972323644 230.0 247.0 255.0 0.111659178068 0.0658733626553 0.0178888172814 0.0871008138781 -0.244346 
0.0 0.0376067313986 0.0 0.0 0.0332783707514 0.0 0.790792407781 0.0 0.0 0.0 0.0 0.0 230.0 247.0 255.0 0.12954799535 0.152974176533 0.0330748990791 0.0040518783748 -0.488692 
0.0 0.0 0.0 0.0 0.0 0.0 1.63996332025 0.0 0.0 0.0 0.7441156554 0.0 230.0 247.0 255.0 0.162622894429 0.157026054908 0.032102652461 -0.162409250773 -0.628318 
0.0500159976452 0.0 0.29168504159 0.0 0.0839066519559 0.0 0.0 0.0 0.0 0.0 0.314427059177 0.0 230.0 247.0 255.0 0.19472554689 -0.00538319586446 0.105110652884 0.0834188565379 1.11701 
0.0 0.227864360099 0.0 0.0 0.0 0.0 0.19623584109 0.168324431029 0.0 0.0 0.0 0.0 230.0 247.0 255.0 0.299836199774 0.0780356606735 -0.0115079686285 0.00660010446274 1.18682 
0.0 0.464222659844 0.0 0.0 0.0 0.59600232259 0.145824980051 0.0 0.0 0.135537929791 1.24131106607 0.0 230.0 247.0 255.0 0.288328231146 0.0846357651362 0.0255331167074 0.0161501498118 -0.383972 
0.0 0.0 0.0 0.0 0.158715404098 0.0 0.0 0.0 0.0 0.0 0.0 0.0 230.0 247.0 255.0 0.313861347853 0.100785914948 0.253813508379 0.145406588068 -0.20944 
0.0 0.0 0.0 0.212049179071 0.0 0.0 0.0 0.33012371127 0.670460002325 0.0 0.0 0.189211948069 230.0 247.0 255.0 0.333333333333 0.246192503016 -0.0343652435432 0.0562051978238 -0.20944 
0.0 1.05145148366 0.311565458143 0.145983363136 0.0 0.034636474601 0.037815117845 0.0 0.0 0.410817970881 0.0 0.0 230.0 247.0 255.0 0.29896808979 0.30239770084 -0.00268524100503 0.0265370385077 -0.20944 
0.0 0.608058568553 0.0 0.380975121314 0.0 0.0 0.664766259332 0.0464638512704 0.0 0.0 0.0 0.0 230.0 247.0 255.0 0.296282848785 0.328934739348 0.060140154609 -0.0402780302393 -0.174533 
# HEADER 2
0.343733680251 0.675678554177 0.0 0.293013907965 0.448711792295 0.0 0.0 0.141325595506 0.137085512727 1.61362048308 1.18940186142 2.11125872761 230.0 247.0 255.0 0 0 0.0319102749252 0.112282895881 -0.0349066 
0.0 0.501080245683 0.0 0.0528081103874 0.0 0.0 0.0 0.0 0.0 1.39729722593 0.0 0.302347171016 230.0 247.0 255.0 0.0319102749252 0.112282895881 0.164251690161 -0.1185520225 0.0 
0.0 0.732625844325 1.22605660279 0.0 0.862288797606 0.0 0.607598401036 0.0707389831937 0.0 0.0 1.52825577477 0.0 230.0 247.0 255.0 0.196161965087 -0.00626912661856 0.0650260973782 0.0350585424792 0.0698133 
0.0 0.0 0.292710300139 0.25791227364 1.83353449664 0.0 0.883631215564 1.06220628442 0.0 0.52825714085 0.0 0.760126717427 230.0 247.0 255.0 0.261188062465 0.0287894158606 -0.0482937549107 -0.135481840703 0.139626 
0.954133671269 0.271421573126 0.0 0.0 0.518059257482 0.0 0.0 0.201416594032 0.0711569748638 0.895674616961 0.0 0.0 230.0 247.0 255.0 0.212894307554 -0.106692424842 0.0942869544976 -0.0822602780034 0.174533 
1.50022329968 1.79120268279 0.78570933708 0.0 0.0 0.0 0.0 0.0 0.0 0.0570106023728 0.545601001695 0.961231479656 230.0 247.0 255.0 0.307181262052 -0.188952702845 -0.169444070621 -0.0163902379431 0.279253 
0.243246536356 0.0 0.0 0.0 0.47200121951 0.220509319323 0.0 0.0 0.514404865985 0.0 0.297791866008 0.0 230.0 247.0 255.0 0.137737191431 -0.205342940788 -0.0766874336562 0.204700549145 0.663225 
0.0 0.0 0.0 1.40251499069 0.105915667903 0.0 1.30855334922 0.0 0.0 0.196664321596 0.0 0.0 230.0 247.0 255.0 0.0610497577746 -0.00064239164385 -0.0724244333779 0.00579983906413 1.01229110559 
0.0 0.393725943096 0.796716052692 0.351489942473 0.0 0.0 0.82905683853 0.528954765765 0.354792474244 0.0 0.334535845398 0.0 230.0 247.0 255.0 -0.0113746756033 0.00515744742028 -0.182966999497 0.0982188069473 0.593412 
0.0 0.621341381044 0.378430129439 0.913335462784 0.0 0.576797941849 0.0 0.0 0.844209198371 0.0 0.576405121348 0.517850622925 230.0 247.0 255.0 -0.194341675101 0.103376254368 0.115822196181 0.226884275804 0.20944 
1.04969790944 0.0 0.0 0.0 0.0 0.0 0.239769802509 0.0 0.0 0.697534044938 0.689245938464 0.0 230.0 247.0 255.0 -0.0785194789197 0.330260530172 0.00835684081369 0.0139701457296 0.139626 
0.736285651027 0.0 0.0593699186684 0.0 0.145900010863 0.0 0.432830174042 0.225968294379 0.251883077451 0.444487527288 0.0495713561053 0.0 230.0 247.0 255.0 -0.070162638106 0.333333333333 0.00508220684754 -0.0365983322128 0.174533 
0.0147676284137 1.5500409523 0.181611692967 0.790880740028 1.32095140394 0.384491556488 0.0 0.0957614950579 0.0 3.01806968028 0.0 0.71745760983 230.0 247.0 255.0 -0.0650804312585 0.296735001121 0.0508975273614 0.0137054617481 0.349066 
1.01634468028 0.091984684509 0.0 0.0 0.0 0.0 0.0 0.0 0.507271502661 0.261240113842 0.0 0.0 230.0 247.0 255.0 -0.0141829038971 0.310440462869 -0.165794798657 -0.0892885868288 0.383972 
