nrollouts: 2
# HEADER 1
0.0 0.0 1.79968567092 0.216998995614 0.914603217398 0.0 1.26960434265 0.0 0.309529421325 0.315056880382 0.0 0.0 230.0 247.0 255.0 0 0 -0.0471686039236 -0.0204487869768 0.0 
0.0 0.816835318405 0.268962101195 0.0 0.918008727492 0.452846104791 0.0 0.752194067131 0.0 0.0 0.0 0.0 230.0 247.0 255.0 -0.0471686039236 -0.0204487869768 -0.107887687068 0.117266557762 0.0 
0.174119086062 0.0 0.0 0.671789537119 0.0658798695689 0.0 0.0 0.0 0.0 0.0 0.650994608968 0.219150184183 230.0 247.0 255.0 -0.155056290992 0.0968177707854 -0.0597375194009 -0.116906954171 0.0 
0.634423586044 0.0 0.0 0.0 0.153253385581 0.0 1.09705825587 0.0 0.0 0.0 0.0 0.0 230.0 247.0 255.0 -0.214793810393 -0.0200891833853 0.0368751358219 0.155355628185 0.0 
1.11802932943 0.593677126862 0.0 0.0 0.0 0.0 0.40925950249 0.0 0.237882766415 0.17292428927 0.0 0.0 230.0 247.0 255.0 -0.177918674571 0.1352664448 0.104375224168 0.269905161803 0.0 
0.0 0.0 0.0 0.287626290665 0.0 0.163546343095 0.0 0.0 0.107826036415 2.08098312593 0.0 0.693087808604 230.0 247.0 255.0 -0.073543450403 0.333333333333 0.0208059689215 -0.0351064975594 0.0 
0.0 0.0 0.156851497548 0.100017910975 0.00632080109535 0.0 0.403999543482 0.532812671783 0.0 0.0 0.0 0.0 230.0 247.0 255.0 -0.0527374814815 0.298226835774 0.0983874207892 -0.0195538884843 0.0 
0.00121606567489 0.0 0.0 0.0 0.537049089809 0.0 0.618188879109 0.326136286099 1.06050667212 0.0 0.111144476077 0.0 230.0 247.0 255.0 0.0456499393077 0.27867294729 -0.0820630504224 0.0760551400959 0.0 
0.124558227038 0.0 0.0 0.0990304534653 1.02889539718 0.0 0.0 0.0 0.261333291435 0.0 0.424156098811 0.0 230.0 247.0 255.0 -0.0364131111147 0.333333333333 0.0645049163796 -0.179558146287 0.0 
0.173123910044 0.739927889376 0.0855598974576 0.340906302544 0.0 0.0 0.0 0.0 0.0 0.36621542735 0.117287819987 0.0 230.0 247.0 255.0 0.0280918052649 0.153775187046 0.0490504524102 -0.230307121742 0.0 
0.0 0.0973442371324 0.0 0.0 0.0132853139003 0.0 0.0 1.06571911976 0.193638646319 0.0 0.0 0.0 230.0 247.0 255.0 0.0771422576751 -0.0765319346961 0.109468779589 0.114000160814 0.0 
0.0 0.0 0.0 0.0 0.0360900526471 0.0 0.485561928687 0.0378094396853 0.200994014379 0.0 0.0 0.0 230.0 247.0 255.0 0.186611037264 0.0374682261179 0.195327033059 0.0631898645912 0.0 
0.252078403148 0.357285684707 0.0 0.037494927657 0.0364126155586 0.0 0.0 0.0 0.0 0.0 0.0 0.0 230.0 247.0 255.0 0.333333333333 0.100658090709 0.214185968053 0.237018493684 0.0 
0.0 0.048520385683 0.0 0.0605173733832 0.0 0.0 1.93228365615 0.0 0.0 0.0 0.558232954399 0.0797841990577 230.0 247.0 255.0 0.333333333333 0.333333333333 0.135673891254 0.163387390001 -0.0698131 
0.0 0.0 0.0 0.0 0.0 0.0 1.73358856501 0.0 0.170341366176 0.18245535338 0.618015500013 0.0 230.0 247.0 255.0 0.333333333333 0.333333333333 0.142317193609 -0.0904574227732 0.0 
0.0654412038268 0.0 0.0 0.76638937561 0.536394898004 0.0 0.0 0.0 1.13833286457 0.0 0.0 0.0 230.0 247.0 255.0 0.333333333333 0.24287591056 0.0761367368217 -0.183210582901 0.0698131 
0.0 0.286551763523 0.37738888691 0.131913455103 0.0 0.0 0.260272433429 0.0 0.0 0.0 0.0 0.590392887675 230.0 247.0 255.0 0.333333333333 0.0596653276587 -0.0797030440728 0.16185816841 0.0698131 
0.0 0.0 0.675386536218 0.0 0.0 0.0 0.0 0.0 0.0 0.288786814437 0.0 0.921877495681 230.0 247.0 255.0 0.253630289261 0.221523496069 -0.0444986114582 0.111585301434 0.0 
0.0 1.87775079071 0.37633295264 0.28618760307 0.948717518777 0.0 0.0879913413187 0.0 0.288110597803 0.895581958104 0.53792090613 0.939881812961 230.0 247.0 255.0 0.209131677802 0.333108797503 0.114362438925 0.146568173933 0.0 
0.115756493925 0.0 0.0 0.0 0.0 0.0 0.423842009601 0.0 0.0 0.0 0.0 0.0 230.0 247.0 255.0 0.323494116727 0.333333333333 0.0925731404518 0.237782816489 0.0 
0.0 0.0 0.0 0.868627280705 0.0 0.310216141257 0.475707289928 0.531247761633 0.0 0.0 0.158049157437 0.0 230.0 247.0 255.0 0.333333333333 0.333333333333 0.0142197105919 0.026624440475 0.0698133 
0.0 0.0664479965969 0.0 0.243738246989 0.53476416284 0.555316010119 0.0 0.0 0.0 0.0 0.0 0.0 230.0 247.0 255.0 0.333333333333 0.333333333333 -0.229308032069 0.208846694027 0.0 
0.255691647878 0.601933103879 0.0 0.343180057535 0.842351334918 0.0 0.437286126077 0.0 0.150525862672 0.0 0.373039520848 0.0256573405801 230.0 247.0 255.0 0.104025301264 0.333333333333 -0.000357545734713 -0.0116540105453 0.0 
0.0 0.0 1.54170676928 0.344530109052 0.114204855112 0.0 0.491069500107 0.709468452264 0.201436522398 0.0 0.0 0.73781973918 230.0 247.0 255.0 0.103667755529 0.321679322788 -0.150400889402 -0.21527621018 0.0349065 
0.630609462856 0.0 0.0 0.0 0.0542170960576 0.0 0.0 0.0 0.0 0.0 0.0590395277629 0.843544939489 230.0 247.0 255.0 -0.0467331338725 0.106403112608 0.17502014626 0.114785033514 0.0 
0.0 0.0 0.0 0.0 0.537617706461 0.0 0.0 0.0 0.0 0.0 0.0 0.0 230.0 247.0 255.0 0.128287012388 0.221188146123 0.229096294163 -0.00174831176129 0.0698133 
0.0 0.593274580321 0.0 0.151385633734 0.654234445612 0.498446202155 0.0 0.352774946786 0.328893661849 0.0 0.0 0.0 230.0 247.0 255.0 0.333333333333 0.219439834361 0.111434137318 -0.098553078562 -0.0698133 
0.0773295974015 0.0 0.0 0.0 0.155399958725 0.0 1.33775755183 0.0 0.0 0.398731386552 0.0 0.0 230.0 247.0 255.0 0.333333333333 0.120886755799 -0.0137841763593 -0.0452904682179 -0.0349065 
0.0 0.0 0.0 0.704413984014 0.0 0.0 0.50361482983 0.0 0.141822506481 0.429301020741 0.122556178826 0.0 230.0 247.0 255.0 0.319549156974 0.0755962875814 0.0675381797216 -0.208131136288 -0.0698133 
0.0 0.0 0.0 0.350929078038 0.0 0.0 0.803330712848 0.0 0.951275845128 0.0 0.0 0.0 230.0 247.0 255.0 0.333333333333 -0.132534848707 0.0980836837114 0.0689629309471 0.0 
3.8212533082 2.28663478146 1.03554887505 0.907822884642 0.0 2.03528819921 0.0 0.535777421137 1.71365475997 3.23042625193 0.0 0.268440136594 230.0 247.0 255.0 0.333333333333 -0.0635719177595 -0.00897878499017 -0.162791276252 -0.0698131 
0.672343631025 0.0 0.0 0.0 0.0 0.0 0.0 0.398161730524 0.0461283276467 0.104373894277 0.0 0.310250039465 230.0 247.0 255.0 0.324354548343 -0.226363194011 0.117733609066 -0.159155412292 -0.0698131 
0.0440699986785 0.0358000345863 0.713956166977 0.151179789343 0.270996442559 0.0726729399798 0.0 0.0 0.0 0.0 0.0 0.744236999785 230.0 247.0 255.0 0.333333333333 -0.333333333333 0.248531119789 0.0359627022021 0.0 
0.0 0.0 0.13940849386 0.0 0.0531827734303 0.0 0.0 0.0 0.249668613096 0.0 0.0463542628399 0.402358734004 230.0 247.0 255.0 0.333333333333 -0.297370631131 -0.153057262158 0.114736183947 -0.0698131 
1.76972655443 0.817824955986 0.0 0.0 0.132552638083 0.0 0.0 1.49538488557 0.203378654802 0.414431457768 0.604813136114 0.0 230.0 247.0 255.0 0.180276071176 -0.182634447184 0.000416183532662 0.154123477885 0.0 
0.0 0.0 0.0172267255515 0.0 0.0 0.434683640408 0.0 0.0 1.48315160298 0.0 0.0 0.0 230.0 247.0 255.0 0.180692254708 -0.0285109692987 0.0318764410097 0.0508908383924 0.0 
0.123964090006 0.0 0.0 0.86341665798 0.0 0.0 0.23525372197 0.0 0.252709166885 0.0 1.32194592228 0.0 230.0 247.0 255.0 0.212568695718 0.0223798690937 0.00451396553386 -0.0209551331641 -0.0698133 
0.316254801402 0.0 0.481626152365 0.0 0.0332672300944 0.109797455288 0.49537363721 0.0 0.5764900231 0.607174733004 0.0 0.0 230.0 247.0 255.0 0.217082661252 0.00142473592961 -0.198171201178 0.229384104059 -0.0349065 
0.0380341625149 0.0 0.0 0.293404828093 0.0390222099445 0.444104322734 0.325464729229 0.571906577138 0.113195353205 0.0 0.0 0.0 230.0 247.0 255.0 0.0189114600735 0.230808839989 -0.203089671427 0.128057928375 -0.0349066 
1.04996778037 1.50485228427 0.0 0.0 0.148485306304 0.637076188375 0.0 0.0 1.24636581642 0.978739087351 0.560660719948 1.87585471925 230.0 247.0 255.0 -0.184178211354 0.333333333333 -0.016117689204 0.0546779596916 -0.0698131 
0.940225861781 0.0 0.0 0.104347447674 0.806144811884 0.592763888751 0.397045314635 0.558494328198 0.0 1.01614751634 0.0 0.0 230.0 247.0 255.0 -0.200295900558 0.333333333333 0.0497473073816 -0.0972627221859 -0.0349066 
0.0 0.0 0.0 0.107661201128 0.0 0.0 0.762265197995 0.0 0.670437816192 0.829196684318 0.222814050393 0.0 230.0 247.0 255.0 -0.150548593176 0.236070611147 0.0237387399231 -0.0884819297883 -0.0349066 
0.584068064892 0.0 0.0 0.0 0.0 0.0 0.0 0.0 0.0 0.29487982114 0.0 0.0 230.0 247.0 255.0 -0.126809853253 0.147588681359 -0.0086274857401 0.0808545867948 -0.0349065 
0.0 0.0 0.0 0.318426209042 0.491509453067 0.0 0.0 0.0 0.732216265331 0.0 0.0 0.0 230.0 247.0 255.0 -0.135437338993 0.228443268154 0.209913271669 0.0428267087844 -0.0349066 
0.0 0.0 0.163222299655 0.345548272566 0.593161147658 0.0932292296176 0.255022273327 0.263131130641 0.22411878316 0.389026285283 0.596499984682 1.3174934472 230.0 247.0 255.0 0.0744759326757 0.271269976938 -0.108569651426 -0.0849353417172 -0.0349066 
0.0 0.0 0.0 0.0 0.422470576759 0.444565458955 0.368814057098 0.549496525664 0.591295943482 0.0 0.245971182162 0.0 230.0 247.0 255.0 -0.0340937187505 0.186334635221 0.0374996470099 -0.114704466269 -0.0349065 
0.0189509500035 1.16192421199 0.0 0.291179795251 0.231900034125 0.933904047347 0.0 1.11652444736 0.0 0.357730946035 0.0 0.0 230.0 247.0 255.0 0.00340592825941 0.0716301689518 -0.217720873859 0.168281277254 -0.0698133 
0.128302702321 0.0 0.242516402932 0.0 0.041332915841 0.0 0.338417412502 0.718548327022 0.0855667581917 0.412472197444 0.0 0.519109970165 230.0 247.0 255.0 -0.2143149456 0.239911446205 -0.0983095634464 0.028570000546 -0.0349065 
0.856637651408 0.0 1.64823921362 0.0 0.0 0.0 0.0 0.525547865316 0.0 0.0 0.825345780688 0.0 230.0 247.0 255.0 -0.312624509046 0.268481446751 0.153962563826 -0.0349975165511 -0.0698132 
0.0 0.349491839866 0.0847066158493 0.0 0.0 0.0 0.0 0.0212184646978 0.0 0.0424011395091 0.140032058256 0.590936027738 230.0 247.0 255.0 -0.15866194522 0.2334839302 -0.0862942715967 -0.0624033364831 -0.0698132 
# HEADER 2
0.0290420251088 2.41026260536 0.241020478184 0.0 0.0 0.0 1.15785549639 0.502627124328 0.246329713821 0.311206244975 0.432577308264 1.67577638991 230.0 247.0 255.0 0 0 0.0351396860008 0.121530058676 -0.0349066 
0.855964648632 0.0 0.0 0.0 0.0329044868084 0.288896238448 1.25638026571 0.0 0.0 0.40475732625 0.0 0.0 230.0 247.0 255.0 0.0351396860008 0.121530058676 -0.00127209147734 -0.109837055614 -0.10472 
0.141331862319 0.0 0.0 0.0 0.0 0.0 0.0 0.397367906957 0.0 0.0 0.608132814844 0.0 230.0 247.0 255.0 0.0338675945235 0.0116930030624 0.059846258807 0.0120891784343 -0.174533 
0.0 1.53586696471 0.0 0.0 0.729139522186 0.210361758562 0.625224125599 0.785017603004 0.0 0.0 0.0 0.595626224631 230.0 247.0 255.0 0.0937138533305 0.0237821814967 -0.0299370110263 -0.00712018036304 -0.174533 
0.196359926987 0.68715473784 0.137924344868 0.317645270159 0.252615041296 0.0 0.0 0.00915098683459 0.0 1.27579821378 0.589103772456 0.0 230.0 247.0 255.0 0.0637768423042 0.0166620011336 0.00734127146839 -0.030061316557 -0.279253 
0.0 0.0 0.0 0.0 0.47912374692 0.552217617194 0.0 0.0 0.0 0.395259069543 0.0 0.0 230.0 247.0 255.0 0.0711181137726 -0.0133993154233 0.00236769758714 0.178714324279 -0.244253639221 
0.0 0.0 0.0 0.0 0.0 0.0 0.45363098566 0.540277993127 0.0 0.0 0.0 0.0 230.0 247.0 255.0 0.0734858113597 0.165315008856 0.034488221654 0.177239852267 -0.069813 
0.202580501474 1.84468170345 2.5491084104 1.27787597911 0.0 0.0 0.555721589843 1.05507295487 1.55726919071 1.68061069745 0.0 0.0 230.0 247.0 255.0 0.107974033014 0.333333333333 -0.0348277731949 -0.185588092305 -0.0698133 
0.131407102525 0.0 0.0 0.377841865654 0.201140098953 0.0 0.517292425084 0.0 0.239315141364 0.463607233673 0.442638399006 0.0 230.0 247.0 255.0 0.0731462598188 0.147745241028 -0.0236742317456 0.159182612087 -0.0698133 
0.0208304611983 0.28669171937 0.0 0.0 0.0405416800279 0.0 0.907437932738 0.230377856894 0.0 0.0 0.0 0.0 230.0 247.0 255.0 0.0494720280732 0.306927853115 0.0959634597961 -0.121167650459 0.0 
0.0 0.729380828271 0.0 1.2626994827 0.0379971418523 0.0 0.0 0.452798442381 0.0 2.01469266112 0.574526153731 0.0 230.0 247.0 255.0 0.145435487869 0.185760202656 0.112184330155 0.181997732642 -0.139626 
0.0 0.0 0.679625999787 0.0 0.0 0.0 0.367792122606 0.0 0.0 0.0 0.0118864155168 0.0 230.0 247.0 255.0 0.257619818024 0.333333333333 -0.013152408964 0.294628804682 -0.279253 
0.0 0.0 0.0 0.0 0.0 0.0 0.125186398149 1.28426090166 0.0 0.0 0.941022755667 0.0 230.0 247.0 255.0 0.24446740906 0.333333333333 -0.213279650508 0.0404098146442 -0.139626 
0.981662842408 0.564830506971 0.271377393811 0.0 0.131595712631 0.442238797299 0.0 0.0 0.0 0.0 0.0 0.0 230.0 247.0 255.0 0.0311877585527 0.333333333333 0.017988952969 0.0647699904756 -0.10472 
