nrollouts: 2
# HEADER 1
0.0 0.0 0.0 0.0 0.0 1.58620307912 0.0 0.0 0.898988764275 0.139027994944 0.0 0.0 230.0 247.0 255.0 0 0 0.127706366351 0.0555472709386 -0.0349066 
0.0 0.0 0.0 0.0 0.536307749442 0.0 0.0 1.08019331393 0.0505201754596 0.92115915893 0.0 0.0 230.0 247.0 255.0 0.127706366351 0.0555472709386 0.0315079935111 0.189805909251 0.0349066 
0.0 0.0 1.46993607624 0.0 0.659932538543 0.798353043054 1.74998527262 0.0 0.0 0.0 0.0 0.0 230.0 247.0 255.0 0.159214359862 0.245353180189 -0.12945083722 0.0220854649286 -0.0349066 
0.0 0.0 0.953843926892 0.585065473013 0.0 0.0 0.11252036689 0.0 0.0 0.0 0.0 0.0 230.0 247.0 255.0 0.0297635226422 0.267438645118 -0.091068036748 0.125790966494 0.0 
0.255506196565 0.0 0.0 0.499501226391 0.0 0.0 0.943958629246 0.0 1.4206619821 0.864253063817 1.0633812324 0.0 230.0 247.0 255.0 -0.0613045141058 0.333333333333 -0.0234425611147 -0.0141720621846 0.0349066 
0.0 0.213526805111 0.0 0.0 0.0 0.0 0.498792463923 0.0 0.89440214244 0.0 0.105519726228 0.0 230.0 247.0 255.0 -0.0847470752205 0.319161271149 0.159603543929 -0.0894992768964 -0.0349066 
0.0 0.874718586251 0.0 0.0 0.0 0.0 0.0 0.0 0.70598588928 0.396439480727 0.0 0.571147957137 230.0 247.0 255.0 0.0748564687084 0.229661994252 0.110357542738 0.0868244322071 0.0 
0.0 0.0 0.0 0.0 0.163451794295 0.0 0.366209654213 0.0 0.0 0.241933419188 0.0312347921952 0.956689471483 230.0 247.0 255.0 0.185214011447 0.316486426459 0.0987270279708 -0.106243514912 0.0349066 
0.195470404236 0.0 0.0 0.0 0.0 0.705774990306 0.7750072065 0.952416338759 0.0 0.0 0.166400927376 0.0 230.0 247.0 255.0 0.283941039417 0.210242911548 0.248658612453 -0.0941924377457 -0.0349066 
0.0 0.0 0.0 0.0 0.0 0.0 0.244582737752 0.0 0.675696667941 0.0 0.0 0.0 230.0 247.0 255.0 0.333333333333 0.116050473802 0.00143856412751 0.139196487048 0.0 
0.0 0.0 0.699616352113 0.0 0.0 0.0 0.0 0.142297550099 0.0 0.0 0.390832656848 0.223475487068 230.0 247.0 255.0 0.333333333333 0.25524696085 0.3 -0.148536604839 0.0 
0.0 0.0 0.0 0.0 1.20011409347 0.0 0.346080358985 0.731631755056 0.0 0.0 0.469697542999 0.0 230.0 247.0 255.0 0.333333333333 0.106710356011 0.0417807962827 0.0369922846345 0.0349066 
0.0 0.323561452605 0.480988733135 0.0 0.0 0.859206581894 0.0232758304661 0.0 1.67336922665 0.0 2.19285059738 0.0 230.0 247.0 255.0 0.333333333333 0.143702640645 -0.132652916722 0.184398597315 0.0349066 
0.35398903849 0.0 0.0 0.0 0.0 0.0 0.159298837047 0.0 0.0 0.0 0.0 0.0 230.0 247.0 255.0 0.200680416612 0.32810123796 0.0917066375306 0.0165649133193 0.0 
0.0 0.0 0.0 0.0 0.0 0.0 0.0 0.95947771961 0.672810095909 0.21199176237 0.0 0.467350159537 230.0 247.0 255.0 0.292387054142 0.333333333333 0.053052023909 0.105543926858 0.0698132 
0.0 0.262716065216 0.0 0.0 0.0 0.0 0.0 0.0 0.917062868961 0.236537525639 0.0 0.0 230.0 247.0 255.0 0.333333333333 0.333333333333 0.221632299913 -0.174560659808 -0.0349066 
0.0 0.0 0.0 0.0 0.0 0.0 0.00132537008519 0.568931835712 0.0 0.0 0.0 0.0 230.0 247.0 255.0 0.333333333333 0.158772673525 -0.039540779426 0.226289017296 0.10472 
0.0 0.0 0.527359818655 0.0 0.0 1.63977265037 0.00199307405431 0.0 0.0 0.0 0.0 0.0 230.0 247.0 255.0 0.293792553907 0.333333333333 0.0143937898491 0.17885613434 0.0 
0.0 0.0 0.0 0.0 0.0 0.820127430177 0.970343109494 0.0 1.76779790622 0.115570063657 0.44034230977 0.0 230.0 247.0 255.0 0.308186343756 0.333333333333 0.169015499178 -0.0220887435782 0.0698132 
0.0 0.0 0.0 0.0 0.0 0.0 0.249144060391 0.0 1.1649034469 0.0 0.0 0.0 230.0 247.0 255.0 0.333333333333 0.311244589755 0.103621362307 0.136742415331 0.0 
0.0 0.0 0.471906114114 0.0 0.513655497801 0.0 0.945972147471 0.0 0.775647830382 0.0 1.82551824854 0.0 230.0 247.0 255.0 0.333333333333 0.333333333333 -0.0647450677701 0.0188087322575 0.0349066 
0.0 0.0 0.45607170368 0.0 0.0 0.0 0.0 0.0 1.28975281861 0.0 0.0 0.470862273251 230.0 247.0 255.0 0.268588265563 0.333333333333 -0.0573191869982 0.230987088047 0.0 
0.0 0.0689910834758 0.0 0.0 0.0 0.0 0.562607406703 0.0 0.946584236986 0.0 0.894743097422 0.509866825998 230.0 247.0 255.0 0.211269078565 0.333333333333 0.144969268798 -0.0156832259158 0.0349066 
0.417187896685 0.0 0.0 0.0 0.0 0.0 0.549282837611 0.0 0.0 0.224136983395 0.0 0.0 230.0 247.0 255.0 0.333333333333 0.317650107417 0.00820398584908 0.0190848843062 0.0 
0.0 0.0 0.0 0.250609707678 0.0 0.424053353011 0.471807575306 0.209221598147 0.0 0.0 0.0 0.714144609298 230.0 247.0 255.0 0.333333333333 0.333333333333 -0.138387753833 -0.3 0.0698131 
0.66930248126 0.0 0.47548614611 0.0 0.570065434399 0.0 0.904185941324 0.235178168939 0.0 0.0 0.345067757776 0.0 230.0 247.0 255.0 0.1949455795 0.0333333333333 0.0716772141541 -0.01521673017 0.0 
0.0 1.19829293946 0.0 0.0 0.0 0.0 0.0 0.0 0.0 0.209754842638 0.0 0.0 230.0 247.0 255.0 0.266622793654 0.0181166031634 -0.0264384846312 -0.105710062137 0.0698132 
0.0 0.0 0.0 0.0 0.0 0.0 0.696862312328 0.0 0.109884952472 0.0 0.313767127961 0.0 230.0 247.0 255.0 0.240184309023 -0.0875934589738 0.111504142481 -0.0733405720484 0.0 
0.276942321684 0.0 0.219668113287 0.0 0.0333496923147 0.0 1.48035582123 0.582364458469 0.0 0.60522833074 0.61980625325 0.0877056070692 230.0 247.0 255.0 0.333333333333 -0.160934031022 -0.0847925206247 0.040356638356 0.0 
0.0 0.0 0.206995922777 0.0 0.0 0.0 0.606955412965 0.0 0.0 0.0 0.0 0.0 230.0 247.0 255.0 0.248540812709 -0.120577392666 0.00969083644387 -0.175489237288 0.0698132 
0.424123115236 0.0 0.0 0.0 0.0 0.0 1.53591321056 0.0 0.0 0.0 0.344795450758 0.0 230.0 247.0 255.0 0.258231649153 -0.296066629954 -0.0123958037011 0.173472499063 0.0 
0.419817502607 0.0 0.0 0.0 0.0 0.379484396359 0.0 0.0 0.0 0.252730194159 0.0 0.166048142157 230.0 247.0 255.0 0.245835845451 -0.122594130891 0.0880611348417 0.100192347336 0.0349065 
0.0 0.0 0.0 0.0 0.267453454871 0.439218772734 1.83508547883 0.0 0.0 0.832363105465 0.0 0.0 230.0 247.0 255.0 0.333333333333 -0.0224017835557 0.0427630360443 -0.159714462414 0.0 
0.0 0.0 1.44581201231 0.0 0.0 0.0175792676109 1.11198058166 0.0468456751575 0.0 0.400142319615 0.0 0.0 230.0 247.0 255.0 0.333333333333 -0.182116245969 -0.108197437971 0.0545127498847 0.0349066 
0.0 0.0 0.0 0.0 0.0 0.0 0.0665447480597 0.0 0.0 0.998067581327 0.258652221067 0.969425879688 230.0 247.0 255.0 0.225135895362 -0.127603496085 -0.144460721538 0.173174540879 0.0698131 
0.0 0.0 0.0 0.0 0.651143632004 0.0 0.0 0.0 0.0 0.105358840952 0.0 0.0 230.0 247.0 255.0 0.080675173824 0.0455710447945 -0.0173246375805 0.3 0.0 
0.0 0.0 0.345392996592 0.157481034197 0.0 0.0 0.860374998818 0.376268193609 0.0 0.0 0.0 0.0 230.0 247.0 255.0 0.0633505362435 0.333333333333 0.133782849389 0.111221325814 0.0 
0.0 0.0 0.0 0.0 0.0 0.0 0.0548152495339 0.149280717039 0.330806025661 0.0 0.325377438426 0.0 230.0 247.0 255.0 0.197133385632 0.333333333333 -0.020625989434 0.0808191986021 0.0349066 
0.0 0.418745175904 0.576474495442 0.0 0.0 0.0 0.0 0.0 0.828492544055 0.209195116485 0.372252196409 0.0 230.0 247.0 255.0 0.176507396198 0.333333333333 -0.229369623195 0.188343912008 0.0 
0.0 1.28853607811 0.0 1.33026010882 0.0 0.0 0.0 0.0714461016914 0.54708557348 0.236182273166 2.43742535035 0.0 230.0 247.0 255.0 -0.0528622269972 0.333333333333 0.112959265409 -0.125484414564 0.0349066 
0.0 0.600627047081 0.0 0.0 0.524299759079 0.0 0.0 0.0 0.0 0.0 0.0 0.0 230.0 247.0 255.0 0.0600970384115 0.207848918769 -0.0937667184802 0.011878763863 0.0349065 
0.0 0.0 0.0 0.0 0.252768196286 0.0 0.0 0.232415980508 0.0 0.0 0.0 0.0 230.0 247.0 255.0 -0.0336696800687 0.219727682632 -0.0360401112976 0.0470149056173 0.0 
0.0 0.0 0.272449428783 0.0 0.0 0.0 0.455210630712 1.17715303453 0.667673935943 0.207784419608 0.0 0.0 230.0 247.0 255.0 -0.0697097913663 0.266742588249 0.136363363233 0.0500237373401 0.0349066 
0.0 0.296594407829 0.273433577331 0.0 0.495939511707 0.728308943859 0.0138395170497 0.269054728524 0.0 0.018419486051 0.344222990182 0.34035810045 230.0 247.0 255.0 0.0666535718667 0.316766325589 -0.0295301744115 -0.0586753807695 0.0 
0.0 0.0 0.0 0.0 0.0 0.0 1.43768532043 0.0 0.384084464144 0.0 1.37254115868 0.0 230.0 247.0 255.0 0.0371233974552 0.25809094482 0.0779883231917 -0.240820150477 0.0 
0.736096308613 0.0 0.0 0.0 0.0 0.0 0.213554161562 0.0 0.0203219640761 0.049844001049 0.0 0.564841689078 230.0 247.0 255.0 0.115111720647 0.0172707943427 -0.049399805922 0.00525284977676 0.0349066 
0.789786909698 3.01924895795 1.25878389229 1.73395406009 0.0 1.5269205394 0.0 1.08236572836 0.619939732951 4.51335461111 2.101579449 2.27230870494 230.0 247.0 255.0 0.0657119147248 0.0225236441194 0.0573763847284 0.135326339315 0.0 
0.507132095684 0.51319817363 0.195944797977 0.0 0.0 0.0 0.531859496208 0.104759149654 0.347432270379 0.317406165435 0.0 0.0 230.0 247.0 255.0 0.123088299453 0.157849983435 0.264917431855 0.126273883973 0.0698131 
0.0 0.0 0.00431645268564 0.0 0.035245710169 0.0 0.0 0.231075282891 0.330291593859 0.0 0.0 0.0 230.0 247.0 255.0 0.333333333333 0.284123867408 0.178439223205 0.0168826091577 0.0349066 
0.102496812584 0.565967516832 0.640142166598 0.0 0.0 0.0 0.0 0.364247952568 0.941661857337 2.82374386824 0.248689836041 0.339650808762 230.0 247.0 255.0 0.333333333333 0.301006476566 -0.152475192273 -0.255046085969 0.0 
# HEADER 2
0.788249765915 1.46792083137 0.560103413407 0.0 0.0 0.0 0.0 0.0 0.0 0.37437705618 0.0 0.0 230.0 247.0 255.0 0 0 0.192835890137 -0.0442073746851 0.0698133 
0.0 0.0 0.0 0.0 0.0 0.0 0.0 1.087489731 0.0 0.0 0.223051655273 0.0 230.0 247.0 255.0 0.192835890137 -0.0442073746851 0.0065175640492 -0.3 0.0 
0.0 0.305356586905 0.234766207264 0.0 0.0 0.0 0.564316213222 1.60434945098 0.564173834067 0.171026878523 0.0 0.0 230.0 247.0 255.0 0.199353454186 -0.333333333333 -0.0408347081299 -0.107517867787 0.0698131 
0.0 0.0306025295163 0.0 0.0 0.0 0.0 0.0995662933883 0.0736519090542 0.0313499369003 0.358048249886 0.253176625518 0.0 230.0 247.0 255.0 0.158518746056 -0.333333333333 -0.00627064312279 0.15354286936 0.0698131 
0.482948784145 0.560871832243 0.0 0.0 0.0 0.0 0.0 0.0 0.807283232725 0.0 0.370731522974 1.07567652984 230.0 247.0 255.0 0.152248102934 -0.179790463973 -0.137045167615 -0.163706549345 0.139626 
3.11271497088 2.23383813475 2.72493220596 0.0 0.296911214378 1.49459851323 0.0 0.722894257026 1.67118453424 3.02437466387 0.373998405395 0.924883163111 230.0 247.0 255.0 0.0152029353189 -0.333333333333 0.0801253413807 0.3 0.0349065 
0.0 0.150559076189 0.849767635654 0.0 0.0 0.0 0.145087399613 0.0 0.0374778277046 0.0 0.0 0.227622756433 230.0 247.0 255.0 0.0953282766995 -0.0333333333333 0.0837283591433 -0.133335900859 0.0698133 
0.498099976922 0.0 0.607369103824 0.0 0.0 0.0 0.762669955004 1.08823609286 0.560409162195 0.153940981316 0.0 0.0 230.0 247.0 255.0 0.179056635843 -0.166669234192 0.0807525381468 0.103762049516 0.0349065 
0.290302630586 0.554595964394 0.195131419718 0.0 0.0 0.0 0.943317297068 1.20078596414 0.336458745502 0.216073402057 0.0 0.0 230.0 247.0 255.0 0.25980917399 -0.062907184676 0.0664304418865 0.257097743479 0.0349066 
0.150073258829 1.07636524571 0.488930750243 0.381427001077 0.928696155838 0.593210220943 0.0 1.14291958591 0.972331710028 1.61084459849 0.0 1.15265013017 230.0 247.0 255.0 0.326239615876 0.194190558803 -0.159414405465 0.0609274317015 0.0698133 
0.0 1.14040318772 0.521930891931 0.112323080843 0.0315158596211 0.0327452402626 0.880857274809 1.23129785575 0.0 0.0 0.0 0.0 230.0 247.0 255.0 0.166825210411 0.255117990505 0.0219211541275 -0.0791981980114 0.069813 
0.314320760319 0.0 0.711241875784 0.0 0.0 0.0 0.0585847194749 0.0 0.0 0.0 1.187768629 0.668225771962 230.0 247.0 255.0 0.188746364538 0.175919792494 0.206809792759 0.113300487412 0.139627 
0.0 0.0184915219759 0.285834873965 0.3481660499 0.0 0.0 0.44267054042 0.678723164708 0.0 0.562786216924 0.399551125859 0.71157701148 230.0 247.0 255.0 0.333333333333 0.289220279906 0.0600310304499 -0.0244631154854 0.244346 
0.0 0.449264149474 0.0 0.0 0.0 0.0 0.905607699573 0.327074393201 0.0 1.0691507586 0.375426004711 0.71257358586 230.0 247.0 255.0 0.333333333333 0.26475716442 0.119459338905 0.0525603532054 0.20944 
