nrollouts: 2
# HEADER 1
0.0 0.0 1.25210637096 1.18346952263 0.0 0.0 0.562257077558 0.0 0.0 0.351149757527 0.0 2.35998536051 230.0 247.0 255.0 0 0 0.232985610231 -0.0639611949316 0.0 
0.0 1.33313641175 0.293488205796 0.0942857305666 0.98724343995 0.0 0.0 0.0 0.0560273598094 0.0 0.525518701358 0.0 230.0 247.0 255.0 0.232985610231 -0.0639611949316 0.243877683649 0.00889979036446 0.0 
1.73798452368 1.85682051603 0.0 0.0 0.0 0.520755578467 0.0 0.826603441596 2.14413117489 2.92041661727 0.546009755102 0.0 230.0 247.0 255.0 0.333333333333 -0.0550614045672 0.154602857847 -0.0388900587776 0.0 
0.0 0.74723272481 0.210435000128 0.0 0.122045250195 2.41215253209 0.0 0.106005587791 0.0 0.493516935706 0.0 0.547130537102 230.0 247.0 255.0 0.333333333333 -0.0939514633448 0.0427161251253 -0.13556982732 0.0 
0.0 0.347218627479 0.737734319648 0.312272457228 0.532471816504 0.0 0.512964903707 0.0 0.258968665178 0.0 0.0 0.613086516309 230.0 247.0 255.0 0.333333333333 -0.229521290665 -0.0334197254746 0.194899400627 0.0 
0.0 1.17193486621 0.18764228615 1.05694268011 1.40098308931 0.0 0.0 1.29865131397 0.00625215533753 2.8563975492 0.628071851186 0.0 230.0 247.0 255.0 0.299913607859 -0.0346218900386 -0.150191321992 0.0465217720546 0.0 
0.0 0.0 0.0966528214544 0.0 1.22183833904 0.0 0.0 0.0 0.0 0.0 0.0 0.0 230.0 247.0 255.0 0.149722285866 0.011899882016 -0.150488859014 0.0109383241472 0.0 
0.884111674178 0.0 0.0 0.0 0.0622630543889 0.0 0.0 0.918386252122 0.18211397858 0.0 0.0 0.0 230.0 247.0 255.0 -0.000766573147744 0.0228382061632 0.130206722062 0.142912570757 0.0349066 
0.0 0.0 0.0603013065271 0.0 0.0 0.0 0.00187913203923 0.0 0.0 0.0 0.0 0.0 230.0 247.0 255.0 0.129440148914 0.16575077692 -0.0335967354724 0.025659956448 0.0 
0.0 0.438293385765 0.157127955283 0.0 0.0 0.731439168415 0.0 0.01365516828 0.0 0.435704760581 0.0 0.274531634608 230.0 247.0 255.0 0.0958434134419 0.191410733368 -0.13557264733 0.115817967327 0.10472 
0.0 0.0 0.0 0.0 0.241531644437 0.0 0.0 1.04327026997 0.0 0.0 0.488101678984 0.0159649626246 230.0 247.0 255.0 -0.0397292338877 0.307228700696 0.126255257094 -0.0622168782623 0.0 
0.0 0.0 0.356196924657 0.0 0.0 0.0 0.531813152232 0.0 0.851526661886 0.353956546377 0.0624287363407 0.0 230.0 247.0 255.0 0.0865260232067 0.245011822433 0.126069906798 0.0541992407578 0.0349066 
0.860485920051 0.0 0.216161803867 0.277106624714 0.000508568595761 1.47757234054 0.476368482112 0.0 0.0 0.0 1.59960434062 0.0 230.0 247.0 255.0 0.212595930004 0.299211063191 0.0795821401234 0.0634188419379 0.0 
0.119532902346 0.268240280654 0.34739286727 0.197589494897 0.0 0.269317841993 0.0 0.469341867764 0.712557175051 0.0124928137519 0.0 0.0 230.0 247.0 255.0 0.292178070128 0.333333333333 0.0962621672344 -0.0128493958851 0.10472 
0.0158606589158 0.0 0.131564157676 0.0 0.204005883146 0.524036458263 0.0 1.43228779256 0.333513319763 0.0 0.0 0.507113777867 230.0 247.0 255.0 0.333333333333 0.320483937448 0.0780930777109 -0.133034678111 0.0 
0.0 0.0 0.0 0.0 0.0 0.0 0.0 0.33666882084 0.0 0.0 0.383953380197 0.0315925896621 230.0 247.0 255.0 0.333333333333 0.187449259337 -0.0390355519428 -0.0420675791459 0.0349064 
0.0 0.595306276404 0.64888577126 0.300880383022 0.510301684138 0.0 0.0 0.0 0.0 0.0 0.0 0.0 230.0 247.0 255.0 0.294297781391 0.145381680191 0.263989599774 0.0644531291432 0.0 
0.0 0.0 0.975982207698 0.214535534794 0.0569356209482 0.0 0.0 0.0 0.352270556571 0.0 0.625093487317 0.0 230.0 247.0 255.0 0.333333333333 0.209834809334 0.0625272196625 0.0515814608882 0.0698133 
0.0 0.0 0.249437190966 0.0 0.0 0.0 1.57849905354 0.953596168898 0.0 0.327804407029 0.202761161731 0.322250619839 230.0 247.0 255.0 0.333333333333 0.261416270222 -0.3 0.0184339972743 0.0 
0.186637234097 1.30375714086 0.0 0.0596598006238 0.00655850377036 0.0 0.0 0.0 0.224850465251 0.433349206802 0.0 0.0 230.0 247.0 255.0 0.0333333333333 0.279850267497 -0.0627610385215 0.0122052584396 -1.25664 
0.0 0.0 0.0 0.0 0.0 0.0 1.09098875797 0.0 0.0 0.450517031769 0.0 0.0 230.0 247.0 255.0 -0.0294277051882 0.292055525936 0.0151476323335 0.174548849668 1.36136 
0.199239472055 0.0 0.0 0.0 0.0 0.266461100745 0.0 0.0 0.0 0.0 0.0 0.726198782675 230.0 247.0 255.0 -0.0142800728547 0.333333333333 -0.00804571885649 -0.0193217546367 0.069813 
0.0 0.0 0.163800101115 0.0 0.0961109857029 0.0 0.560834799238 0.0 0.328088335278 0.0 0.479885505323 0.0 230.0 247.0 255.0 -0.0223257917112 0.314011578697 -0.235221779777 -0.0530307159409 0.0698133 
1.39507555589 0.0 0.0 0.521154991446 0.0 0.510647803776 0.642634112982 1.33479448613 0.0474117694947 0.0 0.0 0.0 230.0 247.0 255.0 -0.257547571488 0.260980862756 0.0102106030291 -0.22206896212 0.0 
0.0 0.0 0.0 0.0 0.0 0.0 0.0 0.472352703129 0.0 0.0 0.728859765362 0.0 230.0 247.0 255.0 -0.247336968459 0.038911900636 -0.0490747741042 -0.138302380842 0.0698133 
0.739188582519 0.0 0.0379399474451 0.800985441491 0.0 0.0 0.0 0.0 0.0 0.0 0.0 0.0 230.0 247.0 255.0 -0.296411742563 -0.0993904802062 0.0790908569698 0.134956713316 0.0349064 
0.0 0.0 1.67337337497 0.456351267087 0.136637224279 0.276807744321 0.0 0.0821640682222 0.168096337598 0.0 0.362367456558 0.0 230.0 247.0 255.0 -0.217320885593 0.0355662331097 -0.0388299453957 0.040323943019 0.0349066 
0.0 0.523120392023 0.0 0.0 0.0323575796262 0.0 0.0 1.62490385383 0.0 0.0 0.0 0.0 230.0 247.0 255.0 -0.256150830989 0.0758901761287 -0.0205272935001 -0.0132477527397 0.10472 
0.86117056596 0.0 0.258153226213 0.0901539557385 0.0306997742889 0.0 0.566980466169 1.00752878395 0.26226952179 0.0 0.0 0.0 230.0 247.0 255.0 -0.276678124489 0.062642423389 0.0417391627175 -0.145455296122 0.0 
0.0733525730279 0.304687089258 0.0 0.0 0.0 0.0 0.0 0.0 0.0 0.0 0.737224540453 0.18080636241 230.0 247.0 255.0 -0.234938961772 -0.0828128727327 0.0954146450872 0.19258641908 0.0698131640726 
0.122807250234 0.69628722905 0.0 0.0 0.0018427169942 0.0 0.567232090729 0.0 0.0 0.0692923342024 0.875842814869 0.0 230.0 247.0 255.0 -0.139524316684 0.109773546347 0.0731443415291 0.0475620959845 0.0698132 
0.0 0.221451212736 0.0 0.115318039041 0.0319825126885 0.324388375395 0.127813564732 0.0 0.0 0.0 0.0 0.0 230.0 247.0 255.0 -0.0663799751552 0.157335642332 0.177608473202 0.091123196712 0.0698132 
0.0 0.0 0.0 0.211990098394 0.0324233823502 0.0 1.46433780627 0.801953649725 0.283160216393 1.20252235246 0.533408220305 0.0 230.0 247.0 255.0 0.111228498047 0.248458839044 0.103510880898 -0.0894492435042 0.0 
0.0 0.0 0.0 0.0 0.0324002345799 0.0 0.109958453367 0.0 0.289761627494 0.853819713018 0.29270723962 0.0 230.0 247.0 255.0 0.214739378945 0.15900959554 0.131857641244 0.172162537389 0.10472 
0.763372130975 0.0 1.54397021187 0.0 0.0323698647979 0.0 1.41655970906 0.0 0.289739149086 0.676255515041 0.0 0.543034212311 230.0 247.0 255.0 0.333333333333 0.331172132928 0.0838054775195 0.0613381372426 0.0 
0.790931042279 1.58709380798 0.539840249515 1.42498071908 0.907143328961 1.13724651778 0.0 1.02556946291 1.55535057695 2.95460837454 0.736129215979 0.0714176827027 230.0 247.0 255.0 0.333333333333 0.333333333333 0.285804072396 0.0636303765435 0.0698132 
0.0427759659075 0.0 0.0 0.293178985521 0.0 0.507150484772 0.483408164519 0.130922019905 0.378223926103 0.0 0.653679525314 0.0 230.0 247.0 255.0 0.333333333333 0.333333333333 -0.094394626965 0.00503173657612 0.0 
0.513714122779 0.0 0.0 0.0 0.0517234879039 0.0 1.18850031204 1.03078539169 0.0 0.0 0.0 0.0 230.0 247.0 255.0 0.238938706368 0.333333333333 -0.0928485632652 0.0858481771913 0.0698132 
0.130914709318 0.0 0.0 0.0 0.0498705823299 0.0 1.24581906254 0.0 0.0 0.20138532992 0.0 0.0 230.0 247.0 255.0 0.146090143103 0.333333333333 0.070704652257 -0.0561398910599 0.0 
0.0 0.0674829564915 1.3968167133 0.0 0.0 0.0 0.0 0.0 0.141605063131 0.0 0.0 0.00136479129051 230.0 247.0 255.0 0.21679479536 0.277193442273 0.225823483384 -0.146437689579 0.0698132 
0.0 0.0250412843318 0.444279588264 0.0 0.592274362053 0.0 0.431708010308 0.0 0.241358269691 1.14021924879 0.0 0.0 230.0 247.0 255.0 0.333333333333 0.130755752695 0.0446896620859 0.00136164255838 0.0349066 
0.0 0.0 0.0 0.0 1.02618366173 0.0 0.0 0.0 0.19605357706 0.383344547603 0.0 0.669574323541 230.0 247.0 255.0 0.333333333333 0.132117395253 0.0864459609367 -0.00961408160708 0.0 
0.405220345027 0.0 0.0 0.0 0.0 0.0 0.0825331385062 0.0 0.288981223432 0.0 0.0 0.245396843945 230.0 247.0 255.0 0.333333333333 0.122503313646 -0.17590067608 0.172794130185 0.0349066 
0.876961567919 0.346422637073 0.658045267572 0.193873907874 0.409530516611 0.888095563659 0.0 0.0 0.930943180729 2.42339641885 0.224009871223 1.29723841453 230.0 247.0 255.0 0.157432657253 0.295297443831 -0.0158094908049 0.148433678831 0.10472 
0.965159847521 0.0 0.291774992464 0.0 0.0 0.0 0.0 0.0 0.0 0.0 0.0 0.566951614188 230.0 247.0 255.0 0.141623166448 0.333333333333 0.126201261889 0.0951075430148 0.0349066 
0.79417690049 0.333807229721 0.160752199259 0.189566033164 0.0 0.0 0.134813442238 0.0 0.637917197648 0.702582149149 0.813154470681 0.414568722147 230.0 247.0 255.0 0.267824428337 0.333333333333 0.0770107715921 0.133884143111 0.0 
0.0257413466023 0.638931414684 0.0 0.0 0.0313711421532 0.513741290514 0.0 0.818858265153 0.0 0.0 0.0 0.412105801675 230.0 247.0 255.0 0.333333333333 0.333333333333 -0.0390676996038 0.0431350120424 0.0698132 
0.0 0.0 0.0 0.0 0.815594220564 0.0 0.543972782823 0.199872283709 0.0 0.272012557226 0.0 0.0 230.0 247.0 255.0 0.29426563373 0.333333333333 -0.0357371494104 -0.058136935775 0.0 
0.0 0.0 0.770323448992 0.0 0.0 0.0 0.0 0.0 0.181014894386 0.0 0.778559450104 0.0 230.0 247.0 255.0 0.258528484319 0.275196397558 0.252812473236 -0.106073187339 0.0349066 
0.537899863908 0.0 0.840558152884 1.56234795074 0.995754336737 0.0 0.0 0.563489741737 0.288927933766 0.0 0.0 0.99626883292 230.0 247.0 255.0 0.333333333333 0.16912321022 -0.0997447519562 -0.0842245468462 0.0349066 
# HEADER 2
0.0 1.52315424527 0.817717091769 0.1105110647 0.784887518995 0.663373332043 0.0 0.304935098124 0.0 0.0 0.0 0.0 230.0 247.0 255.0 0 0 -0.0290145297074 0.0073841590169 0.0698131 
0.229238074513 0.0 0.0 0.0 0.0 0.0 0.0 0.457129942362 0.351915878322 0.0 0.628670887919 0.0 230.0 247.0 255.0 -0.0290145297074 0.0073841590169 0.220437615841 -0.0120039252871 0.0 
0.76753183594 0.584969340406 0.889887909504 0.819263320813 0.0 0.951810219581 0.0 0.83429143114 1.7438228973 3.20689282439 0.0 3.34881701765 230.0 247.0 255.0 0.191423086134 -0.0046197662702 0.0823573211555 0.00463451977763 0.0698132 
0.0413392971632 0.643097369182 0.0 0.241124932462 0.0 0.0 0.409695992003 0.198953171507 0.0 0.556162540109 0.71939591205 0.0198379198253 230.0 247.0 255.0 0.273780407289 1.47535074299e-05 0.12315861215 -0.0469183168465 0.0 
0.0 0.0 0.0 0.0 0.0 0.0 0.144987555576 0.0 0.0 0.0 0.0 0.0 230.0 247.0 255.0 0.333333333333 -0.0469035633391 0.0276212147842 -0.117309235034 0.0 
0.013554620845 0.0 0.0 0.562031230462 0.0 0.520849836877 0.809002406884 0.689286684895 0.651956848323 0.0 0.0 0.0 230.0 247.0 255.0 0.333333333333 -0.164212798373 0.104848337238 -0.0206339579032 0.0 
0.0 0.0221890819701 0.134495114744 0.127898360603 0.029947182086 0.0 0.0 0.0 0.0 0.0 0.0 0.0 230.0 247.0 255.0 0.333333333333 -0.184846756276 -0.270214830337 0.121008391977 0.0698132 
0.805174876644 0.0 0.377687268321 0.0 0.0 0.0 0.668438728883 0.0 0.210784432939 0.0 0.0 0.0 230.0 247.0 255.0 0.0631185029965 -0.0638383642989 0.16825022967 0.000273415740686 0.0349065 
0.0 0.0 0.0 0.253618541356 0.973708760551 0.0 0.0 0.0 0.0 0.0 0.234859756499 0.0 230.0 247.0 255.0 0.231368732666 -0.0635649485582 -0.164386307255 -0.0671912133322 0.0 
0.185645896069 0.0 0.0 0.0 0.0 0.0 0.0 0.0 0.0 0.409284558187 0.0 0.0 230.0 247.0 255.0 0.0669824254119 -0.13075616189 -0.0785925298062 -0.186614323127 0.0 
0.0 0.336191780122 0.0 0.0 0.0349234472686 0.0 0.0 0.141153599402 0.0 0.403686912112 0.205547180764 0.338806000031 230.0 247.0 255.0 -0.0116101043943 -0.317370485018 0.196197030484 -0.0347424583529 0.10472 
0.0 0.0774331182006 0.0145841035095 0.0 0.255415481411 0.0 1.398158435 0.629932277675 0.0 0.231722846467 0.305157553977 1.53579276421 230.0 247.0 255.0 0.18458692609 -0.333333333333 -0.0213597014306 0.295262788838 0.0 
0.949061379018 0.399343787338 0.0 0.0 0.0383004559307 0.458601759254 1.58321783717 0.0 0.0 0.0745218987812 0.746819024415 0.0 230.0 247.0 255.0 0.16322722466 -0.0380705444951 0.110408056877 0.0564168742185 0.0349066 
0.0 0.0 0.0 0.354229063733 0.0 0.0 0.0 0.0 0.0 0.0 0.0 0.0 230.0 247.0 255.0 0.273635281537 0.0183463297235 0.170229711796 0.083270572742 0.0 
