nrollouts: 2
# HEADER 1
0.415178058466 0.0 0.0 0.0 1.02813493826 0.300063081848 1.46144134653 0.629466377717 0.0 0.0 0.0 0.342690630714 230.0 247.0 255.0 0 0 0.0773690498141 -0.0249522962774 0.0 
0.0 0.0 0.0 0.0 1.03515068997 0.0 0.0 0.0 0.0 0.0 0.0 0.834395367613 230.0 247.0 255.0 0.0773690498141 -0.0249522962774 -0.128938284795 0.0302976337478 0.0 
0.355245715631 0.0 0.0 0.573336295542 0.460222394508 0.0 1.26358416494 0.228178087576 0.0 0.0 0.743358661015 0.576589054548 230.0 247.0 255.0 -0.0515692349813 0.00534533747044 0.0493792397028 0.109367355032 0.0 
1.66660037317 2.53321626341 1.53196245382 0.845972162768 0.611662033643 2.09436897465 0.0 0.862383215397 1.92518009158 4.30643705575 0.0 0.730871653272 230.0 247.0 255.0 -0.00218999527852 0.114712692502 -0.0484871813729 -0.0315556063465 0.0 
1.22525140967 0.0926642868465 0.0 0.0 0.387114227597 0.0 0.0 0.587193655096 2.10356160322 0.0 0.0 0.0 230.0 247.0 255.0 -0.0506771766515 0.0831570861554 0.0164490108794 -0.0816126221556 0.0 
0.0 0.101372668676 0.262331576273 0.0 0.0 0.0 1.76197875051 0.0 0.0 0.0 0.0 1.17177479898 230.0 247.0 255.0 -0.0342281657721 0.00154446399988 -0.0554516499005 -0.0120408058635 0.0 
0.0 0.0 0.101481970941 0.436952241299 0.0 0.0 0.161028805578 0.0 0.327255231427 0.0 0.747955558682 0.0 230.0 247.0 255.0 -0.0896798156725 -0.0104963418636 -0.00788463326981 0.0141118508405 0.0 
0.160813983859 0.0 0.0 0.0 0.0 0.0591898569481 0.537161937138 0.380098527146 0.0 0.0 0.0 0.343100164659 230.0 247.0 255.0 -0.0975644489424 0.0036155089769 0.108047154611 0.0949071286665 0.0 
0.0 0.0 0.715997930279 0.334874882514 0.0 0.0 0.353696480278 0.0 0.0 0.0 0.0909597903827 0.0 230.0 247.0 255.0 0.0104827056682 0.0985226376434 0.151782103219 -0.108314826486 0.0349065 
0.932954430631 1.06295150607 0.0 0.402684399801 0.231987310238 0.174427535647 0.351972428435 0.0 0.0 0.421922063661 0.978397572432 0.0455038370626 230.0 247.0 255.0 0.162264808888 -0.00979218884305 -0.0870653775173 0.163881663731 0.0 
0.573809957704 0.0 0.0 0.0 0.0 0.0 0.0 0.156235162455 0.0886476631009 0.0 0.0 0.0 230.0 247.0 255.0 0.0751994313703 0.154089474888 0.00397603824157 0.0372817414937 0.0349066 
1.19167432821 0.0 0.469013062767 0.0 0.237346085668 0.360804640754 0.346428413098 0.67509018823 0.0 0.397978766728 0.0 0.0 230.0 247.0 255.0 0.0791754696119 0.191371216381 0.113591201131 -0.208638150898 0.0 
0.93699509522 2.58682823541 1.16427723542 0.0 0.495382884318 2.2440843119 0.0 1.17859220355 0.098716831012 3.38256288521 0.0 0.0 230.0 247.0 255.0 0.192766670743 -0.017266934517 0.0607839885231 0.0831203946189 0.0349066 
0.135229617145 0.0 0.0 0.0666852326117 0.0 0.0 0.0 0.169801951767 0.0 0.0 0.0 0.828597551979 230.0 247.0 255.0 0.253550659266 0.0658534601018 -0.0713412943691 -0.3 0.0349065 
0.169556756609 0.0 0.0 0.0 0.0 0.0 1.29979158221 0.451252104211 0.0 0.437137719033 0.489574089116 0.0 230.0 247.0 255.0 0.182209364897 -0.234146539898 -0.120901885426 0.180904840984 0.0 
0.544939791513 0.0 0.0 0.0 0.240316031121 0.966550927708 0.227645075047 0.0 0.0 0.288478039578 0.0 0.0 230.0 247.0 255.0 0.0613074794715 -0.0532416989137 0.00779127384661 -0.00274580858601 0.0349066 
0.0 0.0 0.0 0.0 0.0 0.0 1.28938329702 0.0 0.421833644125 1.12317879206 0.0462379266196 0.0 230.0 247.0 255.0 0.0690987533181 -0.0559875074998 -0.00394955977208 0.231477292057 0.0 
0.377145986945 0.945691745578 0.0 0.0365821879459 2.20703535284 0.19847747314 1.35072207654 0.0 0.0 0.361561702478 0.0868021745799 0.00542035848751 230.0 247.0 255.0 0.065149193546 0.175489784557 0.0685374056335 -0.154057131572 0.0349066 
0.814150108601 1.61494382387 1.15336681626 0.0 0.133121839162 0.428568555235 0.0 0.0 0.0 2.86510503684 0.0565888988238 1.3925496101 230.0 247.0 255.0 0.13368659918 0.0214326529853 0.0305040496537 -0.103516236859 0.0698131 
0.867004851787 1.57754035499 0.206242658521 0.52216098879 0.0 0.868952275958 0.0 0.0 0.0 2.15334258612 0.00902567660507 1.85044932791 230.0 247.0 255.0 0.164190648833 -0.0820835838733 -0.0960860296596 -0.0340733922621 0.0349066 
0.0 0.0 0.656256572573 0.0 0.0 1.11437361938 0.0 0.0 0.0 0.0 0.0 0.607169855479 230.0 247.0 255.0 0.0681046191737 -0.116156976135 0.0112715124658 0.171870662627 0.0 
0.379955927722 0.0 0.0 0.0 0.356168633146 0.0 1.12794699737 0.621334081645 0.0 0.0 0.0 0.0 230.0 247.0 255.0 0.0793761316395 0.0557136864911 0.0319652920948 -0.0529382294223 0.0349065 
0.0 0.0 0.0 0.0 0.0 0.0 0.818526112561 0.75742032369 0.0 0.0 0.0390885914046 0.0 230.0 247.0 255.0 0.111341423734 0.0027754570688 -0.154836502251 0.0321906645016 0.0698133 
0.0 0.0 0.441337867761 0.0 0.0 0.680364271802 0.375617926145 0.0 0.248022574507 0.0 0.211594760199 0.0 230.0 247.0 255.0 -0.0434950785167 0.0349661215704 0.129430473621 0.3 0.0 
0.0 0.0 0.101742441317 0.0 0.0 0.0 0.0 0.169572991788 0.0 0.0 0.0 0.216698093714 230.0 247.0 255.0 0.0859353951046 0.333333333333 0.0617357643775 -0.0692301523427 0.0698131 
1.25275626618 0.0 0.0 0.0 0.358239691974 0.0 0.0 0.675823941946 0.0 0.0 0.0 0.0 230.0 247.0 255.0 0.147671159482 0.264103180991 0.0215826371341 -0.0229293293148 0.0 
0.0 0.0 0.215746918027 0.0 0.0 0.0 0.337991966198 0.616454281173 0.0 0.320139530646 0.415285880008 0.0 230.0 247.0 255.0 0.169253796616 0.241173851676 -0.168098478847 0.172842699576 0.0698131 
1.88300244306 0.799668328465 0.707550344802 0.0684105974028 0.984410806561 0.0 0.0 0.662030338229 0.0 0.0 0.0 0.0 230.0 247.0 255.0 0.00115531776873 0.333333333333 0.0159792014775 0.23008205811 0.0698131 
0.804431329436 0.0 0.214803788163 0.0 0.381743693672 0.0 0.606989490782 0.0 0.0 0.0 0.775739996808 1.21416661919 230.0 247.0 255.0 0.0171345192463 0.333333333333 -0.0124747925454 0.00120356296354 0.0 
1.16225081629 0.0435962995402 0.472759528234 0.0 0.0 0.0 1.2938701191 0.0 0.0 0.373567315692 0.0 0.332127091259 230.0 247.0 255.0 0.00465972670087 0.333333333333 0.0128682621939 0.0424603507325 0.0349066 
0.0286638439826 0.0 0.0 0.0 0.358558898936 0.0 0.429610198332 0.604473048312 0.0 0.0 0.528601419162 0.0 230.0 247.0 255.0 0.0175279888947 0.333333333333 -0.112871103592 0.199575863984 0.0698131 
0.618043840943 0.0 0.0 1.56885662233 0.0 0.0 0.0 0.0 0.0 0.0 0.0167017326823 0.0 230.0 247.0 255.0 -0.0953431146977 0.333333333333 0.108286580882 -0.126344387448 0.0698133 
0.0 0.0 0.0 0.00131709278952 0.0 0.0 0.7088430959 0.0 0.0 0.304051137441 0.0 0.692773828939 230.0 247.0 255.0 0.0129434661839 0.206988945885 -0.0715185845094 0.120991419939 0.0349065 
0.0 0.0982295566268 0.0 0.0 0.230013446691 0.683137583191 0.0 0.0 0.0 0.0 0.0 0.0 230.0 247.0 255.0 -0.0585751183255 0.327980365825 0.267085784904 -0.121630080031 0.0698133 
0.281080408534 0.0 0.0 0.0 0.0 0.496719396187 0.258672449234 0.0 0.0 0.0 0.0 0.0 230.0 247.0 255.0 0.208510666579 0.206350285794 0.10014611589 0.148444630151 0.10472 
0.731871725902 0.565298687019 0.0 0.911647817789 0.499563787613 0.0 0.00108221084537 0.0 1.37538105072 0.0143163909515 0.0 0.0 230.0 247.0 255.0 0.308656782469 0.333333333333 -0.022925703181 -0.0250424281349 0.139627 
0.893564285427 0.563755276606 1.09307173408 0.803015246459 0.0 0.0 0.0 0.606133032559 0.0 0.0 0.54422908576 0.0 230.0 247.0 255.0 0.285731079288 0.308290905198 -0.13222418478 -0.0961998591478 0.0 
0.0 0.344640454288 0.0 0.629226075197 0.459600841444 0.0 0.0988757437791 0.0 0.460747069099 0.185111754058 0.0 0.0363513455675 230.0 247.0 255.0 0.153506894507 0.212091046051 0.201675123767 0.0994162832227 0.0349064 
0.240734784527 0.606773499164 0.0 0.0 0.0 0.510716782254 0.288791052733 0.140980484997 0.0 0.0956183165608 0.0 0.0 230.0 247.0 255.0 0.333333333333 0.311507329273 0.0759980856271 -0.0702232444749 0.10472 
0.0 0.0 0.0 0.0 0.0 0.0 0.350936295608 1.08337508436 0.0 0.0 0.0 0.363653300344 230.0 247.0 255.0 0.333333333333 0.241284084798 0.179491858704 0.0521266358986 0.10472 
0.0 0.0150553855661 1.08590490577 0.0 0.382546276732 1.82408015428 0.229736514555 0.82926180918 0.0 0.180260573963 0.721104043927 0.12425758507 230.0 247.0 255.0 0.333333333333 0.293410720697 0.101892062518 -0.0233451062417 0.0349066 
0.84218208255 1.55546124324 0.195325277591 0.0 0.545166245217 1.44344893262 0.0 0.742321142503 1.39979633469 2.9256176626 0.555933366185 1.39058014354 230.0 247.0 255.0 0.333333333333 0.270065614455 0.192348442703 0.229316860061 0.10472 
0.0 0.703551413788 0.0 0.0 0.0 0.0 0.0665037303265 0.0 0.0 0.325565614503 0.0 0.0 230.0 247.0 255.0 0.333333333333 0.333333333333 0.3 -0.0510104567843 0.139626 
0.174033055974 0.0 0.0 0.0 0.35933319908 0.796126741332 0.0 0.0 0.0 0.925476040967 0.0 0.716984604308 230.0 247.0 255.0 0.333333333333 0.282322876549 -0.177940134645 0.0381550994203 0.10472 
0.0 0.0 0.0 0.0 0.293982498387 0.0 0.864647924773 0.0 0.56324320472 0.10663779632 0.133381916376 1.40101699447 230.0 247.0 255.0 0.155393198689 0.320477975969 0.20845828187 -0.0144871022151 0.0 
0.81290663542 1.3195426249 1.02729044993 0.177977713073 0.855805615977 0.155853283412 0.0 0.994601968583 0.491400872632 2.06465283131 0.0 1.24233032334 230.0 247.0 255.0 0.333333333333 0.305990873754 -0.122505559385 0.149249215995 0.10472 
0.0 0.0 0.0 0.0 0.0 0.0 0.335208438499 0.0 0.177790482623 0.0 0.0 0.626683077878 230.0 247.0 255.0 0.210827773949 0.333333333333 0.0368256626892 -0.0535652271903 0.10471978982 
0.1549068377 0.0 0.0 0.0 0.0787951062413 0.182894957791 0.0 0.445133912728 0.0 0.0 0.0 0.0 230.0 247.0 255.0 0.247653436638 0.279768106143 0.285411361246 -0.229726181824 0.0698132 
0.0 0.0 0.0 0.599471616116 0.0 0.0 0.300647222706 0.0 0.0 0.0 0.0 0.0 230.0 247.0 255.0 0.333333333333 0.0500419243189 -0.111253294274 0.152182764462 0.174533 
0.186767496514 0.600003333535 0.0 0.0 0.0 0.0 0.0 0.0 0.0 0.0 0.739229551658 0.0 230.0 247.0 255.0 0.222080039059 0.202224688781 0.0300944131566 -0.0196047328655 0.10472 
# HEADER 2
0.0211158478432 0.0 0.0 0.0 0.0 0.30800309485 0.371351497525 0.920757204172 0.099104587081 0.0 0.234932357751 0.0 230.0 247.0 255.0 0 0 0.205738215269 -0.0933239559453 0.10472 
1.3362740487 0.0969931037216 0.0 0.0 0.0 0.041438034755 0.0 1.99509786738 0.437571444539 0.0 0.234202006862 0.0 230.0 247.0 255.0 0.205738215269 -0.0933239559453 -0.248447894598 0.13528085555 0.0 
1.21578083181 0.0 0.0 0.0 0.354738836388 0.13132371769 0.394152383531 0.729535565758 0.489526969059 0.0 0.874489046622 0.0 230.0 247.0 255.0 -0.0427096793288 0.0419568996043 -0.0379492027486 -0.016143163851 0.10472 
0.0 0.0 0.190877584719 1.27169282272 0.0 0.0 0.418184524049 0.0 0.0 0.0 0.227995965244 0.0 230.0 247.0 255.0 -0.0806588820774 0.0258137357533 -0.0169718095075 0.0894867891966 0.0698132 
0.350324799028 0.830104680307 0.0 0.0 0.0 0.13624472309 0.152839972281 0.0 0.0 0.0 0.0 0.0 230.0 247.0 255.0 -0.0976306915849 0.11530052495 0.202993161287 0.134299895218 0.0698131 
0.270972344743 0.108558151542 0.0 0.599866132156 0.34332111539 0.0 0.0 0.0 0.276667460248 0.362977478856 0.738635459507 0.0 230.0 247.0 255.0 0.105362469702 0.249600420168 0.095742468031 0.00487248960314 0.0349066 
2.93300528795 2.72767196245 0.636674320552 0.751665348814 0.386182704563 1.92372977393 0.0 1.33609071225 1.36276831196 3.73847192555 0.897430123998 1.46769412637 230.0 247.0 255.0 0.201104937733 0.254472909771 0.170230195196 0.0887134967443 0.0349066 
0.0 0.189957875498 0.0 0.0 0.0 0.379269292018 0.181409265988 0.0 0.0 0.0 0.446023575954 0.0 230.0 247.0 255.0 0.333333333333 0.333333333333 -0.0212371076448 -0.0356474341647 0.0349066 
0.0 0.103386333019 0.0 0.0215346011011 0.0 0.0 0.136225051534 0.429869696108 0.0 0.184000661959 0.0 0.770993806699 230.0 247.0 255.0 0.312096225689 0.297685899169 0.0643208974809 0.115110608591 0.0698132 
0.0 0.0 0.583529438366 0.0 0.0 0.281019108159 0.0 0.0 0.0 0.0 0.0 0.8394948033 230.0 247.0 255.0 0.333333333333 0.333333333333 0.16408659115 0.223180972674 0.0698131 
0.0 0.846171550091 0.0 0.0 0.0 0.556315280517 0.0 0.612304606972 0.0 0.0 0.0 1.21531141886 230.0 247.0 255.0 0.333333333333 0.333333333333 -0.00566025186474 0.172857661362 0.0 
0.329608407613 0.115443083588 0.0 0.0 0.375505413165 0.0 0.0 0.0 0.0 0.848850167125 0.0467664597894 0.0 230.0 247.0 255.0 0.327673081469 0.333333333333 0.0180971430239 -0.102507746285 0.0698132 
0.184423844627 1.6019196912 0.0 0.0 0.0 0.0 0.334278737883 0.206422017612 0.0 0.433429318969 0.449165380371 0.0 230.0 247.0 255.0 0.333333333333 0.230825587048 0.116278752111 -0.204352753275 0.0 
0.0 0.0 0.0 0.224895817847 0.0943891702832 0.0 1.73208431427 0.93904022254 0.589160575562 0.0 0.0 0.0 230.0 247.0 255.0 0.333333333333 0.0264728337737 -0.070285604416 0.0242244888606 0.0349066 
