nrollouts: 2
# HEADER 1
0.508862803895 0.0 0.588751124622 0.0 0.220697026629 0.0246300621891 0.0 0.0609779720695 0.0 0.0 0.0 0.0 230.0 247.0 255.0 0 0 0.125747518731 0.0242016472091 0.0 
0.680208779605 1.50265208134 1.26404908768 0.0 0.331378128502 2.52363367993 0.0 0.0990660828894 1.438262079 3.02981226031 0.0 1.44603934551 230.0 247.0 255.0 0.125747518731 0.0242016472091 -0.00483002965251 -0.140647375269 0.0 
0.0 0.0 0.184619468155 0.0 0.722765318119 0.0 0.70935039764 0.0 0.0 0.115856455882 0.0 0.403342341958 230.0 247.0 255.0 0.120917489079 -0.116445728059 0.0089600745672 -0.00939544046661 0.0 
0.193157844574 0.0 0.530671607189 0.0 0.0 0.0700770350845 0.0 0.0 0.39196979423 0.0 0.437210351485 0.435806038558 230.0 247.0 255.0 0.129877563646 -0.125841168526 0.0840696136579 0.00397627993664 0.0 
0.490941304784 1.30451635285 0.0 0.0 0.74916091541 0.0 0.0 0.0 1.18001299958 0.0137064460081 0.0 0.490664305846 230.0 247.0 255.0 0.213947177304 -0.121864888589 -0.0750010008863 0.0140254306235 0.0 
# HEADER 2
0.489762079292 0.0 0.0 0.280326153935 0.0 0.0 0.716483319631 0.0 0.0725309820467 0.413806170559 0.749665588728 0.409729575843 230.0 247.0 255.0 0 0 -0.0272831622483 -0.0853932997769 0.0 
0.0 0.0 0.0 0.800496642461 0.0 0.0 0.0 0.0 0.0 0.0317901714429 0.0802487381136 0.0 230.0 247.0 255.0 -0.0272831622483 -0.0853932997769 -0.159087190949 0.246384688985 0.0 
0.558821600297 0.127711839052 0.0 0.0 0.0 0.0 1.01658179769 0.0 0.0 0.0447114990935 0.0 0.0111954789452 230.0 247.0 255.0 -0.186370353197 0.160991389208 -0.0759094290253 0.149641522304 0.0 
0.0 0.0 0.0 0.0 0.0 0.0 1.56430649857 0.0 0.0 0.0 0.0 0.463117483984 230.0 247.0 255.0 -0.262279782223 0.310632911512 0.088042522763 -0.0290030033608 0.0 
0.0 0.0 0.0 0.0 0.0 2.13739597313 0.686570495927 0.00181731663501 0.0 0.0 0.0430753445248 1.30861951026 230.0 247.0 255.0 -0.17423725946 0.281629908152 0.168449731672 -0.118706861605 0.0 
0.422863109334 0.245035272169 0.0 0.0391583929482 0.534268616941 0.0 0.349586881938 0.0 0.0233290058154 0.0 1.45846982359 0.211938900979 230.0 247.0 255.0 -0.00578752778735 0.162923046547 -0.219781921787 0.0660859323302 0.0 
0.0 0.0 0.27022651695 0.470024527535 0.0 0.0 0.0 0.926796864997 0.0 0.0 0.0146756356219 0.276161138337 230.0 247.0 255.0 -0.225569449575 0.229008978877 0.278742414661 0.0309108915632 0.0 
0.0 0.0 0.0 0.0 0.0 0.0 0.0 0.0590479788548 0.841331889854 0.0 0.0 0.0 230.0 247.0 255.0 0.0531729650861 0.25991987044 0.177967129196 -0.00800092348616 0.0 
0.0 0.0 0.0 0.0 0.0 0.052140400759 0.0 0.0 0.0 0.0 0.0 0.0 230.0 247.0 255.0 0.231140094282 0.251918946954 0.00118466338786 -0.100856194012 0.0 
0.0 0.0 0.0 0.191382887622 0.0 0.320620886435 0.51258215049 0.0 1.21972047684 0.0 0.219561920899 0.0 230.0 247.0 255.0 0.23232475767 0.151062752942 0.0818944599506 -0.144796916622 0.0 
0.0 1.13475380562 0.387890928121 0.252481349535 0.747691659395 0.0 1.3039685311 0.0 0.0 0.0453605083694 0.00722261941647 0.0 230.0 247.0 255.0 0.314219217621 0.00626583632006 -0.113518798175 -0.0493260317298 0.0 
0.0 0.238367541755 0.0 0.0 0.0 0.0 0.0 0.103869862207 0.392342654055 0.0 0.0 0.475651625623 230.0 247.0 255.0 0.200700419446 -0.0430601954097 0.00339914312186 -0.202122695781 -0.069813 
0.0 0.0 0.0 0.0 0.0 0.0 0.0 0.0 0.271874281333 0.232557433043 0.0032681122373 0.0 230.0 247.0 255.0 0.204099562567 -0.245182891191 0.0849211111393 0.119339389223 -0.453786 
0.0 0.0 0.0 0.465828777613 0.167546354011 0.34388299179 0.0280219665782 0.0 0.0238545589014 0.795659734931 0.0 0.0 230.0 247.0 255.0 0.289020673707 -0.125843501967 0.0854017459886 0.3 -0.174533 
