nrollouts: 2
# HEADER 1
0.0 0.0 0.312127503709 0.0 0.0 0.0 0.455645309353 0.0 0.0 0.0 0.304222311247 0.0 230.0 247.0 255.0 0 0 -0.190525632031 -0.0589508910143 0.0 
0.0416672661408 0.0 0.0 1.25605787063 0.128722517536 0.0 0.0 0.0 0.0 0.0 0.0 0.0 230.0 247.0 255.0 -0.190525632031 -0.0589508910143 0.250237614184 0.117253556103 0.0 
0.0 0.0 0.0 0.01498859613 0.0 0.0 0.0 0.243651395703 0.0 0.0 0.0 0.0 230.0 247.0 255.0 0.0597119821536 0.0583026650883 0.0798189016499 0.101964982612 0.0 
0.639837615732 0.0572003625865 0.0380536584636 0.0 0.0 0.0 0.113816066265 0.0 0.0 0.0 0.0 0.288358177621 230.0 247.0 255.0 0.139530883804 0.1602676477 -0.131952649528 0.287782628623 0.0 
0.0 0.0 0.0 0.343602378786 0.0 0.0 0.0 0.571298036442 0.0 0.0 0.0 0.0 230.0 247.0 255.0 0.00757823427538 0.333333333333 -0.183923446809 0.0881008346853 0.0 
0.0 0.0 0.0 0.0 0.228279946147 0.0 0.0 0.750570680835 0.604167327809 0.0 0.0 0.0 230.0 247.0 255.0 -0.176345212533 0.333333333333 -0.0023060959403 0.0888735005013 0.0 
0.0 0.0 0.413259317222 1.77683609076 0.0 0.0 0.0 0.0991382202627 0.57998770025 0.0 0.0 1.29396690849 230.0 247.0 255.0 -0.178651308474 0.333333333333 0.0318844485389 0.121828645164 0.0 
0.0 0.17917714113 0.0 0.0 0.0 0.0 0.0 0.32366724553 0.126413697345 0.0 0.0 0.0 230.0 247.0 255.0 -0.146766859935 0.333333333333 0.253085098938 0.0904016001018 0.0 
0.0 0.0 0.0 0.0 0.166559742197 0.0 0.0 0.920576313263 0.0 0.126072901292 0.0 1.44931358757 230.0 247.0 255.0 0.106318239003 0.333333333333 0.203789132264 -0.0490181631614 0.0 
0.0 0.0 0.0 0.0 0.274851276163 0.0 0.0 0.0 0.0 0.0 0.0 0.2127765172 230.0 247.0 255.0 0.310107371268 0.284315170172 0.149041128377 0.0196748393799 0.0 
0.0 0.350196334291 0.179211159518 0.0 0.0 0.0 0.221920632485 0.522368540449 0.865940127325 0.425893197141 0.0 0.0 230.0 247.0 255.0 0.333333333333 0.303990009552 0.176737779031 0.0484689751248 0.20944 
0.0 0.0 0.0 0.0 0.0 0.101908114037 0.0 0.0474569629035 0.0 0.0 0.0 0.0 230.0 247.0 255.0 0.333333333333 0.333333333333 -0.286929854193 0.0179817292071 0.279253 
0.0 0.788414423733 0.0 0.0 0.108692756395 0.0 0.0 0.401023143534 0.0 0.0 0.0 0.471513185896 230.0 247.0 255.0 0.0464034791403 0.333333333333 0.0691312627321 0.0136574203752 0.244346 
0.0 0.0 0.0 1.05259376228 0.367750336725 0.38371280208 0.556350920043 1.57554302136 0.0 0.0 0.0 0.0 230.0 247.0 255.0 0.115534741872 0.333333333333 -0.10066370337 -0.145707282778 0.10472 
0.0 2.43905551872 0.0 0.0 0.137451172452 0.0 0.70625209689 0.2342071327 0.0 0.0 0.0 0.0 230.0 247.0 255.0 0.0148710385019 0.187626050555 0.3 -0.0381037614665 0.139626 
0.0 0.0 0.0 0.0 0.0 0.0 0.50527138178 0.0 0.0 0.0 0.0 0.0 230.0 247.0 255.0 0.314871038502 0.149522289088 0.115737485035 0.0472885160377 0.139626 
0.0 0.0 1.3765868635 0.0 0.119212958058 0.0 0.0 0.0 0.0 0.0 0.0 0.0 230.0 247.0 255.0 0.333333333333 0.196810805126 0.0588101065655 0.0144389751699 0.10472 
0.157219371466 0.140224493275 0.0 0.0 0.74299888064 0.0 0.0 0.0 0.0 0.0 0.0 0.167674429219 230.0 247.0 255.0 0.333333333333 0.211249780296 0.22587958228 -0.240342808595 0.139626 
0.170625426622 0.326903531966 0.208914849345 0.0 0.306856799799 0.0834057785137 0.0 0.0 0.0 0.420019063342 0.0 1.94826244069 230.0 247.0 255.0 0.333333333333 -0.0290930282989 0.125776619395 -0.161482314221 0.0698131 
0.9834353141 0.832559360845 0.0 0.0 0.105823530999 0.0 0.0 0.189218810652 0.0 0.0 0.0 0.0 230.0 247.0 255.0 0.333333333333 -0.19057534252 -0.000589220062452 0.15615680598 0.139626 
0.0 0.0 0.0 0.0 0.0390316045146 0.0 0.0 0.261686983442 0.0 0.0 0.0 0.0 230.0 247.0 255.0 0.332744113271 -0.0344185365399 -0.0423581163116 -0.0350504166762 0.20944 
0.667845937447 0.0 0.0 0.0 0.0 0.0 0.0 0.0 0.220569376823 0.0 0.0 0.0302848892801 230.0 247.0 255.0 0.290385996959 -0.0694689532162 -0.118605040641 -0.096848874528 0.139626 
0.17503640297 1.78219404146 0.767842563387 0.0 1.29572834094 0.0 0.0 0.357365456085 0.0 0.556341851218 0.0 0.187925407444 230.0 247.0 255.0 0.171780956319 -0.166317827744 -0.00103886406993 0.204075430749 0.453786 
0.0 0.0 0.0 0.0 0.167012282753 0.0 0.0522699660765 0.0 0.0 0.328027597757 0.0 0.0 230.0 247.0 255.0 0.170742092249 0.0377576030044 0.153752139802 -0.0658071487337 0.314159 
0.121701477933 0.0 0.00424393560598 0.0 0.0 0.0 0.0 0.310216945876 0.0 0.0 0.0 0.684758060221 230.0 247.0 255.0 0.324494232051 -0.0280495457294 0.3 0.191379934307 0.314159 
0.0 0.0 0.0 0.0 0.0 0.913446948803 0.0 0.0 0.0 0.186565060615 0.814677062105 0.0 230.0 247.0 255.0 0.333333333333 0.163330388577 -0.123761267062 -0.0646345624635 0.45378557046 
0.0326998133693 0.760894400577 0.0 0.0 0.0 0.0 0.0 0.0 0.0 0.0 2.29096980224 0.718698829733 230.0 247.0 255.0 0.209572066271 0.0986958261138 -0.0860620387532 0.0563386758919 0.349066 
0.0 0.0 0.0 0.386172493754 0.0 0.0 0.462192194752 0.0 0.14465845015 0.0 0.0 0.0 230.0 247.0 255.0 0.123510027518 0.155034502006 0.204640690694 0.137338590017 0.209439 
0.0 0.663603568941 1.13423963526 0.0 0.220941984251 0.0 0.0 0.117480637975 0.0 0.0 0.0 0.0 230.0 247.0 255.0 0.328150718212 0.292373092022 0.00136524768978 0.220527444009 0.20944 
0.0 0.815289670502 1.2624543889 0.353960820768 0.917706735134 1.77094671551 0.0 0.995875671811 1.9678481775 3.92831082692 0.0 1.56031572306 230.0 247.0 255.0 0.329515965902 0.333333333333 0.0988692470566 -0.14198846356 0.10472 
0.0 0.0 0.0 0.0 0.0 0.0 0.0 0.0 1.30951023881 0.0 0.0 0.0 230.0 247.0 255.0 0.333333333333 0.191344869773 -0.0715298049119 0.00702345055689 0.10472 
0.129437748575 0.0 0.648641720625 0.464769030235 0.0 0.0 0.0 0.0516227219487 0.595627433046 0.0 2.07974410919 0.0 230.0 247.0 255.0 0.261803528421 0.19836832033 -0.0158308084365 -0.00494444433335 0.0349065 
0.173197123302 0.0 0.0 0.399242783375 0.0 0.0 0.0 1.301005313 0.0 0.0 0.0 0.367479533829 230.0 247.0 255.0 0.245972719985 0.193423875997 0.0260719849128 0.0649261482586 0.10472 
0.0 0.0 0.0 0.0 0.0 0.106118063414 0.0 0.0 0.336116955585 0.0 0.761010005447 0.0 230.0 247.0 255.0 0.272044704898 0.258350024255 -0.0538265119226 0.0298592495859 0.0698133 
0.670785848113 0.911856185961 0.0 0.0 0.59043185234 0.0 0.0 0.0 0.0 0.0 1.1876012643 0.0 230.0 247.0 255.0 0.218218192975 0.288209273841 -0.195310279329 0.119382654777 0.10472 
0.0 0.0 0.0 0.0 0.00139780061329 0.0 0.0 0.0 0.0 0.15556266326 0.0994783903987 0.0 230.0 247.0 255.0 0.0229079136464 0.333333333333 0.0544960309512 -0.283423602051 0.0698131 
0.427935825633 0.92621152527 0.0 0.0 0.601223594718 0.142001970114 0.0 0.1946455586 1.3700085967 1.32188753915 0.114135355676 0.951421516543 230.0 247.0 255.0 0.0774039445976 0.0499097312824 0.018834390372 0.0288768246345 0.10472 
0.0 0.108347745695 0.0 0.0 0.32579743829 0.0 0.113887329045 0.0 0.0 0.0 0.814875172333 0.0 230.0 247.0 255.0 0.0962383349696 0.0787865559169 -0.0463847277726 0.0509409414518 0.0349065 
0.0 0.0 0.0 0.0 0.0 0.0 0.0 1.28386615672 0.0 0.0 1.24957467175 0.795517000672 230.0 247.0 255.0 0.049853607197 0.129727497369 -0.216951558615 -0.103018892204 0.10472 
0.91653168691 0.0 0.0 0.165570210988 0.0 0.0 0.0 0.0 0.768775405599 0.0 0.114480273873 0.372933773964 230.0 247.0 255.0 -0.167097951418 0.0267086051652 -0.0365599826893 0.0418421100966 0.10472 
0.0 0.273468391364 0.0 0.301450314805 0.0 0.117819167184 0.0 0.0 0.0 0.0 0.205165130901 0.537571378334 230.0 247.0 255.0 -0.203657934107 0.0685507152618 -0.10501392059 0.138227509143 0.0349066 
0.0 0.0 0.0 0.0 0.0 0.0 0.0 0.0 0.217463821813 0.0 0.737850410317 0.0 230.0 247.0 255.0 -0.308671854698 0.206778224405 -0.0682738920507 -0.0483363637152 0.0 
0.0 0.0 0.429226636786 0.0 0.0 0.0 1.06561947464 0.0 0.0 0.504371738918 0.0 0.281104134222 230.0 247.0 255.0 -0.333333333333 0.15844186069 -0.0883780928243 -0.160563689562 -0.174533 
0.14432040419 0.0 0.0 0.0 0.0 0.234223499866 0.0 0.280223970685 2.48837726708 0.0 0.0356433733821 0.0 230.0 247.0 255.0 -0.333333333333 -0.00212182887204 0.270084679045 -0.181516997458 -0.349066 
0.128709612069 0.0 0.0 0.0 0.71232943294 0.0 0.0 0.0 0.0 0.0 0.0 0.307761576364 230.0 247.0 255.0 -0.0632486542884 -0.18363882633 0.00641065935939 0.280632000356 -1.25664 
0.0 0.0 0.0 0.0 0.0 0.0 0.0 0.0 0.0 0.0 0.113086154575 0.0 230.0 247.0 255.0 -0.056837994929 0.0969931740261 0.3 0.116510123582 -1.25663700898 
0.0329383770337 0.0 0.0 0.0 0.116105992083 0.0 0.00547054481382 0.0 0.0 0.0 0.0 0.0 230.0 247.0 255.0 0.243162005071 0.213503297608 -0.0220343168041 -0.148840537014 -0.663225 
0.690090684042 0.0 0.0 0.0 0.0 0.0 0.0 0.0 0.0 0.0 0.0331008677483 0.0 230.0 247.0 255.0 0.221127688267 0.064662760594 -0.18896889141 0.172828235917 -0.0698133 
0.106494346869 0.0 0.0 0.0 0.0150964017908 0.0 0.0 0.0 0.0 0.0 0.0 1.72084989922 230.0 247.0 255.0 0.0321587968565 0.237490996511 -0.0957541271838 -0.21633306754 0.139626 
0.152690110214 0.0 0.0 0.0 0.0 0.0 0.264924389821 0.0 0.0 0.0 0.828791468618 0.0 230.0 247.0 255.0 -0.0635953303272 0.0211579289707 -0.0718987204316 0.0768280846993 0.10472 
# HEADER 2
0.0 0.0 0.0 0.0 0.0 0.394687197369 0.36308756385 0.657086638173 0.0 0.0 0.0 0.0 230.0 247.0 255.0 0 0 -0.0151621843434 0.0750957950918 0.0 
0.0 0.0 0.0 0.239375095581 0.0 0.026885300652 0.0106454373062 0.102956314782 1.05369119256 0.0 0.0 0.0472023698997 230.0 247.0 255.0 -0.0151621843434 0.0750957950918 -0.0199269879389 -0.0155479871825 0.383972318965 
0.0 0.0 0.0 0.0 0.229981218762 0.0 0.0 0.421874940959 0.376223298994 0.0 0.0 0.0 230.0 247.0 255.0 -0.0350891722823 0.0595478079092 0.187103512604 -0.0350349903977 0.0 
0.17384283017 0.76482281431 0.0 0.0 0.0 0.274612440718 0.0967338035215 0.0 0.0 0.0 0.0 0.777582892897 230.0 247.0 255.0 0.152014340322 0.0245128175116 0.165204117795 -0.207168953474 0.20944 
0.0 0.0 0.0 0.0 0.0 0.0 0.00561970491748 0.0 0.867518810697 0.0 0.0 0.0 230.0 247.0 255.0 0.317218458117 -0.182656135962 -0.0923724427133 0.0968827069105 0.0 
0.0803376052195 0.767756736739 0.0 0.0 0.0 0.0187931959003 0.0 0.0 0.0 0.405858644497 0.0 0.0 230.0 247.0 255.0 0.224846015403 -0.0857734290516 -0.0843890897394 0.0655678418486 0.0 
0.0 0.0 0.0 0.498498453006 0.0 0.537562768116 0.0 0.0 0.0 0.0 0.0 0.0 230.0 247.0 255.0 0.140456925664 -0.020205587203 0.00163683266355 0.103755167148 0.837758 
0.0 0.0 0.0 0.0 0.040758819807 0.873339334867 0.935925242119 0.0 0.0 0.186859651386 0.729048522338 0.554398101606 230.0 247.0 255.0 0.142093758327 0.0835495799453 0.13630195346 0.134883942775 -0.244346 
0.0 0.0253811814106 0.0 0.0 0.0 0.0 1.50265220516 0.0 0.0 0.0 0.359169373447 1.29063403028 230.0 247.0 255.0 0.278395711788 0.218433522721 0.1157680295 -0.0712323603241 0.0 
0.0 0.0106050467993 1.37525455305 0.0 0.233010469277 0.0 1.81095389874 0.0 0.449920345776 0.31621410997 0.653800639761 0.0 230.0 247.0 255.0 0.333333333333 0.147201162396 -0.239786262442 -0.291798157805 0.0 
0.0 0.0 0.0 0.0 0.0 0.0 0.0 0.0 0.0 0.0 0.294677693196 0.747790216224 230.0 247.0 255.0 0.093547070891 -0.144596995408 0.240944421772 -0.0920323141294 0.0 
0.0 0.0 0.0 0.0 0.0 0.0 0.970148898688 0.0 0.123748735734 0.0 0.60148446584 0.0582898811094 230.0 247.0 255.0 0.333333333333 -0.236629309538 0.0587827107496 -0.0972244847014 0.0 
0.0 0.0 0.0 0.0 0.0 0.0 0.125519536034 0.0 0.0 0.316007871078 0.356168465454 0.0 230.0 247.0 255.0 0.333333333333 -0.333333333333 0.118923496342 -0.00357075665605 0.0 
0.0 0.0 0.16432096596 0.0 0.0 0.0 0.00292157197577 0.441929922753 0.0 0.0 0.0 0.0 230.0 247.0 255.0 0.333333333333 -0.333333333333 0.212163423581 0.0111873394502 0.0 
