nrollouts: 2
# HEADER 1
0.0 0.218290026117 0.0 0.0 0.0 0.042057019195 0.268914460474 0.159022534554 0.318921176079 0.0467823234408 0.067047960329 0.0 230.0 247.0 255.0 0 0 0.169126545287 -0.0520389488841 0.0 
0.0 0.0 0.784550989846 0.0715391924595 0.0 0.0 0.14895252811 0.94097793018 0.607699504171 0.170789723449 0.459510285697 0.254168001312 230.0 247.0 255.0 0.169126545287 -0.0520389488841 0.0504574515324 -0.253515269187 0.0 
0.0 0.204571062328 0.143654348568 0.0 0.374447435476 0.0 0.378529702198 0.0 0.0 0.170765833924 0.457579842156 0.498945973844 230.0 247.0 255.0 0.219583996819 -0.305554218071 0.0171188363653 0.0319886374879 0.0 
0.0 0.0 0.202585125916 0.0 1.05582078055 0.0 0.0 0.139706098709 0.05000899304 0.0 0.0 0.0 230.0 247.0 255.0 0.236702833185 -0.273565580583 -0.0397882009916 -0.0923118214769 0.0 
0.000944410180522 0.0 0.0 0.0 0.0 1.17864164887 0.0 0.16408985218 0.0 0.0 0.0 0.508805289412 230.0 247.0 255.0 0.196914632193 -0.333333333333 0.0239836990761 -0.226880206156 0.0 
0.296162846505 0.702405047001 0.0 0.491588029359 0.0 0.148205132649 0.0 0.0 0.103846350675 0.0 0.566906703278 0.0 230.0 247.0 255.0 0.220898331269 -0.333333333333 0.145584718701 0.183700064085 0.0 
0.0 0.0 1.20277129708 0.0 0.0 0.0 0.0729590288842 0.0 0.495040853043 0.0605047023787 0.0 0.72225898117 230.0 247.0 255.0 0.333333333333 -0.149633269248 -0.125583913433 -0.125523642205 0.0349066 
0.380175584472 0.0 0.0 0.0992318666494 0.469504217606 0.0 0.0 0.0 0.0216152400137 0.0 0.0 0.854281409586 230.0 247.0 255.0 0.207749419901 -0.275156911453 0.123824084836 0.114540880428 0.0 
1.1494031283 0.0 0.0 0.0 0.0 0.0 0.0 0.250947793481 0.0 0.0 0.191505673793 0.0 230.0 247.0 255.0 0.331573504736 -0.160616031025 0.0968948323137 0.113979653409 0.0349066 
0.765039466195 0.0 1.54893469025 0.0 0.0 0.0 0.0707682798557 0.0 0.0 0.0 0.0 0.236600571964 230.0 247.0 255.0 0.333333333333 -0.0466363776165 0.0294831064179 -0.00495517218722 0.0 
0.0 0.468460828502 0.299066791134 0.0 0.0771512496875 0.0 0.0 0.0 0.0 0.0 0.780790504523 1.25226865513 230.0 247.0 255.0 0.333333333333 -0.0515915498037 0.183046358267 -0.0437478124774 0.0 
0.0 0.0 0.280591605067 0.0 0.0 0.0 0.379361097216 0.0 0.0 1.06048950056 0.0725982538165 0.0 230.0 247.0 255.0 0.333333333333 -0.0953393622811 0.264229227629 -0.071811409995 0.0 
0.0 0.0 0.0 0.0 0.0 0.0 0.543220683917 0.0 0.370310321892 0.0 0.0175768928328 0.0 230.0 247.0 255.0 0.333333333333 -0.167150772276 0.0161239840568 0.142508509782 0.0349065 
0.563617902514 0.0 0.0 0.0 0.0 0.64968924874 0.676779259709 0.135847704023 0.465609217013 0.0 0.0720857086618 0.0 230.0 247.0 255.0 0.333333333333 -0.0246422624938 -0.181495375156 0.0551313425423 0.0349066 
0.0 0.0 0.703404627276 0.52782128517 0.0 0.0 0.827404504926 0.922478662821 0.0 0.618344848785 0.126119025849 0.0 230.0 247.0 255.0 0.151837958177 0.0304890800485 0.0971526355317 0.123054000229 0.0 
0.0 0.216343786739 0.25338673942 0.0 0.0 0.176631954017 0.0 0.181059146354 0.637255608055 0.0 0.0 0.0 230.0 247.0 255.0 0.248990593709 0.153543080278 -0.118257951621 -0.0649118475906 0.0349065 
0.0 0.0 0.0 0.558658023202 0.0 0.213336989811 0.0 0.0 0.0 0.804930300696 0.0 0.0 230.0 247.0 255.0 0.130732642088 0.088631232687 0.0693666244532 0.0740529184501 0.0 
0.0 0.0 0.0140225830059 0.0 0.81925218508 0.0 0.661092400531 0.0 0.0 0.281262082362 0.0 0.253363753785 230.0 247.0 255.0 0.200099266541 0.162684151137 0.171408881389 -0.286195173243 0.0 
0.0 0.0 0.702955647131 0.0 0.0563110093585 0.0 0.0 0.0 0.245255413539 0.63627954875 0.259610346417 0.0 230.0 247.0 255.0 0.333333333333 -0.123511022106 -0.108748197916 0.00435215704937 0.0698133 
0.0 0.0 0.0 0.0998984844868 0.0 0.0 0.380989483983 0.154813770181 0.0 0.0 0.338642619781 0.0 230.0 247.0 255.0 0.224585135417 -0.119158865057 0.199349180795 0.0917359832492 0.0 
0.0 0.0 0.0 0.590661255955 0.378697776207 0.0 0.0 0.0 0.383639685595 0.463660817745 0.181479737847 0.0 230.0 247.0 255.0 0.333333333333 -0.0274228818077 0.0570435873165 0.0310088120614 0.0 
0.0 0.446732529963 0.0 0.0 0.0 0.0 0.0 0.0 0.277468963302 0.0915609243185 0.0 0.0 230.0 247.0 255.0 0.333333333333 0.00358593025377 -0.0686918416525 -0.0345832117506 0.0 
0.330605885368 0.0 0.0 0.0 0.0 0.0 0.379948890158 0.0 0.0 0.00116210833413 0.0704774540298 0.0 230.0 247.0 255.0 0.264641491681 -0.0309972814968 0.191575289914 0.0516609966204 0.0 
0.663087622512 0.62218914646 0.638124990634 0.0 0.0 0.0 0.0 0.0 0.371707823845 0.0 0.0718102113212 0.0 230.0 247.0 255.0 0.333333333333 0.0206637151236 0.0677964126678 0.246708601762 0.0 
0.0 0.0 0.521234122964 0.439195582308 0.74095986608 0.0 0.0 0.00512983570016 0.587043605975 0.055257002723 0.0 0.0 230.0 247.0 255.0 0.333333333333 0.267372316886 0.0450148923374 -0.0966996897909 0.0 
0.0 0.0 0.276233238048 0.0 0.0 0.186494872051 0.0 0.168602165641 0.308800699028 0.249488749114 0.0 0.0 230.0 247.0 255.0 0.333333333333 0.170672627095 0.166176504582 -0.129359060379 0.0698131 
0.0 0.0 0.0 0.0 0.0 0.0 0.0 0.0 0.0 0.0 0.0587417008832 0.949819540721 230.0 247.0 255.0 0.333333333333 0.0413135667158 0.138833682841 0.000712598334756 0.0 
0.753401721824 0.0 0.546456479279 0.561598208338 0.0 0.0 0.0 0.138348556642 0.0 0.0 0.0 0.274139940978 230.0 247.0 255.0 0.333333333333 0.0420261650506 0.123988220056 0.186357430261 0.0349066 
0.0 0.620082143531 0.0 0.0 0.862822135935 0.0 0.0 0.100522584334 0.0 0.0550503633026 0.582006818784 1.25143849939 230.0 247.0 255.0 0.333333333333 0.228383595312 0.177268456119 -0.0174842494191 0.0 
0.0 0.0 0.0 0.0 0.0 0.0 0.0 0.123919419431 0.0 0.0 0.0 1.3832882314 230.0 247.0 255.0 0.333333333333 0.210899345893 0.0434838559043 -0.0126447582188 0.0 
0.0 1.20985126174 0.0 0.479702538236 0.370927373698 0.665820419016 0.0989569461238 0.0 0.0 0.0586014409894 0.0 0.103107137112 230.0 247.0 255.0 0.333333333333 0.198254587674 0.186283119657 0.00889182737734 0.0 
0.393770494621 0.0 2.02641621713 0.0 0.0 0.188322346282 0.769920397593 0.179060794932 0.1072596923 0.436914602761 0.468166251948 0.0 230.0 247.0 255.0 0.333333333333 0.207146415051 -0.146897086425 -0.0254924274145 0.0349065 
0.0 0.134988730621 0.952434824873 0.0 0.0 0.878302384269 0.0 0.147671734254 1.68362910057 0.0 0.0 0.0 230.0 247.0 255.0 0.186436246909 0.181653987637 0.265022472728 -0.0133861777734 0.0 
0.234011086087 0.0 0.0 0.0 0.0 0.730518272889 0.0 0.110936529147 0.0 0.0 0.0292708738067 0.0 230.0 247.0 255.0 0.333333333333 0.168267809864 -0.195297610329 -0.111895358103 0.0 
0.0 0.0 0.707856000483 0.471396144317 0.679069865158 0.0 0.0 0.95255010773 0.0 0.0 0.0773830968988 0.0 230.0 247.0 255.0 0.138035723004 0.05637245176 -0.114981300851 0.0116447640875 0.0698133 
0.0 0.0 0.581123044915 0.0 0.0 0.0 0.0 0.0782433154641 0.0 0.0632019055934 0.074791235751 0.0 230.0 247.0 255.0 0.0230544221531 0.0680172158476 -0.00487708082205 0.119232309009 0.0 
0.0 0.0 0.0 0.0 0.573862514869 0.0 0.0379918002475 0.0 0.0 0.901125198792 0.137148578343 0.0 230.0 247.0 255.0 0.018177341331 0.187249524857 0.0914951795861 -0.0784626615111 0.0 
1.84601723207 2.0984293714 0.405539693979 0.399149750716 0.623966234644 1.48056767951 0.0 0.91557395171 0.253020055226 3.05708375547 0.0 1.97777610212 230.0 247.0 255.0 0.109672520917 0.108786863346 -0.207994089322 0.117508740099 0.0 
0.169877471499 0.0 0.535033369028 0.0 0.0 0.0 0.0 0.951844712111 0.012612677175 0.320341079178 0.573964353416 0.0 230.0 247.0 255.0 -0.0983215684051 0.226295603445 0.0992766399968 -0.0319769335523 0.0349066 
0.00436906406656 0.0 0.0 0.0 0.15629620829 0.0 0.0 0.490920099752 0.0 0.0 0.0 1.42868893848 230.0 247.0 255.0 0.000955071591745 0.194318669892 -0.0966224535219 -0.296940381763 0.0 
0.0 0.0 0.516254907125 0.3511292394 0.0 0.0 0.0 0.679375200248 0.0 0.0 0.0 0.017225048667 230.0 247.0 255.0 -0.0956673819302 -0.102621711871 0.147986411429 -0.0475686246368 0.0 
0.380286193325 0.472232878919 0.0 0.0 0.653074678335 0.0616684348011 0.0 0.802382764514 0.494746921976 0.116375862514 0.0 1.04721838729 230.0 247.0 255.0 0.0523190294984 -0.150190336508 0.123554922109 -0.156238205431 0.0 
0.542654997726 0.0 0.0 0.0 0.0 0.0 1.44872716858 0.0 0.250664880356 0.0 0.0 0.195165310381 230.0 247.0 255.0 0.175873951607 -0.306428541939 0.0259870793262 -0.082871668219 0.0 
0.565247478372 0.0 0.196898023722 0.104321405681 0.612155061458 0.0 0.0 1.1390968602 0.0 0.0539779907596 0.0 0.0984989077145 230.0 247.0 255.0 0.201861030933 -0.333333333333 0.121761124095 0.173293228162 0.10472 
0.0 0.230629744671 0.0 0.0 0.0 0.0 0.668187293273 0.0 0.0 0.0540671348444 0.587090218018 0.0 230.0 247.0 255.0 0.323622155028 -0.160040105171 0.0772226462489 0.0562076222204 0.0 
0.284708126996 0.0 0.0 0.0 0.0 1.05825693387 0.0 0.0755938283457 0.311244509877 0.498289582889 0.0676000611356 0.0380881883655 230.0 247.0 255.0 0.333333333333 -0.103832482951 0.0933624136629 0.108785364619 0.0 
0.0 0.0 0.0 0.690312940937 0.266463839746 0.0 0.0 0.158323610283 0.0 0.0 0.143038777962 0.900949918032 230.0 247.0 255.0 0.333333333333 0.00495288166837 -0.0271948602434 0.123702066361 0.0 
0.024261518206 0.0 0.697389076484 0.0 0.0 0.0 0.0 0.171866928402 0.366022243758 0.16668090068 0.890375124157 1.15220207981 230.0 247.0 255.0 0.30613847309 0.128654948029 -0.122747231935 -0.0645790170686 0.0349066 
0.75480291522 0.0 0.0 0.471312437669 1.62542444442 1.46206874926 0.79912499849 0.923356964458 0.405739776833 0.962454598854 0.952233811027 0.328397531935 230.0 247.0 255.0 0.183391241155 0.0640759309605 -0.0354423679635 0.0109789768687 0.0 
0.0 0.0 0.0 0.0 0.0 0.493436869365 0.0 0.0 0.0 1.04788200342 0.0 0.0 230.0 247.0 255.0 0.147948873192 0.0750549078292 0.134427089859 0.0377753310481 0.0 
# HEADER 2
0.0 0.723910506075 0.0 0.347479779923 0.0 0.0 0.0 1.1042003502 0.0 0.279182595343 0.056441199909 0.797745954752 230.0 247.0 255.0 0 0 -0.0809966921067 -0.0121475318032 0.0 
0.0 0.696794800039 0.0 0.0 0.265893207791 0.0 0.0 0.0 0.0 0.0 0.627370941475 0.0 230.0 247.0 255.0 -0.0809966921067 -0.0121475318032 0.148288711667 0.131625827952 0.0 
1.2872631636 0.0 0.0 0.0 0.251616209339 0.0 0.0 0.0 0.0 0.0 0.0 1.14547647439 230.0 247.0 255.0 0.0672920195602 0.119478296149 0.0845764992508 -0.136523056711 0.0 
0.0 0.0 0.0 0.472511881029 0.0 0.0 0.0 0.157598203343 0.484346485486 0.0 0.196839251504 0.384188033364 230.0 247.0 255.0 0.151868518811 -0.0170447605616 -0.144974152002 -0.0325337173249 0.0 
0.0 0.0 0.0 0.0 0.0 0.0 0.0 0.0 0.987534076784 0.293796330762 0.176474202985 2.11885498167 230.0 247.0 255.0 0.0068943668093 -0.0495784778865 0.0347694423651 -0.0958627577437 -1.01229 
0.311401611856 0.0 0.0 0.572502303068 0.627363409535 0.0 0.101781983511 0.384268842212 0.0 0.0 1.57851337304 1.03510566439 230.0 247.0 255.0 0.0416638091744 -0.14544123563 -0.0490021460945 0.206592131567 1.0472 
0.0 0.251707592295 0.0 0.585995497442 0.0 0.0 0.0 0.0 0.418211681656 0.0 0.0 0.0 230.0 247.0 255.0 -0.00733833692012 0.0611508959369 0.136398868444 -0.0326093243808 0.069813 
0.346836432782 0.0 0.0 0.0863990005806 0.0 0.0 0.0315733252475 0.0 0.0 0.0 0.0316246509512 0.0 230.0 247.0 255.0 0.129060531524 0.0285415715561 -0.0749593441956 0.240204364919 0.0 
0.0 0.0 0.0 0.0 0.0 1.53120898729 0.879230001004 1.0373420211 0.0 0.931226004461 1.82868764091 1.26569979318 230.0 247.0 255.0 0.0541011873287 0.268745936475 -0.0793926272426 0.00266798539715 0.0349066 
0.0 0.0 0.758107739698 0.0 0.0 0.0 0.0 0.0 0.0 0.0 0.0 0.0611238040621 230.0 247.0 255.0 -0.0252914399139 0.271413921873 0.29461140752 -0.0700091731125 0.0 
0.0249724000499 0.0 0.0 0.354151285768 0.0705200281519 0.0 0.0 0.0 0.0 0.0 0.263636344664 0.0 230.0 247.0 255.0 0.269319967606 0.20140474876 0.3 0.218736658015 0.0 
0.0 0.725936375237 0.0 0.0 0.252449596035 0.0 0.0 0.17331397149 0.984634083955 0.0 0.0 0.239678816903 230.0 247.0 255.0 0.333333333333 0.333333333333 -0.245125834564 0.00193056682109 0.0349066 
0.0 0.0 0.65666984661 0.473816052089 0.0 0.0 0.0 0.201419516617 0.100308554817 0.43093971319 0.0 0.365761747383 230.0 247.0 255.0 0.0882074987698 0.333333333333 0.0211568675789 0.00817518613917 0.0 
0.00710373255813 0.52877309473 0.0 0.0 0.0 0.219799388311 0.0 0.0 0.0 0.060035532517 0.821344340212 0.0 230.0 247.0 255.0 0.109364366349 0.333333333333 0.0732933438573 0.0169744370839 0.0 
