nrollouts: 2
# HEADER 1
0.638554645841 0.0 1.58694887672 0.0 0.724401446375 0.0 0.0 0.947372158798 0.0 0.0 1.08844631212 0.0153619857277 230.0 247.0 255.0 0 0 0.126478373779 -0.00583790958546 0.0 
0.0 0.0 0.626201118559 0.0 0.344254237624 0.0 0.839020407655 1.20750399766 0.0 0.446067494588 0.361153330673 0.37622620249 230.0 247.0 255.0 0.126478373779 -0.00583790958546 0.165124868742 -0.0364118319008 0.0 
0.0 0.780549945286 0.0 1.07820423393 1.35568544804 0.99220656933 0.45257449672 0.585446221978 0.77394161617 0.0 0.0 0.0 230.0 247.0 255.0 0.291603242521 -0.0422497414862 -0.146602185532 -0.0452557816335 0.0 
0.760192756297 0.185264565782 0.700654473256 0.108125423762 0.0 0.0 0.0 0.111941825638 0.0 0.0672905342402 0.744322457079 1.0091207413 230.0 247.0 255.0 0.145001056989 -0.0875055231198 0.0787901172908 0.175313881584 0.0 
0.392154644973 0.0 0.236445324277 0.480381797562 0.317333987951 0.0 0.431696721206 1.0027504673 0.0 0.0 0.0 0.0 230.0 247.0 255.0 0.223791174279 0.087808358464 -0.136252625526 -0.0790710708317 0.0 
0.352555167948 0.783566195494 0.452743655905 0.0 0.356064832309 0.0 0.0 0.128223286164 0.0 0.0 0.0 0.0 230.0 247.0 255.0 0.0875385487538 0.00873728763235 -0.236509775738 0.287944639433 0.0 
0.420547026311 0.0 3.06345580397 0.452735505968 0.0 0.0 0.0 0.764983441507 0.524905646605 0.0 0.0 0.0 230.0 247.0 255.0 -0.148971226984 0.296681927066 0.269270311125 -0.0876206513532 -0.279253 
0.0 0.0 0.0 0.608093065155 0.0 0.797102997602 0.791380426058 0.0 0.0 0.0 0.0799819846856 0.523021216085 230.0 247.0 255.0 0.120299084141 0.209061275712 -0.0851931256731 -0.096519005139 0.0 
0.0 0.0 0.0 0.550887930167 0.0 0.0 0.0 0.229826159146 0.0 0.0691052461544 0.0 0.585575703181 230.0 247.0 255.0 0.0351059584679 0.112542270573 0.079314193866 -0.0796929857163 0.244346 
0.0 0.578275658154 0.0 0.0 0.0452979645976 0.852300769748 1.82206539054 0.990314485083 0.0 0.160725644247 0.0294473411295 0.0 230.0 247.0 255.0 0.114420152334 0.0328492848571 -0.0386193924303 -0.105433912371 0.209347013474 
0.0 0.0 0.582702198948 0.446985066311 0.0 0.354391361668 0.0 0.0 0.0 0.124622402195 0.278230914249 0.0 230.0 247.0 255.0 0.0758007599037 -0.0725846275136 -0.0684179903269 -0.116358912378 0.10472 
0.0 0.0 0.360135835699 0.64171463166 0.0 0.0 0.245751043055 0.0 0.0 0.118570572705 0.0479858156529 0.592208425713 230.0 247.0 255.0 0.00738276957682 -0.188943539891 -0.0201780414359 -0.0753917667003 0.139626 
0.0 0.0 0.601803679482 0.218270028477 0.732287858417 0.0 0.0 0.239958082733 0.718880370688 0.0 0.0909533263058 0.462718296222 230.0 247.0 255.0 -0.0127952718591 -0.264335306592 0.0263416746033 0.1101138321 0.0 
0.0 0.91935467622 0.650424839541 0.0 0.0 1.28504589881 0.0 0.0 0.0 0.0190428068511 0.0912010945061 0.0 230.0 247.0 255.0 0.0135464027443 -0.154221474491 0.119579608129 0.0482329308294 0.139626 
0.388556763632 0.0 0.0 0.0632362407576 0.0 0.0 0.0 0.0941740374571 0.173552339005 0.323872561839 0.0 0.498813752826 230.0 247.0 255.0 0.133126010873 -0.105988543662 -0.143227507683 0.0123350613736 0.0698132 
0.755045104489 0.0 0.355193136905 0.59035136892 0.368229032201 0.0 0.0480176527092 0.0 0.0 0.0 0.0939130835627 0.0 230.0 247.0 255.0 -0.0101014968101 -0.0936534822883 0.186301899905 0.0390564369917 0.0698132 
0.0 0.297811436028 0.0 0.0 0.251063399597 0.383032498017 0.0 0.235496012275 0.0 0.956361411884 0.206318877379 0.0 230.0 247.0 255.0 0.176200403095 -0.0545970452967 0.092467841845 0.11989088397 0.174533 
0.0 0.0 0.0 0.0 0.860325395008 0.0 0.74315471912 0.30605136108 0.0 0.0 0.190330855765 0.0 230.0 247.0 255.0 0.26866824494 0.0652938386732 0.0344905157416 -0.0520670782968 0.0698131 
0.0 0.674958491541 0.0 0.0 0.0 0.0 0.0 0.0 0.0 0.0425859039367 0.0 0.446879705349 230.0 247.0 255.0 0.303158760681 0.0132267603763 0.140354858875 0.273031666363 0.10472 
1.60982722986 3.33861322452 1.5601969488 1.20365318637 1.67611121042 1.42101662802 0.0 0.979986363524 1.51003617272 4.00843268338 0.0982206080805 2.95503184643 230.0 247.0 255.0 0.333333333333 0.286258426739 -0.107486495409 0.0150284989882 0.139626 
0.0 0.0 0.0 0.0 0.0 0.0 0.0 0.0 0.0 0.639879447794 0.0418658822711 0.272994577388 230.0 247.0 255.0 0.225846837924 0.301286925727 -0.0837563664905 -0.0202785456965 0.0349065 
0.0738813071467 0.0 0.0312003737092 0.575123456596 0.678325404386 0.0 0.0 0.0421684532154 0.545834023584 0.0 0.0367529161309 0.213847543416 230.0 247.0 255.0 0.142090471434 0.281008380031 0.24978160287 -0.259316786193 0.10472 
0.0 0.792019561311 0.792491241937 0.0 0.232861711014 0.537669167809 0.149429767481 0.0 0.408576713709 0.0 0.0181680767091 0.467276233517 230.0 247.0 255.0 0.333333333333 0.0216915938372 0.0067657160319 -0.0107887395875 0.0698133 
0.0 0.0 0.0 0.426995818917 0.0 0.533690979106 0.0 0.456624133427 0.0 0.0665532179295 0.470807446622 0.0 230.0 247.0 255.0 0.333333333333 0.0109028542498 -0.0528555029006 0.0144068407107 0.0698131 
0.0 0.397618259579 0.0591865112886 0.0 0.103065012125 0.0 0.0 0.596984778972 0.0 0.0 0.47073493154 0.262362010563 230.0 247.0 255.0 0.280477830433 0.0253096949605 -0.159838989311 -0.139602497686 0.0349066 
0.0 0.0 0.0 0.0 0.0 0.395866305729 0.0 0.0 0.0 0.451917828884 0.0953951123013 0.0 230.0 247.0 255.0 0.120638841122 -0.114292802726 -0.159596331754 -0.0503488937126 0.0698131 
0.0 0.520629096471 0.0 0.0 0.223724876527 0.0 0.0 0.230410720849 0.516735922959 0.38949202574 0.0 0.797806423471 230.0 247.0 255.0 -0.0389574906323 -0.164641696438 0.142947205414 0.128682710072 0.0 
0.631227299595 0.0 0.0 0.0 0.0 1.31675938537 0.0 0.243709391404 0.0 0.0 0.0 0.503151505797 230.0 247.0 255.0 0.103989714782 -0.0359589863657 0.131166997615 0.212453098338 0.0349066 
0.833166614046 0.0 0.0 0.0 0.0 0.0 0.150154362679 0.0 0.0 0.0155719617633 0.0 0.0 230.0 247.0 255.0 0.235156712397 0.176494111972 0.0666029797218 0.126128689475 0.0 
0.391958237548 0.0 0.0 0.0 0.0 0.0 0.0 0.0 0.0 0.0 0.593890769538 0.512417479085 230.0 247.0 255.0 0.301759692119 0.302622801447 0.159571971768 -0.235196874452 0.0349065 
0.50064166856 0.172790645673 0.0 0.0 0.0 0.0 0.0 0.221815771215 0.511273553812 0.0671698005696 0.266208626859 0.0 230.0 247.0 255.0 0.333333333333 0.0674259269947 0.141261576713 0.0711810084408 0.0698133 
0.644656620655 0.574817336445 1.53294724175 0.0 0.0 0.0 0.191826547201 0.0 0.518235068089 0.0474672327729 0.117966157935 1.00954868227 230.0 247.0 255.0 0.333333333333 0.138606935435 -0.240133355836 0.152491994897 0.139626 
1.35838785689 2.02139717833 1.13970542423 0.673827845459 0.724948139361 0.514824361537 0.0 1.48882462342 0.854154904799 3.79740297628 0.0772116668443 0.499198353424 230.0 247.0 255.0 0.0931999774978 0.291098930332 -0.0858795804821 0.190120740476 0.0698131 
0.668974219434 0.139035868339 0.398994707174 0.0 0.762266951298 1.52440570413 0.0 0.0439849995889 0.0 0.0741751895599 0.0935930274379 0.0 230.0 247.0 255.0 0.00732039701567 0.333333333333 0.188149069749 -0.0204647082166 0.20944 
0.279347310659 0.285769187992 0.84415779853 0.0 0.0 0.0 0.0 0.0 0.0563784678053 0.146655171038 0.530515900203 0.0 230.0 247.0 255.0 0.195469466764 0.312868625117 -0.197765930593 0.0306559738459 0.279253 
0.0 0.0 0.0 0.0 0.0 0.0 0.0 0.207924720747 0.0706998541371 0.0 0.046588806684 0.499940903993 230.0 247.0 255.0 -0.00229646382843 0.333333333333 0.0310019216021 -0.0587795248111 0.488692 
0.0 0.0 0.0 0.19315951599 0.418855954173 0.0 0.472972812465 0.0 0.0878238233579 0.0 0.0 0.0 230.0 247.0 255.0 0.0287054577736 0.274553808522 -0.116816610788 0.0750667610447 0.558412794113 
0.825267683839 0.731975536257 0.0252743264749 0.0 0.0 0.0 0.0 0.0 0.0 0.0145546767805 0.0 0.447766826543 230.0 247.0 255.0 -0.0881111530147 0.333333333333 -0.0817149750645 0.0939394402224 0.383972 
0.0 0.289267043302 0.0 0.0 0.0 0.174863649 0.0 0.236691823706 0.0 0.0 0.46583768309 0.0 230.0 247.0 255.0 -0.169826128079 0.333333333333 0.0847842416346 -0.124483567542 0.20944 
0.00838042438912 0.0 0.343662314911 0.0826399937263 0.0 0.0 0.448825990295 0.223410065434 0.0 0.0670284551292 0.0 0.15336289398 230.0 247.0 255.0 -0.0850418864447 0.208849765791 0.139042078161 0.0930164715034 0.10472 
0.262368161714 0.273623931276 0.0 0.0 0.0 0.0 0.44773922344 0.0 0.747099143194 0.0 0.337510493389 0.506609019386 230.0 247.0 255.0 0.0540001917159 0.301866237295 -0.101543645435 -0.0818556441969 0.139626 
0.0 0.16471119857 0.109285796057 0.0 0.0 0.0 0.0693256321167 0.0161375893646 0.404019384987 0.0 0.0 0.0312417682979 230.0 247.0 255.0 -0.047543453719 0.220010593098 0.0773706054951 -0.206443309017 0.0349066 
0.0 0.0 0.719260218568 0.0 0.0 0.536832468741 0.0 0.36128902533 1.05316430903 0.0 0.0 0.0 230.0 247.0 255.0 0.0298271517761 0.0135672840806 0.223505487422 0.13901747818 0.0698131 
0.141605694504 0.0 0.0 0.317648449714 0.356952617001 0.0 0.334932141783 0.121407916791 0.0 0.180021558214 0.0 0.0 230.0 247.0 255.0 0.253332639198 0.15258476226 0.0958309751753 0.155706600537 0.0 
0.0 0.0 0.0 0.0 0.0 0.0 0.0 0.0 0.68122352712 0.0480486808343 0.627832772441 0.26000941213 230.0 247.0 255.0 0.333333333333 0.308291362798 -0.139708862077 0.0155680605997 0.0 
0.638066519871 0.0 0.392444972656 0.0 0.0 0.0 0.0 0.232376868167 0.546938318173 1.02320823873 0.0 0.486336662063 230.0 247.0 255.0 0.193624471257 0.323859423397 0.15257333474 -0.3 0.0 
0.413658379938 0.0 0.0 0.0 0.71103999656 0.0 0.0 0.0 0.0 0.260479361839 0.102105517655 1.01802468429 230.0 247.0 255.0 0.333333333333 0.0238594233972 0.0188584477745 0.0787902382986 0.0 
0.0 0.0 0.0 1.3955664727 0.00882314159259 0.0 0.0 0.0 0.0 0.0 0.0 0.0 230.0 247.0 255.0 0.333333333333 0.102649661696 0.106297228312 -0.0261274672632 0.0 
0.0 0.0 0.8132880858 0.0 0.0 0.689540645129 0.0 1.11481402781 0.0 0.0010473619176 0.0 1.29692721103 230.0 247.0 255.0 0.333333333333 0.0765221944326 -0.154233386164 0.0256632978102 0.0698131 
0.0 0.0 0.971816079069 0.0 0.0 0.59611023594 0.0 0.138943433322 0.236290739623 0.0 0.0 0.0 230.0 247.0 255.0 0.179099947169 0.102185492243 0.17206390943 0.195425458968 0.10472 
# HEADER 2
0.0 0.0 1.34648929733 0.193442762499 0.0 0.0 0.573100591467 0.0 0.0 0.0 0.581120358842 0.0 230.0 247.0 255.0 0 0 0.0825650319514 0.13336440665 0.0349065 
0.646254699606 0.0 0.0 0.241600996186 0.0 0.0 0.0 0.476027637627 0.0 0.0 0.12038629646 0.0 230.0 247.0 255.0 0.0825650319514 0.13336440665 0.0145630914558 0.3 0.0698133 
0.452305831693 0.0 0.0 0.466611508757 0.705477603463 0.0 0.204654346094 0.475911010749 0.314272372306 0.265995803524 0.0958250315086 0.268061936076 230.0 247.0 255.0 0.0971281234073 0.333333333333 0.0148490679066 0.0707041282792 0.0349065 
0.0 0.304460655925 0.0 0.211733952644 0.0 0.00297380958023 0.960527768096 0.0 0.315054598082 0.0 0.0 0.252609999129 230.0 247.0 255.0 0.111977191314 0.333333333333 0.135455235987 -0.0798239851568 0.0 
0.107843699182 0.54756047314 0.57674304705 0.0 0.0 1.29814859957 0.711939661638 0.0 0.0 0.0 0.313322992901 0.0 230.0 247.0 255.0 0.247432427301 0.253509348177 -0.00547041570697 -0.177671053649 0.0 
0.0 0.0 0.0 0.0 0.0 0.0 0.0 0.0 0.321791839804 0.0 0.0 0.706812587419 230.0 247.0 255.0 0.241962011594 0.0758382945277 0.0808187286379 -0.218788896901 0.0 
0.0 0.0 0.0 0.0 0.922984197673 0.0 0.018861739066 0.0 0.0 0.0 0.642107597597 0.0 230.0 247.0 255.0 0.322780740232 -0.142950602374 -0.00295503965608 -0.149168974275 0.0349066 
0.0 0.0 0.0433915354266 0.0 0.174194642315 0.3063899687 0.0 0.0 0.493134679362 0.071118310671 0.0 0.0 230.0 247.0 255.0 0.319825700576 -0.292119576649 0.0465015226908 -0.0417995521512 0.10472 
0.0 0.736288514565 0.0 0.0 0.0 0.0 0.290982474507 0.0 0.0 0.455398222216 0.216614592373 0.0113932555575 230.0 247.0 255.0 0.333333333333 -0.333333333333 -0.15506554476 0.178838330086 0.0698131 
0.639454044732 0.0 0.0 0.0 0.0 0.0 0.0 0.042931095502 0.0 1.01031580351 0.0959778242113 0.45894874659 230.0 247.0 255.0 0.178267788574 -0.154495003248 -0.0760510934595 -0.112920262565 0.0349066 
0.67532908989 0.0 0.0 0.0 0.0 0.0 0.0 0.0705505476488 0.359344088293 0.0 0.0 0.286356097947 230.0 247.0 255.0 0.102216695114 -0.267415265812 -0.261004170589 0.0869038225321 -0.0349066 
0.0 0.0 0.0 0.219670593479 0.0 0.0 0.348146051412 0.0 0.0 0.0 0.0939892915132 0.0198504194091 230.0 247.0 255.0 -0.158787475475 -0.18051144328 0.240269384939 -0.213938303472 0.0349066 
0.378822015854 0.0 0.00655140937558 0.19876675812 0.360328287618 0.0 0.0 0.018412699337 0.0 0.0 0.0 0.0 230.0 247.0 255.0 0.0814819094642 -0.333333333333 0.00329471029488 -0.155378109729 0.10472 
0.0 0.0 0.0 0.69562499416 0.594657280114 0.0 0.46231641403 0.609767644983 0.419875371811 0.0 0.456710543328 0.127056609194 230.0 247.0 255.0 0.0847766197591 -0.333333333333 0.0846835261012 0.0161303924454 0.0698131 
