nrollouts: 2
# HEADER 1
0.0 0.0 0.0 0.0 0.589629390326 0.0 0.616659269677 0.0 0.0 0.0 0.648075164842 1.18315731687 230.0 247.0 255.0 0 0 -0.0327126749219 -0.0104515594059 0.0 
0.0 0.0 0.0 0.0 0.0 0.0 0.0 0.0 0.0 0.0570183998184 0.59359966725 0.361854249753 230.0 247.0 255.0 -0.0327126749219 -0.0104515594059 -0.00638384923605 0.0247851142421 0.0 
0.0 0.0 1.18338503543 0.61973192254 0.27990270289 0.0 0.0 0.799338495771 0.230590753823 0.781564141396 0.738658981829 0.0 230.0 247.0 255.0 -0.0390965241579 0.0143335548362 0.0595399697094 -0.00459310065172 0.0 
0.0 0.0 0.639620626658 0.238630343765 0.0 0.465252252272 0.0245258073498 1.04801952189 0.100907065297 0.065234935638 0.801217224443 0.0 230.0 247.0 255.0 0.0204434455514 0.00974045418448 0.108599936483 0.149524688977 -1.18682 
0.0 0.458932487363 0.316726965221 0.0 0.643159177187 0.675307058653 0.0 1.15642564953 0.0 0.0 0.0882605466301 0.221246859746 230.0 247.0 255.0 0.129043382034 0.159265143162 0.124612948422 0.0266284977337 1.29154 
0.0 0.0 0.0 0.0 0.0 0.0 0.0 0.0 0.0373692278524 0.494384594628 0.514583772173 0.0 230.0 247.0 255.0 0.253656330456 0.185893640896 0.1473374229 0.0189672180013 0.0 
0.0 0.0 0.0 0.0 0.0 0.166222707207 0.0 0.0 0.0 0.0749761155082 0.4853512345 0.0 230.0 247.0 255.0 0.333333333333 0.204860858897 -0.00364335683408 -0.0834508096575 0.0698133 
0.0 0.0 0.0 0.427467108635 0.741757194002 1.07724992726 0.0 0.0 0.0 0.0 0.0 0.0 230.0 247.0 255.0 0.329689976499 0.121410049239 0.0786084562755 -0.0462794856819 0.0349066 
0.175260074431 0.241890444716 0.0 0.0 0.0 0.0 0.0 0.0 0.0 0.0 0.0 0.0 230.0 247.0 255.0 0.333333333333 0.0751305635575 -0.0910626114846 0.106830661673 0.0 
0.0 0.0 0.0 0.0 0.0 0.0 0.0 0.081506401451 0.0 0.0 0.0671867275666 0.0 230.0 247.0 255.0 0.242270721849 0.18196122523 0.3 0.0843644970842 0.0 
0.0 0.477426508982 0.578331626249 0.0 0.0 0.0 0.0962408941436 0.0 0.310654955635 0.0 0.0826417023648 0.0 230.0 247.0 255.0 0.333333333333 0.266325722314 0.0873879728216 -0.0634713883123 0.069813 
0.0 0.0 0.0 0.362301410322 0.0756726330808 0.0 0.0 0.242793507051 0.873998870724 0.0518699426227 0.0825070128721 0.0 230.0 247.0 255.0 0.333333333333 0.202854334002 0.186109886416 0.0404452372938 0.0 
0.217755432238 0.231741983542 0.477656352405 0.0 0.403918444874 0.0 0.192507447874 0.0 0.782271161095 0.0 0.0 0.0 230.0 247.0 255.0 0.333333333333 0.243299571296 0.150682326266 -0.0458063120766 0.0 
0.0 0.609475545363 0.0 0.0 0.370497987115 0.682495270631 0.433840580841 0.0 0.0 0.0 0.0342310693348 0.0 230.0 247.0 255.0 0.333333333333 0.197493259219 -0.0166292157667 0.0526065876665 0.0 
0.0 0.0 0.655141405707 0.486055810021 0.0 0.6058643608 0.77030733224 0.152276667491 0.472787468045 1.87298018485 0.0819537643132 0.0 230.0 247.0 255.0 0.316704117567 0.250099846886 -0.147488052809 0.143680209066 0.0 
0.0 0.0 0.0 1.42861679087 0.0 0.38832713618 0.0 0.180501351598 0.0 0.0885192127888 0.0 0.521745453119 230.0 247.0 255.0 0.169216064758 0.333333333333 0.0723798113377 -0.103897951173 0.0698133 
0.0 0.0 0.0 0.416519531774 0.0 0.0 0.729820188053 0.00155678768054 0.771525902666 0.0 0.0766420244037 0.0 230.0 247.0 255.0 0.241595876095 0.22943538216 -0.0402853143362 0.190179938875 0.0 
0.0 0.496596247875 0.0 0.0 0.398378664047 0.0 0.0 0.307843809385 0.134970711858 0.0 0.457323942951 0.0 230.0 247.0 255.0 0.201310561759 0.333333333333 -0.0705475195461 0.11200945595 0.0349066 
0.684191308168 0.0 0.934431892859 0.993093673097 0.264896671333 0.0 0.0 0.0 0.870155591033 0.0564105627748 0.0823879046895 0.0 230.0 247.0 255.0 0.130763042213 0.333333333333 0.0617509461064 0.00301556913513 0.0 
0.586846945652 1.20754011856 3.53627706606 1.14883707135 0.430516077213 2.11091184433 0.0 0.0 0.507558880139 2.30964855995 0.0 2.74757826202 230.0 247.0 255.0 0.19251398832 0.333333333333 0.165683687916 -0.185557935581 0.069813 
0.0 0.0 0.666076335118 0.0 0.0 0.1933896923 0.0 0.0 0.196731288491 0.563847700763 0.0806607545382 0.0 230.0 247.0 255.0 0.333333333333 0.147775397753 -0.0255548041963 0.122594363921 0.0 
0.0 0.616442212169 0.424735225758 0.0 0.0 0.0 0.0 0.884564066362 0.0 0.0 0.831860647362 0.0 230.0 247.0 255.0 0.307778529137 0.270369761674 0.0644580833361 -0.224220794661 0.0349066 
0.0 0.0 0.769409328275 0.0 0.0 0.0 0.0259181689197 0.0 0.0 0.30191635857 0.0846348378277 0.0 230.0 247.0 255.0 0.333333333333 0.0461489670125 -0.00647365713937 -0.12098797687 0.0 
0.0 0.0 0.67892624647 0.0 0.507708366949 0.0 0.0562906888813 0.797663169625 0.0 0.0 0.0 0.0 230.0 247.0 255.0 0.326859676194 -0.0748390098577 -0.0858292948519 -0.0151667420649 0.0 
0.752144344317 0.0 0.0 0.0 0.146408687687 0.0 0.120597687449 0.0 0.0 1.57587682914 0.0 0.0 230.0 247.0 255.0 0.241030381342 -0.0900057519225 -0.0717485443764 0.0919271350263 0.0 
0.0 0.0 0.0 0.0 0.772058730674 0.0 0.356792465235 0.0 0.0 0.0 1.01865051709 0.0 230.0 247.0 255.0 0.169281836966 0.00192138310375 0.0935783834082 -0.0182885989771 0.0 
0.0 0.0 0.0 1.12890317214 0.0 0.093582762747 0.0 0.25727373471 0.0 0.995513546708 0.0826880362966 0.0 230.0 247.0 255.0 0.262860220374 -0.0163672158734 0.111733432097 0.0894489605857 0.0 
0.0 0.461752285452 0.0 0.0 0.0 0.700906218291 0.0 0.0 0.0 0.156234221577 1.04879159794 0.0 230.0 247.0 255.0 0.333333333333 0.0730817447124 -0.0244923465346 0.0542160404597 0.0 
0.0 1.12797829176 0.0 0.0 0.136808913999 0.516159130056 1.52697911056 0.0 0.500157209846 0.113434684895 0.322684658688 0.0 230.0 247.0 255.0 0.308840986799 0.127297785172 0.127175045566 0.0582768788372 0.0 
0.0 0.0 0.209247810908 0.0 0.779455433855 0.745992137495 0.973326445572 0.424371615244 0.0 0.101594710029 0.0 0.441561437254 230.0 247.0 255.0 0.333333333333 0.185574664009 -0.0327605431401 -0.0890780664523 0.0 
0.0671130025811 0.0 0.0 0.477490071239 0.0 0.0820600675842 0.0 0.177884926192 1.00604053382 0.0 0.0 0.830453102895 230.0 247.0 255.0 0.300572790193 0.096496597557 -0.202248787103 0.184130040088 0.0 
0.423450126756 0.108554619064 0.153851407329 0.20746160066 0.0 0.203622351218 0.416140826795 0.0 0.0 0.430176323836 0.0876432757075 0.0 230.0 247.0 255.0 0.0983240030903 0.280626637645 -0.0432449436203 0.3 0.0 
0.0 0.635774600987 0.0 0.522937643643 0.858331613211 0.0 0.0 0.932570592384 0.0 0.0 0.125416792375 0.402525998341 230.0 247.0 255.0 0.0550790594701 0.333333333333 -0.117852123106 -0.0847661984254 0.0 
0.0 0.0 0.564299579039 0.0 0.0 0.57837308807 0.0 0.182660368126 0.351668121286 0.962811186661 0.0 0.357313703689 230.0 247.0 255.0 -0.0627730636358 0.248567134908 -0.0869521465323 0.186455526018 0.0 
0.0 0.0 0.0 0.0 0.0 0.0 0.0 0.0 0.0 0.0716234817323 0.0722213890327 0.0627748002835 230.0 247.0 255.0 -0.149725210168 0.333333333333 -0.111296043993 0.127869750293 0.0 
0.0 0.0 0.0 1.35308762214 0.0 0.0 0.0 0.175796105974 1.2509007957 0.00355560302131 0.0 0.316879590562 230.0 247.0 255.0 -0.261021254162 0.333333333333 0.00786237845225 0.0800515550536 0.0 
0.417960233589 0.207530680831 0.0 0.0 0.271992121868 0.0 0.0 0.0 0.526625676577 0.0738933702783 0.0687041033942 0.372000283561 230.0 247.0 255.0 -0.253158875709 0.333333333333 -0.0185405402487 0.0894371810869 0.0 
0.0 0.0 0.0 0.0 0.0 0.0 0.0 0.0 0.0 0.0 0.966801021413 0.650733300438 230.0 247.0 255.0 -0.271699415958 0.333333333333 0.0135942161108 -0.0236263649083 0.0 
0.0 0.245430942481 0.0 0.0847388781769 0.0 0.0 0.0 0.0 0.0 0.0281223700975 0.0 1.02877295859 230.0 247.0 255.0 -0.258105199847 0.309706968425 -0.0341779193702 -0.0182933045923 0.0 
0.0 0.647442398957 0.0 0.119073589691 0.0 0.0 0.0 0.575040791793 0.0 0.0 0.108749071829 0.0 230.0 247.0 255.0 -0.292283119217 0.291413663833 -0.0110289392357 0.0971976599165 0.0 
0.0 0.0 0.189095797763 0.589696122593 0.0 0.0 0.574660097133 0.0 0.0 0.405317492691 0.679014909599 0.434438795836 230.0 247.0 255.0 -0.303312058453 0.333333333333 -0.0202979080612 0.144696861162 0.0 
0.0 1.6089041737 0.0 0.0 0.866910809976 0.0 0.700849495823 0.0 0.0 0.0 0.0783844192144 0.494291184763 230.0 247.0 255.0 -0.323609966514 0.333333333333 0.136485896646 -0.050855378565 0.0 
0.0 0.0 0.0 0.0 0.0 1.14970797065 1.42515538815 0.70621330047 0.318509700452 0.0 0.363492959445 0.0 230.0 247.0 255.0 -0.187124069868 0.282477954768 0.136104598929 0.0192285641093 0.0 
0.531001144448 0.0 0.0 0.368635894129 0.0 0.403333359941 0.731279712422 0.965654576465 0.485650842724 0.0602099464268 0.931715531013 0.0 230.0 247.0 255.0 -0.0510194709394 0.301706518878 0.0601875203335 0.0996781868755 0.0 
0.0 0.0 0.0 0.0 0.0 0.763847133119 0.0 0.0 0.216397774366 0.167903585324 0.0 0.186085939814 230.0 247.0 255.0 0.00916804939414 0.333333333333 0.0255088972078 0.0483015302834 0.0 
0.0 0.442404156846 0.0 0.0 0.0 0.0 0.785478265436 0.961513419714 0.0 0.0394091277487 0.952169326868 0.0 230.0 247.0 255.0 0.0346769466019 0.333333333333 0.3 0.108608159537 0.0 
0.577063166308 0.0 0.0109734849497 0.0 0.0 0.0 0.306330392893 0.954536067092 0.0 0.421731549736 0.0 0.0 230.0 247.0 255.0 0.333333333333 0.333333333333 0.0937771343922 0.072701589453 0.0 
0.0 0.12894816028 0.0 0.0 0.0 0.0263465304742 0.0 0.494119393087 0.0 1.00133094837 0.0774160219012 0.0 230.0 247.0 255.0 0.333333333333 0.333333333333 -0.0073357667303 -0.118221572609 0.0 
0.0 0.0 1.14980811145 0.0 0.353916632451 0.0 0.463035441661 0.0 0.0 0.0 0.562690664607 0.0 230.0 247.0 255.0 0.325997566603 0.215111760724 -0.0560554171957 0.104728226136 0.0 
0.0 0.0 0.539744194866 0.33887505255 0.667627304687 0.0 0.0 0.0 1.23289858651 0.0505018245311 0.29044437235 0.243693565139 230.0 247.0 255.0 0.269942149407 0.319839986861 -0.136568241483 0.11101615351 0.0 
# HEADER 2
0.0 0.0998094475468 0.101793433431 0.0 0.0 0.0 0.528784987619 0.28634987627 0.0 0.518500799251 0.0 0.0 230.0 247.0 255.0 0 0 -0.127026747227 -0.0364748316407 0.0 
0.0 0.0 0.0 0.0 0.401487145906 2.0880484715 1.48051955116 0.983078556377 1.23165568092 0.0 0.0769124075343 0.250728590805 230.0 247.0 255.0 -0.127026747227 -0.0364748316407 0.0124639926171 0.175507499667 0.0 
0.744741671641 0.0 0.0 0.555189864365 0.0 0.0 0.0 0.0 1.21297059417 0.0 0.0243592166224 0.0 230.0 247.0 255.0 -0.11456275461 0.139032668026 0.10719752769 0.0963401395164 0.0 
0.0 0.746886018711 0.147274307173 0.0 0.0 0.0 0.0 0.677965438239 0.0 0.163827039035 0.210287811204 0.0 230.0 247.0 255.0 -0.00736522691984 0.235372807543 0.0671452554941 0.0999781084724 0.0 
0.0 0.0 0.129137577308 0.0 0.0 0.0 0.167802665891 0.199547736624 0.949118285744 0.0445104323628 0.0 0.0 230.0 247.0 255.0 0.0597800285743 0.333333333333 -0.0305576845304 -0.042085179107 0.0 
0.0 0.583370513151 0.660804312435 0.0 0.0 0.620106173017 0.861281760737 0.87203591087 0.395436517158 0.0 0.167783958941 0.0 230.0 247.0 255.0 0.0292223440439 0.291248154226 0.263061573545 0.0242840347338 0.0 
0.0 0.0 0.689897402839 0.0 0.777016837482 0.0 0.0 0.0912470268803 0.0 0.0 0.833909338249 0.524975339647 230.0 247.0 255.0 0.292283917589 0.31553218896 0.0844995108187 0.0668424936247 0.0 
0.400904504454 0.0 0.0 0.0 0.0 0.0 0.135975181311 0.0 0.0 0.298537913329 0.0780227717744 0.0 230.0 247.0 255.0 0.333333333333 0.333333333333 0.114672836548 0.192368021779 0.0 
0.0 0.0 0.0 0.369787908019 0.414500631635 1.20636407202 0.0 0.0 0.0 1.37083155926 0.0 1.00256905885 230.0 247.0 255.0 0.333333333333 0.333333333333 -0.181939888009 0.00326075039573 0.0 
0.0 0.0 0.0 0.0 0.0 0.0 0.651576381699 0.0 0.0 0.271248015357 0.0 0.481524025797 230.0 247.0 255.0 0.151393445325 0.333333333333 -0.0128303266472 0.0992626723114 0.0 
0.0 0.0 0.269901324291 0.123658993845 0.0 0.200837195268 0.0 0.0 1.50909218094 0.0 0.480239332572 0.0 230.0 247.0 255.0 0.138563118678 0.333333333333 -0.153957575685 0.162386313912 0.0 
0.0 0.0 0.0 0.0 0.0 0.0 0.0 0.0 0.618111079229 0.0 0.857147260745 0.0 230.0 247.0 255.0 -0.0153944570069 0.333333333333 0.212644483864 -0.0771455572209 0.0 
0.0 0.530209503373 0.0 0.0 0.0 0.0 0.858568883712 0.0 0.815874342007 0.0 0.0 0.0 230.0 247.0 255.0 0.197250026857 0.256187776112 -0.0398882802428 0.0691680502126 0.0 
0.0 0.0 0.0 0.185049884137 0.0 0.0 0.0 0.572419906753 0.841192017732 0.0470701177045 0.577572887514 0.0727661589181 230.0 247.0 255.0 0.157361746614 0.325355826325 0.139527141826 0.0862132177612 0.0 
