nrollouts: 2
# HEADER 1
0.0 0.091223848932 0.796676437132 0.0 0.386912443221 0.147102231672 0.150377735146 0.425048088139 0.0 0.0 0.785856326291 0.138521903492 231.0 247.0 255.0 0 0 -0.00887404812755 -0.177587381605 0.0 
0.0 0.0 0.0 0.0 0.683452620229 0.0 0.0 0.0 0.656955805694 0.0 0.0 1.21566554999 231.0 247.0 255.0 -0.00887404812755 -0.177587381605 0.0451449797294 0.0122633655554 0.0 
0.888715573014 0.0 0.00695163524097 0.211338749299 0.129673476545 0.0 0.0 0.0 0.767816703316 0.0 0.379743244705 0.029996896979 230.0 247.0 255.0 0.0362709316018 -0.16532401605 -0.0722211809281 0.135880793925 0.0 
0.863517021489 1.30824263809 0.0 0.0 0.0 0.0 0.0818872186782 0.0 0.583699561803 0.0 0.0 1.43024876781 231.0 247.0 255.0 -0.0359502493262 -0.0294432221243 0.0357051995566 0.133831297084 0.0 
0.0 0.0 0.0 0.0 0.0 0.292387299169 0.0 1.03727082409 0.765268063266 0.0 0.149391256756 0.0 230.0 247.0 255.0 -0.000245049769636 0.10438807496 0.0618630772685 0.3 0.0 
0.0 0.145413312538 0.0 0.0 0.0 0.0 0.0 0.0 1.32686865214 0.223492583287 0.00697604053479 0.615225322982 230.0 247.0 255.0 0.0616180274988 0.333333333333 -0.00907446740749 -0.001854862357 0.0 
0.0 0.0 0.0 0.0 0.277594254431 0.0 0.0 0.0 0.0 0.0 0.759780694138 0.354073916391 230.0 247.0 255.0 0.0525435600913 0.331478470976 -0.141881399668 -0.00654866046165 0.0 
0.182230457953 0.270631919117 0.0842201905035 0.0 0.867781134183 0.85320995029 0.0 0.492451664694 0.206515136365 0.887004439392 0.0 0.220585008757 230.0 247.0 255.0 -0.0893378395765 0.324929810515 0.0117111761347 0.0712501768289 0.0 
0.0 0.0 0.0 0.0731679997975 0.0 0.164113341247 0.0 0.0 0.541692203632 0.0 0.0 0.0 230.0 247.0 255.0 -0.0776266634418 0.333333333333 0.271347592404 0.122380157746 0.0 
0.0 0.0 0.546035923459 0.0 0.0 0.0 0.0 0.0 0.0 0.0 0.0 0.0 230.0 247.0 255.0 0.193720928962 0.333333333333 -0.0395839021467 -0.0141564195059 0.0 
0.00861113306558 0.0 0.0 0.0 0.0 0.0 0.0 0.298901744984 0.0 0.0 0.30488442425 0.683352877549 230.0 247.0 255.0 0.154137026815 0.319176913827 -0.116313358774 -0.165872043255 0.0 
0.118455426129 0.613555198161 1.60550525612 0.0 0.0 0.104434907191 0.109858318642 0.0 0.0 0.227467752016 0.489269651603 0.730188768018 230.0 247.0 255.0 0.0378236680408 0.153304870572 0.0597301681195 -0.130254208581 0.0 
0.998564435031 0.0 0.0 0.0 0.0 0.0 0.0 0.0 0.0 1.11658954768 0.0 0.0 230.0 247.0 255.0 0.0975538361603 0.0230506619913 0.0915208302508 -0.0472236244177 0.0 
0.0 0.0 0.0 0.0 0.0 0.0 1.71515127228 0.222242760973 0.0 0.176057101303 0.0 0.0 230.0 247.0 255.0 0.189074666411 -0.0241729624265 -0.122091068698 -0.101869408233 0.0 
0.0 0.0 0.385910989428 0.0 0.0 0.195409458554 1.17606289907 0.0 0.0 0.0 0.0 0.0 230.0 247.0 255.0 0.0669835977136 -0.126042370659 -0.0261902582483 0.140567652357 0.0 
0.0 0.0 0.992390986417 0.0 0.0 0.0 0.203273654945 1.08730760879 0.0 0.0 0.159830083241 0.240248876151 230.0 247.0 255.0 0.0407933394653 0.0145252816981 0.131957327523 0.0807558462066 0.0 
0.0 0.365991308087 0.0 0.0 0.0 0.0 0.0 0.0 0.0 0.10623777294 0.88445853621 0.0 230.0 247.0 255.0 0.172750666989 0.0952811279047 -0.108323411307 0.130927466708 0.0 
0.0 0.0 0.0 0.0 0.252738226832 0.0 0.433062958244 0.617768935118 0.455011148329 0.0 0.50740615142 0.0 230.0 247.0 255.0 0.0644272556818 0.226208594612 0.0930994904625 0.128355224238 0.0 
0.0 0.0 0.0 0.0 0.0 0.838045382782 1.09532176495 0.0 0.93292069762 0.0 0.404946739586 0.0 230.0 247.0 255.0 0.157526746144 0.333333333333 -0.12528483012 -0.0193259725826 0.0 
0.0 0.0587392481724 0.0 0.0527853181659 0.0 0.0 0.169005164425 0.0 0.0 0.0 0.397952171824 0.0 230.0 247.0 255.0 0.0322419160242 0.314007360751 0.0249713855036 0.020883605154 0.0 
0.0 0.0 0.0 0.644859810641 0.0 0.844129448279 0.890842206496 0.300292155083 0.0 0.0 0.0230844421361 0.854988648782 230.0 247.0 255.0 0.0572133015278 0.333333333333 0.0928566565906 -0.124440684436 0.0 
0.0 0.0 0.0 0.695473186898 0.584473524008 0.0 0.380541392536 0.346877310976 0.0 0.369547777118 0.0 0.0 230.0 247.0 255.0 0.150069958118 0.208892648897 -0.162254471219 0.0216230773666 0.0 
0.0 0.0 0.0 0.0595832011752 0.0 0.0 0.0 0.0 1.34030357254 0.125886445771 0.401879461923 0.0 230.0 247.0 255.0 -0.0121845131009 0.230515726263 0.0612475442577 -0.0657395035955 0.0 
0.143997432804 0.00351596726231 0.0 0.0 0.0 0.0 0.529545635336 0.590873998292 0.570623580399 0.0 0.117042630506 0.0 230.0 247.0 255.0 0.0490630311568 0.164776222668 0.19564097019 -0.00558956157427 0.0 
0.066911909815 0.0 0.0 0.0 0.0628114535044 0.0 1.09989901565 0.363588052232 0.0029353990804 0.0 0.0 0.0 230.0 247.0 255.0 0.244704001347 0.159186661094 0.293809423497 0.0586470126793 0.0 
0.593343792189 2.60667703537 1.82159481041 0.591399461468 0.646062212508 1.3815451063 0.0 0.443371526647 1.46621095929 2.98787874184 0.1557554194 1.75850543422 230.0 247.0 255.0 0.333333333333 0.217833673773 0.0830439477044 0.0622575237948 0.0 
0.0 0.0 0.383346573034 0.116067999842 0.374908909302 0.1995505598 0.0 0.354834982746 0.0 0.0 0.0 0.861176131601 230.0 247.0 255.0 0.333333333333 0.280091197568 0.270455073487 0.180006303275 0.0 
0.0 0.496265287713 0.650240193357 0.0 0.779617247732 0.497816570357 0.0 0.41167758184 0.795716691266 1.45110900693 0.0 1.20661055655 230.0 247.0 255.0 0.333333333333 0.333333333333 -0.0889243029452 0.0995166600976 0.0 
0.0 0.0 0.0 0.0 0.0 0.0 0.00188411878657 0.0 0.0164967876305 0.255558829767 1.02692609118 0.76301436547 230.0 247.0 255.0 0.244409030388 0.333333333333 0.137923553706 -0.3 0.10472 
0.0 0.0 0.0 0.0 0.0 1.18859879395 0.882484868021 0.0 0.0 0.0 0.0 0.0 230.0 247.0 255.0 0.333333333333 0.0333333333333 -0.0401849861378 -0.0453179854561 0.0 
0.0059001655963 0.0 0.375866646583 0.0 0.764430835521 0.0 0.0 0.105465001927 0.697495744106 0.0 0.0994009828013 0.0 230.0 247.0 255.0 0.293148347196 -0.0119846521228 -0.263284781903 -0.0253287426026 0.139626 
0.0 0.0 0.0 0.0 0.507564154653 0.0 0.0 0.0 0.0 0.0325033377318 0.0071088906187 0.0 230.0 247.0 255.0 0.0298635652922 -0.0373133947254 0.181648411528 0.0355582822656 0.139627 
0.0 0.0 0.0 0.0 0.0 0.0 0.840281393229 0.353093167561 0.249857228854 0.0 0.388397349071 0.230575653506 230.0 247.0 255.0 0.21151197682 -0.00175511245979 0.0909282575129 -0.0567078303346 0.10472 
0.0 0.0 0.0 0.0 0.42874942136 0.0722693749467 0.0 0.0 0.0 0.0 1.14951990378 0.0 230.0 247.0 255.0 0.302440234333 -0.0584629427944 0.0368978074507 0.00153628758648 0.0 
0.0 0.0 0.215314804088 0.0 0.0 0.0 0.0578791102802 0.0 0.0 0.0 0.0 0.0 230.0 247.0 255.0 0.333333333333 -0.0569266552079 0.223000843589 0.0527503432851 0.10472 
0.0 0.0 0.0 0.0 0.70602375069 0.107983737797 0.0 0.0 0.853441362858 0.0 0.0 0.234835737472 230.0 247.0 255.0 0.333333333333 -0.00417631192275 0.209922761011 0.12518764393 0.069813 
0.0 0.477540459983 0.0 0.00349618784798 0.816121076281 0.0 0.0 0.0 0.0831748819128 0.0 1.30835072836 0.0 230.0 247.0 255.0 0.333333333333 0.121011332007 0.15811004776 -0.28429027112 0.10472 
0.0 0.246318688563 0.0 0.0 0.510498194675 0.0 0.0 0.0 0.909882281077 0.0 0.0 0.0 230.0 247.0 255.0 0.333333333333 -0.163278939113 -0.167700537663 0.0670990669638 0.20944 
0.0 0.0 0.0 0.0 0.0 0.0585517456478 0.592558326899 0.0 0.0 0.0 0.154853186452 0.248662786528 230.0 247.0 255.0 0.165632795671 -0.0961798721488 0.0133018137378 -0.0577238623645 0.0697205104828 
0.0 0.0 0.187033426516 0.0 0.0 0.0 0.0 0.0 0.0 0.0124411165944 0.0 0.329334582994 230.0 247.0 255.0 0.178934609408 -0.153903734513 0.148014447905 -0.223111675037 0.10472 
0.0 0.01855925647 0.0 0.0 0.0 0.0 0.111109720888 0.0 0.0 0.0 0.182385424647 0.0 230.0 247.0 255.0 0.326949057313 -0.333333333333 0.3 -0.0830143601276 0.139626 
0.0 0.0 0.0 1.80696235053 0.0 0.0459692235512 0.0 0.874535947313 0.0 0.219526612484 0.387675469377 0.491591925517 230.0 247.0 255.0 0.333333333333 -0.333333333333 0.0874386567208 0.184173892938 0.20944 
0.0 0.0 0.0 0.0 0.0 0.0 0.0 0.0 0.0 0.0 0.0 0.0 230.0 247.0 255.0 0.333333333333 -0.149159440395 0.0419582042984 0.000620225852831 0.0349066 
0.0 0.364781476511 0.0 0.0 0.0 0.261508705149 0.166347767641 0.0 0.0 0.196484054033 0.0 0.626750248075 230.0 247.0 255.0 0.333333333333 -0.148539214543 0.0155360223119 -0.00672510838594 0.174533 
0.0 0.0 0.0 0.0 0.0 0.890211217519 0.897198581749 0.171720553069 0.0 0.237514477406 0.0 1.47087139911 230.0 247.0 255.0 0.333333333333 -0.155264322928 -0.0529407998874 0.0541895869494 0.10472 
0.0 0.0 0.0 0.0 0.0 0.0 0.0 0.154460143952 0.0 0.242974456588 0.158528099006 0.0299529791522 230.0 247.0 255.0 0.280392533446 -0.101074735979 0.012110559094 0.0728713624028 0.0349066 
0.0 0.0 0.0 0.0 0.0 0.0 0.974827399063 0.0 0.0 0.0 0.825498654627 0.0 230.0 247.0 255.0 0.29250309254 -0.0282033735763 -0.0751746577293 -0.155099266009 0.0698131 
0.0 0.0 0.322442763101 0.0 0.392160822452 0.0 0.632589541251 0.0 0.0 0.247408957776 0.429244502552 0.0 230.0 247.0 255.0 0.217328434811 -0.183302639586 0.0669021731922 0.0926103390883 0.174533 
0.0 0.0 0.0 0.0 0.860549587922 0.092166043324 0.173523140953 0.0 0.0 2.05607324631 0.0 0.0 230.0 247.0 255.0 0.284230608003 -0.0906923004974 0.0283304446909 0.0577373948662 0.139626 
0.0 0.0 0.0 0.0 0.633795670973 0.0 0.0 0.377369594454 0.0 0.0 0.0 0.314104972229 230.0 247.0 255.0 0.312561052694 -0.0329549056312 0.195721552223 0.0678357330684 0.10472 
# HEADER 2
0.0 0.0 0.981989906599 0.0 0.0 0.122322032949 0.0 0.0 0.0 0.0 0.904621267661 2.38525679578 230.0 247.0 255.0 0 0 0.249035861249 -0.142514934478 0.0 
0.431563252182 0.880523773588 1.64598728818 0.0 0.768486433372 0.497875936401 0.0 0.0 1.7062115202 1.44544583798 0.0 0.711547448947 230.0 247.0 255.0 0.249035861249 -0.142514934478 0.3 -0.0522070027988 0.0 
0.0296099731933 0.523582825125 0.0 0.0204323981968 0.819643173299 1.83364040234 0.0 0.0 0.137527285586 0.0 0.217858579013 0.606883334582 230.0 247.0 255.0 0.333333333333 -0.194721937277 0.152344331329 0.119643365196 0.0 
0.0 0.0 0.0 0.0 0.0 0.269451158624 0.0 1.01002216509 0.940165347603 0.122291260723 0.397271563125 0.541822231298 230.0 247.0 255.0 0.333333333333 -0.0750785720811 0.0141941071406 -0.0361322552614 0.0 
0.0 0.0 0.766679539974 0.0791882571037 0.0 0.0 0.131887092704 0.0210338137502 0.0 0.0 1.33946226506 0.533696808866 230.0 247.0 255.0 0.333333333333 -0.111210827342 0.0277171661283 0.152285753693 0.0 
0.0 0.00811958364015 0.0 0.0 0.0 0.0 0.144599454496 2.08379322813 0.0 0.0 1.39729779317 0.0 230.0 247.0 255.0 0.333333333333 0.0410749263504 0.0358626643345 0.167321663866 0.0 
1.83232994391 1.14482583657 0.95589901202 0.0 1.0199342799 0.0 0.0 1.09508140793 1.2129106581 1.4972676752 0.274454789481 1.51337679049 230.0 247.0 255.0 0.333333333333 0.208396590216 -0.127935796771 -0.0259603068283 0.0 
0.0 0.0 0.0811803128305 0.0 0.148595067087 0.0 0.0 0.586822264973 0.23100439799 0.0 0.0 0.0 230.0 247.0 255.0 0.205397536562 0.182436283388 -0.0158235198405 -0.0669542214657 0.0 
0.0 0.139015139475 0.0 0.0 0.0 0.0 1.0644217432 0.0 0.0 0.0 0.766433237549 0.629911557298 230.0 247.0 255.0 0.189574016722 0.115482061922 0.3 -0.0529544856969 0.0 
0.0 0.0 0.0 0.0145035890484 1.70566946522 0.0 0.205892377684 0.0 0.0 0.0 0.0 0.291476182418 230.0 247.0 255.0 0.333333333333 0.0625275762255 -0.0861453303579 -0.00262405491881 0.0 
0.0 0.0 0.0 0.899120074337 1.00321149612 0.0 1.02442117836 0.256164596103 0.0 0.0 0.0 0.0 230.0 247.0 255.0 0.247188002975 0.0599035213066 -0.0434243074955 0.223106998732 0.0 
0.0 0.0 0.0 0.0 0.0 1.19201266634 0.0 0.0 0.135808963067 0.0 0.151847885658 0.0 230.0 247.0 255.0 0.20376369548 0.283010520039 0.0101127551341 -0.0721804759732 0.0 
0.917951490008 0.501973425485 0.579031984417 0.0828347219714 0.125555008399 0.252526492741 0.0 0.458367482866 0.226308467169 0.993451330949 0.0 0.0 230.0 247.0 255.0 0.213876450614 0.210830044066 -0.158806330213 0.108657356812 0.0 
0.0 0.473130778011 0.0 0.0283979628758 0.0 0.0 0.530663150809 0.0 0.0 0.0 0.0 0.0 230.0 247.0 255.0 0.0550701204013 0.319487400878 0.068012239682 0.151130292583 0.0 
