nrollouts: 2
# HEADER 1
0.0 0.847141680151 0.605823003586 0.0 0.0 0.0 0.0 0.0 0.0 0.0 0.0 0.114565533862 230.0 247.0 255.0 0 0 0.143698805416 0.0356320955484 0.0 
0.0 0.358228397109 0.13311146704 0.0 0.837165810962 0.376328849549 0.753318198147 0.0 0.744713793316 0.301894677384 0.0243930204963 0.444631224942 230.0 247.0 255.0 0.143698805416 0.0356320955484 0.243265113652 -0.227103894335 0.0 
0.0 0.0302660060675 0.0 0.0777443056295 0.0222873071356 0.285913960867 0.0 0.0 0.0 0.0 0.0 0.841998518315 230.0 247.0 255.0 0.333333333333 -0.191471798786 0.0859318203727 -0.184546824415 0.0 
0.0 0.0 0.0576860098483 0.271332095998 0.0 0.91056190188 0.0 0.123695152217 0.0 0.0 0.455067647303 0.0 230.0 247.0 255.0 0.333333333333 -0.333333333333 0.166248225901 0.173787042016 0.0 
0.0628244463601 0.0 0.0 0.0 0.0 0.0 0.0 1.19241108344 0.364320817619 0.0 0.0 0.0 230.0 247.0 255.0 0.333333333333 -0.159546291317 -0.00726557602295 0.0165132327462 0.0 
0.0 0.0 0.0 0.0 0.0 0.0 0.200358107706 0.0 0.0 0.979990772717 0.0 0.352440703613 230.0 247.0 255.0 0.32606775731 -0.143033058571 -0.0482587119939 0.00188736552761 0.0 
0.0579394748743 0.0 0.0 0.0 0.931059898867 0.0 0.39796865944 0.0 0.173095145318 0.263684999367 0.0 0.0 230.0 247.0 255.0 0.277809045316 -0.141145693043 0.0371116894369 -0.0569028632075 0.0 
0.0238064338076 1.27314064021 0.0908951697412 0.0 0.0 0.350472924373 0.837908207435 0.0 0.129144240117 0.42427838931 0.520426153844 0.72538475026 230.0 247.0 255.0 0.314920734753 -0.198048556251 0.197158390666 0.0312784855652 0.0 
0.507239263727 0.0 0.0 0.0 0.0 0.255385424961 1.15674969466 0.0 0.0 0.0 0.0 0.0970909348993 230.0 247.0 255.0 0.333333333333 -0.166770070686 0.183927091756 0.027398916469 0.0698132 
0.143931377166 0.0 0.0 0.155869330863 0.0 0.0 0.405207164328 0.0 0.412040540714 0.0 0.139064992825 0.0383471387739 230.0 247.0 255.0 0.333333333333 -0.139371154217 -0.244055985703 -0.0720222084559 0.0 
0.0868044732955 0.803990101728 0.170847806249 0.272721313382 0.0 0.0 0.305551014981 0.556114736436 0.0 0.302822376502 0.479671224646 0.0 230.0 247.0 255.0 0.0892773476304 -0.211393362673 0.131752064722 0.0566379997822 0.0349066 
0.0391635942922 0.0 0.0618367972333 0.274399943645 0.0 0.913048120722 0.0 1.12174859529 1.14621188121 0.0 0.531595306105 0.286376197778 230.0 247.0 255.0 0.221029412352 -0.15475536289 0.0425566004915 0.28380068806 0.0698132 
0.0 0.0 0.0 0.055761656035 0.0 1.03049658587 0.0785052261556 0.0 0.737356997 0.170086889908 0.360371624987 0.38715818749 230.0 247.0 255.0 0.263586012844 0.129045325169 -0.0230881255325 -0.171881264816 0.0349066 
0.0 0.0 0.0 0.0308904461693 0.0 0.0 0.0 0.0 0.156238756136 0.0 0.0 0.0 230.0 247.0 255.0 0.240497887311 -0.0428359396462 0.169014962737 0.078055024061 0.0 
0.238955496339 2.3005701014 0.0 0.0 0.0 1.57069358543 0.0 0.0 1.42472979616 0.33776301464 0.0 0.689419363158 230.0 247.0 255.0 0.333333333333 0.0352190844148 0.0387754986947 0.0463707712468 0.0698131 
0.0 0.0 0.0599852049781 0.164338412002 0.0 0.0 0.508966092829 0.0 0.241031548349 0.0 0.143342476838 0.61200980946 230.0 247.0 255.0 0.333333333333 0.0815898556616 0.3 0.0633234790738 0.0 
0.0 0.0 0.0 0.273374931726 0.0 0.352536742579 0.401402397182 0.563919310043 0.081964002029 0.0 0.0 0.0 230.0 247.0 255.0 0.333333333333 0.144913334735 -0.125819816578 0.0228204076798 0.0 
0.0 0.0 0.680139957208 0.298179999951 0.400639220704 0.0845474036437 0.0 0.685212350345 0.220464328799 0.0 0.0 0.691827353206 230.0 247.0 255.0 0.207513516755 0.167733742415 0.0449855698071 0.0895991959942 0.0 
0.0749570392841 0.0864405586596 0.117601826955 0.0 0.0 0.0 0.0 0.0 0.0657804243534 0.0450997616371 0.0 0.360963330009 230.0 247.0 255.0 0.252499086562 0.257332938409 -0.0385331186324 0.182575560009 0.0 
0.835787182034 0.0 0.0 0.394590577731 0.0 0.228126250779 0.905580627693 0.436579189864 0.0 0.0 0.514659495019 0.0 230.0 247.0 255.0 0.21396596793 0.333333333333 0.273231080385 -0.0243517838797 0.0 
0.11303336307 0.0 0.0 0.183308888918 0.838567853363 0.0 0.0 0.588449456667 0.0 0.399566612178 0.0 0.0 230.0 247.0 255.0 0.333333333333 0.308981549454 0.3 -0.0353247242485 0.0 
0.102058300271 0.0 0.204660975739 0.0 0.0 0.820896405155 0.0 0.0 0.643005556478 0.379675746264 0.0 0.0 230.0 247.0 255.0 0.333333333333 0.273656825205 -0.0175633081839 0.194073628324 0.0698132 
0.0 0.0 0.883147008156 0.263334881406 0.0 0.11191124162 0.277570274098 0.167218950483 0.0 0.0515438394179 0.0679641613886 0.0 230.0 247.0 255.0 0.315770025149 0.333333333333 -0.0324585522536 0.228470752696 0.0 
0.0 0.0 0.0 0.0873813774512 0.0 0.283172127052 0.0 0.0 0.251857476676 0.420975065209 0.153838766052 1.34308012941 230.0 247.0 255.0 0.283311472896 0.333333333333 0.0155404054696 0.1646352116 0.0349066 
0.0583514927026 0.707483083289 0.0 0.0 0.0 0.285943138268 0.0 1.5275174002 0.0828739775105 1.20791877955 0.0 0.0 230.0 247.0 255.0 0.298851878366 0.333333333333 -0.143288249356 -0.126936336073 0.0 
0.459489515054 1.20204190324 0.428797655618 0.0385670970954 0.0 0.0 0.0 0.0 0.544367125845 1.4126291674 0.474130516991 0.0 230.0 247.0 255.0 0.155563629009 0.20639699726 -0.0243594645546 0.0394953486248 0.0698131 
0.0 0.0 0.0 0.0 1.25331322996 0.0 0.0 0.429452123148 0.712191712903 0.0 0.0 0.647295512966 230.0 247.0 255.0 0.131204164455 0.245892345885 0.0036790771159 0.198981428466 0.0 
0.571650274949 0.0 0.0 0.0 0.0 0.0 0.0 0.0729459122617 0.0 0.0 0.0 0.0 230.0 247.0 255.0 0.13488324157 0.333333333333 0.0726790299089 0.184429100712 0.0 
1.06996239229 0.0 0.0 0.0 0.669740710583 0.206304904365 1.135624343 0.0 0.351021850719 0.0 0.510740809094 0.730781752829 230.0 247.0 255.0 0.207562271479 0.333333333333 0.0500711439707 -0.206858109942 0.0349066 
0.0 0.819345032749 0.0608879316844 0.0 0.351602050278 0.0 0.415882270261 0.0 0.0 0.0 0.0 0.0 230.0 247.0 255.0 0.25763341545 0.126475223391 -0.120539124534 0.0383738291554 0.0 
0.0315928774616 0.0 0.0 0.0269394929187 0.534226756028 0.0 1.34148532826 0.0 0.863126709956 1.05537864001 0.0 0.169248442775 230.0 247.0 255.0 0.137094290916 0.164849052546 -0.0300187643954 -0.0375471346126 0.0349065 
0.0 0.0 0.0 0.0 0.0 0.421514737622 1.30814767949 3.18560253974 0.0 0.451961700681 0.647032482355 0.74413114825 230.0 247.0 255.0 0.107075526521 0.127301917934 -0.0698340947565 -0.289410356425 0.0349066 
0.0846592122864 0.257164104349 0.0 0.669677730622 1.34434501184 0.476079757541 0.0258175116889 0.0 0.0 0.0 0.0 0.36239432372 230.0 247.0 255.0 0.0372414317642 -0.162108438491 0.100757114653 -0.00777383746417 0.0349066 
0.0 2.09167050784 0.835955765967 1.04856433318 0.235989026666 1.53953997632 0.0 0.968410897212 0.709791692734 3.39550472881 0.788850164527 0.840332573382 230.0 247.0 255.0 0.137998546417 -0.169882275955 -0.017122045033 -0.0641365028327 0.10472 
0.271951140281 0.602449240142 0.0 0.0 0.0 0.539355736052 0.422440250596 0.0 0.687929961804 0.0 0.0 0.0 230.0 247.0 255.0 0.120876501384 -0.234018778788 -0.0121887694082 -0.0573452609587 0.0349065 
0.0 0.830882586728 0.955289764441 0.151858198223 0.0 0.383505518519 0.309416634222 0.0 0.199348054203 0.274693915499 0.462041207824 0.0 230.0 247.0 255.0 0.108687731976 -0.291364039747 0.0564733297094 0.3 0.0 
0.135368296149 1.33412024257 1.01404026586 0.0 0.0 0.0 0.0 0.0 0.0 0.0 0.0 0.785618447182 230.0 247.0 255.0 0.165161061686 0.00863596025331 0.18935056821 0.177002913953 0.0 
0.852694665856 0.419990289167 0.358103131302 0.0 0.0 0.0 0.0 0.0 0.380899137016 0.0 0.333873157026 0.315097859279 230.0 247.0 255.0 0.333333333333 0.185638874206 -0.206953507026 0.227203786917 0.0 
0.0 0.483842222197 0.00428036327667 0.166251883062 0.0 0.0 0.0158374005917 0.0 0.0 0.0 0.595584881891 0.463689338848 230.0 247.0 255.0 0.126379826308 0.333333333333 -0.0720330733263 0.232186478225 0.0 
0.150501980654 0.620417620745 0.0153263036592 0.207678153947 0.0 0.257946718107 0.0 0.530799245489 0.0548978846625 0.0 0.606179951509 0.0 230.0 247.0 255.0 0.0543467529814 0.333333333333 0.106438371349 0.0967770893384 0.0 
0.0870257302077 0.0 0.0 0.214927395452 0.0 0.426334209109 0.451901765851 1.09190289632 0.0 0.0 0.0823104258992 0.0 230.0 247.0 255.0 0.16078512433 0.333333333333 0.0742937534489 -0.263562887885 0.0 
0.0 0.796220251951 0.623458327858 0.0433510418141 0.278950583617 0.0 0.637386230074 0.0 0.169183021644 0.927931373051 0.339965587891 0.0656375366644 230.0 247.0 255.0 0.235078877779 0.0697704454483 -0.0879908130268 -0.131792086762 0.0 
0.840149654645 1.34875020946 0.367890340091 1.36806430821 0.829822268637 0.496098070699 0.0 0.537682577077 0.816510338535 1.80960686153 0.0 1.10009064637 230.0 247.0 255.0 0.147088064752 -0.0620216413141 -0.094892017844 0.0628834429574 0.0 
0.0 0.0 0.0 0.0 0.916000925839 0.0 0.556649066306 1.43578945453 0.0 0.0 0.27993253801 0.0 230.0 247.0 255.0 0.0521960469081 0.00086180164327 0.247738388051 0.045895686434 0.0 
0.0 0.0 0.0 0.0 0.433251316858 0.0 0.0 1.15423565164 0.270427960018 0.0 0.0 0.269593579392 230.0 247.0 255.0 0.299934434959 0.0467574880773 -0.0790538745427 0.129614436802 0.0 
0.0 0.341799744566 1.05474892257 0.0 0.0 0.220458331888 0.613734035354 0.0 0.411609897605 0.0 0.528629538473 0.0 230.0 247.0 255.0 0.220880560416 0.17637192488 0.0701723417349 -0.120274970688 0.0 
0.0 0.842128958034 0.624908680366 0.156920846583 0.336860359207 0.254770423348 0.279524512689 0.566024128603 0.0 0.0 0.722261689475 0.0 230.0 247.0 255.0 0.291052902151 0.0560969541917 0.0124808721221 0.159720282827 0.0 
0.832474355495 0.0 0.0 0.276472985734 0.0 0.0 0.0 0.0 0.0 0.0 0.0 0.0 230.0 247.0 255.0 0.303533774273 0.215817237019 0.0258328505219 0.0151279923058 0.0 
0.0 0.0 0.607068824889 0.0 0.0 0.298966973599 0.0 0.0 0.644675157544 0.305805256491 0.0 0.0702851574628 230.0 247.0 255.0 0.329366624795 0.230945229325 -0.000825562413622 0.0958463707428 0.0 
0.0 0.0 0.0434934161403 0.0 0.0 0.0 0.30437912169 0.0 0.0 0.0 0.457944620633 0.0 230.0 247.0 255.0 0.328541062381 0.326791600068 -0.04614278929 0.206536555193 0.0 
# HEADER 2
0.0853267969641 0.0 0.0 0.0 0.0 0.0 0.593430944753 0.0 0.0 0.413594654895 0.0 0.0827915311345 230.0 247.0 255.0 0 0 -0.0871335818831 -0.035393969599 0.0 
0.0 0.0 0.0827235154151 0.0 0.813849178144 0.0 0.0 0.0 1.04813834075 0.0 0.551436444669 0.820510686533 230.0 247.0 255.0 -0.0871335818831 -0.035393969599 -0.0431728092757 0.135545035696 0.0 
0.147259520979 0.18597924809 0.0 0.0 0.0 0.0 0.809089705191 0.124988615074 1.12748800797 0.0 0.48849738754 0.0 230.0 247.0 255.0 -0.130306391159 0.100151066097 0.0587267671487 0.0121301306778 0.0 
0.0 0.0 0.380388288615 0.158178296918 0.0 0.0 0.403023403755 0.0 0.0 0.302695657346 0.0 0.0 230.0 247.0 255.0 -0.0715796240102 0.112281196775 0.110699827968 0.0953127661635 0.0 
0.0 0.0 0.0 0.83962217333 0.0 0.174683074167 0.399533187101 0.0 0.104370276408 0.0 0.0 0.0 230.0 247.0 255.0 0.0391202039578 0.207593962938 0.142299935787 0.0703814358657 0.0 
0.0352964075938 0.0 0.0 0.0 0.0 0.0 0.305649810803 0.0 0.176166055475 0.303335581227 0.556398216132 0.0 230.0 247.0 255.0 0.181420139745 0.277975398804 0.00696187647816 -0.0383506736839 0.0 
0.0871100680002 0.0 0.0 0.403576519429 0.0 0.418904841157 0.351015120485 0.0 0.41132689439 0.0 0.72213224529 0.644175820836 230.0 247.0 255.0 0.188382016223 0.23962472512 -0.036932441782 0.0137414871963 0.0 
0.0 0.0 0.0 0.280941646745 0.0 0.0 1.27308753283 0.537091300084 0.180519781926 0.399937706353 0.0 0.751548491636 230.0 247.0 255.0 0.151449574441 0.253366212316 -0.0396552187669 0.0575293960115 0.0 
0.0 0.071486295808 0.0 0.0 0.0 0.0 0.0 0.0 1.6767217947 0.184973782747 0.11427057518 0.628623922985 230.0 247.0 255.0 0.111794355674 0.310895608328 0.231406825248 -0.014209631931 -0.0349065 
0.0422127901094 0.0 0.0 0.0 0.0 0.0 0.0 0.420157467462 0.309007580421 0.0 0.200174516471 0.735111641536 230.0 247.0 255.0 0.333333333333 0.296685976397 -0.13657796676 -0.0041181115258 0.0 
0.0 1.14813214762 1.42231216134 0.458751273541 0.899076772013 0.0 0.0 0.825692570663 0.365553825827 1.29658402394 0.0 1.03291016923 230.0 247.0 255.0 0.196755366574 0.292567864871 0.0611396117559 -0.11605977399 0.0 
0.0 0.746451572988 0.928727688734 0.0 0.0 0.0 0.0 0.0 0.0852188789102 0.0 0.554402276227 0.0 230.0 247.0 255.0 0.25789497833 0.17650809088 0.16122288162 0.0455426804468 0.0349065 
0.071553351594 0.880350637725 0.0 0.0 0.0 0.356452247969 0.0 0.0 0.0 0.0 0.0 0.0 230.0 247.0 255.0 0.333333333333 0.222050771327 0.151574235366 -0.240369057573 0.0698133 
1.83094192084 2.47546418623 1.56897729959 0.87623805616 1.70753768797 0.0 0.0 0.0889332414701 2.4129860184 4.68029008166 0.0 1.59729110657 230.0 247.0 255.0 0.333333333333 -0.0183182862462 0.0837385267017 -0.0244456640522 0.0349065 
