nrollouts: 2
# HEADER 1
0.0 0.0 0.820472916372 0.0 0.0 0.0 0.0 0.0 0.0 0.0 0.27173685923 0.0 230.0 247.0 255.0 0 0 -0.0397629997513 -0.069109108859 0.0 
0.0 0.207689066098 0.0 0.0 0.0 0.0 0.0 0.0 0.735534732838 0.0 0.286971840312 0.0 230.0 247.0 255.0 -0.0397629997513 -0.069109108859 0.0529824844922 0.0789316037555 0.0 
0.0 0.268126853142 0.414448538007 0.286701814197 0.0 0.0 0.0 0.0 0.296154294045 0.131031110558 0.0 0.213261915682 230.0 247.0 255.0 0.0132194847409 0.00982249489649 0.13605601234 -0.0316986456568 0.0 
0.0 0.269884667839 0.461658854339 0.0 1.11991437056 0.428607704247 0.461702994636 0.0 0.0 0.18995390818 0.193566920361 0.685501349903 230.0 247.0 255.0 0.149275497081 -0.0218761507603 -0.100431586172 0.0558251998711 0.0 
0.0 0.176284005254 0.0 0.32125717207 0.392811600079 0.0 0.515062537488 0.925777980733 0.76767729438 0.193722421731 0.284137282455 0.0 230.0 247.0 255.0 0.048843910909 0.0339490491108 0.0581268743407 0.0709739765839 0.0 
0.0 1.42282941889 0.0 0.0 0.463274813084 0.0 0.0 0.0 0.890336930378 0.0 0.0 1.68185264415 230.0 247.0 255.0 0.10697078525 0.104923025695 -0.000132648775856 -0.120260799975 0.0 
0.346283206414 0.153983047805 0.0 0.0 0.187193256235 0.0 1.36560795453 0.0 0.803086462505 0.0 0.0 0.526274744827 230.0 247.0 255.0 0.106838136474 -0.01533777428 0.251155188946 0.0549413954723 0.0 
0.207952210541 0.0 0.143337843585 0.0 0.175634133402 0.0 1.13761101896 0.0 0.0 0.0 0.0 0.0 230.0 247.0 255.0 0.333333333333 0.0396036211923 0.00220136984247 0.265989033078 0.0 
0.57833620922 0.0 0.0 0.105129781907 0.362541750345 0.0 0.0 0.0 1.24462433014 0.0 0.0 1.2896527828 230.0 247.0 255.0 0.333333333333 0.30559265427 0.0517970013815 0.123388617248 0.0 
0.0330332476346 0.0 0.0 0.0 0.0 0.0 0.0 0.633497350673 0.0 0.0 0.0 0.0 230.0 247.0 255.0 0.333333333333 0.333333333333 0.110566058293 0.199261742046 0.0 
0.37387365926 0.575229840012 0.0 0.0 0.0 0.0 0.439515422489 0.102911465009 0.513955714123 0.0 0.399488585159 0.413031249815 230.0 247.0 255.0 0.333333333333 0.333333333333 0.0991928898224 -0.121562286636 0.0 
1.14567059126 0.0610308047977 0.0 0.0 0.573860276631 0.0 0.0 0.0 0.0 0.186757579317 0.292467256557 1.39106573576 230.0 247.0 255.0 0.333333333333 0.211771046698 -0.0285961941024 -0.00644952755012 0.0 
0.0 0.694483386657 0.0 0.0 0.0 0.0 0.0 0.0 0.252058159731 0.193363679237 0.351933250276 0.0 230.0 247.0 255.0 0.304737139231 0.205321519148 -0.0232034106007 -0.0371437423151 0.0 
0.274588236443 0.7205335957 0.0 0.0 0.35466283794 0.0264935534617 0.879833267731 0.901051661157 0.0 0.0 0.321927193227 0.0557327954313 230.0 247.0 255.0 0.28153372863 0.168177776833 -0.193721406901 0.0610833014047 0.0 
0.326029046034 0.297813580657 0.0 0.132270343134 0.0 0.0 0.540238205376 0.0574042209666 0.0 1.0414595744 0.290549609149 0.0 230.0 247.0 255.0 0.0878123217294 0.229261078237 -0.030190430052 -0.11203678796 0.0 
0.0188835428142 0.0 0.0247956980657 0.0 0.747044075279 0.498110112329 0.017952088393 0.0 0.644836321714 0.0 0.162999714282 0.251256816635 230.0 247.0 255.0 0.0576218916774 0.117224290278 0.220879548346 -0.0389795074547 0.0 
0.0 0.0 0.564376805793 0.0 0.0 0.0 0.0 0.0 0.78816328607 0.171962722646 0.0927678858956 0.0 230.0 247.0 255.0 0.278501440024 0.0782447828232 0.3 0.102577677053 0.0 
0.0 0.0 0.0 0.106865572729 0.327550936056 0.0 0.0 1.03186729599 0.0471789497777 0.724359578211 0.0635229610977 0.0 230.0 247.0 255.0 0.333333333333 0.180822459876 0.0598619236541 -0.089492900236 0.0 
0.0 0.131623006488 0.291194200181 0.335387940264 0.0 0.0 0.0 0.0 0.188017656248 0.0 0.0 0.0 230.0 247.0 255.0 0.333333333333 0.0913295596405 -0.148705855663 0.0133757377941 0.0 
0.0 0.261515323165 0.0 0.0 0.0 0.0 0.0 0.0 0.0 1.05121524763 0.0 0.524304988197 230.0 247.0 255.0 0.184627477671 0.104705297435 -0.161566957913 0.0306034243193 0.0 
0.461791607658 0.0 0.345603951731 1.1045396786 0.0 0.0 0.554403203851 0.0 0.0 0.126689307578 0.256205219033 0.551507719966 230.0 247.0 255.0 0.0230605197573 0.135308721754 0.0741568266837 0.156525072464 0.0 
0.0 0.0 0.584254451153 0.0 0.311652741 0.468677247187 0.707697277916 0.0 0.0 0.939410509079 0.286453523507 0.0801548285469 230.0 247.0 255.0 0.097217346441 0.291833794218 -0.106567268014 0.0732955342203 0.0 
0.0 0.782225561961 0.0 0.00108469033708 0.0 0.150263287596 0.0 0.327497178793 1.10296619329 0.060582448765 0.100958532281 0.0 230.0 247.0 255.0 -0.00934992157266 0.333333333333 0.209257469251 0.0671805601352 0.0 
0.397008931679 0.98964876065 0.865588930447 0.329226223058 0.247135596743 0.628522761625 0.0 0.0864112445171 0.629434440984 2.3102458828 0.0 1.04080811449 230.0 247.0 255.0 0.199907547678 0.333333333333 -0.0723321453147 -0.0865603953607 0.0 
0.0 0.689737555913 0.616542727967 0.0 0.0 0.0 0.0 0.0711485535031 0.224554929825 1.26283127826 0.0691650104622 0.298110388916 230.0 247.0 255.0 0.127575402364 0.246772937973 0.00888376631683 0.0269762577498 0.0 
0.816009947941 0.938480217579 0.0935168723025 0.546038486391 0.562837873184 0.727823613509 0.0 0.626394486254 1.21658815734 0.56960269736 0.0633476553953 0.324365707967 230.0 247.0 255.0 0.13645916868 0.273749195722 0.134413901274 -0.0297524771392 0.0 
0.0 0.0 0.0 1.30011961432 0.816832943528 0.0 0.360699926498 0.0 0.822928149076 0.0 0.0 0.19012006582 230.0 247.0 255.0 0.270873069955 0.243996718583 -0.0519487960837 -0.132339696553 0.0 
0.0 0.0 0.0 0.0 0.0 0.0 0.986463527779 1.30877296296 0.0 0.179506059266 0.0 0.0 230.0 247.0 255.0 0.218924273871 0.11165702203 -0.098388314179 0.100350135559 0.0 
0.274350951798 0.144640515643 0.0 0.0 0.340478318747 0.0 0.0 0.959065651451 0.0 0.191602865004 0.19462504867 0.0 230.0 247.0 255.0 0.120535959692 0.212007157589 0.179342609248 -0.100688886497 0.0 
0.0 0.359090525434 0.369032193525 0.0 0.0 0.0 0.497769169559 0.87135844509 0.0 1.06729728115 0.286047335321 0.0 230.0 247.0 255.0 0.29987856894 0.111318271092 0.164805768914 0.109981615317 0.0 
0.0 0.27477224091 0.210094887221 0.0 0.306600603137 0.470345939257 1.45762269742 0.680984954368 0.0 0.0 0.475764802288 0.0 230.0 247.0 255.0 0.333333333333 0.221299886409 0.0399024757409 -0.0328548537457 0.0 
0.283518649573 0.269434435841 0.0 0.0 0.488395294471 0.023159971929 0.392331524173 0.106521519974 0.0 0.0 0.0 0.532113434258 230.0 247.0 255.0 0.333333333333 0.188445032663 0.0388739671241 0.0853274655359 0.0 
0.0177547848789 0.0 0.278191946252 0.237897127392 0.0 0.0 0.0 0.344057169753 0.269604589459 0.177035597723 0.0 0.144476072408 230.0 247.0 255.0 0.333333333333 0.273772498199 0.0369242889382 -0.0748193427735 0.0 
0.0 0.0 0.39192429068 0.0 0.903984636734 0.0 0.284478577911 0.0 0.0 0.191439710246 0.0 0.0 230.0 247.0 255.0 0.333333333333 0.198953155426 0.221465232604 -0.121578069176 0.0 
0.0 0.0263483465679 0.0 0.0 0.382979849866 0.0 1.48166421735 0.0 0.0 0.0 0.0 0.0 230.0 247.0 255.0 0.333333333333 0.0773750862493 0.0263440120935 0.0589939872299 0.0 
0.508396971948 0.0 0.15175227185 0.242681037895 0.179757500373 0.0 0.0 0.0 0.0 0.0 0.0411014977931 0.0 230.0 247.0 255.0 0.333333333333 0.136369073479 0.0835928700782 0.117325620773 0.0 
1.27833642112 3.64709686195 1.25906687695 0.344666187141 0.0 1.28605135759 0.0 1.50601855924 2.30217488466 3.57925364227 0.274309191185 1.30032530859 230.0 247.0 255.0 0.333333333333 0.253694694252 0.117797244546 0.0206786668147 0.0 
0.0 0.874169822056 0.0 0.0 0.0571652663952 0.0 0.0 0.0 0.0 0.0 0.289095749673 0.481590448202 230.0 247.0 255.0 0.333333333333 0.274373361067 0.248505161473 -0.105004437728 0.0 
0.929027728195 0.0 0.0 0.0 0.0 0.0 0.479136072764 0.0 0.0 0.0 1.03922009043 0.0 230.0 247.0 255.0 0.333333333333 0.169368923339 0.0081421710837 0.266233119029 0.0 
0.0 0.0 0.0 0.0 0.0 0.46631892396 1.45708854751 0.258806350734 0.233659347534 0.0 0.27268620298 0.0 230.0 247.0 255.0 0.333333333333 0.333333333333 0.132124507936 0.130927691966 0.0 
0.32316926716 0.0 0.382339091638 0.773841169684 0.337872517172 0.0 0.144820035451 0.0 0.248310483221 0.0 0.256480030174 0.119884336889 230.0 247.0 255.0 0.333333333333 0.333333333333 0.264903288536 -0.111636101596 0.0 
0.391642235265 0.237647902217 1.27340300333 0.0 0.364694351174 0.0 1.37291435045 0.0 0.700276537252 0.0 1.16076613543 0.553078054759 230.0 247.0 255.0 0.333333333333 0.221697231737 0.23087663218 0.0338668427471 0.0 
0.0 0.0 0.453782286279 0.111512290783 0.0 0.0 0.386897282654 0.0 0.0 0.0 0.154580870309 0.455067316961 230.0 247.0 255.0 0.333333333333 0.255564074484 0.00490834215375 0.00249931263836 0.0 
0.0 1.14594138797 2.08788756409 0.0 0.0 0.0 0.516647886291 1.17553031034 0.0 1.07340871462 0.0 1.76673493763 230.0 247.0 255.0 0.333333333333 0.258063387122 0.222320945397 -0.0351819980009 0.0 
0.0 0.0 0.628591828585 0.0 0.24245418561 0.527758725597 0.0 0.0750803447076 0.0 0.0 0.177974578093 1.65443471487 230.0 247.0 255.0 0.333333333333 0.222881389121 0.0100060831332 -0.0829082744002 0.0 
0.0 0.0 1.16216982913 0.315260650543 0.0 0.0 0.0 0.0 0.0 0.0 0.0 0.896765529326 230.0 247.0 255.0 0.333333333333 0.139973114721 0.0023095755242 -0.18242557288 0.0 
0.0 0.935038151195 0.0 0.351085412099 0.0 0.0 0.0 0.0641521708647 0.0 0.0 0.0 0.0 230.0 247.0 255.0 0.333333333333 -0.0424524581584 -0.125726591895 -0.0274335404172 0.0 
0.0 0.373606845617 0.352050617045 0.0 0.258732239493 0.0 0.414925878726 0.817915294251 0.0 0.0 0.0 0.552753263089 230.0 247.0 255.0 0.207606741438 -0.0698859985756 -0.134847943121 0.0902638789167 0.0 
0.273324032066 0.0 0.0 0.0 0.360629172516 0.0 0.45251590724 0.0 0.636775460819 0.0 0.231504970546 0.0 230.0 247.0 255.0 0.0727587983176 0.0203778803412 0.208102477071 0.0559864538814 0.0 
0.0 0.0 0.0 0.0 0.866936794226 0.0 0.893999202667 0.0 0.324054672758 0.442847916659 0.286405741983 0.0 230.0 247.0 255.0 0.280861275389 0.0763643342226 -0.166783508154 0.101019945312 0.0 
# HEADER 2
0.0 0.172124372802 0.393629909929 0.0 0.300161166306 0.0 0.0 0.0 0.0 1.06967373236 0.194381274526 0.0 230.0 247.0 255.0 0 0 0.0176736794241 0.0830197184644 0.0 
0.0 0.360233009406 1.36562077688 0.324347619251 0.364226567719 0.0 1.27201301308 0.0 0.0 0.0 1.15971335615 0.0 230.0 247.0 255.0 0.0176736794241 0.0830197184644 0.0283439879966 0.0881456637838 0.0 
1.07932996009 1.02508438884 1.95708192047 1.10060055541 1.49129580452 1.78252881448 0.0 0.751984132442 1.30205752256 3.26672548243 0.0 1.1523835152 230.0 247.0 255.0 0.0460176674207 0.171165382248 -0.0513190846226 0.157570544662 0.0 
0.129333663715 0.0 0.0 0.336178753617 0.060894800985 0.0 0.0 0.0 0.141681781826 0.259517946544 0.0 0.240305670022 230.0 247.0 255.0 -0.00530141720193 0.328735926911 0.103685556263 -0.0310818493409 0.0 
0.390777509128 0.0 0.782003596868 0.757679694561 0.26240881747 0.0 0.599465031609 0.0 1.15187826992 0.0 0.0 0.0 230.0 247.0 255.0 0.0983841390616 0.29765407757 0.0642940677503 0.00386503702644 0.0 
0.398544869974 0.988652714195 0.0 0.0 0.0 0.0 0.526730269383 0.0 0.819251313207 0.0 0.0626009270799 0.397532862686 230.0 247.0 255.0 0.162678206812 0.301519114596 0.00796049763085 0.0759853297774 0.0 
0.0 0.0 0.0 0.0 0.0 0.0 0.0 0.0 0.578929859386 0.934896556203 0.280974468168 0.951311153598 230.0 247.0 255.0 0.170638704443 0.333333333333 0.0489648106717 0.140355283165 0.0 
0.680082025751 0.0 0.701827019182 0.255780602851 0.242034959249 0.028124809145 0.0 0.0 0.269582812995 0.285189923728 0.786973589895 0.0 230.0 247.0 255.0 0.219603515114 0.333333333333 -0.0800742501547 0.074995348478 0.0 
0.0 0.143630971557 0.0 0.0 0.358137380289 0.497579389915 0.423215651963 0.0 0.0 0.0 0.0 0.0 230.0 247.0 255.0 0.13952926496 0.333333333333 0.297543985474 -0.254254194095 0.0 
0.184758875159 0.0 0.0 0.230509808861 0.0 0.434091126232 0.0 0.0 0.0 0.0 0.356499686013 0.492745711006 230.0 247.0 255.0 0.333333333333 0.0790791392384 0.180558439259 0.113538749499 0.0 
0.0 0.0 0.0 0.0 0.0 0.0 0.164625107782 0.0 0.0 0.891888274635 0.291243206391 0.262438311619 230.0 247.0 255.0 0.333333333333 0.192617888737 0.0225766755361 -0.0262627146252 0.0 
0.300382389555 0.157744766163 0.0 0.230421558383 0.0 0.0 0.499682795631 0.144263132391 0.0 0.673462283722 0.0 0.0 230.0 247.0 255.0 0.333333333333 0.166355174112 0.198465352814 0.0717374280188 0.0 
0.386471255444 0.0 0.0 0.336716584503 0.0 0.0 0.0191637732325 0.0 0.0 0.0 0.0 0.0 230.0 247.0 255.0 0.333333333333 0.238092602131 0.0733614732054 -0.0158557358123 0.0 
0.0233329636826 0.0272344675159 0.0 0.351280621492 0.242999147585 0.0215728594622 0.506009418487 0.0 0.0 0.459711137995 0.0 0.0 230.0 247.0 255.0 0.333333333333 0.222236866318 0.234636486337 0.287346314076 0.0 
