nrollouts: 2
# HEADER 1
1.35082596042 0.0244083555752 0.769076002199 0.84370695336 0.0 0.219089917685 0.0 0.320244334087 0.855460679186 0.0 2.77696829905 1.15765593974 230.0 247.0 255.0 0 0 0.070991240121 0.0402126664744 0.0 
0.0 0.0 0.0 0.0 0.529111675953 0.0 0.0 0.0 1.25283556305 0.0 0.328535874476 0.0 230.0 247.0 255.0 0.070991240121 0.0402126664744 0.177204902205 0.197940528214 0.0 
0.0100520694117 0.279683283477 0.0 0.0 0.0 0.0 0.0 0.0 0.0 0.444350210819 0.176463899854 0.764234570179 230.0 247.0 255.0 0.248196142326 0.238153194689 0.268390205353 -0.077019754735 0.0 
0.0 0.0 0.0 0.66038842756 1.5004582315 0.0 0.0 0.0 0.0 0.0 0.529999083944 0.787107802691 230.0 247.0 255.0 0.333333333333 0.161133439954 -0.03233419198 -0.125004870083 0.0 
0.164384675857 0.0 0.0 0.0 0.597286475948 0.0 0.435023685665 0.0 0.93070302291 0.415313683466 0.0 1.30281732718 230.0 247.0 255.0 0.300999141353 0.0361285698707 0.0661425014446 0.0132386849336 0.0 
0.0273621708047 0.0 0.0 0.495771689971 0.0 0.0 0.0 0.0 0.0 0.346645928308 0.781688021532 0.0 230.0 247.0 255.0 0.333333333333 0.0493672548043 0.0272159446233 0.0222927459325 0.0 
0.0 0.0 0.0 0.121700175529 1.21756195085 0.0 0.0 2.20723694798 0.0417150265164 1.18992254175 0.0 0.0 230.0 247.0 255.0 0.333333333333 0.0716600007368 0.0275374244756 -0.167701059244 0.0 
0.0 1.45012166721 0.160382303581 0.0 0.0 0.0 0.0 0.0 0.0583028164036 2.56126245261 0.0 0.416174080683 230.0 247.0 255.0 0.333333333333 -0.0960410585077 0.0552950136234 0.0181774885238 0.0 
2.743253679 0.0 0.0 1.77864932905 2.43787662918 0.0 0.0 0.64928839953 1.18344945657 3.33233176522 1.44961723542 1.85923502371 230.0 247.0 255.0 0.333333333333 -0.0778635699839 -0.189395815747 -0.0258464025304 0.0 
0.0 0.0 0.0 0.272062291188 0.531043535879 0.0 0.0 0.10162581867 0.0 0.0 0.179406315928 0.0 230.0 247.0 255.0 0.143937517586 -0.103709972514 0.00524846001313 0.068182639688 0.0349066 
0.431687638198 0.0 0.0 0.0 0.0 0.0 1.0618235372 0.449135408541 0.0639114295466 0.0 0.516602889807 0.0 230.0 247.0 255.0 0.149185977599 -0.0355273328263 0.0189614183975 0.0830862534439 0.10472 
0.0 0.112465927354 0.0 0.0 1.02557808336 0.310200146076 0.0 0.0 0.0 0.0 0.0 0.255530340885 230.0 247.0 255.0 0.168147395997 0.0475589206176 -0.158821371865 -0.213795212387 0.139626 
1.65284839323 0.0 0.169920591556 0.0 0.10582247433 0.732225371532 0.668565713156 0.0 0.0 0.316863582798 0.464271723684 0.0 230.0 247.0 255.0 0.00932602413169 -0.16623629177 -0.100962377314 -0.0421763997898 0.10472 
0.0 0.0 0.0 0.325641817714 0.0 0.0 0.248772952083 1.16259165106 0.0 0.0 0.0 0.0 230.0 247.0 255.0 -0.0916363531821 -0.208412691559 0.250497793168 0.158016787881 0.20944 
0.0 0.0 0.315357061336 0.0 0.00498097914323 0.0 0.67958632375 0.0 1.09459703239 0.0 0.722534024093 0.0 230.0 247.0 255.0 0.158861439986 -0.0503959036787 -0.0387637737248 0.177217408615 0.349066 
0.023883038321 0.0 0.0 0.0 0.160485551672 0.0 0.0 0.0 0.0 0.0 0.837495779883 0.0 230.0 247.0 255.0 0.120097666261 0.126821504936 0.240988720914 0.0121682347439 0.628319 
0.39972871076 0.775725905919 0.0 0.162228718184 0.100034083542 0.0 0.0 0.49772991242 0.0 0.189672440164 0.0 0.242565992367 230.0 247.0 255.0 0.333333333333 0.13898973968 0.0855125657049 0.00742228969918 0.418879183131 
0.0 0.0 0.0 0.0 0.0 0.0 0.0 0.0856016851256 0.0 0.929573483151 0.713133554103 0.0 230.0 247.0 255.0 0.333333333333 0.146412029379 -0.0467829106603 0.0132920666851 0.349066 
0.0 0.0 0.362214494523 1.19277222788 0.0 0.0 0.0 0.136569964859 0.0 0.353176979271 0.0 3.46826683795 230.0 247.0 255.0 0.286550422673 0.159704096064 0.3 0.156712420472 0.314159 
0.0 0.0 0.839592117181 0.0 0.0 0.0 0.0 0.0 0.0 0.0 0.712285746397 0.281630920166 230.0 247.0 255.0 0.333333333333 0.316416516536 -0.0719962613445 0.0482610338947 0.174533 
0.449838354372 0.0 0.0 0.551461260691 0.0 0.528066352472 0.0 2.0502184816 1.26102909271 1.06425530211 0.990676692718 0.0128456362869 230.0 247.0 255.0 0.261337071989 0.333333333333 -0.0600463771099 0.0559367292028 0.174533 
0.646378667908 0.232259598481 0.0 0.0 0.985603150146 0.0 0.0 0.0 0.064320065149 0.95147631498 0.0 0.0 230.0 247.0 255.0 0.201290694879 0.333333333333 0.175267394213 -0.0352003324827 0.10472 
0.0 0.0 0.0 0.0 0.0 0.0 0.0 0.0154508798761 0.186059371583 0.0 0.0 0.0 230.0 247.0 255.0 0.333333333333 0.298133000851 0.229611418941 -0.205975906169 0.174533 
1.54707733589 1.1960364118 1.31129877178 0.778163077358 0.549881961539 0.808262407548 0.0 0.0 1.28129870643 2.42509934907 0.0 0.0 230.0 247.0 255.0 0.333333333333 0.092157094682 0.184784692079 0.211320802613 0.0698131 
0.314541888969 0.0 0.385063158964 0.144207701442 0.293732134827 0.510513639319 0.0 0.0 0.11076177069 0.0 0.0 0.712802300793 230.0 247.0 255.0 0.333333333333 0.303477897295 0.079306741422 0.124060703886 0.0349066 
0.763841741784 0.0 0.0 0.0 0.164182192912 0.145794427653 0.0291181220098 0.0 0.0 1.84920328419 0.289389459457 0.519759491067 230.0 247.0 255.0 0.333333333333 0.333333333333 -0.114980145161 0.151620404704 0.244346 
0.0 0.775784478557 0.200082901344 0.0 0.0518164624973 0.403482929104 1.58317369657 0.0 1.14388521389 0.378060148462 0.97916888768 0.690350929058 230.0 247.0 255.0 0.218353188172 0.333333333333 -0.0866972071384 -0.0220970815793 0.0698131 
0.119950668834 0.0 0.0 0.0 0.0508980302006 0.0 0.0 0.0599364154514 0.904755693405 0.170309649762 0.0 0.0 230.0 247.0 255.0 0.131655981034 0.311236251754 0.0632000875341 -0.0246661167692 0.279253 
0.0 0.0 0.511237856884 0.0 0.269184655644 0.0 0.74479146391 0.0 0.0 0.0 0.0 0.0 230.0 247.0 255.0 0.194856068568 0.286570134985 0.187886406913 0.175588501644 -0.942478 
0.0 0.764011854054 1.15205342532 0.0 0.0 0.0 0.0 0.129669341753 0.0 0.858518863754 0.0 0.0 230.0 247.0 255.0 0.333333333333 0.333333333333 0.3 0.111456813214 -1.0472 
0.16335002602 0.0870991183231 0.0 0.287880824269 0.0460162276119 0.0 0.0 0.0 0.0 0.0 0.320224634595 0.0 230.0 247.0 255.0 0.333333333333 0.333333333333 0.0548904481742 -0.118170352395 0.523599 
0.783395136862 1.21496491827 0.688290045911 0.0 0.370126581779 0.0 0.0 0.0 0.232511159643 2.6161637296 0.223907325298 0.537018215692 230.0 247.0 255.0 0.333333333333 0.215162980939 -0.261066002468 0.15238224468 0.139626 
0.0 0.0 1.1849752587 0.0 0.0 0.0 1.47079213246 0.0 0.0 0.0 0.765012239941 0.0 230.0 247.0 255.0 0.0722673308656 0.333333333333 0.227297036887 0.128104817264 0.10472 
1.02308428548 1.82258334833 0.0 0.779889741107 0.491012586933 0.183041941802 0.0 1.55908762416 0.780839984869 2.93831803367 0.0 0.786835129399 230.0 247.0 255.0 0.299564367753 0.333333333333 0.0460580615667 0.018610969968 0.10472 
0.0 0.0 0.0 0.145828818072 0.822358653854 0.0169438454555 0.0 0.504367567157 0.539165576696 0.0 0.0 0.0 230.0 247.0 255.0 0.333333333333 0.333333333333 -0.161251438166 -0.0234809684593 0.10472 
0.407435729295 0.0 0.0 0.120652104237 0.545374832772 0.0 0.0 1.62779611893 0.582513962247 0.0 1.26035238489 1.28292532125 230.0 247.0 255.0 0.172081895168 0.309852364874 0.00232928513442 -0.159794107559 0.0698131 
0.452234622105 0.0 1.24978798143 0.0 0.0564870333176 0.0 2.05431248664 1.19098812647 0.911083030124 0.0 0.0 0.0 230.0 247.0 255.0 0.174411180302 0.150058257315 0.00451614132408 0.104983310091 0.139626 
0.598040545778 0.0 0.0 0.313990326988 0.0 0.0 0.337419184848 0.698617458093 0.26281308154 0.0307842318578 0.256507634482 0.724957616964 230.0 247.0 255.0 0.178927321626 0.255041567406 -0.027554617815 0.120680938991 0.10472 
0.0 0.0 0.0 0.873631105907 1.01095038947 1.83414710295 0.570250254868 0.0 0.827820128364 0.0 0.0 0.0 230.0 247.0 255.0 0.151372703811 0.333333333333 -0.148983398079 -0.039183502928 0.209439 
0.0 0.0 0.0 0.0 0.0 0.466053284245 0.0 0.0 0.305190498309 0.0 0.255260927457 0.0 230.0 247.0 255.0 0.00238930573252 0.294149830405 0.157644973728 0.0648793887541 0.20944 
0.0 0.47941701127 0.0 0.652850764292 0.70264740192 0.0 0.416844152307 0.0 0.484276486578 0.373295220774 0.341146917753 1.47459782888 230.0 247.0 255.0 0.160034279461 0.333333333333 0.104753753815 0.3 0.314159 
0.0 0.645760593095 0.0 0.0 0.0735683773818 0.0 0.0 0.0 1.08071218978 1.21627053645 0.0 0.717655732793 230.0 247.0 255.0 0.264788033275 0.333333333333 -0.079150739653 -0.196974453491 0.907571228343 
0.617135826199 0.0 0.0 0.0 0.0 0.0 0.0 0.56017906012 0.0 0.0 0.0 0.0 230.0 247.0 255.0 0.185637293622 0.136358879842 -0.163663755414 -0.121246304708 0.698132 
0.579906374505 1.09110843885 0.0 0.0 0.0 0.55965305394 0.417048633547 0.143584423779 1.0391064906 0.186544933042 0.0 0.0 230.0 247.0 255.0 0.0219735382087 0.0151125751345 -0.195327103977 -0.257127350256 0.418879 
0.777944749562 2.04429762735 1.87037011214 0.318554008169 1.54271522136 1.20651740457 0.0 0.269877054271 1.85642675606 3.19197137735 0.0146398502192 0.346357214999 230.0 247.0 255.0 -0.173353565768 -0.242014775121 0.229562591081 -0.139302899149 0.174533 
0.550776389596 0.0 0.0 0.0 0.0 1.2377084236 0.399486322404 0.0 0.0 0.0 0.0 0.0 230.0 247.0 255.0 0.0562090253124 -0.333333333333 0.195493819927 -0.00723071204345 0.174533 
0.0 0.293696672411 0.0 0.0972087538499 0.0 0.0 0.0 0.0 1.04042059371 0.0 0.0 0.0 230.0 247.0 255.0 0.25170284524 -0.333333333333 0.101346115403 0.134501651517 0.20944 
0.0 1.61179711963 0.0 0.0 0.0 0.0 0.687813214052 0.890619322476 0.0 0.0 0.0 0.47436733607 230.0 247.0 255.0 0.333333333333 -0.198831681817 -0.0327941466986 0.047217048803 0.314159 
0.0 0.0 0.856152784598 0.0 0.972682696842 0.0 0.531892150255 0.0 1.36195679158 0.0 1.57288827857 0.327414118286 230.0 247.0 255.0 0.300539186635 -0.151614633014 -0.0722323974852 0.209757193168 0.418879 
0.196257906135 0.0 0.126656736285 0.0 0.0785010725724 0.0 0.0 0.0 0.0 0.0 0.0 0.0 230.0 247.0 255.0 0.22830678915 0.0581425601538 -0.062855618669 0.128804427376 0.418879 
# HEADER 2
0.0 0.0 0.0 0.0 0.0715176470447 0.0 0.108684268246 0.0 0.777845646619 0.0 0.0 0.0 230.0 247.0 255.0 0 0 0.130881208112 -0.0368963319509 0.349066 
0.0 0.058010279077 0.503089763878 0.345780750161 0.0483650093324 0.0 1.71251011309 0.0 0.411646471787 0.0 0.0 0.0 230.0 247.0 255.0 0.130881208112 -0.0368963319509 0.18207812022 0.196055703766 0.10472 
0.0 0.0 0.372190452571 0.0 0.422449037433 0.0 0.0 0.0 0.109028521823 0.0 0.0 0.0 230.0 247.0 255.0 0.312959328332 0.159159371815 0.022729980903 -0.0717880490358 0.209439 
0.113000811019 0.618074925608 0.0 1.1659577447 0.0531423889824 0.0 0.597591646884 0.105122611969 0.291697615964 0.0 0.736120541773 0.0 230.0 247.0 255.0 0.333333333333 0.0873713227791 -0.118591292881 0.165014264795 0.174533 
0.0 0.78846104479 0.0 0.0 0.047328182475 0.0 0.812544824602 0.0 0.0 0.0 0.0 0.0 230.0 247.0 255.0 0.214742040452 0.252385587574 -0.167690970381 0.121372324158 0.0349066 
0.0 0.0 0.0 0.0 0.0 0.0 0.0 0.0192382244414 0.0 0.0 0.0 0.0 230.0 247.0 255.0 0.0470510700714 0.333333333333 -0.183781869467 -0.115648833278 0.0349065 
0.0 0.72756116275 0.642613295683 0.0 0.178911743401 1.52357762609 0.0696915430727 1.07595320866 1.35664283691 0.0 0.0 0.488147464654 230.0 247.0 255.0 -0.136730799395 0.217684500055 0.3 -0.123671259706 0.0 
0.709883281764 0.0 1.10858597064 0.287285073584 0.0 0.651861246869 0.0 0.0 0.327584503119 0.0 0.0 1.75281500172 230.0 247.0 255.0 0.163269200605 0.0940132403493 -0.0434422978238 0.102062275582 0.0 
0.0 0.0 0.350301077546 0.0 0.983724004988 0.0 0.0 0.0 0.0 0.373015357257 0.0 0.272508995147 230.0 247.0 255.0 0.119826902781 0.196075515931 0.0604815845773 -0.210058255498 0.0 
0.0 0.357910831007 0.0 1.07855586367 0.0765871986495 0.123836352732 0.0 0.0 0.0462674637165 0.0 1.49231027076 0.0222850566709 230.0 247.0 255.0 0.180308487358 -0.0139827395668 0.132839565514 0.0339570147543 0.0 
0.0 0.0 0.0 0.247683804026 0.422542517044 0.0 0.192741098431 0.0 0.666679170077 0.0 1.19312768288 0.0 230.0 247.0 255.0 0.313148052872 0.0199742751876 0.0168110367311 0.214803011554 0.0 
0.969406527977 0.0 0.0 0.0 0.14331599035 0.0 0.0 0.959995065534 0.0 0.0 0.0 0.0 230.0 247.0 255.0 0.329959089603 0.234777286741 0.157647483216 0.151893824755 0.0 
0.0876375864676 0.0 0.0 0.0 0.0 0.251314181375 0.752865635907 0.201817002917 0.0 0.0 0.74626029665 0.0 230.0 247.0 255.0 0.333333333333 0.333333333333 -0.0501274172653 0.0887523267177 0.0 
0.0 0.0 0.0 0.0 0.0234070684726 0.0 0.0 1.11133525264 0.0460657925378 0.0 0.0 0.0 230.0 247.0 255.0 0.283205916068 0.333333333333 0.019926553749 0.00461748515104 0.0 
