nrollouts: 2
# HEADER 1
0.854425560377 0.0 0.708130004674 0.0 0.0 0.0 0.157095463965 0.0 0.196871036497 0.0 0.11045084659 0.0 230.0 247.0 255.0 0 0 -0.0331720833322 -0.065271159156 0.0 
0.0739932628681 0.776716896092 0.0 0.663740017395 0.0 0.0 0.699995118363 0.0 0.516045625252 0.0632233307955 0.0545197109706 0.0 230.0 247.0 255.0 -0.0331720833322 -0.065271159156 0.0351588749383 0.0824598308571 0.0 
0.0 0.00157120637794 0.0 0.0 0.0 0.0 0.0 0.0 0.0 0.0 0.956799064888 0.0 230.0 247.0 255.0 0.0019867916061 0.0171886717012 -0.0873606998396 0.0745701660031 -0.069813 
0.0 0.0 0.678321783458 0.0 0.0 0.0 0.0 0.0 0.0 0.224133675021 0.140071149665 0.715516135137 230.0 247.0 255.0 -0.0853739082335 0.0917588377043 -0.136669816284 0.0831890463853 0.0 
0.0 0.0 0.0 0.0 0.103903825341 1.40642306488 0.548054385925 0.0 0.0 0.0 0.089007965021 0.100499220953 230.0 247.0 255.0 -0.222043724517 0.17494788409 -0.152176667225 0.0591366057028 -0.942478 
0.0 0.0 0.484810211224 0.0 0.0552522122306 0.0 0.0430825478798 1.70598993818 0.0 0.0 0.0 0.0 230.0 247.0 255.0 -0.333333333333 0.234084489792 0.286572556399 0.148641823867 1.01229 
0.6723682783 0.0 0.536512239363 0.0 0.00088398418524 0.0 0.0 0.519125765423 0.0 0.0 0.651162497562 0.0 230.0 247.0 255.0 -0.0467607769345 0.333333333333 -0.0314887641771 -0.00797590149388 0.0349066 
0.0 0.0 0.551781078882 0.0 0.0 0.168165493962 0.0 0.0 0.825124736115 0.0 0.0854743238903 0.0 230.0 247.0 255.0 -0.0782495411115 0.325357431839 0.238605597785 0.0680471566276 0.0 
0.59789638195 0.0 0.97724564464 0.0 0.164610438089 0.0 0.537902374147 0.445614165876 0.562852470675 0.0 0.191067581433 0.0 230.0 247.0 255.0 0.160356056674 0.333333333333 0.0314603809236 -0.0226454396164 0.10472 
0.0 0.0143927755728 0.0 0.0 0.0557135194958 0.731928905379 0.0 0.0 0.0 0.062256398295 0.104759849745 0.0 230.0 247.0 255.0 0.191816437597 0.310687893717 -0.183280663136 0.0759925676183 0.0 
0.0 0.0 0.0 0.0 0.146262340684 0.0 0.0 0.315951049521 0.0 0.0 0.0 1.2482403487 230.0 247.0 255.0 0.00853577446111 0.333333333333 0.0749366352645 -0.0372461787681 0.0 
0.0 0.0 0.218128466127 0.388212266308 0.0 0.0 0.0 0.0 0.0 0.04536281526 0.0 0.0 230.0 247.0 255.0 0.0834724097257 0.296087154565 0.0576847711333 0.0820052522136 0.0 
0.0 0.0 0.0 0.0 0.0 0.0 0.231246430575 0.0 0.0 0.0925378912542 0.0 0.282357332468 230.0 247.0 255.0 0.141157180859 0.333333333333 0.116092641418 0.0166418181269 0.0 
0.0 0.0 0.0 0.0 0.0 0.0 0.0 0.0 0.0 0.0 0.327830872365 0.279867574552 230.0 247.0 255.0 0.257249822277 0.333333333333 0.117015153484 0.164953919228 0.0349066 
0.0 0.0 0.0 0.0158576343536 0.0491308382931 0.0 0.0 0.0 0.322369635021 0.0 0.0 0.0 230.0 247.0 255.0 0.333333333333 0.333333333333 0.126640450048 -0.0952001553803 0.0 
0.0 0.0 0.0 0.0 0.0560948173857 0.0 0.251033933813 1.79343865729 0.0 0.0 0.0 1.27021566523 230.0 247.0 255.0 0.333333333333 0.238133177953 0.103405517338 0.3 0.0 
0.0 0.0 0.0 0.671537138476 0.0 0.0 0.083015918935 0.140702102236 0.0 0.0 0.0 0.0 230.0 247.0 255.0 0.333333333333 0.333333333333 0.24180216704 -0.104427138025 0.10472 
0.829953397707 0.758619969789 0.798124202217 0.704205735069 0.00724361763109 0.79169536921 0.0 0.0 1.38727098743 1.87405703795 0.0 0.947632145915 230.0 247.0 255.0 0.333333333333 0.228906195309 -0.179541977117 -0.128322723885 0.0 
0.8103068155 0.0 0.0 0.0 0.0 0.0 0.0 0.311056214589 0.0 0.0 0.0 0.0 230.0 247.0 255.0 0.153791356216 0.100583471423 0.0157312600333 0.048597016184 0.0 
0.0 0.0 0.0 0.0 0.0 0.0 0.0514369470494 0.15653741403 0.639635147649 0.0 0.867384759295 0.0 230.0 247.0 255.0 0.16952261625 0.149180487607 -0.070898502779 -0.0731817927733 0.0349066 
0.0 0.0 0.0 0.0 0.0562487124345 0.0 0.0 0.0 0.0 0.839564477424 0.0880487487885 1.21999051862 230.0 247.0 255.0 0.0986241134705 0.0759986948339 0.280407615282 -0.0384050291437 0.0 
0.0 0.0 0.0 0.0 0.0 0.0 0.244307051139 0.142245045672 0.0 0.100515101805 0.654539620824 0.164235962999 230.0 247.0 255.0 0.333333333333 0.0375936656902 0.0672007647842 -0.00659594668097 0.069813 
0.00289985930741 0.0 0.0 0.0 0.0 0.445100753751 0.55138616824 0.0 0.0 0.0929308392363 0.0886614038115 0.0294976302323 230.0 247.0 255.0 0.333333333333 0.0309977190092 -0.0764649939718 -0.107252221832 0.0 
0.0 0.0 0.0 0.0 0.0 0.0 0.542488416579 0.0 0.0 0.0 0.0854289258818 0.0 230.0 247.0 255.0 0.256868339362 -0.0762545028224 0.184489508155 0.086692452252 0.10472 
0.0 0.0484501348144 0.0 0.0 0.780916530446 0.0 0.776360144442 0.0 0.0 0.0626194805089 0.0852722953948 1.04066306865 230.0 247.0 255.0 0.333333333333 0.0104379494295 0.201771855605 -0.00609304045168 0.0 
0.0 0.681851620845 0.0 0.0 0.0615799166335 0.0 0.0242977465436 0.0 0.0 0.0 0.178489533367 0.0 230.0 247.0 255.0 0.333333333333 0.00434490897786 -0.226719547544 -0.066570312427 0.069813 
0.0 0.571405406556 0.0 0.0 0.0312829208665 0.0 0.928303156868 0.0 0.0 0.0 0.0 0.470030678227 230.0 247.0 255.0 0.106613785789 -0.0622254034491 0.123906795231 -0.0212996504468 0.0 
0.0 0.76451159624 0.0 0.0120199855337 0.248664281408 0.0 0.293332547764 0.210085218478 0.0 0.0 0.834496890352 0.0 230.0 247.0 255.0 0.23052058102 -0.083525053896 0.0857590303233 0.24249789345 0.0698133 
0.0 0.600595774129 0.12726651794 0.0 0.0 0.0 0.0 0.0 0.0 0.0 0.841083091248 0.0 230.0 247.0 255.0 0.316279611343 0.158972839554 -0.00877585984874 0.063596799772 0.0 
0.0 0.0 0.0 0.0 0.182981488128 0.417035716942 0.0393720729297 0.0 0.0 0.465192027837 0.086296464453 0.145975005466 230.0 247.0 255.0 0.307503751494 0.222569639326 0.0349858240437 -0.0686960095632 0.0 
0.366339847939 0.0 0.0 0.0 0.55877555096 0.0 0.0 0.0 0.185616236618 0.0 0.69151912593 0.649205765843 230.0 247.0 255.0 0.333333333333 0.153873629763 -0.231782074963 -0.0644205599141 0.0698133 
0.255696996646 0.0 0.0 0.0 0.0 0.0 0.0 0.0 0.684653243959 0.0 0.0 0.0 230.0 247.0 255.0 0.10155125837 0.0894530698491 0.0969316489961 -0.141913305538 0.0 
0.0 0.824905373697 0.0 0.0 0.0320507932195 0.0 0.0 0.124632894298 0.341615753747 0.11141787081 0.0 0.521725558929 230.0 247.0 255.0 0.198482907366 -0.0524602356886 -0.0090838421612 0.0177877462505 0.0 
0.0 0.0 0.0346301923466 0.0 0.0311174024718 0.803806901631 0.817254530941 0.0 0.0 0.0 0.0756936171285 0.0 230.0 247.0 255.0 0.189399065205 -0.0346724894381 0.0478850953776 0.05234565924 0.0 
0.0 0.0 0.0 0.773783436833 0.0 0.0 0.0545119955963 0.0 0.0 0.0 0.109634224485 0.0 230.0 247.0 255.0 0.237284160583 0.0176731698019 -0.131575097782 -0.0818219303622 0.10472 
0.0 0.0 0.431028260736 0.0 0.055603714539 0.0 0.556516918446 0.0 1.32224197013 0.142230478088 0.0 0.0 230.0 247.0 255.0 0.1057090628 -0.0641487605602 -0.14956842483 0.00636455007776 0.0 
0.0 0.0 0.0 0.0 0.0 0.0 0.0612348889144 0.0 0.516758053488 0.142621384262 0.0 0.0 230.0 247.0 255.0 -0.0438593620299 -0.0577842104825 -0.143803783217 0.165230691999 0.0 
0.36134260282 0.280275871002 1.5857706538 0.205959653726 0.0 0.422627737721 0.0 0.0 0.743253239022 1.8592893405 0.0 0.784320884319 230.0 247.0 255.0 -0.187663145247 0.107446481516 0.0485610275082 -0.187870191171 0.0 
0.0 0.0 0.0 0.195337193219 0.428506288112 0.0 0.825563930611 0.0 0.0 0.0 0.199843339366 0.0537719930014 230.0 247.0 255.0 -0.139102117739 -0.080423709655 0.111998938881 0.245841818457 0.0349066 
0.0 0.0 0.0 0.0 0.814942864138 0.0 0.271599429312 1.2588772201 0.0 0.570285626285 0.0768590060813 0.283485424098 230.0 247.0 255.0 -0.0271031788582 0.165418108802 0.0486480439251 0.0626976771294 0.0 
0.0 0.0 0.0 0.0 0.471557970608 0.0 0.566801283302 0.0 0.134085481392 0.0 1.5042534533 0.0 230.0 247.0 255.0 0.0215448650669 0.228115785932 0.0851823005765 0.153795351093 0.0 
0.0 0.0 0.411059657422 0.211933479662 0.0 0.515068116683 0.615186098013 0.0 0.0611241166497 0.0 0.0969172050533 0.612619612596 230.0 247.0 255.0 0.106727165643 0.333333333333 -0.0140460806826 -0.194810522271 0.10462713623 
0.0 0.0 0.479658407422 0.0 0.0132945417973 0.0 0.0 0.0 0.0600210510351 0.0 0.0342339344996 0.0 230.0 247.0 255.0 0.0926810849607 0.138522811062 0.0107487455181 -0.0402818582857 0.0 
0.0 0.00538764967628 0.0548210651313 0.0 0.815143263555 0.0 0.117456520045 0.348113287051 0.0 0.0 0.0 0.0 230.0 247.0 255.0 0.103429830479 0.0982409527762 -0.0781260995964 -0.150021146083 0.0 
0.0 0.0 0.310261392458 0.0 0.0 0.0 0.122484702852 0.347945525774 0.0 0.0 0.297226194577 0.0408702972244 230.0 247.0 255.0 0.0253037308825 -0.0517801933069 0.0134832902765 -0.106291420954 0.0349066 
0.0891981939503 0.0 0.0 0.0 0.0 0.0 0.0 1.09501430939 0.0 0.0790877614017 0.0 0.0 230.0 247.0 255.0 0.038787021159 -0.158071614261 -0.0235149822362 0.107958354658 0.0 
0.0496755888068 0.0 0.0 0.0 0.0628181271764 0.0 0.0 0.0 0.266390501621 0.0 0.456616812014 1.97600820143 230.0 247.0 255.0 0.0152720389228 -0.0501132596027 0.0146870292332 0.105581315729 0.0 
0.0 0.0 0.0 0.00319517929961 0.0648518792841 0.0 0.77774092777 0.0 0.0 0.0 0.0 0.0 230.0 247.0 255.0 0.029959068156 0.0554680561266 -0.023232883848 0.150529026809 0.0349066 
0.0 0.0 0.414159095022 0.0 0.0 0.0 0.0 0.0 0.0 0.0460499328953 0.0805121047601 0.0 230.0 247.0 255.0 0.00672618430799 0.205997082935 0.0168336431077 -0.111714643932 0.0349066 
0.0 0.0 0.0 0.0 0.10928553267 0.0 0.599372266978 0.773273259972 0.0 0.170507941988 0.0 0.0986611703206 230.0 247.0 255.0 0.0235598274156 0.0942824390033 -0.104230195734 0.3 0.0 
# HEADER 2
0.0 0.648999124127 0.679782493826 0.0 0.257650670404 1.66101414016 0.0 0.0 0.0 0.0902283251314 0.831932518993 0.0 230.0 247.0 255.0 0 0 -0.0488854778982 -0.117547545425 1.36136 
0.0 0.1622484674 0.0 0.0 0.191412367378 0.0 0.0 0.0 0.563206236809 0.0709269943413 0.693889145127 0.0 230.0 247.0 255.0 -0.0488854778982 -0.117547545425 0.254828563231 0.0325833984317 0.0 
0.0 0.756822708634 0.0 0.0 0.0572259807385 0.0 0.172577926846 0.0 0.0 0.0 0.567389195141 0.0 230.0 247.0 255.0 0.205943085333 -0.0849641469935 -0.0727757538986 0.118357653763 0.0 
0.387676231511 0.0 0.0 0.0 0.0 0.0 0.539012649438 0.714171014665 0.657939086856 0.224120074012 0.0 0.0 230.0 247.0 255.0 0.133167331435 0.0333935067693 0.0167542436336 -0.0809237649837 0.0 
0.221958203936 0.0 0.484970663195 0.0 0.0 0.0 0.0 0.836821850698 0.0 0.100698005624 0.0489950361882 0.0 230.0 247.0 255.0 0.149921575068 -0.0475302582144 0.0106015235491 0.183606452061 -1.22173 
0.0 0.0 0.0 0.0 0.0667594693923 0.139358314902 0.998943206961 0.0 0.574989396319 0.047835229053 0.416271220202 0.297163543769 230.0 247.0 255.0 0.160523098617 0.136076193847 -0.182687350741 0.0374794495714 0.0 
0.0 0.0 0.0 0.0 0.88270865454 0.0 0.0 0.276880399488 0.504597105125 0.473880309262 0.0 0.0 230.0 247.0 255.0 -0.0221642521242 0.173555643418 0.198803583986 0.0742870449825 0.0 
0.0 0.0 0.0 0.0 0.0 0.0 0.0355732217478 0.0 0.0 0.0495050170893 0.0 0.244512668851 230.0 247.0 255.0 0.176639331862 0.247842688401 0.0315212669769 0.156099511391 0.0 
0.0 0.0 0.0 0.0 0.0 0.0 0.341088979325 0.352512289373 0.638396713754 0.067688414998 0.0785509087367 0.0 230.0 247.0 255.0 0.208160598839 0.333333333333 0.106670744913 -0.0274590404688 0.0 
0.0 0.157335681016 0.0 0.455432544078 0.0 0.0 0.0 0.243890811623 0.56313227187 0.0 1.08180763004 0.0 230.0 247.0 255.0 0.314831343753 0.305874292865 0.0562138531326 -0.220813370118 0.0 
0.252832340429 0.0 1.03484143048 0.221389034447 0.432438520335 0.0 0.0 0.380341736754 0.0 0.0 0.0872878475258 0.0 230.0 247.0 255.0 0.333333333333 0.0850609227466 -0.147906633597 0.0866428940421 0.0349066 
0.0 0.0 0.689981960838 0.0389176470958 0.0 0.0 1.32520033576 0.0 0.0 0.868655782965 0.321602655517 0.504050128674 230.0 247.0 255.0 0.185426699737 0.171703816789 0.0583839577759 0.000110456420245 0.0 
0.0 0.0 0.0 0.0 0.600723148109 1.42903056974 0.560094280855 0.0 0.352122970074 0.0 0.0 0.0 230.0 247.0 255.0 0.243810657513 0.171814273209 -0.11895125411 0.0650972974791 0.0698132 
0.0714330683841 0.000796614562772 0.0589133608513 0.0 0.0 0.0 0.49879737725 0.0 0.0 0.0 0.045107334853 0.0 230.0 247.0 255.0 0.124859403402 0.236911570688 -0.0689292129228 -0.290690749244 0.0 
