nrollouts: 2
# HEADER 1
0.0 0.0 0.207220629737 0.0 0.400517860107 0.0 0.320432710049 0.0 0.0 0.0 0.0 0.0 230.0 247.0 255.0 0 0 0.0429827806587 -0.122846535952 0.0 
0.107982873624 0.0 1.4010522962 0.0 0.0 0.0 0.0 0.0 0.413774681552 0.0 0.0 0.0 230.0 247.0 255.0 0.0429827806587 -0.122846535952 0.0523199261521 0.0884170899952 0.0 
0.0 0.0 0.0 0.0 0.0 1.57705749686 0.0 0.0 0.0 0.285380875935 0.0 0.335455736588 230.0 247.0 255.0 0.0953027068109 -0.0344294459567 0.155840773076 -0.0209506305102 0.0 
0.0 0.0 0.0 0.0 0.144596625269 0.0 0.0 0.0 0.0 0.0 0.0 0.0 230.0 247.0 255.0 0.251143479887 -0.055380076467 0.00263830656973 0.177703793308 0.0 
0.215467436729 0.0593262398216 1.3146207207 0.0 0.0 0.0 0.0 2.42897761997 0.0 0.0 0.0 0.0 230.0 247.0 255.0 0.253781786457 0.122323716841 0.0175110378488 -0.171048131639 0.0 
0.0 0.0 0.0 0.192392254892 0.224731448078 1.04720109461 0.0 0.0 0.390231294504 0.418253340993 0.478396669634 0.0 230.0 247.0 255.0 0.271292824306 -0.0487244147978 0.155726744505 0.0984241638533 0.0 
0.262320625209 0.0 0.0 0.0 0.337536398808 0.0 0.526148634665 0.0 0.0 0.207314296243 0.438877728825 0.0 230.0 247.0 255.0 0.333333333333 0.0496997490555 -0.160018503478 -0.0367996865802 0.0 
0.0 0.0 0.0 0.0 0.448283733256 0.0 0.357069340869 0.544765811891 1.27712600489 0.0 0.0 0.34524820541 230.0 247.0 255.0 0.173314829855 0.0129000624752 0.0589121507783 0.0854393707149 0.0 
0.0 0.0 0.0 0.0 0.0 0.0 0.806844955885 0.0 0.365286378323 0.0 0.445139262054 0.0 230.0 247.0 255.0 0.232226980634 0.0983394331902 -0.0594745213138 0.217871055941 -0.0698132 
0.0 0.0 0.379893006674 0.0 0.0 0.0 1.07927670082 0.0 0.0 0.926333350524 0.501296187759 0.0 230.0 247.0 255.0 0.17275245932 0.316210489131 -0.123631046135 0.0222021181689 0.0 
0.0 0.561836016731 0.041007740841 0.0 0.0 1.01290281424 0.0 0.0 0.0 1.36720107643 0.700718722725 1.69984925836 230.0 247.0 255.0 0.0491214131852 0.333333333333 -0.131626069862 -0.0225351654939 0.0 
0.0 0.0696794634267 0.0 0.0 0.0 0.0 0.297204792515 0.0 0.232010953624 0.0 0.160146028539 0.0 230.0 247.0 255.0 -0.0825046566764 0.310798167839 -0.123063659369 0.144991438538 -0.0698132 
0.918129839515 1.51521818484 1.09810258053 0.149461983146 0.481123008198 1.13675785533 0.0 0.561558379978 0.941470249626 2.8490707102 0.0 0.836549485747 230.0 247.0 255.0 -0.205568316045 0.333333333333 -0.0544923250262 0.0498755602239 0.0 
0.531691940262 1.22402801725 0.0564374706788 0.012185995534 0.0 0.0 0.0 0.0842140428844 2.09205559735 1.75933021937 0.0 2.47721152931 230.0 247.0 255.0 -0.260060641072 0.333333333333 -0.00361268916476 0.101526349088 0.0 
0.313449319719 0.0 0.0 0.0 0.390374718198 0.0 0.103882531959 0.0 0.0 0.0 0.0 0.0 230.0 247.0 255.0 -0.263673330236 0.333333333333 0.0416465665481 -0.0144056628961 0.0 
0.0 0.0334829255325 0.630009730165 0.0 0.354419267689 0.0 0.0 0.0 0.0 0.0 0.729450386197 0.0 230.0 247.0 255.0 -0.222026763688 0.318927670437 0.0336517726686 0.0992501005625 -0.174533 
0.0 0.0134919975554 0.111602795168 0.0 0.0 0.0 0.0 1.13379805928 0.0 0.0 0.0 0.0 230.0 247.0 255.0 -0.18837499102 0.333333333333 0.3 0.195055716143 -0.0349066 
0.0 0.0 0.63456127995 0.0 0.0 0.105959788283 0.0677826744709 0.0 0.365771683232 0.0 0.0 0.0 230.0 247.0 255.0 0.11162500898 0.333333333333 -0.107983549387 0.0579184537626 -0.0349066 
0.339309789393 0.551087823476 0.0 0.835951020239 0.0 0.0 0.0 1.16484118803 0.395711375241 0.410471628918 0.0 0.0 230.0 247.0 255.0 0.00364145959374 0.333333333333 0.215789843721 -0.0383698712933 0.0 
0.0 0.0 0.0 0.0 0.145916727569 0.0 0.307433861674 0.0 0.318117929214 0.0 0.550030533697 0.0 230.0 247.0 255.0 0.219431303314 0.29496346204 -0.0124452977008 -0.197087865623 -0.10471978982 
0.0 0.0 0.0 0.0 0.0 0.0 0.310559648159 0.0 0.0 0.0 0.941498786358 0.0 230.0 247.0 255.0 0.206986005614 0.0978755964168 0.195317574039 -0.0243206686162 0.0 
1.23513877193 0.0344348509837 0.624675276941 0.0 1.98259134515 0.0 1.09167502933 0.0 0.313410320888 0.0 0.0 0.8028731637 230.0 247.0 255.0 0.333333333333 0.0735549278006 0.0410717774644 0.0376306490911 -0.0349066 
0.380067291317 0.0148132449453 0.0 0.166474652376 0.910648935905 0.0 0.0 0.0 0.0 0.0 0.430247053482 0.242640774521 230.0 247.0 255.0 0.333333333333 0.111185576892 -0.0773253562562 -0.153935027196 0.0 
0.0 0.0 0.0 0.0 0.45585397955 0.0 0.0 0.0 0.0 0.400592781329 0.0 0.374771131513 230.0 247.0 255.0 0.256007977077 -0.0427494503047 -0.0606292613073 0.13634197627 0.0 
0.460539279861 0.0 0.0 0.0 0.0 0.0 0.314646194299 0.0 0.710403346512 0.190909228911 0.0 0.0 230.0 247.0 255.0 0.19537871577 0.093592525965 -0.136936377788 0.0425658690455 -0.069813 
0.0 0.882974433291 0.0 0.571209829994 0.0 0.0 0.333994431118 0.0 0.0 0.0 0.0 0.0 230.0 247.0 255.0 0.0584423379814 0.13615839501 0.125986343618 0.0470797564541 0.0 
0.0 0.0 0.161759911727 0.302231046339 0.0 0.0 0.29441436394 0.0 0.0 0.0 0.0 0.0 230.0 247.0 255.0 0.184428681599 0.183238151465 -0.159698822407 0.27452290469 -0.0349066 
0.0452792676313 0.267711941868 0.0 0.032105979323 0.0 0.0 0.9200194096 0.0 1.38921330419 1.26261164072 0.0 1.22637620663 230.0 247.0 255.0 0.0247298591923 0.333333333333 -0.00157699519218 0.273431516589 -0.0698133 
0.75203527781 0.0 0.0 0.0 0.0 0.0 0.194778406236 0.0 0.0 0.0 0.0 0.233516954314 230.0 247.0 255.0 0.0231528640001 0.333333333333 0.211211217588 -0.101344612701 0.0 
0.298812174513 0.0303715487757 0.0 0.0 0.0 1.99193428768 1.16074210918 0.0 0.320133383627 0.0 0.0 0.714807092235 230.0 247.0 255.0 0.234364081588 0.231988720633 0.0731644908554 -0.0161113939681 0.0 
0.318171232164 0.0 0.0399977941286 0.335464987611 0.0 0.0 0.322863653902 0.0103470527523 0.0 0.0 1.40903120141 0.787598811882 230.0 247.0 255.0 0.307528572443 0.215877326665 -0.145430685658 -0.0272389819597 -0.0698133 
0.17798691129 0.0269185411068 0.54354398916 0.0 0.0 0.0 0.0 0.0 0.0 0.0 0.0 0.0 230.0 247.0 255.0 0.162097886785 0.188638344705 0.0194785187296 0.211428355861 0.0 
0.0 0.610181868997 0.160405197794 0.0 0.0 0.0 1.34356987322 0.0925175811109 0.292452897928 0.0 0.0 0.0 230.0 247.0 255.0 0.181576405514 0.333333333333 0.0655018192436 -0.174608554003 0.0 
0.641801861233 0.0 0.0 0.0 0.426828731929 0.0 0.573855535738 0.0 0.426591395631 0.176893601801 0.0 0.0 230.0 247.0 255.0 0.247078224758 0.15872477933 0.0161945633892 0.110859279552 0.0 
0.0 0.0 0.225287949265 0.0 0.0 0.0 0.0 0.688024849435 0.0 0.0 0.0 0.532717095499 230.0 247.0 255.0 0.263272788147 0.269584058882 0.0528801689161 0.16847818334 -0.0349064 
0.0 0.0365647945855 1.43688173698 0.0 0.0 0.0 0.158896164338 0.0 0.0 0.0 0.0441966191837 0.0 230.0 247.0 255.0 0.316152957063 0.333333333333 0.024714156147 -0.0249763515556 -0.0698133 
0.289469626487 0.0 0.0 0.0 0.0 0.327870771901 0.0 0.0 0.0 0.0214895132565 0.0 0.0 230.0 247.0 255.0 0.333333333333 0.308356981778 -0.0389385152337 0.21623773565 0.0 
0.0 0.0 1.16284930086 0.300495845669 0.419888740741 0.0 1.24767361892 0.0 0.0 0.419832732683 0.0 0.0 230.0 247.0 255.0 0.2943948181 0.333333333333 -0.0636061884433 0.113864373428 0.0 
0.844394761191 0.549106961166 0.0 0.28339566243 0.0 0.434402864954 1.43161629955 0.0 0.0 0.0 0.194618336445 0.0 230.0 247.0 255.0 0.230788629656 0.333333333333 0.154237092007 -0.208553985082 0.0 
0.0 0.0 0.0 0.0 0.0 1.12537943881 0.0 0.0 0.0 0.0 0.926287465591 0.0 230.0 247.0 255.0 0.333333333333 0.124779348251 0.00555567949483 0.0804869921797 0.0 
0.0 0.0 0.0 0.0 0.0 0.0 0.0 0.18606359561 1.32287487739 0.0 0.0 0.0 230.0 247.0 255.0 0.333333333333 0.205266340431 0.0580430718297 0.0950186089666 0.0 
0.0 0.0 0.164132734858 0.0 0.0 0.0 0.270090645778 1.16298540135 0.0 0.0 0.69338623357 0.0 230.0 247.0 255.0 0.333333333333 0.300284949397 0.100691075505 0.0926297726991 0.0 
0.0 0.0 0.171810132891 0.0 0.446350838673 0.0 0.806561721665 0.412726443706 0.936638130691 0.0359607632906 0.0761905960313 0.0 230.0 247.0 255.0 0.333333333333 0.333333333333 -0.0610384868086 0.00910227378009 -0.0698133 
0.116494548662 0.0109947286585 0.0 0.0 0.0 0.0 0.0 1.55655086414 0.0 0.0 0.0 0.0 230.0 247.0 255.0 0.272294846525 0.333333333333 0.191396306967 0.0140757015244 -0.0349066 
0.0 0.0 0.0 0.576332244524 0.236509363427 0.167594931786 1.24842516611 0.0 0.0 0.0 0.0 0.0 230.0 247.0 255.0 0.333333333333 0.333333333333 0.114276264548 -0.23066238636 0.0 
0.0 0.0 0.437712275348 0.0 0.210672980339 0.0 0.821338965186 1.34146145493 1.69718999654 0.0 0.698744144452 0.395546529497 230.0 247.0 255.0 0.333333333333 0.102670946974 0.0640784074729 0.0376941765221 0.0 
0.123530573563 1.16462546136 0.691951955089 0.15239666276 0.450398673485 0.476911224284 0.0 0.663730015151 1.09054399445 1.17695816845 1.10835410964 0.772294343658 230.0 247.0 255.0 0.333333333333 0.140365123496 0.179438763631 0.119839825286 0.0 
0.0 0.0 0.0 0.548425704613 0.266478591886 0.112760288433 0.288894520007 0.0 0.0342892616439 0.344549339467 0.957300464538 0.0 230.0 247.0 255.0 0.333333333333 0.260204948782 -0.0234650390878 -0.1793062992 0.0 
0.357588847566 0.926941347313 0.0 0.0 0.0 0.0 0.0 0.0 1.20525932356 0.315933483971 0.0 0.0 230.0 247.0 255.0 0.309868294246 0.0808986495816 0.125762937101 0.107510954602 -0.10472 
0.0 0.0 0.0 0.0 0.423649716017 0.0 0.276636886684 0.0 0.0 1.12887630605 0.0 0.0 230.0 247.0 255.0 0.333333333333 0.188409604184 -0.0147589089072 0.0673692541852 -0.139626 
# HEADER 2
0.0 0.0601965028665 0.0 0.0 0.0 0.279919368634 0.0 0.0 0.0 0.312854564713 0.0 0.0 230.0 247.0 255.0 0 0 0.0998943903175 -0.0553708905743 0.0 
0.0 0.0663459666041 0.0 0.0 0.519692938697 0.0 1.31274362254 0.681513779839 0.22240621868 0.0 0.0 1.47259436214 230.0 247.0 255.0 0.0998943903175 -0.0553708905743 -0.124770247877 -0.221304698404 0.0 
0.315705788316 0.0664119453192 0.0 0.0 0.0 0.0 0.266654112734 0.13955794133 0.226888423383 0.195062871911 0.70064922128 0.408817225954 230.0 247.0 255.0 -0.0248758575592 -0.276675588979 0.157831164296 0.175900166674 0.0 
0.0 0.0 0.0 0.0 0.2202072211 0.334663075202 0.42997897115 0.0 0.0 0.0 0.0 0.0 230.0 247.0 255.0 0.132955306737 -0.100775422305 0.0133885444046 0.082866656117 0.0349066 
0.0 0.0118660770241 0.0 0.0 0.0 0.0 0.353832487381 0.186694229117 0.0 0.0 0.0 0.076286988533 230.0 247.0 255.0 0.146343851141 -0.0179087661878 0.00869143359052 0.199510410899 0.0698133 
0.0 0.0656794614004 0.0 1.45093576825 0.426365910632 0.154155815656 1.18031861486 0.0 0.426376857975 0.0 0.773644089766 0.0 230.0 247.0 255.0 0.155035284732 0.181601644711 0.153766384703 0.0985883943645 0.0 
0.0 0.0 0.0 0.397998357106 0.0 0.0 0.796072009752 0.137012205788 0.884696651815 0.0 0.0694594588362 0.0 230.0 247.0 255.0 0.308801669435 0.280190039076 -0.127354587652 0.0465704326469 0.0 
0.0 0.0 0.645134335967 0.181829580056 0.0 0.0 0.0 0.0 0.0 0.0 0.440350002357 0.0 230.0 247.0 255.0 0.181447081783 0.326760471723 0.188023275405 -0.0449027232449 0.0 
0.922673047008 2.30922362292 1.27758050529 0.363002122015 0.956026095271 0.849591036261 0.0 0.0 1.00418131493 4.10703970243 0.149707885392 1.09786438768 230.0 247.0 255.0 0.333333333333 0.281857748478 0.234646046089 -0.0107370294945 0.0 
0.232879256643 0.980309399286 0.0 0.405974688087 0.0 0.0 0.145774634166 0.0 0.497713669418 0.0 0.0 0.0 230.0 247.0 255.0 0.333333333333 0.271120718983 0.15884220183 0.00994334220962 0.0 
0.367435468754 0.0 0.0 0.0 0.0 0.0585793642069 0.424214712466 0.0 0.0131305766328 0.0 0.280931441921 0.0 230.0 247.0 255.0 0.333333333333 0.281064061193 0.101955688995 0.0801155734047 0.0 
0.0 0.0 0.0 0.0 0.0 0.0 0.0 0.111777932937 0.435385046174 0.0 0.901761978752 0.0 230.0 247.0 255.0 0.333333333333 0.333333333333 -0.293501651116 -0.0409101017563 0.0 
0.384219615329 0.0 0.168792070452 0.0 1.43838997395 0.0 0.0 0.0 0.0 0.0 0.343521392619 0.0512172450401 230.0 247.0 255.0 0.0398316822176 0.292423231577 0.169479770047 -0.0297505245401 0.0 
0.231349518201 0.0 0.0 0.0 0.0 0.0 0.0 0.0 0.0 0.0 0.0 0.0 230.0 247.0 255.0 0.209311452264 0.262672707037 -0.110231420365 0.15861871322 0.0 
