nrollouts: 2
# HEADER 1
0.0858956666815 1.21139135484 0.363794150092 0.384626859321 0.846150536008 0.0734104650517 0.0 0.0 0.674477832737 0.0 1.2606619252 0.0 230.0 247.0 255.0 0 0 -0.133144099401 -0.0351487167662 0.0698132 
0.0 0.13492731844 0.0 0.132308390397 0.0161263231014 0.454042585977 1.3090737034 0.0 0.403992490906 0.627712140824 0.697068758778 0.0 230.0 247.0 255.0 -0.133144099401 -0.0351487167662 0.10788392614 -0.129300558855 0.0 
0.0 0.0 0.0 0.316633481111 0.0652551345732 0.366339447452 0.0 0.0 0.0 0.482303361914 0.0 1.27174750448 230.0 247.0 255.0 -0.0252601732617 -0.164449275621 0.137304712073 0.0341499939791 0.0 
0.0 0.0 0.0642427938485 0.271403092809 0.0 0.45845912426 1.32320998635 0.0 0.0 0.0 1.06409959011 0.637326758614 230.0 247.0 255.0 0.112044538811 -0.130299281642 -0.0829919949038 -0.00939518325518 0.10472 
0.943587010642 0.0 1.35240596834 0.966050561285 0.592585388148 0.084916049157 0.0 2.08687737636 0.0 0.12346512043 0.0 0.0 230.0 247.0 255.0 0.0290525439075 -0.139694464897 0.133186285821 -0.0322399489112 0.0 
0.0272029749213 0.558931259173 0.0 0.0 0.0 0.453901631497 0.0341438215921 0.0 0.0 0.0 0.538676879964 0.791017580459 230.0 247.0 255.0 0.162238829729 -0.171934413808 -0.0253359197836 -0.154881056905 0.0 
0.0 0.0807590221492 0.0 0.48290688949 0.0 0.0 0.0 0.0 0.0 0.0 0.0 0.0 230.0 247.0 255.0 0.136902909945 -0.326815470713 -0.0821069779355 0.0165859801281 0.0349066 
0.0 0.586641103384 0.0 0.28918509984 0.0 0.0 0.370508339372 0.0 0.62660825017 0.0 0.352381172805 0.0 230.0 247.0 255.0 0.0547959320097 -0.310229490585 -0.103636918624 0.105777023787 0.0349066 
1.02332839453 0.781872272585 0.0 0.879683940621 0.0 0.0182579989451 0.56566114247 0.266679493008 0.543877037205 0.0 0.0 0.0 230.0 247.0 255.0 -0.0488409866148 -0.204452466798 -0.215130596473 0.189844078933 0.0 
0.0281547989333 0.0 0.0 0.294820077116 0.0 0.359138624297 0.0 0.0 0.276627913987 0.0 0.564266402909 0.0 230.0 247.0 255.0 -0.263971583087 -0.0146083878657 0.120598966668 0.0483114472533 0.0349066 
0.137703456907 0.559442721346 0.0 0.0279119450756 0.0 0.0 0.163110509717 0.0 0.0 0.0 0.0 0.0 230.0 247.0 255.0 -0.14337261642 0.0337030593876 0.194233832386 -0.0342898586634 0.0349066 
0.357755558512 1.46871748893 1.07676016078 0.140904633388 0.0 1.18158164579 0.0 0.0 0.0 1.30450989186 0.0981705310277 0.709878371654 230.0 247.0 255.0 0.0508612159661 -0.000586799275772 -0.00693907284833 0.0980641116563 0.0 
0.0 0.0 0.345362198125 0.0 0.0 0.0 0.024564761999 0.0 0.342590562175 0.0 0.398823804371 0.0 230.0 247.0 255.0 0.0439221431178 0.0974773123805 -0.0185652281922 0.227729336047 0.0349066 
1.03271893076 0.0 0.0 1.02030867179 0.0 0.337271903249 0.0 0.0 0.0701150546893 0.0 0.590388805325 0.0 230.0 247.0 255.0 0.0253569149256 0.325206648428 0.0259972893922 -0.0156771737723 0.0 
0.809351560703 2.45708909289 0.940622769436 0.369235839284 0.855956192083 1.99704254128 0.0 1.52095557732 1.88677017591 4.7700667247 0.0 0.701342446425 230.0 247.0 255.0 0.0513542043178 0.309529474656 -0.0318425768385 0.135190103884 0.0 
0.102104551794 0.0 0.0 0.161621721399 0.908703350918 0.935769593278 1.2239624958 1.05717314823 0.640829105466 0.556301006145 0.0 0.0 230.0 247.0 255.0 0.0195116274792 0.333333333333 -0.0384364964473 0.136305286409 0.0349066 
0.0 0.0450671046751 0.822493179583 1.0020457009 0.737177717682 0.0 0.410340184351 0.0 0.0 0.0 0.87720034511 0.0 230.0 247.0 255.0 -0.0189248689681 0.333333333333 0.225169110312 -0.027331648731 0.0 
1.25218137079 0.960236141657 1.40370923599 0.170949697451 1.82722673054 1.91049956948 0.0 0.153631195699 1.76595643332 2.02377437265 0.145580627176 1.19823339194 230.0 247.0 255.0 0.206244241344 0.306001684602 -0.00964692703177 -0.112359775115 0.0698132 
0.249519411722 0.0 0.0216253541155 0.0 0.0775160484619 0.620379082706 0.737627531524 0.0 0.841448285847 0.0 1.71219401018 0.152034294369 230.0 247.0 255.0 0.196597314312 0.193641909487 0.0131568325443 0.0984997685659 0.0 
0.0931622802119 0.0 0.96861787797 0.0 0.0 0.45935842291 0.0 0.408406290987 0.186145663359 0.0 0.0 0.0 230.0 247.0 255.0 0.209754146856 0.292141678053 -0.229780341346 -0.00781197050659 0.0349066 
1.0358550331 0.0489641781356 0.0 0.239273005528 0.0 0.0 0.39810518123 0.0 0.886663237103 0.0 0.0 0.0 230.0 247.0 255.0 -0.0200261944898 0.284329707546 0.154541707694 0.105482467288 0.0 
0.479962915466 0.0 0.0 0.0 0.0523983685217 0.198956640225 0.163317584159 0.0 0.0 0.0 1.71538710326 0.350595448868 230.0 247.0 255.0 0.134515513204 0.333333333333 0.104158648068 0.066742133328 0.0 
0.0 0.0 0.0 0.538140203293 0.461199018188 0.253014134294 0.867988915912 0.0 0.0 0.0 0.225656990408 0.318919428859 230.0 247.0 255.0 0.238674161273 0.333333333333 0.226749686788 -0.0326237642661 0.0 
0.0 0.0 0.017022974157 0.0 0.861432355726 0.0 1.22413517145 0.411026408036 0.0 0.0 0.0 0.0 230.0 247.0 255.0 0.333333333333 0.300709569067 0.0208595905849 -0.0584338389716 0.0 
0.0 0.773432654034 1.0931011493 0.116792730044 0.982894559129 0.0 0.281888482951 0.0 0.506826696205 0.0 0.0 0.0679692665376 230.0 247.0 255.0 0.333333333333 0.242275730096 0.00776860965884 -0.229988954625 0.0698131 
0.0734038351799 0.0799692563621 0.0 0.0 0.798548506265 0.238918030026 1.09603108916 0.0 0.358237331557 0.0 0.479266213983 0.0 230.0 247.0 255.0 0.333333333333 0.0122867754709 0.0825914708345 -0.0112219001082 0.0 
0.0 0.0 0.0 0.963071405787 0.0 0.776338507418 0.0 0.0 0.0284362062711 0.0 0.593622896816 1.34924491899 230.0 247.0 255.0 0.333333333333 0.00106487536275 0.157289399416 0.0405158583038 0.0 
1.4933781297 0.44961990384 0.0 1.1263856326 0.0 0.539874650786 0.0 0.0 0.0 0.0 0.469147713163 0.0 230.0 247.0 255.0 0.333333333333 0.0415807336666 -0.00587228921965 0.20143517636 0.0 
0.0 0.0 0.159999986327 0.299237337478 0.0458629239856 0.0 0.322944151282 0.0 0.0 0.48719721089 0.0 0.701279545766 230.0 247.0 255.0 0.327461044114 0.243015910027 0.205010665582 -0.0269150253973 0.0698132 
0.0352758797064 0.0 0.472088708281 0.0 1.20659614078 0.0 0.660478396294 0.0 0.0 0.334590149014 0.0 0.158013831984 230.0 247.0 255.0 0.333333333333 0.21610088463 0.0780450171757 -0.148308730434 0.0 
1.15237616635 1.0791321014 0.0 0.339021874771 0.0 0.0 0.0 0.0 0.0 0.799620291728 0.0 0.135638398833 230.0 247.0 255.0 0.333333333333 0.0677921541958 -0.236779679437 -0.0513555226366 0.0 
0.0 0.0 0.0 0.0 0.0 0.0 0.0 0.142058879843 0.0 0.0 1.23549518285 0.0 230.0 247.0 255.0 0.0965536538966 0.0164366315592 0.118333608601 0.0382137091146 0.0 
0.597457489632 0.0 0.0 0.401360406701 0.837747461745 0.0753035980544 0.406991473176 0.0 0.0424721251608 0.41695451205 0.0 0.0 230.0 247.0 255.0 0.214887262497 0.0546503406738 0.109585419134 0.020711220182 0.0349066 
0.790431020845 0.0 0.0 0.0 0.0 0.455074525935 1.31914385698 0.0 0.160300388913 1.12135832905 1.90018553119 0.0 230.0 247.0 255.0 0.324472681631 0.0753615608558 0.0907721114614 -0.0688156106852 0.0349065 
1.77363930609 0.0 0.0 0.0556660987891 0.0 0.0 1.37929869276 0.628165131108 0.0 0.452409205015 0.643160823325 0.0 230.0 247.0 255.0 0.333333333333 0.00654595017058 -0.111509428385 0.113659149381 0.0349066 
0.523377913615 0.316637995366 0.0 0.0 0.0 0.930759357019 0.458075944985 0.0 0.258342300515 0.0 0.607996225791 0.304930368485 230.0 247.0 255.0 0.221823904948 0.120205099551 -0.0181079979105 -0.0852597385026 0.0349066 
0.113003377283 0.0 0.106047822637 0.263620848254 0.0 0.0 1.14624889555 0.0 0.0 0.0 0.0 0.0 230.0 247.0 255.0 0.203715907038 0.0349453610485 0.121600271935 0.10673556804 0.0 
0.825152670644 0.0 0.0 0.645142062077 0.0 0.698130179513 0.0 0.0 0.142093744435 0.0 0.0 0.460120130996 230.0 247.0 255.0 0.325316178973 0.141680929089 -0.163061143523 -0.162035855684 0.0349065 
0.0 0.0 0.0 1.02584786006 0.0 0.41479304013 0.511708456935 0.0299750764749 0.8637355545 0.314565883536 0.0 0.843795530143 230.0 247.0 255.0 0.16225503545 -0.0203549265954 -0.0992962733889 0.0758737593741 0.0 
0.921148765318 1.20750446368 1.03258998568 0.0 0.442267215979 0.0199976682579 0.0 0.642760816351 0.283341172072 0.42504000417 0.0 0.365252561297 230.0 247.0 255.0 0.0629587620607 0.0555188327787 -0.140282101237 0.286019679529 0.0 
0.0 0.275460579718 0.0 0.0 0.197282879065 0.450838262899 0.0 0.0 0.209226318741 0.0 0.0 0.279002307608 230.0 247.0 255.0 -0.0773233391762 0.333333333333 0.0096079996392 -0.268968624956 0.0349066 
0.351019868559 0.0 0.96314379608 0.0 0.0 0.0 1.34900273722 0.0 0.661119159505 0.0 0.47040530096 0.496453039308 230.0 247.0 255.0 -0.067715339537 0.0643647083772 0.107174371674 0.0511744273667 0.0 
0.0 0.583760084491 0.0 0.0 0.646755921169 0.0 0.0 0.264336413806 0.402154137681 0.0 0.405724140362 0.421811747149 230.0 247.0 255.0 0.0394590321367 0.115539135744 0.0433845847364 0.110645481358 0.0349066 
0.15674608697 0.0 0.0 0.0 0.949906327231 0.0 0.349106234085 0.0 0.0 0.0 0.591579490435 0.0 230.0 247.0 255.0 0.0828436168731 0.226184617102 0.139216136597 0.0495160864298 0.0 
0.153946397225 0.0 0.0 0.27175794865 0.0 0.335461473579 0.0 0.0 0.0 0.0 0.547287585814 0.0 230.0 247.0 255.0 0.22205975347 0.275700703532 -0.0401445122127 -0.0678763723044 0.0349065 
0.0 0.0 0.0 0.287147445854 1.68928271944 0.0 0.590176564817 0.42374205856 0.0 0.184504115457 0.0 0.0 230.0 247.0 255.0 0.181915241257 0.207824331227 0.0974884108254 -0.14363430508 0.0349066 
0.0 0.0 0.650419866062 0.0 0.0 0.151737808153 0.0 0.170794198772 1.03436929872 0.0 0.52653405618 0.595355561522 230.0 247.0 255.0 0.279403652082 0.0641900261474 0.161797743335 0.109905318357 -0.0349066 
2.05609128891 1.45431919915 0.980781781128 0.643876682544 1.32898586783 0.705141725177 0.0 1.24252240672 1.43989260696 4.30123917839 0.0 2.8760831203 230.0 247.0 255.0 0.333333333333 0.174095344504 0.154569823787 -0.167853302631 -0.0698131 
1.71413202721 3.09147574057 0.720006785601 1.0747809298 1.94236634831 1.54199484619 0.0 0.336920581827 1.91439794228 5.22015770743 0.0 0.598126053305 230.0 247.0 255.0 0.333333333333 0.00624204187366 -0.0470246301541 -0.132509131882 -0.0349066 
0.0 0.0 0.996776384046 1.08119212791 0.0 0.0 0.140114038695 0.0 0.0 0.0 0.447697365477 0.0 230.0 247.0 255.0 0.286308703179 -0.126267090008 0.0152103728069 0.15774634456 -0.0349065 
# HEADER 2
0.935763827164 0.0 0.0 0.0606737322777 0.0 0.268635859652 0.0 0.0 0.213175742063 0.278476249631 0.568445457699 0.0 230.0 247.0 255.0 0 0 0.210138113038 0.174415827335 0.0 
1.60278038897 0.70752192086 0.0350926865899 0.0 0.862735437401 0.019453837458 0.0 0.0 0.0 0.375590391673 1.06473805152 0.476581984986 230.0 247.0 255.0 0.210138113038 0.174415827335 -0.0483787573204 0.0590104853159 -0.0698131 
0.159498838031 1.34472505848 0.314653640501 0.0458546132265 0.0 0.0158266933244 0.0 0.368172338583 0.0 0.736570298481 0.41546057181 0.0 230.0 247.0 255.0 0.161759355718 0.233426312651 -0.0517903425055 0.0816599488358 -0.0349066 
0.0 0.354550886333 0.0 0.0 0.0 0.0 0.0 0.0 0.0 0.429582244019 0.20100319464 0.0 230.0 247.0 255.0 0.109969013212 0.315086261487 0.0937334529268 0.165369298703 0.0 
0.270561007575 0.0732177957601 0.0 1.15192152776 0.701849483416 0.0 0.0 0.0 0.0 0.0 0.0 0.0 230.0 247.0 255.0 0.203702466139 0.333333333333 -0.0849383445591 0.0250357295734 0.0 
0.0916608506915 0.0 0.0 0.0 0.0 0.589517448327 0.356190837134 0.0 0.912406911968 0.209927683455 0.0 2.44081804385 230.0 247.0 255.0 0.11876412158 0.333333333333 0.146205063474 0.0932130280203 -0.0698132 
0.0261254707669 0.0 0.0 0.0 0.0 0.0 0.0 0.0 0.0 0.374529517285 0.641260848081 0.260643257709 230.0 247.0 255.0 0.264969185054 0.333333333333 0.100147162667 0.150448625107 0.0 
0.0 0.0 0.594047939454 0.0 0.0 0.0 0.0 0.0 0.765883621439 0.0 0.603390736703 0.0 230.0 247.0 255.0 0.333333333333 0.333333333333 0.121479581979 -0.112240284632 0.0 
0.0 1.51287616537 2.40196847186 0.267097766558 0.141057369764 0.0 0.134381509852 0.0 0.0 0.0 0.0 0.0 230.0 247.0 255.0 0.333333333333 0.221093048702 -0.144690562694 0.0527009262544 0.0 
0.0612027621481 0.0 0.0 0.0 0.0 0.338712352749 0.0 0.324979959399 0.0 0.0 0.0 0.0 230.0 247.0 255.0 0.188642770639 0.273793974956 -0.010840951645 0.0588314008122 -0.0698131 
0.0423328892082 0.0 0.0 0.308845260559 0.0 0.411858419294 0.370558569154 0.0 0.104225286123 0.0 0.565852028886 0.0 230.0 247.0 255.0 0.177801818994 0.332625375768 0.0273802287057 -0.0181978600616 0.0 
0.838825431541 0.787924641059 0.0 1.78953079708 0.172416947584 0.0 0.383748327308 0.412408570537 0.159754564291 0.730478331173 0.59430398361 0.595634282241 230.0 247.0 255.0 0.2051820477 0.314427515707 0.180871439496 0.00879009426172 0.0 
0.0 0.0 0.0 0.187504428059 0.190662340332 0.0 0.0 0.157894964895 0.0 0.0 0.0 0.0 230.0 247.0 255.0 0.333333333333 0.323217609968 0.0549504805076 -0.134863176687 0.0 
0.467586337766 0.0 0.0 0.272361671401 0.196489598582 0.0 0.0976145104014 0.0 0.524747425726 0.0339481974692 0.0 0.100069452569 230.0 247.0 255.0 0.333333333333 0.188354433281 -0.01377900013 0.133841515342 -0.0349066 
