nrollouts: 2
# HEADER 1
0.0 0.152452406223 0.0 0.0 0.0 0.0 0.23042209618 0.0 1.67729729998 0.0 0.0 0.0 230.0 247.0 255.0 0 0 0.0966618655638 -0.0904862547263 0.0 
0.0 1.69349705688 1.18047785362 0.0 0.240785861859 0.943638108151 0.0 0.429541869475 0.0 0.869711475125 0.0 0.0 230.0 247.0 255.0 0.0966618655638 -0.0904862547263 0.0360341011467 -0.0810563591548 0.0 
0.101902337842 0.65867394791 0.0 1.17932032254 0.0 0.0288061250298 0.0 0.196029966934 0.62032887051 0.0 0.0328812755347 0.0 230.0 247.0 255.0 0.132695966711 -0.171542613881 0.241908760119 0.119953896872 0.0 
0.0 0.0 0.0 0.11266460462 0.0 0.0 0.226460093092 0.0 0.0 0.393790009528 0.802487182422 0.0 230.0 247.0 255.0 0.333333333333 -0.0515887170086 -0.0533115220695 -0.149273661926 -0.0349066 
0.0 0.0 0.079257290367 0.0 0.556417474142 0.513570212786 0.0 0.0 0.0 0.0 0.421780328081 0.0 230.0 247.0 255.0 0.280021811264 -0.200862378935 -0.162144103199 0.00948564421866 -0.0698132 
0.0 1.58936506709 0.0452758753803 0.217928860183 0.0 0.337826502152 0.0 0.0 0.0720453824579 0.0 0.510814357053 1.40568735484 230.0 247.0 255.0 0.117877708065 -0.191376734716 0.0958832865662 0.221279845323 0.0 
0.0550281105184 0.0 0.0 0.0 0.0 0.522350838462 0.0186005384181 0.0 0.2392051881 0.0 0.0 0.0 230.0 247.0 255.0 0.213760994631 0.0299031106068 -0.0622996521711 0.3 0.0 
0.0 0.0 0.0 0.43983034108 0.0 0.0883738348179 0.371806012746 0.122096622333 0.0 0.0 0.0 0.0951088397181 230.0 247.0 255.0 0.15146134246 0.329903110607 0.0533865176528 0.00737310357262 0.0 
0.0 0.0 0.0 0.0 0.0 0.0 0.513772456659 0.0 0.345202798886 0.0 0.0 0.0 230.0 247.0 255.0 0.204847860113 0.333333333333 0.176507482991 0.258815801268 0.0698132 
0.0 0.0 0.0429395337785 0.0 0.780413401907 0.0 0.468707737006 0.0 0.0 0.0 0.364365016885 0.0 230.0 247.0 255.0 0.333333333333 0.333333333333 0.204506514727 0.228695279737 0.0349066 
0.0903727133848 0.0582729572749 0.335849685628 0.0 0.0 0.0 0.202839788099 0.0 0.188000344504 0.370127135829 0.148165915473 0.0 230.0 247.0 255.0 0.333333333333 0.333333333333 0.0967394267619 0.0615665561163 0.0349066 
0.177742921975 0.0 0.0 0.0 0.0 0.0 0.370778773112 0.0 0.0 0.0 0.0 0.271316762022 230.0 247.0 255.0 0.333333333333 0.333333333333 0.0243058594287 0.126661509635 0.139626 
0.132069296755 0.0 0.0 0.0 0.0 0.0 0.998319109396 1.48140326327 0.0 0.0 0.591247397749 0.0 230.0 247.0 255.0 0.333333333333 0.333333333333 0.0242036292647 0.235260662178 0.0349066 
0.0 0.0 1.68331172776 0.0704606155176 0.0 0.269314651445 0.417842035526 0.0 0.509523860749 0.978040663227 0.42295815139 0.59302630992 230.0 247.0 255.0 0.333333333333 0.333333333333 -0.101395296902 0.03978148626 0.0349066 
0.96314671227 1.56239239212 1.07213327351 1.09754016551 0.000548112843008 0.430686670608 0.0 0.608752331757 1.27772913551 4.63652957694 1.38838525804 2.59162222501 230.0 247.0 255.0 0.231938036431 0.333333333333 0.3 0.129645680416 0.0698132 
0.0 0.0 0.0 0.0 0.0 0.0 0.0 0.32361623989 0.0 0.05272305235 0.184115593625 0.778574672661 230.0 247.0 255.0 0.333333333333 0.333333333333 0.0260188104275 -0.0134946129815 0.0698131 
0.0 0.0 0.0 0.0 0.14036316306 0.0 0.6019245784 1.50612288289 0.0 0.418533669752 1.16496974854 0.843438261262 230.0 247.0 255.0 0.333333333333 0.319838720352 -0.0485246188457 -0.0833297998263 0.0698132 
0.0 0.231738656131 0.895632936778 0.0 0.112512528178 0.030067815459 0.471584533002 0.0 0.0 0.29909862019 0.616851625277 0.0 230.0 247.0 255.0 0.284808714488 0.236508920526 0.18497307871 -0.3 0.0698132 
0.0 0.0 0.0 0.0 0.0 0.431803963983 0.375575693752 0.0 0.0 0.0 0.0 0.0 230.0 247.0 255.0 0.333333333333 -0.0634910794744 0.0507946945923 0.00145965266717 0.0 
0.0 0.0 0.0 0.0 0.0 0.0 0.858058922151 0.0 0.0 0.0 0.5935067172 0.0 230.0 247.0 255.0 0.333333333333 -0.0620314268073 0.0509235309798 0.0186614294011 0.0349065 
0.629972069449 0.0 0.0 0.042656728073 0.0 0.0 1.53755787857 0.0 0.0 0.0 0.0 0.0466269660251 230.0 247.0 255.0 0.333333333333 -0.0433699974062 0.0533539815007 -0.0162108045876 0.0349066 
0.624891277751 0.0 0.00970891121448 0.0 0.0 0.0172358889356 0.0 0.263490542448 0.0 0.0 0.580256251847 0.723486870467 230.0 247.0 255.0 0.333333333333 -0.0595808019938 -0.205364668722 0.0908323083469 0.0698131 
0.733964426474 0.0 0.0 0.0 0.0 0.0 0.0 0.0 0.0 0.309407218757 0.0 0.0 230.0 247.0 255.0 0.127968664612 0.0312515063531 0.0394387959374 0.0199980124265 0.0 
0.0 1.35710842313 0.704286349657 0.341564696154 0.553847150465 0.528526127762 0.0 0.0 0.742947060674 2.53335740493 0.664206703741 0.782873345839 230.0 247.0 255.0 0.167407460549 0.0512495187796 0.0804352132393 0.0491501438752 0.0698133 
0.093248947545 0.0 0.182885427545 0.322625755001 0.0 0.0 0.523994714512 0.0 0.0 0.0 1.37303468693 1.15639389451 230.0 247.0 255.0 0.247842673789 0.100399662655 -0.175691439426 0.148107105578 0.0349065 
0.350303017725 0.0 0.0 0.0 0.0 0.0 0.0 0.0 0.0 0.0 0.759153367005 0.0 230.0 247.0 255.0 0.0721512343626 0.248506768233 -0.3 -0.121563633377 0.0349066 
0.0 0.0 0.0 0.0 0.0 0.0 0.0 0.0 0.131083666278 0.176244148739 0.513961359788 0.0 230.0 247.0 255.0 -0.227848765637 0.126943134856 -0.111383881236 0.0818755822614 0.0 
0.0 0.0 0.0 0.171649496807 0.501263568025 0.0 0.0 0.0 0.0 0.0 0.509821651989 0.0 230.0 247.0 255.0 -0.333333333333 0.208818717117 0.0218686319282 -0.206577189995 0.0349066 
0.0 0.0 0.962234822994 0.0 0.80830374645 0.0 0.651256918504 0.0 0.0 0.0 0.0 0.0 230.0 247.0 255.0 -0.311464701405 0.00224152712246 0.0572597891749 0.3 0.0698131 
1.10006802493 0.0 0.0 0.0 0.470776126933 0.0 1.41109163509 0.0 0.0 0.0 0.577298600675 0.0 230.0 247.0 255.0 -0.25420491223 0.302241527122 0.165084280507 0.075705817698 0.0698131 
0.0 0.0 0.0 0.0 0.0261782872572 2.30794253052 0.596466322514 1.26731883439 0.159536794079 0.0 0.0 0.0411872071789 230.0 247.0 255.0 -0.0891206317238 0.333333333333 0.101822418491 0.111578821531 0.139626 
0.480296698895 0.0 0.0 0.0 0.0 0.0 0.0 0.415768071007 0.0900407384391 1.19068921606 0.0890646586036 0.599451594486 230.0 247.0 255.0 0.0127017867672 0.333333333333 0.290390210926 0.256967876253 0.0698131 
0.871801310011 0.0 0.324213764589 0.0 0.0 0.0 0.244046190863 0.0 0.385636521014 0.0 0.923493107262 0.0454275194492 230.0 247.0 255.0 0.303091997693 0.333333333333 0.102870914985 -0.139422254052 0.0 
0.330432227092 1.56272776425 1.02198041225 0.0 0.847771796425 0.289182937189 1.34511844449 0.0 0.0 0.0 1.48231876313 0.0 230.0 247.0 255.0 0.333333333333 0.193911079282 0.08636494151 0.0999142143765 0.0 
0.0 0.0 0.673658704465 0.0 0.0479804650286 0.0 0.0 0.223031012094 0.0 0.84823869883 0.522011044494 0.0 230.0 247.0 255.0 0.333333333333 0.293825293658 0.0650780700899 -0.233710859394 0.0 
0.0 0.0 0.0 0.0523731810294 0.0 0.0 0.981249164839 0.0 0.72423206595 0.0 0.600070448338 0.0 230.0 247.0 255.0 0.333333333333 0.0601144342644 0.124848395456 -0.0305633071618 0.0 
0.0 0.0 0.0 0.21080644091 0.352498177589 0.0 0.371634255087 0.0 0.0 0.0 0.882942169844 0.0 230.0 247.0 255.0 0.333333333333 0.0295511271027 0.0136153732378 -0.0492453406729 0.0 
0.0 0.0 0.0213369164375 0.13618607453 0.0 0.0 0.471830411988 2.48401886635 0.0784251669359 0.0 0.439227311166 0.0 230.0 247.0 255.0 0.333333333333 -0.0196942135702 -0.134495976473 -0.107143661179 0.0 
0.0 0.281467611677 0.0 0.0 0.487101955968 1.14604399389 0.0 0.357890404505 0.0 0.0 0.0 0.0 230.0 247.0 255.0 0.198837356861 -0.126837874749 0.0483150144101 0.0132661009533 0.0 
0.0 0.0 0.355865825729 0.0985749916222 0.0 0.0 0.0 0.543271836698 0.0 0.0 0.345246356865 0.0 230.0 247.0 255.0 0.247152371271 -0.113571773796 0.0900285432689 -0.202700337971 0.0 
0.0 0.0 0.0 0.0 0.0 0.0 0.0 0.014706443523 0.0456746795352 0.0 0.0 0.0 230.0 247.0 255.0 0.333333333333 -0.316272111767 -0.0792902394141 -0.0374966210469 0.0 
0.0 0.0 0.0 0.0283684949276 0.0 0.0 0.0 0.0 0.0 0.0 0.0 0.216517311627 230.0 247.0 255.0 0.254043093919 -0.333333333333 0.0685765694619 -0.0124188424386 0.0 
0.0 0.71870117564 0.0241892678766 0.0 0.00504091175008 0.0 1.29293812414 0.0 0.60432872238 0.370063360572 0.0 1.69655290908 230.0 247.0 255.0 0.322619663381 -0.333333333333 -0.184729360396 0.232811007371 0.0 
0.0571675899633 0.294742235181 0.0 0.0 0.115406110543 0.0 0.0 0.0 0.0 0.0 0.10453313018 0.375623874818 230.0 247.0 255.0 0.137890302985 -0.100522325962 0.0713737590376 -0.0497131000378 0.0 
0.227815025322 0.174673226256 0.0 0.779394185217 0.73239596187 0.0 0.0 0.194218043782 1.51018953768 0.0 0.0 1.54449841698 230.0 247.0 255.0 0.209264062023 -0.150235426 -0.00231032061611 0.3 0.0 
0.0 0.0 0.0 0.332967329754 0.0 0.716317821123 0.634989054397 0.0 0.0178675051647 1.34378970424 0.0 0.636787655826 230.0 247.0 255.0 0.206953741407 0.149764574 -0.0974298387882 0.0602876746643 0.0 
0.0 0.331600758284 0.255032820547 0.0 0.0 0.0 0.0 0.0 0.0 0.0 0.0 0.0 230.0 247.0 255.0 0.109523902618 0.210052248664 0.0665945776848 0.00195548052788 0.0 
0.0670881352488 0.27239586373 0.756381174442 0.213806255081 0.0 0.0 1.40561075437 0.0 0.0 0.974679580087 0.854800077039 0.0 230.0 247.0 255.0 0.176118480303 0.212007729192 0.104604406614 -0.0611289248287 0.0 
1.30563246589 0.380996539687 0.70161768444 0.10616002167 0.724628015531 0.0 0.0 0.521683304379 0.0 1.19938594745 1.13925221642 0.0 230.0 247.0 255.0 0.280722886917 0.150878804364 -0.000270152855909 0.0342015750803 0.0 
0.511832196031 0.226147292671 0.590971176779 0.276386389297 0.0 0.362729254701 0.0 0.0 0.582872354733 1.62418485669 0.0814551264186 0.32518540712 230.0 247.0 255.0 0.280452734061 0.185080379444 0.111070598284 0.137728742624 0.0 
# HEADER 2
0.164312410919 0.0 0.0 0.0 0.367731605786 0.444026301546 0.429032559233 0.0 0.0 0.0 0.602833621704 0.0 230.0 247.0 255.0 0 0 -0.0605034030777 0.234515547719 0.0 
0.118680413544 0.0 0.0 0.0 0.0 0.0 0.0 0.0 0.153613760438 0.0 0.0 0.0 230.0 247.0 255.0 -0.0605034030777 0.234515547719 0.163240088592 0.00482619705598 0.0 
0.0 0.0582719308481 0.293376359937 0.202674521747 0.0229973861341 0.0 0.0 0.0 0.0755083532098 0.0 0.0 0.435141081182 230.0 247.0 255.0 0.102736685514 0.239341744775 -0.0110523691056 -0.116852507583 0.0 
1.17102577459 0.971098422645 0.0 0.888166948688 0.0 0.502402233514 0.0 0.0 0.0 0.0 0.546171716379 0.0 230.0 247.0 255.0 0.0916843164082 0.122489237192 0.0757615383859 -0.00646457248914 0.0 
1.11849793883 0.0 0.0 0.258051656842 0.0 0.347569833781 0.466330149184 0.0 0.842249370801 0.0 0.0 0.0 230.0 247.0 255.0 0.167445854794 0.116024664703 0.0797146107068 -0.043998369447 0.0 
0.0 0.0 0.0 0.326168360528 0.0 0.0324160131999 0.477665556 2.53488741323 1.16450766378 0.0 0.465740284152 0.0 230.0 247.0 255.0 0.247160465501 0.0720262952559 0.049080033119 0.2400970201 0.0 
0.0 0.0 0.583458760839 0.0 0.0 0.0 0.430768156476 0.672880542737 0.0 0.0 0.0 0.0 230.0 247.0 255.0 0.29624049862 0.312123315356 -0.095417631263 0.106833549496 0.0 
0.0 0.0 0.0 0.0 0.0 0.0 0.851245033219 0.0 0.0 0.898181730076 0.739065949147 0.595841319421 230.0 247.0 255.0 0.200822867357 0.333333333333 0.0308739326727 0.0493984077523 0.0 
0.0 0.629595856944 0.539714896472 0.0 0.0 0.0 0.188233394306 0.19981055563 0.0 0.704986477245 0.485511544844 0.517418125786 230.0 247.0 255.0 0.23169680003 0.333333333333 -0.102886794778 -0.0460940503782 0.0 
0.0 0.767510584771 0.0 0.0 0.0 0.0 0.459118106088 0.0 0.251524187786 0.0 0.594238059058 0.699574530241 230.0 247.0 255.0 0.128810005251 0.287239282955 0.0219977608235 -0.10240205799 0.0 
0.37234899145 0.0884553064581 0.0 0.103079002641 0.0347793307318 0.0 0.0 0.0 0.0 0.0 0.0 0.148318199525 230.0 247.0 255.0 0.150807766075 0.184837224965 -0.119422837153 0.00614236942684 0.0 
0.0 0.0 0.802708551511 0.0 0.0 0.293004978706 0.410785392226 0.0 0.0836792453548 0.0 0.573554353758 0.0 230.0 247.0 255.0 0.031384928922 0.190979594392 -0.0443406840011 0.124506721078 0.0 
0.0 0.0 0.0 0.125475245849 0.0 0.293939962841 0.257847258345 0.0 0.755481012958 0.0 0.0 0.0 230.0 247.0 255.0 -0.0129557550791 0.315486315469 0.0715699502394 -0.105609990811 0.0 
0.0 0.0 0.0257206969149 0.0 0.0228937432048 0.159103720236 0.0 0.0 0.0 0.156912162894 0.0 0.0 230.0 247.0 255.0 0.0586141951603 0.209876324658 0.0340611834025 0.0461511106329 0.0 
