nrollouts: 10
# HEADER 1
1.01084619938 0.0 0.0 0.0 0.16702336672 0.408102950345 1.70417152854 1.51110989318 0.0 0.0 0.0 0.0 133.0 247.0 255.0 0 0 -0.0287599684341 0.0406761542035 0.0 
0.0 0.0 0.0 0.0 0.0569846827993 0.0 0.0 0.0 0.0 0.0 0.0 0.0 135.0 239.0 254.0 -0.0287599684341 0.0406761542035 -0.0484504259229 -0.0819058528488 0.0 
1.17990819242 2.6346957602 0.878084510271 1.28061520892 1.04648733731 0.0 0.23972166421 0.0 0.628649172784 1.03607555534 0.19356562197 1.09747376828 142.0 239.0 255.0 -0.077210394357 -0.0412296986453 0.0323238856224 0.0537281031541 0.0 
0.0 0.0 0.0 0.0 0.0 0.0 0.4849799322 0.204110267784 0.0 0.0 0.0 0.0148732999431 150.0 238.0 255.0 -0.0448865087346 0.0124984045087 0.0079542392524 0.0153933508301 0.0 
0.0 0.0 0.0 0.0 0.0 0.386051826787 0.0 0.988513274308 1.57006034324 0.633226632864 0.0 0.0 155.0 217.0 254.0 -0.0369322694822 0.0278917553389 -0.0580046388444 -0.0104809615243 0.0 
0.0 0.0 0.0 0.716827504487 0.945794964886 0.0 1.0861721961 0.0 0.0 0.130365189947 0.0 0.0 160.0 204.0 251.0 -0.0949369083266 0.0174107938146 -0.191651386682 -0.012707054957 0.0 
0.0 0.0 0.0 0.0 0.0514987775747 0.1317140752 0.0 0.0 0.0 0.0 0.0 0.0 172.0 188.0 250.0 -0.286588295009 0.00470373885761 0.0633466799392 -0.0728778955881 0.0 
0.0 0.0 0.0 0.747036698044 0.0 0.64926151011 0.0 0.0569319693528 0.0 0.0 0.0 0.0 191.0 190.0 254.0 -0.22324161507 -0.0681741567305 0.172353613667 -0.0922270190019 0.0 
0.0 0.0 0.0 0.0 0.0 0.210435360355 0.513856505931 0.125530264106 0.0 0.0 0.0 0.0 213.0 222.0 255.0 -0.0508880014024 -0.160401175732 0.00835873852237 0.057341981434 0.0 
0.0 0.0 0.0 0.725954403253 0.0 0.0 0.181228930461 0.832787103389 0.181482847445 0.0 0.0 0.0 231.0 245.0 255.0 -0.0425292628801 -0.103059194298 0.0390819369182 0.0215481141675 0.0 
1.1978527345 1.71204248458 1.37258737768 1.19057976698 0.998675811495 0.487390789718 0.0 0.314269981845 0.804848613303 4.17405258426 0.0 3.00825450121 231.0 246.0 255.0 -0.00344732596189 -0.0815110801309 0.0838751751233 -0.0123346961391 0.0 
0.0 0.41025045215 0.0 0.0 0.0659154830299 0.0 0.0 0.670307458527 0.0 0.0 0.0 0.0 231.0 247.0 255.0 0.0804278491614 -0.0938457762701 0.0553041404536 -0.0560606962819 0.0 
0.948147335341 1.66109232524 0.81708743367 0.40341815556 0.46182403952 1.61587783154 0.0 0.0 0.825958439957 2.50758248763 0.226904813991 1.5118263297 223.0 250.0 255.0 0.135731989615 -0.149906472552 -0.0592469377494 0.0324700780049 0.0 
0.0 0.141698954223 0.0 0.0 0.0 0.0 0.0 0.0 0.0 0.0 0.0 0.0620309411076 210.0 251.0 255.0 0.0764850518655 -0.117436394547 -0.0273117695382 0.0391379319394 0.0 
1.0109973001 1.15778930289 0.0 0.0 0.09205535202 0.362663202164 0.0 0.0 0.0 1.73455240855 0.0 1.39639230556 201.0 251.0 255.0 0.0491732823273 -0.0782984626077 -0.00519549241276 0.042478038389 0.0 
1.43059830794 0.331455641593 0.0 0.0 0.0 0.0 0.564436329928 0.0 0.0 0.0 1.36713969942 1.84860516465 194.0 251.0 255.0 0.0439777899145 -0.0358204242187 0.112046621875 0.0993287249215 0.0 
0.882794327907 0.0 0.0 0.0 0.0 0.0 0.0 0.28140299075 0.270766364679 0.0 0.0 0.0 181.0 251.0 255.0 0.15602441179 0.0635083007028 -0.0664826645495 -0.0278278680365 0.0 
0.0 0.504876315225 0.0 0.0 0.0 0.0 0.0 0.0 0.0 0.0 0.312293203811 0.0 163.0 247.0 255.0 0.0895417472401 0.0356804326664 0.0187067009511 -0.113485883337 0.0 
0.0 0.0 0.0 0.0930178287096 0.0118768134982 0.0 0.281178695643 0.0 0.0 0.0 0.0 0.0 151.0 251.0 255.0 0.108248448191 -0.0778054506706 0.0587823840131 0.0298182271787 0.0 
0.0 0.961845367661 0.181252179715 0.0 0.219230366662 1.12344944292 0.0 0.722043138703 0.582107709497 0.865024990636 0.285451382899 0.0 137.0 252.0 255.0 0.167030832204 -0.047987223492 -0.0779694280142 0.060350750784 0.0 
0.795571338951 3.21148878495 0.776710318006 0.0 0.813198275029 1.28581758096 0.0 2.14216140053 1.46823016826 2.86950683282 0.0 0.400804020683 125.0 253.0 255.0 0.0890614041902 0.012363527292 0.106068171874 0.00773338036412 0.0 
0.0 0.918496112741 0.0 0.681863007807 0.1051672074 0.423638041908 0.0 0.892008874659 0.823983547312 0.0 1.35234008867 0.920239954676 123.0 255.0 255.0 0.195129576064 0.0200969076562 0.0223384174585 -0.0154889111009 0.0 
0.0 0.0 0.0 0.0235368491728 0.0594859672578 0.665967046882 0.0 0.42169515142 0.0 0.0 0.247181013849 1.06549128876 121.0 255.0 255.0 0.217467993523 0.00460799655532 0.0404501176935 -0.0774124232929 0.0 
0.0 2.41795379531 0.750711480984 0.0 0.203803134383 0.0 0.0321407854505 0.941469524793 0.0 1.43695433976 1.52260217175 2.4266723934 118.0 255.0 255.0 0.257918111216 -0.0728044267376 0.0177386091077 0.0230724585742 0.0 
0.0 2.85130525227 1.63804524732 0.0 0.252596430953 0.0 0.519269089112 1.09352512164 0.0 0.0 1.66459401705 2.63329154621 116.0 255.0 255.0 0.275656720324 -0.0497319681634 -0.11304662377 0.100978856402 0.0 
0.0 3.64142655473 2.55204070634 0.0 0.0635217965688 0.0 0.524756061898 0.425163136671 0.0183826065851 0.0 3.36082762869 3.93845725732 114.0 255.0 255.0 0.162610096554 0.0512468882384 -0.00623568956461 -0.0843836704196 0.0 
0.0 3.72445768729 5.37732532335 0.0 0.0 0.0 0.106529380401 0.969826068757 0.0 0.0 3.91776341025 2.53673034218 113.0 255.0 255.0 0.156374406989 -0.0331367821812 0.0400424992707 0.0616408879603 0.0 
0.0 5.44260429657 7.504644935 0.0 0.172018243693 2.49197176346 0.0 2.39895330095 0.0 0.938068733355 3.96688731064 4.11561115798 112.0 255.0 255.0 0.19641690626 0.028504105779 0.0559758509401 -0.0699628299111 0.0 
0.0 3.38527438375 8.43459590001 0.0 0.0 1.39800621783 0.0 0.106557853748 0.0 0.0124628258669 4.41241447208 3.26343112175 111.0 255.0 255.0 0.2523927572 -0.0414587241321 0.0217859146597 -0.00495450717391 0.0 
0.0 5.90918723048 6.30985371307 0.0 0.0 1.53851824702 0.0 2.59283204775 0.394200127727 0.69004934282 3.41683897411 4.78667512129 111.0 255.0 255.0 0.27417867186 -0.046413231306 -0.0520844289497 -0.175806054041 0.0 
0.0 6.92524768963 9.37579196212 0.0 0.0604244338851 3.23251751053 0.0 1.06044445287 0.69879355877 2.22966412283 4.61570800253 6.31159175255 111.0 255.0 255.0 0.22209424291 -0.222219285347 -0.145904741635 -0.0739104156582 0.0 
0.0 5.28810345152 7.96714809926 0.0 0.118514081668 0.532784068036 0.783372772938 0.915498656357 0.249841009301 0.986005916688 4.41706978387 5.32626896936 111.0 255.0 255.0 0.0761895012748 -0.296129701005 0.00897727254056 -0.0860301346116 0.0 
0.0 5.93743454272 6.684422708 0.0 0.0 0.842554722996 0.584558637902 2.81964541847 0.0 0.0 4.46884721548 3.00930862811 111.0 255.0 255.0 0.0851667738153 -0.333333333333 0.0276977549493 -0.0330478945758 0.0 
0.0 6.90107725001 7.35937411544 0.0 0.0 1.95740028486 0.0 2.33712754845 0.258033975565 1.66987121806 5.76501853538 5.71021191436 110.0 255.0 255.0 0.112864528765 -0.333333333333 -0.035103718023 -0.0888302408451 0.0 
0.0 7.71162022107 7.67462400496 0.567283554004 0.0 4.23241425368 0.0 2.62699440765 0.486176460133 3.16469786491 4.42861314192 7.69105357505 110.0 255.0 255.0 0.0777608107416 -0.333333333333 -0.0741442920073 0.00143468922523 0.0 
0.0 4.30835676068 6.08836151136 0.299222466007 0.0 1.11840497905 0.0 1.09219119473 0.0 0.0 4.50748598242 4.00869591796 110.0 255.0 255.0 0.0036165187343 -0.331898644108 -0.0416559671621 -0.0720218103557 0.0 
0.0 7.4878634677 7.59649304787 0.0269060081434 0.191599050233 2.46644559412 0.0 2.22648062619 0.0 2.66491340412 4.75066234479 5.86449049634 111.0 255.0 255.0 -0.0380394484278 -0.333333333333 -0.0835656802249 -0.0516412313625 0.0 
0.0 4.3987990527 4.43777419173 0.0 0.578805684506 1.99434552237 0.0 1.3198347155 0.0 1.13900273437 3.04464659684 4.61473533028 114.0 255.0 255.0 -0.121605128653 -0.333333333333 0.109362418255 -0.00427218913478 0.0 
0.0 4.8423405077 1.76393954644 0.733458550432 0.0 0.0 0.713844651498 0.0 0.0 0.0 2.46518879372 3.78585725201 118.0 255.0 255.0 -0.0122427103974 -0.333333333333 0.0488895124817 0.053241269916 0.0 
0.0 1.2010540596 1.73353931568 0.0 0.0179887733491 0.0 0.662655083271 0.0 0.0 0.0 0.607361377787 0.965624499501 122.0 253.0 255.0 0.0366468020843 -0.280092063417 0.0333930125931 0.000513415121111 0.0 
0.0 1.21767776794 1.05065732374 0.29882630184 0.0669790763189 0.481922840791 0.480567261107 0.775406939171 0.0 0.0 0.0 0.941503485421 123.0 253.0 255.0 0.0700398146774 -0.279578648296 0.0664962480655 0.000612721945278 0.0 
0.0 0.0 0.387030512105 0.232709330108 0.100436419987 0.0 0.224667189365 0.34842865512 0.0300051902939 0.0 1.350309796 0.963343545084 120.0 255.0 255.0 0.136536062743 -0.278965926351 -0.0776933317213 -0.098279599387 0.0 
0.755195338031 1.29959137326 2.64610425021 0.0 0.821587315556 0.0 0.0 0.0 0.0 0.0 1.36762497058 0.935016107557 119.0 255.0 255.0 0.0588427310215 -0.333333333333 0.068119059868 0.0202639583641 0.0 
0.134365372676 2.59598943374 1.75459373845 0.183166801048 0.0122158845359 0.354224462052 0.0 1.19504967929 0.369528296458 1.64687855543 1.84824753029 3.81377714976 118.0 255.0 255.0 0.12696179089 -0.313069374969 0.0243837341181 0.0578692545497 0.0 
0.0 2.48457214325 1.93323809639 0.0 0.0 0.0 0.0 0.0535534864716 0.0 0.0 2.23802890144 3.02160153652 117.0 255.0 255.0 0.151345525008 -0.25520012042 -0.0546636181195 0.0212854081085 0.0 
0.475884811204 5.41933267598 3.67420890576 1.48539484365 0.894941247447 1.42117976005 0.0 1.28581889463 2.59582379126 3.86244880545 2.93312482082 4.01901152657 117.0 255.0 255.0 0.0966819068881 -0.233914712311 0.0234907964503 0.0668525298622 0.0 
0.0 3.50895916014 3.14776672361 0.0 0.0 0.0 0.594370443742 0.0 0.0 0.0 2.96838099317 3.32205066836 116.0 255.0 255.0 0.120172703338 -0.167062182449 -0.0251782303416 -0.0659144095861 0.0 
0.0 3.28963459031 3.37302710237 0.0 0.0 0.0 0.615517171553 0.0 0.0 0.0 2.85121100729 1.54953264362 115.0 255.0 255.0 0.0949944729969 -0.232976592035 0.0255212558628 0.0795837570267 0.0 
0.0 4.03161507507 2.95366058536 0.0 0.0 0.58936402223 0.628791247785 1.60822705686 0.0 0.0 3.31934539809 3.89635768767 114.0 255.0 255.0 0.12051572886 -0.153392835008 -0.0298490428401 -0.00949193001001 0.0 
0.0 1.73547973061 4.050191054 0.0 0.0 0.61319350222 0.0 0.0 0.0 0.0 3.84855420769 3.63775932822 114.0 255.0 255.0 0.0906666860196 -0.162884765018 0.0649652765459 0.0449741701816 0.0 
0.568607277857 5.33372120552 6.32864879702 0.679663731343 0.442126093192 2.42449982654 0.0 0.836944864239 1.58462381743 4.21870300964 2.8571195592 4.56768931019 114.0 255.0 255.0 0.155631962565 -0.117910594837 0.112238780031 0.0724231174891 0.0 
0.0 3.18971921919 4.87201107947 0.0 0.462510428922 0.496910459051 0.212031343991 0.347743737622 0.0 0.0 3.70212539071 3.44808064928 114.0 255.0 255.0 0.267870742597 -0.0454874773475 -0.00971306252012 0.123485137644 0.0 
0.652453118513 5.86511477527 6.6148116034 0.0 0.071009075481 0.0 0.0 1.70519915942 0.669474347438 3.50241083219 3.34132093924 4.71929670323 113.0 255.0 255.0 0.258157680077 0.0779976602967 0.220733634795 0.0444707262499 0.0 
0.0 4.37861652283 6.53986089566 0.0 0.0 1.41535787228 0.0 2.02181835364 0.0 0.0693392714233 4.26464730117 4.4802855587 111.0 255.0 255.0 0.333333333333 0.122468386547 0.0868052093185 -0.0146574898679 0.0 
0.0 4.94309761982 5.7405521312 0.0 0.0 2.01668810211 1.44794075614 1.05447699459 0.26463662219 0.179876908114 2.85180455877 4.1691052263 110.0 255.0 255.0 0.333333333333 0.107810896679 0.0744209875993 0.077801642324 0.0 
0.0 8.55952765911 9.77193708325 0.0 0.85212917918 3.50270219338 0.0925080290116 3.36764427622 0.0 2.9873971036 5.81850649829 6.91772648853 109.0 255.0 248.0 0.333333333333 0.185612539003 0.0235128751044 -0.0781341553043 0.0 
0.0 7.66382502278 14.756373382 0.0 0.213645853693 5.86947083591 0.0 5.34155546529 0.0 1.60126234001 9.37481589982 7.42740923407 109.0 255.0 240.0 0.333333333333 0.107478383698 0.0706155465005 0.179059369225 0.0 
0.127938519204 10.9798484331 18.2700148591 0.522049953748 0.610718238752 8.48505902347 0.0 8.28054618495 0.0 3.11437745084 11.0156731157 7.82278992077 110.0 255.0 228.0 0.333333333333 0.286537752923 0.0277123646535 0.11906707968 0.0194590794332 
0.714014779466 8.39944554695 19.1605556078 0.0 0.0 12.4059388541 0.0 12.4675657066 0.0 3.99452308171 14.2858287441 6.98428712698 112.0 255.0 207.0 0.333333333333 0.333333333333 0.120270432204 0.0571767155672 0.00849696461849 
0.0 3.50154927656 21.6282261525 0.0 0.0650893516158 14.3666509374 2.16831104531 14.3693132937 0.276473573621 0.0 14.3748303489 4.68699294461 113.0 255.0 189.0 0.333333333333 0.333333333333 -0.0367610319902 0.0306393304427 0.0365720134719 
0.0 0.0 14.7560926966 0.0 1.03505414373 13.1126679532 5.80979663303 16.5351370195 0.0 0.0 12.9433635552 0.0 115.0 255.0 172.0 0.296572301343 0.333333333333 0.0539801579333 -0.120880597792 0.0363603302007 
0.0 0.0 10.1491456814 0.0 0.214575620051 14.9474529515 9.05975595825 18.3552376574 0.566989821508 0.0 10.4535150349 0.0 116.0 255.0 162.0 0.333333333333 0.212452735541 -0.0364876265804 -0.139446108585 0.0360554163377 
0.0 0.0 9.0759265926 0.0 0.291844969077 15.2348960821 10.7097139003 18.755812653 0.0 0.0 9.37320473621 0.0 116.0 255.0 160.0 0.296845706753 0.0730066269561 -0.0436736343106 -0.024393404978 0.0 
0.0 0.0 11.8736197623 0.0 0.255600084762 12.6534262445 10.8476994736 17.8894075261 0.0 0.0 12.6894541302 0.0 116.0 255.0 160.0 0.253172072442 0.0486132219782 -0.0871748588715 0.0232163999224 0.0 
0.0 0.0 7.67950162191 0.0 0.0 10.6292527886 12.6587637649 13.7159965266 0.0 0.0 7.99119724552 0.0 117.0 255.0 159.0 0.165997213571 0.0718296219006 0.0849352383957 -0.146461543983 0.0 
0.0 0.0 7.91753129322 0.0 0.0 10.5291964724 10.2831468366 16.2975328852 0.0 0.0 10.3570792043 0.0 115.0 255.0 182.0 0.250932451966 -0.0746319220826 0.0717280358291 -0.14842243299 0.0 
0.0 1.33804141231 11.6711767698 0.0 1.08981975796 12.187204175 5.54189273626 13.1853874484 0.956080640316 0.0 12.4281063175 3.62178685124 107.0 255.0 234.0 0.322660487796 -0.223054355073 0.0966171637775 -0.0485796613277 0.0 
0.0 5.61400571806 6.13348814749 0.0 1.13649417891 6.15934823583 2.7141497449 8.57443202207 0.498802549048 0.0 3.64048235316 4.38607112944 104.0 255.0 255.0 0.333333333333 -0.2716340164 0.125661338665 0.0295604218074 -0.0286735551208 
0.0 6.8397789842 7.44656449098 0.053421774873 0.272860065805 5.20468364296 1.00932586609 6.81827208293 0.445062157447 0.0 7.02707405331 4.96716804319 103.0 255.0 255.0 0.333333333333 -0.242073594593 -0.0317621067589 0.115197939737 0.0 
0.0 7.38549936004 7.86733529951 0.0 0.616351554719 6.37128054074 0.0 8.76819186394 0.041781476303 1.67237273391 6.41727375732 7.25651357576 103.0 255.0 255.0 0.301571226574 -0.126875654856 -0.0261317043382 0.0108337641842 0.0 
0.0 7.93249375391 7.90874626753 0.0 0.0 4.3430273076 1.59696407921 7.70394188873 0.0 0.854217983291 7.18983590063 4.96823240305 103.0 255.0 255.0 0.275439522236 -0.116041890671 -0.0642305271847 0.0316649387087 0.0 
0.0 6.22351866271 8.21582785597 0.563716379745 0.0 5.43907452183 0.0 7.00632447798 0.172287231755 0.10385134152 6.11541019906 6.09992899825 103.0 255.0 255.0 0.211208995052 -0.0843769519627 -0.0245888011891 0.012092316872 0.0 
0.441117835732 9.8019769473 11.2511883471 1.59322557011 1.8126730658 7.02763629405 0.0 6.66320356883 0.8544199733 3.56045885805 7.28765093213 8.4723997203 103.0 255.0 255.0 0.186620193862 -0.0722846350908 -0.0587363052348 -0.0158312289172 0.0 
0.0 7.15051672172 7.96086040766 0.0 0.0 5.36652877559 0.94504938205 7.89811997044 0.0 0.0 6.46037322513 4.90682265087 103.0 255.0 255.0 0.127883888628 -0.0881158640079 0.0307434029523 0.0656446976089 0.0 
0.0 6.26361225947 9.51031334343 0.101933064047 0.163696340189 5.64061991959 0.571506104644 6.54729453381 0.0 0.0 6.7652613535 4.69717760232 103.0 255.0 255.0 0.15862729158 -0.0224711663991 -0.0662512475545 -0.198394741642 0.0 
0.0 7.12923726582 9.71004172098 0.821098374371 0.0 5.46026237553 1.60379345588 8.15647274516 0.0 0.0 7.53396778549 6.16649275102 103.0 255.0 255.0 0.0923760440254 -0.220865908041 -0.111014799857 -0.167835524586 0.0 
0.0 8.0672767454 10.4134964575 0.0 0.0655184442589 5.46169634966 0.721044398792 6.63833026184 0.0 0.810820147877 7.30050393648 5.02649728872 103.0 255.0 255.0 -0.0186387558312 -0.333333333333 0.0511857819983 0.0999179564571 0.0 
# HEADER 2
0.0 0.0 0.770067506995 0.0 0.0 0.0 0.0 0.0 0.0 0.0 0.468187989035 0.585566779271 133.0 247.0 255.0 0 0 0.0179722323841 0.0229032669391 0.0770161056522 
0.0 0.0 0.0 0.905079967397 0.0 0.0 0.0 1.47542235128 0.0555236601648 0.51490335755 0.0 0.0 133.0 238.0 255.0 0.0179722323841 0.0229032669391 0.0385682121009 0.109426578675 0.0 
0.0 0.843971729049 0.0 0.0 0.0643338739971 0.524618520476 0.418617008607 0.0 0.0 0.40481200742 0.0 0.0 134.0 239.0 238.0 0.056540444485 0.132329845614 -0.0170810562339 0.0156608179537 0.0 
1.67621738139 2.08142961316 3.82796693151 0.97782577143 0.825881592842 2.60219342863 0.0 2.00454413322 0.448793930214 5.01290214044 3.22583900047 2.31408457242 134.0 247.0 199.0 0.039459388251 0.147990663568 -0.0725333575171 -0.0693098473505 0.0 
0.0 0.026699353298 5.02821702907 0.0 0.479243434837 4.36226096176 0.0 3.47072136312 0.209842186042 0.212175193745 4.95410788957 0.0 139.0 248.0 171.0 -0.033073969266 0.0786808162171 0.0963036979665 -0.0901498653875 0.0 
0.0 0.15080563545 4.32861240114 0.841306210527 0.0 4.43702468299 0.0 3.24099638213 0.526879161302 1.93358703969 3.65867078551 0.379343000065 141.0 245.0 177.0 0.0632297287005 -0.0114690491704 -0.0623116530679 -0.074328531844 0.0 
0.0 0.0 0.467534024782 0.0 0.131995705548 0.0 0.46155475217 0.0 0.747082784298 0.0223769490133 2.23829986356 0.0 139.0 235.0 226.0 0.000918075632577 -0.0857975810144 0.0917968446261 -0.0247723649843 0.0 
0.0 0.129890581495 0.630248118277 0.595736212844 0.0 0.00378231394002 0.0 0.251621217108 0.0 0.0 2.33540088358 0.0 137.0 237.0 255.0 0.0927149202587 -0.110569945999 -0.000235670601531 -0.0103930652443 0.0 
0.609381601046 0.0 0.511008745179 0.0 0.304399564118 0.662235063171 0.321414114733 1.0458108501 0.0118111261067 0.0 0.0 0.0 138.0 251.0 255.0 0.0924792496571 -0.120963011243 -0.119029986484 -0.067193558476 0.0 
1.73808347049 1.99929258141 2.5447633045 0.983289083367 0.934898146801 1.26503921285 0.0 2.56064564415 1.90541962971 4.78804611261 0.224255686287 0.931499460596 138.0 251.0 255.0 -0.0265507368264 -0.188156569719 0.0710813728306 0.184988263275 0.0 
0.0 0.0 0.0 0.0 0.147602884958 0.0 0.87974446697 0.0 0.0 0.0982822713455 0.0919210564193 1.15926639665 138.0 251.0 255.0 0.0445306360042 -0.00316830644434 -0.0370774292806 -0.0268353963733 0.0 
1.93265326748 0.0 1.94667578234 0.10263509097 0.350285288069 0.0 0.0 0.952331741069 0.500518722415 0.281263681667 0.0 1.82787651165 138.0 251.0 255.0 0.00745320672356 -0.0300037028177 -0.0157340938435 0.0014899731937 0.0 
0.07715122908 0.0 1.83568988536 0.0 0.0 1.39727003395 0.0 0.0 0.975405081088 0.0 0.0 0.0 138.0 251.0 255.0 -0.00828088711992 -0.0285137296239 0.0415942592673 -0.0356030866423 0.0 
0.0 0.0 0.0 0.671081520711 0.0 0.416813672125 0.0 0.636065795887 0.801929772895 0.0 0.0 0.0 138.0 251.0 255.0 0.0333133721474 -0.0641168162662 -0.0900328406051 -0.0909890902126 0.0 
# HEADER 3
0.166613242079 3.12749950291 0.705239227472 0.59929161068 0.0 0.0 0.0 0.0 0.0 0.0 0.0 0.0 132.0 247.0 255.0 0 0 0.0425120697306 0.0535727403365 0.0 
0.0 1.03338657537 0.0 0.809945420978 1.04708500866 0.347209506964 0.0 0.755972557151 0.478504332343 0.668945851306 0.219094289706 0.0 129.0 244.0 253.0 0.0425120697306 0.0535727403365 0.0608934570832 0.160026024044 0.0 
0.0 0.51315794618 0.0 0.0 0.0 0.0 0.285778520028 0.0 0.0 0.0 2.84390680487 1.95024381628 129.0 249.0 225.0 0.103405526814 0.21359876438 0.0861563293859 0.0834362913252 0.0 
1.80386927079 2.83979403912 6.04283448954 0.883342580265 0.0 3.48250763628 0.0 3.07382101551 0.48875165536 2.6376042358 5.44793928882 1.69908447509 132.0 250.0 190.0 0.1895618562 0.297035055705 0.0722826667389 -0.0309894447747 0.0 
0.0 0.0 5.37421479777 0.811001862288 0.0 5.11254271039 0.250272931387 8.46099177987 0.434929309824 0.0 5.62332709472 0.0 134.0 253.0 160.0 0.261844522939 0.266045610931 0.0769204764474 0.0206398852962 0.0225053715496 
0.0 0.0 1.79850292393 0.717782328858 1.15021289428 7.84989080231 5.83933902458 11.0298280926 0.0 0.0 5.01083743386 0.0 136.0 254.0 132.0 0.333333333333 0.286685496227 -0.155331654723 -0.137924745966 0.0346341626387 
0.0 0.0 0.0 0.0 0.182492231456 2.88487301202 12.9138527102 8.7165618049 0.0 0.0 2.82709822468 0.0 137.0 255.0 115.0 0.17800167861 0.148760750261 0.0381156437307 -0.100131060565 0.0627460204541 
0.0 0.0 0.0 0.0 1.33915528498 4.61802658188 13.2069342198 9.66134245205 0.0 0.0 4.3059947011 0.0 137.0 255.0 111.0 0.216117322341 0.0486296896951 -0.24984066201 0.0380877703701 0.0538012527833 
0.0 0.0 0.0 0.0 0.393095704395 1.95421513848 13.4330742622 7.96458791929 0.0 0.0 2.25492274778 0.0 137.0 255.0 111.0 -0.0337233396692 0.0867174600653 -0.00606657979597 0.0420597996666 0.00396118443016 
0.0 0.0 0.0 0.0 0.272891200522 2.53577125448 12.8329483244 7.38540444144 0.0 0.0 2.23838913885 0.0 140.0 253.0 103.0 -0.0397899194651 0.128777259732 -0.0241618779753 0.0397882937656 0.0 
0.0 0.0 0.0 0.0 0.0 0.210842725847 11.6345105784 2.91556061286 0.0 0.0 0.9488816826 0.0 148.0 250.0 80.0 -0.0639517974404 0.168565553498 0.0534790298544 0.0611568204526 0.0289349787081 
0.0 0.0 0.0 0.0 0.0 0.0 7.36896558897 3.17794935519 0.0 0.0 0.373311604435 0.0 154.0 248.0 50.0 -0.010472767586 0.22972237395 -0.117617865444 -0.0936182524016 0.0319897117736 
0.0 0.0 0.0 0.0 0.0782669768946 0.133791734413 4.83259253183 2.88934947088 0.0 0.0 1.06536146492 0.0 164.0 237.0 42.0 -0.12809063303 0.136104121548 -0.114461446187 0.0597869511386 0.0829870950772 
0.0 0.0 0.596360133521 0.57044734762 0.207229855071 0.0 2.44445047544 1.32085656778 0.754106226041 0.0 0.0 0.0 178.0 215.0 41.0 -0.242552079217 0.195891072687 -0.011545625799 0.0670410351994 0.028320622458 
0.0 0.0 0.0 0.0 0.0 0.0 2.9552485463 0.292239371573 0.0 0.0 0.0 0.0 195.0 182.0 40.0 -0.254097705016 0.262932107886 -0.00751996620923 -0.00492636412629 0.0828676587805 
0.0 0.0 0.0 0.0 0.0 0.743444108297 1.21255196525 0.634289192117 0.0 0.0 0.136918638968 0.330306850111 212.0 133.0 39.0 -0.261617671225 0.25800574376 0.0635769102743 0.0366280196619 0.110384575386 
0.0 0.0 0.0 0.0 0.0 0.375254247287 1.67864856806 0.722647461013 0.0 0.0 0.184982298959 0.0 205.0 69.0 46.0 -0.198040760951 0.294633763422 -0.0653551646354 -0.0153679579439 0.227363330705 
0.0 0.720786337533 0.0 0.0 0.0836517645066 0.124695574815 0.681847050234 2.81350062286 0.0640635078991 0.0 1.43188681256 0.0 197.0 36.0 42.0 -0.263395925587 0.279265805478 -0.0456451031591 -0.0550931064141 0.0948901710119 
0.226732250265 0.0208423314816 0.0 0.628846518007 0.0579616853038 0.176069067327 0.460581638371 1.22298975677 0.0 0.0 0.0 0.0 191.0 34.0 36.0 -0.309041028746 0.224172699064 -0.12720253995 -0.0314786650725 0.0 
1.59605887183 3.62756677464 0.61498250896 0.770770645771 1.58111646979 0.796464640382 0.0 0.0 2.42146194148 3.82740555117 0.124029107557 0.995631170281 189.0 34.0 36.0 -0.333333333333 0.192694033992 0.00872706217069 0.0144974530958 0.0 
0.491351478328 0.993417763788 0.462726850973 0.0 1.19151039068 0.0974548809699 0.0 0.908531362839 1.4862114474 2.96363397758 0.0805101892712 0.0 189.0 34.0 36.0 -0.324606271163 0.207191487087 -0.0019078217043 -0.0150299093925 0.0 
0.445780964661 0.0310503257068 0.0 0.824863186657 0.0 0.807843212286 0.459509895498 1.75654700793 0.233365946024 0.0 0.0 0.0 189.0 34.0 36.0 -0.326514092867 0.192161577695 -0.162344444979 0.109000109146 0.0 
1.74328999504 2.64038313148 1.45282480168 0.831038681638 1.04619519544 2.19200562556 0.0 0.763382612504 0.761068933026 2.65474113523 0.0 3.29261491373 189.0 34.0 36.0 -0.333333333333 0.301161686841 -0.10861489189 -0.0442430725242 0.0 
0.0 1.08579431368 1.08969401855 0.129000190351 0.369996679412 0.0 0.133733780153 1.45519082595 0.164835991351 0.425611444889 0.692420381371 0.917752507769 190.0 34.0 36.0 -0.333333333333 0.256918614317 0.016035810164 -0.0863659593066 0.0 
0.878168452833 0.0 0.5740456178 0.260312978884 0.0 0.0 0.790335956506 0.309376687667 0.0 0.0 0.309266771496 0.654812929839 190.0 34.0 36.0 -0.317297523169 0.17055265501 -0.158983571337 0.0835885748626 -0.0336143455594 
0.0149136864177 0.0 1.38391891325 0.0 0.573738481293 1.17959544205 1.11895887348 0.0 0.919416372024 0.0 0.0 0.0 191.0 34.0 36.0 -0.333333333333 0.254141229873 -0.107265654356 0.0186727337982 0.0 
0.0 1.89858039882 3.20998511511 0.00493816262824 0.0 0.0 0.533172064056 1.44459177479 0.0 0.0 1.35100838544 0.0 192.0 34.0 36.0 -0.333333333333 0.272813963671 -0.0796190575173 0.0873048006662 0.0 
0.0 0.0 0.0 0.0 0.172890548399 0.0 0.521576302532 0.57821648992 1.38143951324 0.0 0.0 0.177675035365 193.0 34.0 36.0 -0.333333333333 0.333333333333 0.0499500072002 -0.0509568391326 0.0 
0.128415141178 0.306998611604 1.62946213331 0.483409342806 0.0141948606941 0.894013515214 0.0 2.68572191364 0.520032254722 1.71468964128 0.191605431862 0.0 193.0 34.0 36.0 -0.283383326133 0.282376494201 0.0928775191429 0.0361234515199 0.0 
0.0473795100642 0.0 1.45956429972 0.0108111070037 2.69879707763 0.350095964505 0.739831258182 0.604679735028 0.0 0.0 0.0629623577962 0.0 193.0 34.0 36.0 -0.19050580699 0.318499945721 0.0446437193364 -0.0286409779658 0.0 
0.0 0.0 0.0 0.0 1.20469050205 0.0 0.629533199968 0.076411470422 0.0 0.0820855659397 0.0 0.0 193.0 34.0 36.0 -0.145862087654 0.289858967755 0.0272778437663 0.0878293298873 0.0 
0.690475864729 0.0 0.759761784732 0.0 0.0 0.0 0.0 0.0 1.88704706359 0.0 0.0 1.58806795116 193.0 34.0 36.0 -0.118584243888 0.333333333333 -0.0566867219894 -0.146641409544 0.0 
1.44623377146 0.590933673086 0.848478497936 0.628860999448 0.622695762507 2.07395527541 0.0 2.2367766076 3.06142358478 3.46784183451 0.0 1.36868156249 193.0 34.0 36.0 -0.175270965877 0.186691923789 -0.000688184961647 -0.0131464191052 0.0 
0.80013981959 0.0 0.240159615271 0.893971416859 0.44148148912 0.254008943791 0.262100341788 0.104645413804 0.0 0.0 0.316356038103 0.0 193.0 34.0 36.0 -0.175959150839 0.173545504684 -0.126658953182 -0.0372487179896 0.0 
0.505330388969 3.85378604003 1.32801080826 0.0 0.512512427347 0.0 0.0 0.668217875636 0.484156039684 0.0 0.0 0.560490350131 193.0 34.0 36.0 -0.302618104021 0.136296786694 -0.0449963786277 -0.0402247727336 0.0 
1.69813957196 2.93231877791 0.419355798381 0.659201403025 0.95064221263 2.84687765201 0.0 0.0 0.903998603668 3.53080869003 0.937360811169 1.50383922443 193.0 34.0 36.0 -0.333333333333 0.0960720139604 -0.00622305396965 0.0184343287673 0.0 
0.0 0.0 0.0 0.0 0.0 0.167027357965 0.614942747231 0.0 0.515233998187 0.0 1.17134570926 1.33141271718 193.0 34.0 36.0 -0.333333333333 0.114506342728 0.00183648240083 0.0817455414698 0.0 
0.10133073658 0.0 1.69060235175 0.0 0.0781382253034 1.17487177147 0.0 0.27924230772 0.0 0.691272342655 0.448644462384 0.0 193.0 34.0 36.0 -0.331496850933 0.196251884198 -0.0741261755617 -0.00339538753021 0.0 
1.38837148286 1.45167578267 0.0838988313738 1.28576929817 0.976574842009 0.666188842928 0.0 0.749272546917 1.23884663307 1.34939282822 0.0 0.0 194.0 34.0 36.0 -0.333333333333 0.192856496667 -0.0249424130114 0.0205525081211 0.0 
1.76640379791 0.890889407894 1.82062131513 0.0 0.0 1.3112131777 1.43488916157 0.0 0.808664593272 0.0259481470943 1.14753245371 0.0 194.0 34.0 36.0 -0.333333333333 0.213409004788 -0.157803131135 -0.0237884236183 0.0 
0.0 0.0958974036379 1.46970779357 0.684441239936 0.0 0.167783966714 0.0 0.0 1.25285268117 0.0 1.30746878753 0.0 194.0 34.0 36.0 -0.333333333333 0.18962058117 -0.0116242359713 -0.0988663596953 0.0 
0.0 1.72339245221 0.221089022448 0.906700148717 0.279251289696 0.0 0.192196633099 0.0 0.0 0.31160598537 0.696620844443 0.398510965407 194.0 34.0 36.0 -0.333333333333 0.0907542214749 0.0343594337526 0.0635533354509 0.0 
0.0 0.0 0.0 0.0 0.0744296734566 0.0 0.198357174615 0.196154110549 0.0 0.0 0.618420381341 0.0 194.0 34.0 36.0 -0.298973899581 0.154307556926 -0.120406932779 0.171580867227 0.0 
0.314207963631 0.40189481325 0.0 0.0 0.140498905807 0.497205407642 0.494933203057 0.0 0.0 1.27518818637 0.0599534752842 0.0275709296575 194.0 34.0 36.0 -0.333333333333 0.325888424153 0.0918272449588 0.0052628914205 0.0 
0.0 0.451620560058 0.0 0.0 0.0 0.0 0.0 0.156197804107 0.0 0.0 0.0 0.643780640641 193.0 34.0 35.0 -0.241506088375 0.331151315573 0.00651594045676 -0.089607517067 0.0 
0.0283488648074 0.793410769322 0.0 0.0 0.0 0.0 0.560961097 0.161485673062 0.0 0.0 0.0 0.0 194.0 34.0 36.0 -0.234990147918 0.241543798506 -0.00759633558059 -0.102306142694 0.0 
0.0 0.0 0.0 0.0 0.0 0.0 0.0 0.0 0.0 0.0 0.0 0.223398294584 194.0 34.0 36.0 -0.242586483498 0.139237655812 -0.0248323037109 -0.0496869494979 0.0 
0.390828948228 0.0 0.0 0.0 0.0 0.0 0.0 0.0 0.0 0.396172975035 0.805969928886 0.438533819551 193.0 34.0 35.0 -0.267418787209 0.0895507063144 -0.0918383245204 0.022999553165 0.0 
0.0 0.0 0.0 0.0 0.0 0.379648211592 0.0 1.65949045899 0.292667160508 0.0 0.0 0.0 194.0 34.0 35.0 -0.333333333333 0.112550259479 0.146058427408 0.223948143331 0.0 
1.60717910422 1.06560627125 1.43690595425 0.759546292678 1.04155555798 2.59056805399 0.0 2.36727648207 2.53032427213 3.6376460813 0.150691217003 1.56216273322 194.0 34.0 36.0 -0.187274905925 0.333333333333 0.104885471265 0.0750587676492 0.0 
1.64369824145 2.27873195274 0.0 0.636053984095 0.634292253132 0.476884599444 0.0 0.44597338249 2.76034223763 3.65276796454 0.0 1.30354777907 194.0 34.0 36.0 -0.0823894346603 0.333333333333 -0.0198706123195 -0.0333727187054 0.0 
0.486051461592 0.0 0.0 0.0 0.0 0.0 0.178089251336 0.0688233925559 0.493340581518 0.0 0.0 0.0 194.0 34.0 35.0 -0.10226004698 0.299960614628 0.0075945144027 -0.0591837469274 0.0 
1.23950621066 1.12191690133 0.0 0.823460307188 0.0519116251783 0.0 0.24618623591 0.0 0.215003149312 0.258280525189 0.202806178342 0.0 194.0 34.0 36.0 -0.0946655325771 0.240776867701 0.0959234739567 0.193361188613 0.0 
0.128669867172 0.0 0.0 0.669092504205 0.0 0.0 0.802185414649 0.0 0.183095144831 0.0 0.113679799898 0.0 194.0 34.0 35.0 0.00125794137959 0.333333333333 -0.00899127786165 -0.0259383925155 0.0 
0.298342116843 0.0 0.0 0.0 0.0 0.0 0.0 0.0 0.0 0.0 1.01387525155 1.16769554837 193.0 34.0 36.0 -0.00773333648207 0.307394940818 0.0677726224706 -0.0528460341743 0.0 
0.0 0.0 0.0 0.0 0.0 0.0 1.29044241587 0.914244143186 0.0 0.0 0.0 0.0 192.0 34.0 35.0 0.0600392859886 0.254548906644 -0.091348484931 -0.0879810331742 0.0 
2.26693813303 2.20704260553 0.45038776028 0.587326053466 0.0 0.0 0.0 2.61602341664 1.51179325794 2.20442851862 0.0 0.0 191.0 34.0 35.0 -0.0313091989424 0.166567873469 0.0316555818996 0.0630327491654 0.0 
0.521073118669 0.0 0.0 0.218978767825 0.0 0.0 0.0807567866833 1.05250923719 0.104780852585 0.0 0.0 0.0 190.0 34.0 36.0 0.000346382957185 0.229600622635 -0.0404187327708 -0.0291791232082 0.0 
0.0 2.97343641693 1.38481420855 0.640323505488 1.55265859434 0.81117919107 0.0 1.12012588181 0.761097758872 3.6459145552 0.0 0.618236047943 190.0 34.0 36.0 -0.0400723498136 0.200421499427 0.0147815848405 0.0990420555561 0.0 
0.0469299025183 0.0 0.0 0.05425797018 0.0794392916336 0.0 0.237425898535 0.0 0.0 0.0 0.0 0.0 190.0 34.0 36.0 -0.0252907649731 0.299463554983 0.0570702929733 0.153011471554 0.0 
0.928851820645 0.0 0.179310320168 0.0 0.103415674648 0.0 0.531550143467 0.0 0.920218927067 1.21527495593 0.0 0.0 189.0 34.0 36.0 0.0317795280002 0.333333333333 0.0437780707372 -0.00159964495223 0.0 
0.860661777949 1.15972881417 0.455757259558 0.0 0.282631113424 0.434061251452 0.0 0.0 1.35660876873 2.34125045562 0.0538085731351 0.618204185091 189.0 34.0 35.0 0.0755575987373 0.331733688381 -0.135496294076 0.00822678448203 0.0 
0.0 0.0 0.0 0.0 1.38038506067 0.0 0.460559662903 0.450800163127 0.751442939598 0.0 0.880110891887 0.0 189.0 34.0 36.0 -0.0599386953385 0.333333333333 0.0679813476791 -0.0673986218291 0.0 
0.0498235949882 0.149010562492 0.0 0.37865164672 0.0 1.85424245657 0.668252429286 0.0 0.0 0.0 0.587988868267 0.0 188.0 34.0 36.0 0.00804265234059 0.265934711504 -0.184636614679 0.0663855164804 0.0 
0.0 1.21586925144 0.0 0.0 0.0 0.0 0.439933259151 0.530921652457 0.0 0.0 0.316604595264 0.709908086763 186.0 34.0 36.0 -0.176593962338 0.332320227985 0.12807511412 0.000401241919192 0.0 
0.650464165381 0.730980222507 0.0 1.24237573312 0.466127462038 0.94771922362 0.0 0.192338535431 1.23053945083 1.40174586028 0.0 0.32738430856 186.0 34.0 36.0 -0.0485188482184 0.332721469904 -0.114994832918 0.0499537240335 0.0 
0.0 0.0 0.208723965035 0.0 0.0 0.0 0.461291441796 1.23012329231 0.0 0.112870092052 0.0 0.0 186.0 34.0 36.0 -0.163513681136 0.333333333333 -0.082927243089 -0.04602756796 0.0 
0.0 0.0 0.0 0.0 0.0968300536343 0.0 0.626157407556 1.29899095448 0.799533718566 0.0 0.207781010533 0.0 186.0 34.0 36.0 -0.246440924225 0.287305765373 -0.128951653088 0.0116101378869 0.0 
0.1185155889 0.0 0.0 0.874501309186 0.0752646077326 1.33602394072 0.0 0.0 0.0 0.0692176504344 0.0 0.416084068518 186.0 34.0 35.0 -0.333333333333 0.29891590326 -0.12533344105 0.0576042005528 0.0 
1.36880890107 1.57983111263 1.48030503415 0.0 0.0 0.712891180578 0.0 0.0 2.11219636688 1.13785962498 0.0 0.0 186.0 34.0 35.0 -0.333333333333 0.333333333333 0.0189915935417 -0.00322298001296 0.0 
0.450700980471 1.06773082491 0.0 0.0 0.0139657303623 0.811373444947 0.0 0.0 0.384923866299 1.76905083997 0.0 0.729432076167 187.0 34.0 35.0 -0.314341739792 0.33011035332 0.0528933899129 -0.0384034578876 0.0 
0.0902288371692 0.31689327172 0.665661497071 0.945512401955 0.169286265507 0.0 0.0 1.38512863187 0.14884336424 0.0 0.962871687153 0.0749317078702 187.0 34.0 35.0 -0.261448349879 0.291706895433 -0.0643012539588 -0.265191624265 0.0 
0.364635137923 0.0328677496218 0.348280987664 0.0 0.0 0.588129172529 0.0 0.0 0.0 0.260302051838 0.129276702797 0.111791783163 188.0 34.0 36.0 -0.325749603838 0.026515271168 -0.0848172127018 0.184963946231 0.0 
1.83950452356 0.0 0.0 0.0 0.0456616090749 0.18851327684 1.55460913006 0.0 0.0 0.0 0.0 0.0 188.0 34.0 36.0 -0.333333333333 0.211479217399 -0.0204555631291 -0.0227814142643 0.0 
0.450498248158 0.0 0.0 0.0 0.4501396633 0.788586823834 0.305075359387 0.0025354395463 0.0 0.0734072865826 0.0 1.21658735556 189.0 34.0 36.0 -0.333333333333 0.188697803135 0.153959467383 -0.11790299033 0.0 
0.0 0.0 0.0 0.0 0.052834128683 0.336174074877 0.931915832425 0.291329661297 0.0 0.0 0.0 0.167364063372 189.0 34.0 36.0 -0.17937386595 0.0707948128048 -0.00733557967677 0.00682682471286 0.0 
0.0 0.0 0.108595750052 0.0 0.0 0.0 0.234040500199 1.20292860785 0.0 0.0589971672095 0.0 0.0 189.0 34.0 35.0 -0.186709445627 0.0776216375176 0.0161910217403 -0.19745054598 0.0 
0.208761743074 0.0 0.0 0.043523593383 0.0 0.0 0.0 0.0 0.0 0.0 0.206498843067 0.0 210.0 34.0 37.0 -0.170518423886 -0.119828908463 -0.111527225588 -0.00400428151762 0.0 
0.768944806425 0.0 0.0 0.0 0.0 0.488377332937 0.00347031266052 0.0 0.286593876049 0.0 0.0 0.829082408913 227.0 43.0 49.0 -0.282045649475 -0.12383318998 0.170981753229 0.0734317569264 0.0281530976053 
0.0 0.0 0.0 0.0 0.280429564331 0.0 0.0 0.888504162501 0.0 0.446731733948 1.15445544151 0.377236295693 230.0 50.0 72.0 -0.111063896245 -0.050401433054 0.041477744358 -0.0488428101758 0.0 
0.0 0.0 0.0 0.0 0.121992607378 0.0 1.08740874093 0.0 0.0 0.0 0.134944944757 0.0 231.0 48.0 88.0 -0.0695861518873 -0.0992442432298 0.054384783139 0.00310329251533 -0.0281530976053 
0.0552500154468 0.0 0.0 0.0 1.04304232813 0.0 0.0 0.0 0.0 0.0 0.867555604879 0.0 231.0 47.0 92.0 -0.0152013687484 -0.0961409507144 0.069184274484 0.0569159808411 0.0 
0.0 0.0 0.0 0.0 0.0 0.0 0.194910678375 0.0 0.397371640202 0.19920053983 1.37222301529 0.0 231.0 47.0 93.0 0.0539829057356 -0.0392249698734 0.0877110584894 -0.0815636407273 0.0 
0.0 0.00382625789259 0.0 0.0 0.0 1.82851633757 0.0 0.426985100264 0.0 0.118496970482 0.0 0.0 231.0 47.0 93.0 0.141693964225 -0.120788610601 0.00590140047065 -0.169001263024 0.0 
2.42369588085 0.0 0.750422200018 0.0 1.18226643148 0.447468053908 0.0 0.0 1.5839807559 1.91811710492 0.166419539744 0.552788155758 231.0 47.0 94.0 0.147595364696 -0.289789873624 -0.0149152745005 -0.0472179138254 0.0 
0.95518157863 0.46514155587 0.0 0.0 0.0 0.931094494181 1.38656851797 0.0 0.0 0.0 0.0 0.249107540048 228.0 48.0 95.0 0.132680090195 -0.333333333333 -0.118501996867 -0.114989232808 0.0 
0.0 0.0 0.0 0.781347753036 0.0 0.0 0.291700810934 0.0 0.389433359326 0.0 0.291757696117 0.0 225.0 50.0 93.0 0.014178093328 -0.333333333333 0.12611219367 -0.0256262046202 0.0336143455594 
1.04136082527 0.902263517267 0.0 0.768563561196 0.160239938251 0.0 0.0 0.186788652025 0.0 0.0 0.0 0.0 222.0 53.0 89.0 0.140290286998 -0.333333333333 0.00477308835616 0.0478340029423 0.0 
0.857905195644 1.08794944601 1.03193963806 0.436204523051 0.0 0.0 0.0 0.0774723520475 0.413944878951 1.36900031562 0.0 0.0 218.0 57.0 84.0 0.145063375354 -0.285499330391 0.00292689916331 -0.00752410626398 0.0 
0.177377055726 0.508798900871 0.0 0.0 0.0 0.348495115609 0.647971728206 0.96320839049 0.718840188006 0.0 0.18144560964 0.0 213.0 62.0 76.0 0.147990274518 -0.293023436655 -0.115517797863 0.0454632989453 0.0 
1.4998742157 1.37621526078 0.434174734465 0.0241038993341 0.0129718939786 0.0247395153108 0.0 0.242897055139 0.525208179098 2.31949681803 0.5736077494 1.35640259197 211.0 64.0 74.0 0.0324724766544 -0.24756013771 0.149007250797 0.014388767128 0.0 
0.982717444118 0.0 0.0 0.0 0.0 0.0 0.564484964699 0.437328882281 0.0 0.0 0.0 0.0 208.0 68.0 69.0 0.181479727452 -0.233171370582 -0.0455965538503 0.0367031993939 0.0 
0.864279168611 0.627211534657 0.0 0.525916783524 0.476456487789 0.222171285033 0.0 0.0 1.15118763855 1.67163506327 0.0 0.0 202.0 75.0 59.0 0.135883173601 -0.196468171188 -0.211262814409 -0.0738677071514 -0.0284955807388 
1.47876964399 0.0 0.0 0.900461239849 0.0 0.0 0.63710150904 0.85435029966 0.0 0.0 0.0 0.0 196.0 82.0 50.0 -0.0753796408074 -0.270335878339 -0.00848658684592 0.141419261999 0.0 
0.0 0.0 0.548926743802 0.0 0.511207782501 0.295702334089 0.67791506283 0.0 1.31627955783 0.922912251249 0.105191940853 0.0 192.0 85.0 48.0 -0.0838662276533 -0.12891661634 0.0724700407228 -0.103145119069 0.0341002115912 
0.0246359796189 0.0 0.544220029488 0.0 0.130354845525 0.524830022935 0.0 0.0 0.910517474773 0.0 0.0 0.818135419055 190.0 87.0 47.0 -0.0113961869305 -0.232061735409 0.0686284644588 -0.0469510775449 0.0 
1.30232616426 0.0 0.0 0.0 0.0 0.240599798105 0.567372613363 0.0548143562824 0.842680074833 0.0 0.305807222085 0.0 188.0 88.0 47.0 0.0572322775282 -0.279012812954 -0.109007142795 0.031080217964 0.0 
0.0 0.0 0.0 0.80690974433 0.800962755827 0.870581514842 0.0 0.86767968928 0.0 0.0 0.0 0.0 190.0 87.0 47.0 -0.0517748652665 -0.24793259499 -0.0724129052275 -0.0988699147928 0.0 
0.363220060448 0.475880902506 0.0 0.0 0.243883015153 0.407779463332 0.49680243732 0.0 0.0 0.564971272417 0.0 0.0 197.0 82.0 49.0 -0.124187770494 -0.333333333333 -0.0132502254363 0.101121369277 0.0 
1.04322078881 3.59401987668 1.59586957408 0.875673215159 0.0631593989103 3.13354838104 0.0 0.0 1.6673705693 4.00568349237 0.0 0.803275068141 205.0 72.0 62.0 -0.13743799593 -0.232211964057 -0.0801307030016 0.0538511115796 0.0 
2.45952093351 1.84393927621 0.648414725154 0.0 0.6719723816 0.0767922239769 0.0 0.278234931756 1.35659143839 2.2553229766 0.0 0.0 211.0 64.0 74.0 -0.217568698932 -0.178360852477 0.128007553564 0.0059027393104 -0.0341002115912 
0.525044266746 0.0 0.0 0.0 0.0412885960598 0.0 0.664374349973 0.0 0.0 0.0 0.12441753444 0.0 217.0 57.0 86.0 -0.0895611453682 -0.172458113167 -0.103462565795 -0.121825045536 0.0284955807388 
0.0 0.0 0.0 0.630811956012 0.0854173779445 0.0 0.191966493907 0.0 0.47136221609 0.0 0.576105696856 0.406543926528 224.0 50.0 99.0 -0.193023711163 -0.294283158703 -0.0236708542689 0.134770851908 0.0 
0.0 1.19525098199 1.42396768508 0.0 0.0273446974133 0.661685882719 0.0 0.0 0.0 0.0 0.145281668163 0.253736908953 230.0 45.0 106.0 -0.216694565432 -0.159512306795 0.0391450767294 0.0284972621412 0.0 
0.0 0.0 0.0 0.0 0.574027969835 0.0 0.083513424479 0.0 0.0 0.0 0.0 0.510578178035 231.0 45.0 107.0 -0.177549488702 -0.131015044654 -0.0622258756765 -0.0384908303083 0.0 
0.715906997541 0.0 0.0 0.0 0.0 0.0 0.50022286131 0.0 0.0 0.0 0.0 0.429242151397 233.0 44.0 107.0 -0.239775364379 -0.169505874962 -0.0381411651784 -0.0703215737407 0.0 
0.851959656766 1.32925249116 0.214248615245 0.530344531721 1.3481986103 0.548376726673 0.0 0.0718238523767 0.0 2.38876751731 0.0 1.78292336461 236.0 43.0 109.0 -0.277916529557 -0.239827448703 0.170348266411 -0.117042707068 0.0 
0.557962628988 0.0 0.0317313975809 0.0 0.0859995785401 0.0 0.0 0.0 0.0 0.0 0.935524886475 0.0 236.0 43.0 110.0 -0.107568263146 -0.333333333333 0.107533167315 0.0521418061193 -0.0336143455594 
0.157475420828 0.374745236059 0.0 0.0 0.0 0.0 0.0 0.0 0.0770296093149 0.468511890275 0.0 0.0 236.0 43.0 111.0 -3.50958307218e-05 -0.281191527214 0.0173415696791 0.0266896922506 0.0336143455594 
1.01879095141 0.0 0.0 0.0 0.319167138258 0.0 0.0 0.116401731406 0.0 0.0 0.0 0.0 236.0 42.0 111.0 0.0173064738483 -0.254501834963 0.112330179743 0.0462182919811 0.0 
0.0 0.0470095361363 0.605724492009 0.0 0.0 0.0 1.1903701655 0.0 0.0 0.0 0.0 0.0 236.0 42.0 111.0 0.129636653591 -0.208283542982 -0.0695248655714 0.0463472131198 0.0 
0.813202829011 0.192837997125 0.0 0.951809031525 0.892967935924 0.0 0.0 0.0 0.0 0.0 0.0671717820603 0.0 233.0 42.0 111.0 0.0601117880198 -0.161936329863 0.0184765722762 0.117642005382 0.0 
2.38058273791 1.504951356 2.0967634566 0.0758558895515 0.876865415305 1.50525784568 0.0 0.565698326527 1.3480695421 2.8892058781 2.37924799181 1.52353919941 231.0 43.0 111.0 0.0785883602959 -0.0442943244809 0.0920928226056 -0.0323022098258 0.0 
0.0805734303786 0.0 0.463857000627 0.118006453723 0.684728885929 0.0 0.0 0.302178702799 0.101825139167 0.0 0.950488456529 0.404130698618 230.0 43.0 109.0 0.170681182902 -0.0765965343067 0.0665675787402 -0.142109360312 0.0 
0.0 0.0 0.0 0.0 0.122269177465 0.0 0.192715334423 0.0 0.0 0.535069994787 0.0 0.0 227.0 47.0 103.0 0.237248761642 -0.218705894619 0.00776042094331 -0.0702687299187 0.0 
0.157019642833 0.0 0.0 0.332621541982 0.563836198168 0.0616521351575 0.441697434386 0.0 0.0 0.0 0.0 0.170271811174 221.0 53.0 93.0 0.245009182585 -0.288974624538 -0.00304936095559 -0.0764554538095 0.0 
0.0 1.17823297786 0.0 0.0 1.03529154418 0.862745208892 0.661712670271 0.940381192173 1.23523777792 0.0 1.18866435174 2.2601826114 215.0 60.0 82.0 0.241959821629 -0.333333333333 0.0299606650034 0.0603113435665 0.0 
0.836077464442 0.0 0.0 0.0 0.167444679403 0.0 0.666963629782 0.562574293803 0.0 0.0 0.0 0.0 207.0 69.0 68.0 0.271920486633 -0.273021989767 0.0437448118419 -0.0407979498009 0.00560463085241 
0.0 0.147477892925 0.0 0.0 0.0700053274094 0.0 0.446398532265 0.25276910387 0.0 0.0 0.0 0.0 198.0 82.0 50.0 0.315665298475 -0.313819939568 -0.0141322836689 0.0967680352559 0.0 
0.0 0.0 0.0 0.0 0.0697304364367 0.425771885801 0.209295276525 0.0 0.378747875848 0.0 0.0 0.0 192.0 87.0 48.0 0.301533014806 -0.217051904312 -0.0508338483008 -0.0523706659104 0.0 
0.0 0.0 1.11033761511 0.327795689612 1.06965482285 0.0 0.0 0.0 0.938599283055 0.147328082764 1.22228394464 0.0 188.0 90.0 46.0 0.250699166505 -0.269422570222 0.0211060167764 0.054540499865 0.0 
0.743078564367 0.0 0.0 0.0 0.0 1.23588324678 0.0 0.676786008838 0.0 0.0 0.128235809289 0.0 183.0 93.0 45.0 0.271805183281 -0.214882070357 0.0582228779206 -0.140213826766 0.00575336917352 
1.46686600205 2.83789230614 1.11355225109 1.01573691301 0.565667585993 0.0 0.0 0.0 1.83041306383 3.86662374057 0.0 1.78996778518 178.0 95.0 45.0 0.330028061202 -0.333333333333 -0.0292517017209 0.193952465646 0.0288633929779 
0.0 0.0 0.0 0.0 0.270530095205 0.0 0.0 0.0 0.0 0.0 0.0 0.0 173.0 96.0 45.0 0.300776359481 -0.139380867687 0.10762359191 -0.0606909025735 0.0 
0.913755810286 0.716399052426 0.284099201956 0.446628334445 0.601992329505 0.383085197348 0.0 0.0 0.0 1.61922462198 0.0 0.367484384363 169.0 97.0 44.0 0.333333333333 -0.200071770261 0.0267388238428 -0.036176329713 -0.0229556814318 
0.749556009261 0.0 0.429628706288 0.739734208539 0.0710287766043 0.216870712841 0.0 0.653285805473 0.0 0.128500536395 0.0665396988652 0.0 165.0 98.0 44.0 0.333333333333 -0.236248099974 0.0203178449381 -0.117831694153 0.0292074350806 
1.47669041562 0.604258707481 1.12825112674 0.766976420984 0.193139625453 0.335166764122 0.0 0.18620899349 0.354618177177 2.98103901729 0.0656535237146 0.509732054402 161.0 99.0 44.0 0.333333333333 -0.333333333333 -0.0239265032377 -0.0116587861267 0.0355554763305 
0.73061434086 0.0 0.0 0.0 0.0 0.335276868021 0.681117673985 0.0 0.0 0.0 1.44334559727 0.0 158.0 100.0 45.0 0.309406830096 -0.333333333333 -0.192834305226 0.051347426674 0.0 
0.0 0.0 0.0 0.385414367214 0.0795232538634 0.0 0.184553952028 0.0 0.0 0.0 0.133616166161 0.0 154.0 100.0 46.0 0.11657252487 -0.281985906659 -0.0203024714803 0.0258003157712 0.0359127606889 
1.18439933906 3.92836005184 2.03061343632 0.639234002982 0.0672305638303 1.18577069935 0.0 0.53357927986 0.843772627799 3.08556976183 0.0 1.70509158883 152.0 100.0 46.0 0.0962700533893 -0.256185590888 -0.107229836312 0.0357039894156 0.0361816538178 
0.451144702706 0.0 0.0 0.316188565353 0.102266853182 0.0 0.631695624675 0.243182509548 0.0472945010724 0.0 0.583524738096 0.0 153.0 99.0 46.0 -0.010959782923 -0.220481601473 0.00670959273717 -0.119992204197 0.0 
0.0664359996261 0.0 0.0 0.669208207915 0.0 0.0996420663667 0.0 0.0 1.71168348224 0.0 0.0 0.0 155.0 97.0 47.0 -0.00425019018585 -0.333333333333 -0.0193091130352 0.0579490503804 0.0 
1.18767951294 0.112516154476 0.966602194233 0.87367910821 0.0553985693154 1.18122851529 0.0518981285588 0.236167665409 0.0 1.61210916628 0.0 0.041300343997 159.0 93.0 48.0 -0.023559303221 -0.275384282953 0.141788626309 -0.0350153704819 0.0 
2.2276216105 1.6668725139 1.02951258113 1.17503232733 0.81731352283 1.78906063309 0.0 1.20600971359 0.394081493346 2.89616513706 0.739959616955 0.974006343836 160.0 92.0 48.0 0.118229323088 -0.310399653435 0.149969134265 0.143698803602 0.0 
# HEADER 4
0.0 0.0332995556411 0.0 0.865318284772 0.433744771638 0.0 1.01213933365 0.0464514636188 0.362317619948 0.232716399617 0.0 0.0 133.0 250.0 255.0 0 0 -0.087133496581 0.0683921810023 -0.0225706453964 
0.0 0.0 0.227967374718 0.843067273373 0.0 0.0 0.698729222969 0.0 0.0 0.0594329748328 0.135995806837 0.309103043835 133.0 250.0 255.0 -0.087133496581 0.0683921810023 -0.0622833167476 0.0277474818322 -0.0278992230337 
0.140338905588 0.0 0.0 0.771609393566 0.0 0.290107571463 0.641403596815 0.723453836261 0.0129791549273 0.0 0.0 0.0 133.0 248.0 255.0 -0.149416813329 0.0961396628345 0.0834105952188 -0.13745605783 0.0278992230337 
0.233632439895 0.0 0.652555751725 0.791049551443 0.252306851876 0.0 0.0 0.0 0.0 0.0 0.0 0.260117916961 134.0 249.0 255.0 -0.0660062181098 -0.041316394996 0.03148779546 0.0289493908051 0.0 
1.06607967971 1.98177814966 1.11861778869 0.477767465927 0.675749429437 0.952136585073 0.0 1.03855305877 0.983998558789 1.9825795532 0.0 0.642790493685 144.0 249.0 255.0 -0.0345184226498 -0.0123670041909 0.129217915103 0.13342217172 -0.0278992230337 
0.00485333704132 0.274514105308 0.0206811444229 0.0 0.0 0.0 0.0 0.0 0.26438998384 0.0 0.0 0.714857400915 152.0 244.0 255.0 0.0946994924532 0.121055167529 0.0291640173573 -0.143473681906 0.0 
1.52801556595 1.68024538938 1.47914629418 0.0 1.03316272792 1.25240094624 0.0 0.577046461751 1.8831878292 4.39764185328 0.0166193634306 2.4281487825 150.0 246.0 255.0 0.12386350981 -0.0224185143769 0.00473513118997 0.0695911340767 0.0 
0.0 0.0 0.0 0.750593619899 0.916079247816 0.0 0.582720219353 0.0 0.0 0.0 0.0 0.0 137.0 246.0 255.0 0.128598641 0.0471726196999 0.119125491178 -0.0507211508184 0.0 
0.0 0.0 0.0 0.0 0.0 0.0 0.0 0.0 0.0 3.0420480644 0.0 0.0 125.0 248.0 255.0 0.247724132178 -0.00354853111858 0.15938810841 0.0981478900162 0.0278992230337 
0.0 0.0 0.0 0.31399329003 0.0 0.0 0.0 0.0 0.0 0.0 0.0 0.0 123.0 248.0 253.0 0.333333333333 0.0945993588976 0.129616451886 -0.100792523308 -0.0278992230337 
0.776501662351 1.8023145569 1.51227460895 0.0 0.0 1.5565787379 0.0 0.589679459346 0.656251358494 3.79440508949 0.0749900884743 3.97573367868 120.0 252.0 253.0 0.333333333333 -0.0061931644107 0.00413081287572 -0.0144949556703 0.0 
0.0 0.960336520605 1.01327812896 0.342165746925 0.0525543864684 0.305826653559 0.0 0.640097283405 0.0 0.0 2.55612301818 2.33578586644 117.0 255.0 255.0 0.333333333333 -0.020688120081 -0.0325297559318 -0.0696783006361 0.0 
0.0 2.14231822416 2.65927670014 0.0 0.0646962606486 0.0 0.0 1.20440623984 0.0 0.0 2.23568998007 1.74312996023 114.0 255.0 255.0 0.300803577402 -0.090366420717 -0.159412767949 0.0615027469962 0.0352375937235 
0.0 4.08677192831 6.42268238741 0.0 0.037703733576 1.19319495231 0.0 0.613801943208 0.0 0.0 3.17202742137 3.01678983892 112.0 255.0 255.0 0.141390809452 -0.0288636737208 -0.05872945856 0.115885737493 0.0 
0.0 3.18670898163 5.97272236129 0.0 0.0 0.0 0.0 1.53589813542 0.0 0.0 4.13118554223 3.0855906911 112.0 255.0 255.0 0.0826613508922 0.087022063772 -0.0308334933405 -0.126635247701 0.0 
0.0 3.66977940817 6.46034570263 0.0 0.330850272324 1.58756016386 0.0 2.28859955669 0.0 1.07829414122 4.19484072221 4.05435152609 112.0 255.0 255.0 0.0518278575517 -0.0396131839289 0.00774711438361 -0.11340970608 0.0 
0.0 3.00751371444 5.57158282331 0.0 0.0389284762571 0.488511141808 0.0 0.893466339149 0.0 0.0 3.22195784449 3.86767500633 111.0 255.0 255.0 0.0595749719353 -0.153022890009 -0.0337039844376 -0.0538138232676 0.0 
0.395637880682 5.19842521357 6.51700356259 0.56391321483 0.676987095189 1.13379279258 0.0 2.65629031228 0.0 2.28477029049 4.17880051776 4.79156097639 111.0 255.0 255.0 0.0258709874977 -0.206836713276 0.220077748738 0.0339043225272 0.0 
0.0 5.32509132788 6.6987074111 0.36028841023 0.0 1.33730122082 0.0 2.04799436903 0.0 2.11085174008 4.07287214133 3.78137973067 111.0 255.0 255.0 0.245948736236 -0.172932390749 0.272661397571 -0.194673695976 0.0 
0.0 4.49495352044 7.14976230872 0.0 0.0 2.20685026974 0.0 1.6688627557 0.0 1.90913794019 6.00558348468 4.26505179975 110.0 255.0 255.0 0.333333333333 -0.333333333333 0.00665955129318 0.0935046864299 0.0 
0.0 2.29567846217 7.63614102099 0.62030282732 0.0 2.07452112367 0.676073188085 1.75906686627 0.0 0.0 5.08187197053 4.06987828639 109.0 255.0 255.0 0.333333333333 -0.239828646903 0.0880049088083 -0.0960168134796 0.0 
0.0 4.21726334986 6.82184263499 0.0 0.0 1.32441672724 1.26951148056 1.90526296522 0.0 0.0 5.30475678845 4.07032213205 109.0 255.0 255.0 0.333333333333 -0.333333333333 0.00314969780599 0.0170573939424 0.0 
0.0 5.89115553533 6.31746873713 0.0 0.0 1.20665556152 0.0882879664713 2.64999006493 0.0 0.0 4.80888467771 4.58838430144 108.0 255.0 255.0 0.333333333333 -0.316275939391 -0.188070882895 -0.147575687546 0.0 
0.0 5.70493277349 6.62662646688 0.0 0.00652141806257 0.861031733478 0.145214714084 1.74893392009 0.0 0.0 5.59105200986 4.47066929721 108.0 255.0 255.0 0.145262450438 -0.333333333333 0.0389689884377 0.014447598583 0.0 
0.0 4.31559113158 5.97112686615 0.746722405812 0.0957314218642 2.35996700708 0.0 3.43595572768 0.0 0.0 7.23420015807 5.00095099088 108.0 255.0 255.0 0.184231438876 -0.31888573475 0.0889885007142 0.138218488859 0.0 
0.0 5.29483949753 7.0218452732 0.0 0.0 0.714293771407 0.349875675188 1.71202090687 0.0 0.0 4.72196009225 5.7635755983 108.0 255.0 255.0 0.27321993959 -0.180667245892 0.021173952905 0.0388934534697 0.0 
0.0 8.41014667383 8.45147320653 0.0 0.0 2.07584705772 0.0 2.44877668732 0.533597823325 3.67716501333 5.15831402859 7.38066907761 108.0 255.0 255.0 0.294393892495 -0.141773792422 -0.0454285376135 -0.0551701987677 0.0 
0.0 6.9778655841 8.49834976701 0.0 0.0 2.22305244487 0.0 2.16169944619 0.0 0.842953659244 5.55480049215 6.3370558266 108.0 255.0 255.0 0.248965354882 -0.19694399119 -0.0167404488823 0.071236062117 0.0 
0.0 6.09839980416 8.28648650598 0.0 0.0 1.68520234998 0.0 1.67042729235 0.0 0.0 5.9961757031 5.318702253 108.0 255.0 255.0 0.232224906 -0.125707929073 -0.0148538055971 -0.124210852655 0.0 
0.0 6.31567749595 7.87459642414 0.0785545604803 0.595286989051 0.996366140309 0.243414166621 1.11270353628 0.0 0.192001694226 5.12007152939 4.49897613487 108.0 255.0 255.0 0.217371100402 -0.249918781728 -0.012655345288 -0.165343537742 0.0 
0.0 4.31171097835 8.59641061112 0.0 0.0 1.23337929754 0.0 0.765497272338 0.0 0.0 5.98818508976 4.79663452592 108.0 255.0 255.0 0.204715755114 -0.333333333333 -0.153611014554 -0.11815673416 0.0 
0.0 6.46962236208 9.50428084118 0.316337541394 0.014159939584 1.85384014396 0.0 3.12521209572 0.108785680234 2.02769183984 5.10901341332 7.12434709404 108.0 255.0 255.0 0.0511047405603 -0.333333333333 0.00713117996491 -0.18908279574 0.0 
0.0 6.07690906422 6.7760978777 0.145515015889 0.0 0.00731426101708 0.716612309017 2.53594493715 0.0 0.0 5.61313022077 5.046131227 108.0 255.0 255.0 0.0582359205253 -0.333333333333 -0.0204939360151 0.00609333903423 0.0 
0.0 8.53619998973 9.99291847507 0.378210662651 0.059500278638 2.77128733581 0.0 2.60037766027 0.467075694216 4.998426154 6.54697674466 7.34316963825 108.0 255.0 255.0 0.0377419845101 -0.327239994299 0.0489529255261 -0.00873152421043 0.0 
0.0 5.07589581614 8.47445120019 0.634486438638 0.0 2.95503237004 0.677490301538 1.63760157978 0.0 0.0 7.93483292371 4.74254952064 108.0 255.0 255.0 0.0866949100362 -0.333333333333 -0.0921716663469 0.147631436793 0.0 
0.574004574962 8.05985130206 9.62019222976 0.62346767356 0.0187015120698 4.6211000294 0.0 4.06346368871 0.12615944492 2.97148093902 4.39748642737 6.75461036926 108.0 255.0 255.0 -0.00547675631072 -0.18570189654 0.0212170413347 -0.043223079407 0.0 
0.0 5.56571256931 7.25007132222 0.0 0.0 1.78729267219 0.581921094184 2.5030245723 0.0 0.0 5.81841951427 6.14373684808 108.0 255.0 255.0 0.015740285024 -0.228924975947 0.0210232064574 -0.0459503632941 0.0 
0.0 5.97701164982 7.20695127165 0.0 0.0 1.28922534967 0.712772053672 2.20496845548 0.0 0.0 5.58017090242 5.3165885049 108.0 255.0 255.0 0.0367634914814 -0.274875339241 0.0988697041178 0.0367298081296 0.0 
0.0 5.93314182158 7.74148216296 0.0 0.0 1.09884754997 0.645373305249 1.81723676927 0.0 0.0 5.15824511384 4.00812646306 108.0 255.0 255.0 0.135633195599 -0.238145531112 -0.102564031374 -0.0494932672644 0.0 
0.0 5.48835345029 7.99511207999 0.0 0.0 2.62732236384 0.602177670147 3.2317738153 0.0 0.0 5.75927651553 5.82792389161 108.0 255.0 255.0 0.0330691642254 -0.287638798376 -0.0657149476355 0.10061038921 0.0 
0.0 5.14827904673 8.08193492132 0.466678175929 0.0 1.53827295001 0.090089339862 1.73567074771 0.0 0.0 4.56682552469 5.70146154785 108.0 255.0 255.0 -0.0326457834101 -0.187028409166 0.134148600063 -0.0919629514902 0.0 
1.07927656028 7.36554460937 9.83055575593 1.19922628113 0.388592725826 2.77757565098 0.0 3.11807856302 0.00371552148925 2.6373391259 5.58020267054 6.26759646631 108.0 255.0 255.0 0.101502816653 -0.278991360656 -0.0287226266219 -0.0294853198406 0.0 
0.0 8.33350378444 9.4381542536 0.635888875557 0.193187565342 2.45979058575 0.0 3.49408873894 0.323270610252 1.54252308714 5.01246937446 5.83142324433 108.0 255.0 255.0 0.0727801900312 -0.308476680497 0.0275302152852 -0.3 0.0 
0.0 5.99900903494 9.34231343424 0.0 0.0813503805483 2.99619685314 0.0 4.60341520969 0.0 0.0 4.47478144321 5.48809384855 108.0 255.0 255.0 0.100310405316 -0.333333333333 -0.0640469445168 -0.0295016017155 0.0 
0.0 5.01091726955 7.54169472143 0.687068015737 0.0 1.28026209834 0.0 0.339389101134 0.0 0.0 3.33704651357 5.68010813287 108.0 255.0 255.0 0.0362634607996 -0.333333333333 -0.0152733602085 0.0487845891289 0.0 
0.0 7.71391300961 9.35412393074 0.0 0.0 2.08212330254 0.0 1.79230299009 0.0 0.0790805147358 5.82083799338 4.86211921387 108.0 255.0 255.0 0.0209901005911 -0.284548744204 0.10368799025 0.0379985647452 0.0 
0.0 6.18999611689 8.7803938345 0.0 0.0 1.49558708613 0.0 1.87120799683 0.0 0.0 6.52694717265 6.07139531721 108.0 255.0 255.0 0.124678090841 -0.246550179459 0.0497378837506 -0.05293707244 0.0 
0.987813475816 7.49793314873 10.5062343049 0.473997776909 0.0 3.11111918435 0.0 3.16457811745 0.0 2.89769592708 3.2462466408 6.67293267459 108.0 255.0 255.0 0.174415974592 -0.299487251899 0.139053437095 -0.0763352188827 0.0 
0.0 6.9122084624 9.40193625862 0.0 0.0 3.0724656126 0.617724686737 0.943474598722 0.0 0.0 4.98619500594 7.6388338924 108.0 255.0 255.0 0.313469411687 -0.333333333333 0.0517939830677 -0.0128489896086 0.0 
0.0 6.7330711175 9.0692068675 0.279839935941 0.0 1.67031144184 0.0 1.49245096027 0.0 0.0 5.02517133352 6.90258337032 108.0 255.0 255.0 0.333333333333 -0.333333333333 -0.0888623312892 -0.0185282795276 0.0 
0.974579532544 9.82469647196 12.4429950555 1.29184420602 0.0612461344846 2.47595270712 0.0 1.80744759452 1.17380042303 4.14584094261 5.74625829085 9.09164817443 108.0 255.0 255.0 0.244471002044 -0.333333333333 0.145928177555 0.0219464419199 0.0 
0.0 6.91511945414 9.7289653846 0.0740817307381 0.0 2.02594210871 0.0 1.65330533745 0.0 0.0 4.91589592711 5.20132055281 108.0 255.0 255.0 0.333333333333 -0.311386891413 0.0303979348354 -0.124599613604 0.0276584229925 
0.0 7.12547535782 9.76076660514 0.0 0.0 2.86225893309 0.0 2.21119333396 0.0 0.0 4.85796720081 6.50454275888 108.0 255.0 255.0 0.333333333333 -0.333333333333 -0.00871533743824 0.136803116212 -0.0276584229925 
0.0 5.9597628453 9.60301737983 0.330661921868 0.0 2.874343944 0.72905814719 2.08604540215 0.0 0.0 4.90545900761 5.65798369637 108.0 255.0 255.0 0.324617995895 -0.196530217122 -0.0710050870064 -0.100859392086 0.0 
0.0 6.21286572816 9.59560835706 0.0 0.0 1.52592226655 0.0 1.76109097228 0.0 0.120658043181 5.75402305559 6.66745558186 108.0 255.0 255.0 0.253612908889 -0.297389609208 0.0478589405138 -0.0329695429156 0.0 
0.0 7.23041676899 8.26736610056 0.0 0.0 4.3468978394 0.0 0.759924640728 0.0 0.848866407877 5.53894976448 6.57326354884 108.0 255.0 255.0 0.301471849402 -0.330359152123 -0.15619196851 0.200575361568 0.0276584229925 
0.0 6.62933260467 11.2641394043 0.0 0.0 2.25604209878 0.0 2.32343360308 0.0 0.0 5.96162090325 5.62437326418 108.0 255.0 255.0 0.145279880892 -0.129783790555 0.0109400009085 0.0152020459361 0.0 
0.0 9.20192734335 11.9248082853 0.828731704959 0.0 5.19602372002 0.0 2.04392103143 0.0 2.19460767594 5.81677635074 7.02554084012 108.0 255.0 255.0 0.156219881801 -0.114581744619 -0.0884936523885 0.0445687850257 0.0 
0.0 7.01161058782 10.6331299042 0.0 0.0 2.5113665921 0.539795496055 1.72416664911 0.0 0.0 4.20087835502 4.07996368333 108.0 255.0 255.0 0.067726229412 -0.0700129595934 0.0490928994541 -0.00754336434213 0.0 
0.0 7.60235071127 9.29149823244 0.00914583422343 0.0 2.88769592772 0.284773761977 1.95916042939 0.0 0.0 4.43608535658 6.66318644293 108.0 255.0 255.0 0.116819128866 -0.0775563239356 0.0266347292989 0.0395751212299 0.0 
0.0 7.47541224452 9.93650649102 0.0506221083146 0.0 4.16411005739 0.0 2.27371903288 0.0 0.134132318686 4.9348486691 6.56100905147 108.0 255.0 255.0 0.143453858165 -0.0379812027057 -0.0982983928353 -0.0682113777258 0.0 
0.0 6.98429793845 11.6002958963 0.0 0.0 4.54731941772 0.0 2.09516163524 0.0 0.0 5.31255744541 6.49318253134 108.0 255.0 255.0 0.0451554653297 -0.106192580431 -0.0569668486759 -0.0598274382225 0.0 
0.0 6.78810505957 9.77932673494 0.0 0.0238109232296 3.24519628008 0.0 2.46926921732 0.0 0.0 5.80564298218 4.69956526798 109.0 255.0 255.0 -0.0118113833462 -0.166020018654 0.0328745343841 0.0332930323096 0.0 
0.0 7.05630089894 9.12402462261 0.383822342445 0.0 4.23935137303 0.0 1.94056184637 0.0 1.44570145699 4.31922973359 6.0370049997 110.0 255.0 255.0 0.0210631510379 -0.132726986344 0.0963873563493 0.134963010165 0.0 
0.0 6.0522348238 10.4594163685 0.626709915801 0.0855610692961 3.21026818072 0.479862312019 2.77094830016 0.0 0.0 4.4762133973 5.30566902253 110.0 255.0 255.0 0.117450507387 0.00223602382021 -0.141727888859 -0.0115142550695 0.0 
0.0 7.65902466491 9.44357617957 1.67530911383 0.559140007686 2.28372674061 0.0 1.96351926753 0.0 1.77050750433 3.96400586258 4.91793325005 110.0 255.0 255.0 -0.0242773814721 -0.00927823124932 0.04147165019 0.067855232944 -0.0276584229925 
# HEADER 5
0.932045480055 1.50297873646 1.2565434862 0.645486042637 1.11668517724 1.07124685389 0.0 2.17675890593 2.65062178918 3.43249662829 0.0 1.19119576691 133.0 247.0 255.0 0 0 0.0682800322408 -0.131320824557 0.0703099195303 
0.908281335082 0.0 0.47264735084 0.0 0.0804117336106 0.0 0.0 0.0 0.0 1.18462619512 2.20571823724 0.0 133.0 250.0 255.0 0.0682800322408 -0.131320824557 0.043964988828 -0.018092644791 0.0 
0.0 0.0 0.0 0.396779016612 0.0 0.0 0.629896613004 0.045497680576 0.0 0.0 0.0 0.0 123.0 251.0 255.0 0.112245021069 -0.149413469348 -0.0383878822434 0.0510224788001 0.0 
0.0 2.52273217044 0.665200216664 0.0661933083353 0.0 1.78225043917 0.0 0.0 0.549690579007 2.36849108988 0.0 0.0 122.0 252.0 255.0 0.0738571388254 -0.0983909905474 0.20123128963 -0.0567299264944 0.0 
0.0 0.651828825288 0.356667703935 0.0 0.0 0.0 0.613285262203 0.0 0.0 0.0 0.0 0.358304240697 120.0 254.0 255.0 0.275088428455 -0.155120917042 0.0977332629549 0.0476702691864 0.0 
0.0 0.769171718559 1.1854867875 0.0 0.0 0.136831739286 0.0 0.555360448302 0.00619951097635 0.0699452271998 0.148979315961 0.70516298796 119.0 255.0 255.0 0.333333333333 -0.107450647855 0.0867935876832 0.0313614096787 0.0 
0.0 1.23739065607 0.513537170783 0.0 0.569098952479 0.0 0.195231775939 0.0 0.0 0.0 1.89849369914 1.03155530442 118.0 255.0 255.0 0.333333333333 -0.0760892381767 0.0550958539153 0.0625134839304 0.0 
0.0 2.36326158567 1.79307935361 0.663420813379 0.0 0.0 0.0 0.0 0.0 0.0 0.535700844506 2.53881643728 115.0 255.0 255.0 0.333333333333 -0.0135757542463 0.0345973647928 0.155545153671 0.0 
0.0 2.74253970639 5.44533399843 0.0 0.0 0.0 0.13034243773 0.0 0.0 0.0 2.51323580606 2.82584123757 113.0 255.0 255.0 0.333333333333 0.141969399425 0.0275421762757 -0.102685131677 -0.0269638654907 
0.0 7.33775962288 9.18200263431 0.0 1.77426857696 1.5906018237 0.0 0.24397080604 1.72210806612 4.64933288711 3.11133151094 4.44158395745 110.0 255.0 255.0 0.333333333333 0.0392842677481 0.137546178777 -0.0522774891487 0.0269638654907 
# HEADER 6
0.0 0.0 0.0 0.0 0.151309204301 0.0 0.691352961074 0.528648190674 0.0691008478596 0.0 0.0 0.0 133.0 247.0 255.0 0 0 -0.111094593118 0.0758564470477 0.0355278269059 
0.80174783739 0.602120448305 1.17350786075 0.812245743741 0.0 0.0 0.0 0.0 1.75039068844 2.55184528827 0.0 1.98309736781 139.0 233.0 254.0 -0.111094593118 0.0758564470477 0.0611805404267 0.00099309227088 0.0 
0.0 0.0 0.254917979912 0.0 0.0 0.0 0.741008809594 0.0 0.0266173775949 0.0 0.615211377294 0.0 151.0 220.0 239.0 -0.0499140526916 0.0768495393185 -0.0871205045078 -0.011106168721 0.0 
0.0 0.0 1.72553654192 0.882596603219 0.111023945053 0.0 0.486468045067 0.0 0.0464054798087 0.0 0.657065869448 0.0 164.0 210.0 214.0 -0.137034557199 0.0657433705975 0.022286097545 -0.000150346471155 0.0 
0.019461998114 0.0 1.50411034541 0.0 0.0 1.80778248566 0.203876448117 0.414888146542 0.0 0.0 0.875493935153 0.0 175.0 203.0 188.0 -0.114748459654 0.0655930241264 -0.153740004565 -0.0683834684382 0.0 
0.0203258469373 0.0 2.31656172752 0.833039919426 0.0 1.20481543601 0.0 0.657366113191 0.0 0.0 0.0 0.0 187.0 188.0 193.0 -0.26848846422 -0.00279044431181 -0.0256957262091 0.0928020867327 0.0 
1.15000803898 1.53469135195 2.39803165834 1.55588691317 1.02589057937 2.91554981943 0.0 2.02867428439 2.88217399294 3.59156386257 0.118036690191 1.31955357839 196.0 180.0 175.0 -0.294184190429 0.0900116424209 0.0780833603465 0.00185796903465 0.0 
0.581505556724 0.0 0.0 0.0522412996226 0.845594410071 0.680012101872 0.712401419619 0.287822206948 0.239477048981 0.0 0.62671301409 0.0 209.0 171.0 139.0 -0.216100830082 0.0918696114555 -0.0699099704214 0.0284735502947 0.0 
0.0822605712349 0.0 1.44145052929 0.0 0.0425778222331 0.0 2.12350911826 2.43988222729 0.492176552237 0.0 0.0 0.0 224.0 156.0 104.0 -0.286010800504 0.12034316175 -0.0568573882266 0.16338588791 0.0 
0.0204814093251 0.0 0.513907018039 0.0 0.0877899642513 0.0 0.991414715306 0.450817302756 0.803140741357 0.0 0.0 0.0 230.0 148.0 69.0 -0.333333333333 0.28372904966 -0.0892905810795 0.0608827516442 0.0 
0.0 0.0 0.282852298149 0.0 0.0 0.205014509988 0.260695092028 0.0 0.0 0.0 1.32575018974 0.0 231.0 128.0 45.0 -0.333333333333 0.333333333333 0.092714383281 0.0831913425639 0.0 
0.0351479802343 0.0 0.0 0.0 0.0 0.172983831072 0.523778507416 0.0 0.0 0.0 0.391888257733 0.0 232.0 69.0 48.0 -0.240618950052 0.333333333333 -0.0960203665798 0.00432308910447 0.136616350327 
0.0 0.0 0.0 0.0 0.148085915058 0.0 0.0 0.0 0.60762918563 0.0 0.0 0.0 232.0 34.0 39.0 -0.333333333333 0.333333333333 0.138599727823 0.029040395193 0.214792022824 
0.150670659992 0.0 0.992565636066 0.0 0.0885157489006 0.0 0.0 0.661049529648 0.0 0.0 0.0 0.0 231.0 34.0 36.0 -0.19473360551 0.333333333333 0.053904282652 -0.00953946532139 0.0 
0.0 0.597118667624 1.76492529493 0.0 0.513936893324 1.00958754259 0.0 0.986033081608 0.457350263746 1.75949081565 0.0 0.293998719719 228.0 34.0 36.0 -0.140829322858 0.323793868012 -0.23802067819 -0.024928489529 0.0 
0.325048554054 0.0 0.0 0.954210418838 0.275776145216 1.28635442153 0.0 1.4781388038 0.0 1.16500337827 0.0 1.47133595259 228.0 34.0 36.0 -0.333333333333 0.298865378483 -0.2089828956 0.0723941805461 0.0 
1.51679704776 1.96412648045 0.936648870943 0.619122703003 1.58752060177 2.25910745397 0.0 0.0 1.33123821193 2.97089538955 0.0 0.0 227.0 34.0 36.0 -0.333333333333 0.333333333333 -0.0868942052411 -0.00225720231795 0.0 
0.0 1.8765404822 0.0839601396182 0.310126530554 0.318465676876 1.18163691584 0.0 0.527777939046 0.227653472898 0.355758148974 0.0 0.0 227.0 34.0 36.0 -0.333333333333 0.331076131015 -0.0493233266219 -0.0291811951833 0.0 
0.0733432204362 0.0 0.0 0.0 0.0 0.0 0.217059148494 0.00142231749006 0.456946383862 0.0 1.09408198721 0.0 227.0 34.0 36.0 -0.333333333333 0.301894935832 0.0652677558121 0.0115005291484 0.0 
0.0 0.0 1.21446792904 0.0 0.0 0.0139084487213 0.651145438331 0.0 0.867639032853 0.0 0.0 0.0 227.0 34.0 36.0 -0.268065577521 0.313395464981 -0.142098370225 0.0612667337929 0.0 
0.0 0.611784573622 0.0530959408031 0.366084725423 0.0 0.623476072856 0.0 0.0 0.538363099881 1.90685652682 0.0 0.0 227.0 34.0 36.0 -0.333333333333 0.333333333333 -0.0325601186965 -0.00517949799276 0.0 
2.48129810943 1.21415177155 1.9123483251 1.3958439159 1.39135299153 0.933010995058 0.0 1.04152516891 2.32759831139 3.27438702796 0.591359250482 1.7121208992 227.0 34.0 36.0 -0.333333333333 0.328153835341 -0.0220441531366 -0.00797009231647 0.0 
1.45396708453 2.13451622281 1.29985255556 0.792202868814 0.433473380212 2.1027876357 0.0 0.926269044716 0.899182266579 3.78215611003 0.0 0.910281524373 227.0 34.0 36.0 -0.333333333333 0.320183743024 -0.227168892273 0.0225405958335 0.0 
0.0 0.0 0.0 0.381144176353 0.167027806211 0.0 0.0 0.0 0.533032564507 0.0 0.0108525054916 0.0 227.0 34.0 36.0 -0.333333333333 0.333333333333 -0.0493236716203 0.010276138075 0.0 
0.00738242063419 0.0 0.0 0.0 0.696577450478 0.0 0.0 0.910027723163 0.509082998141 0.0 0.492257061058 0.0 226.0 34.0 36.0 -0.333333333333 0.333333333333 -0.0873881456016 -0.109407729324 0.0 
1.55690628559 1.09374593395 0.248674137063 0.0 0.86666586895 2.14642088543 0.0 0.0 2.10197857462 2.88678593294 0.0 0.797741187884 225.0 34.0 36.0 -0.333333333333 0.223925604009 -0.0630449877291 -0.0200588520068 0.0 
0.0 0.0 0.0 0.86209553143 0.650040031311 0.20239977867 0.0 0.0 1.01762315612 0.0 0.0190279105774 0.0 225.0 34.0 36.0 -0.333333333333 0.203866752002 0.130054468293 0.0822478459012 0.0 
1.47949008653 0.0 0.0 0.0 0.263803133814 0.0 0.721509067791 1.25427293493 0.0 0.0 0.0 0.0 225.0 34.0 36.0 -0.203278865041 0.286114597903 -0.00435892377082 -0.0416889405228 0.0 
1.25936256748 1.86507800147 0.0 0.37018915732 2.10029432189 1.46496161197 0.0 0.985551107557 0.570869847019 1.67917522619 0.0 0.0 225.0 34.0 36.0 -0.207637788811 0.244425657381 0.107506483432 -0.029187472721 0.0 
0.126819635665 0.0 0.0 0.0 0.872577754024 0.0 0.65698794912 0.0 0.0 0.0 1.71981029675 4.65144194259 225.0 34.0 36.0 -0.100131305379 0.21523818466 -0.0449307567086 0.0132491049665 0.0 
0.211967479226 0.0 0.0 0.595290192151 0.195264202483 0.552942691942 0.0 0.0 0.0 0.0 0.0 1.28306427767 225.0 34.0 36.0 -0.145062062088 0.228487289626 0.176710694573 -0.0970889810544 0.0 
0.0 0.0 0.429599942101 0.089955771564 0.809654133799 0.0 0.722426013616 0.0 0.000372917969975 0.0 0.0 0.0 220.0 34.0 36.0 0.0316486324852 0.131398308572 0.0365531634904 0.0131889284095 0.0 
0.62102838066 0.0 0.0 0.0 0.0707243068625 0.0 0.0 0.0806773620898 0.0 0.0 0.0 0.0 214.0 34.0 36.0 0.0682017959756 0.144587236981 -0.270628642399 0.069632414054 0.0 
0.0 0.104586568011 0.0 0.0 1.20733659438 0.503532626634 0.316848287706 1.22890970031 0.946191355674 0.0171301048636 0.0 0.0295838427364 203.0 34.0 36.0 -0.202426846424 0.214219651035 -0.00357994218036 -0.133997719874 0.0 
0.413352024513 0.0 0.0 0.0 0.0 0.332140953549 1.21815021375 0.53779631247 1.149692199 0.0 0.0 0.0 200.0 34.0 36.0 -0.206006788604 0.0802219311606 0.12828504095 0.0757524851062 0.0 
0.953519446834 0.237832234225 0.0 0.0 0.0 0.731968661644 0.735940437318 0.0274412670123 0.0 0.0 0.83096730235 0.217508034266 200.0 34.0 36.0 -0.0777217476539 0.155974416267 -0.0212647484053 -0.0307940166579 0.0 
0.0 0.0 0.0 0.0 0.105602648154 0.0 0.0 1.38072610876 0.129446091599 0.0 0.0 0.0 200.0 34.0 36.0 -0.0989864960592 0.125180399609 -0.00187908388654 0.038473792679 0.0 
0.0 1.04196975138 0.0 0.0 0.141227416678 0.0 0.389614844407 0.0 0.0 0.0 0.0 0.0 200.0 34.0 36.0 -0.100865579946 0.163654192288 0.107391972538 0.0416853671396 0.0 
1.07078255927 0.0 0.488639884667 0.197528649865 0.0 0.0 0.784649116027 1.128172455 0.600670821073 0.0 0.0 0.0614890535903 200.0 34.0 36.0 0.00652639259196 0.205339559428 -0.0815647156937 0.124532449502 0.0 
1.14094957716 1.83415747549 1.13475541526 0.644707854006 1.01252717464 1.87556900826 0.0 0.0 2.91618577741 4.61314724204 0.0 1.41340406628 198.0 34.0 36.0 -0.0750383231017 0.329872008929 0.0347820472445 -0.0609247518457 0.0 
0.28017983471 0.0 0.0 0.0 0.0 0.0 0.0 0.0 0.0 0.245882248159 0.0 0.0 197.0 34.0 36.0 -0.0402562758572 0.268947257084 0.0165436708567 0.0636412102123 0.0 
0.771754422578 0.0 0.186801759655 0.0 0.0 0.0 0.530276243305 0.305412228769 0.0 0.236191345413 0.0 0.0 197.0 34.0 36.0 -0.0237126050005 0.332588467296 0.0314445239316 -0.0453435915991 0.0 
0.0 0.965067131848 0.251057368447 0.0 0.951387740995 0.0 0.0 0.545033607493 0.0 0.704779868278 0.0 0.0 195.0 34.0 36.0 0.00773191893108 0.287244875697 0.0513862482744 0.216648169682 0.0 
1.71715874539 0.0 0.0 0.766245670377 0.109743374743 0.0572872814843 0.0 0.0 0.0887067304207 0.0 0.0 0.0 192.0 34.0 36.0 0.0591181672055 0.333333333333 -0.137722180668 0.0959506236382 0.0 
0.000559253068661 0.581687627643 0.0 0.0 0.176568867071 0.0 0.487149488795 0.0 0.393739168534 0.263689316983 0.0 0.0 190.0 34.0 36.0 -0.0786040134629 0.333333333333 0.111758071965 0.137431351006 0.0133540125308 
0.962003662183 0.073750820602 0.0 0.395995548327 0.0 0.0 0.0 0.0 0.0 0.0 0.0 0.0 190.0 34.0 36.0 0.0331540585022 0.333333333333 0.0262863412542 -0.0535782811871 0.0 
0.931823725629 0.0 0.0 0.0 0.515776555909 0.644222539152 0.24017389142 0.0 0.518884334042 0.0 0.293395393108 0.0 185.0 34.0 36.0 0.0594403997564 0.279755052146 -0.0806477741757 0.0335450232839 0.0 
1.83855291139 0.0 0.0 0.0 0.0 0.0 0.0 0.0 0.102897333896 0.0 0.0 0.0 180.0 34.0 36.0 -0.0212073744193 0.31330007543 0.0472382173646 -0.0893516379964 0.0 
0.995920641364 0.0 0.0 0.0 0.0 0.0 0.0 0.0 0.10823698084 0.0 0.0 0.0 177.0 34.0 36.0 0.0260308429453 0.223948437434 0.0115878234424 0.165663983042 0.0135621179485 
0.987537295321 0.048841725748 0.0 0.0 0.072142272115 1.16117163229 0.746391935402 0.0 0.0 0.0 0.391428801897 0.0 168.0 34.0 36.0 0.0376186663876 0.333333333333 0.0159948973256 0.0723342331349 0.0 
0.0 0.209145621006 0.0 0.0 0.527547860911 0.0 0.293231442137 0.98109628532 1.42426059083 0.0 0.0 0.0 160.0 34.0 36.0 0.0536135637133 0.333333333333 -0.0661494579216 0.0330186066654 0.0137700203097 
0.0 0.0 0.19196468289 0.0 0.0 0.191537247415 0.00147630759914 0.0 0.764173756629 0.0 0.0 0.0 151.0 34.0 36.0 -0.0125358942084 0.333333333333 0.0158138703956 0.011511006634 0.0343476317561 
0.0 0.103067923185 0.0 0.0 0.0 0.0 0.254542200284 0.0 0.987404051477 0.0 0.142072047171 0.0 143.0 34.0 36.0 0.0032779761872 0.333333333333 0.0108893702805 0.0186379388884 0.0424865609383 
0.506995984728 0.0 0.0 0.0 0.186433968002 0.271318105336 0.594704209028 0.0 1.04943935873 0.0 0.0 0.0 134.0 34.0 36.0 0.0141673464677 0.333333333333 0.0773091112981 -0.112427156049 0.0 
0.0 0.0 0.0 0.0 0.0796902668504 0.0 0.50939209001 0.47385618914 0.0 0.0 0.0 0.0 124.0 34.0 36.0 0.0914764577658 0.220906177284 -0.00457687224843 0.0539244542604 0.0292523255961 
0.753197803202 0.0 0.0 0.0 0.0 0.086227229215 0.0 0.222612734084 0.0 0.0 0.0 0.232087165959 110.0 34.0 36.0 0.0868995855174 0.274830631544 -0.0559070104228 0.0615537972469 0.0148965529176 
0.0 0.0 0.0 0.0 0.165836813912 0.0 0.627719820261 0.113418690335 0.871486437697 0.982930321335 0.0 0.0 95.0 34.0 36.0 0.0309925750946 0.333333333333 0.0669940108743 -0.0484184794986 0.0150723623749 
0.0 0.0 0.0 0.0 0.0 0.0 10.2952458915 0.0 0.0 0.0 0.0 0.0 88.0 34.0 36.0 0.0979865859689 0.284914853835 -0.0750664623031 0.144114390833 0.0627526133757 
0.0 0.0 0.0 0.0 0.0 0.0 34.9625609251 0.0 0.0 0.0 0.419102591999 0.0 86.0 35.0 36.0 0.0229201236657 0.333333333333 -0.0468436324831 0.0478548756843 0.0308565339732 
0.0 0.0 0.0 0.0 0.0 0.0 47.1728486497 0.0 0.0 0.0 0.0 0.0 85.0 35.0 36.0 -0.0239235088174 0.333333333333 -0.200683166906 -0.0117350099371 0.0 
0.0 0.0 0.0 0.0 0.0 0.0 49.538493743 0.0 0.0 0.0 0.0 0.0 85.0 35.0 36.0 -0.224606675723 0.321598323396 0.0410938584633 0.0570542192118 0.0 
0.0 0.0 0.0 0.0 0.0 0.0 47.3766881496 0.0 0.0 0.0 0.0 0.0 85.0 35.0 36.0 -0.18351281726 0.333333333333 0.0629723199387 -0.09147168076 0.0 
0.0 0.0 0.0 0.0 0.0 0.0 45.804516867 0.0 0.0 0.0 0.0 0.0 85.0 35.0 36.0 -0.120540497321 0.241861652573 -0.130835006534 0.0427096933244 0.0 
0.0 0.0 0.0 0.0 0.0 0.0 44.2526180949 0.0 0.0 0.0 0.337806540095 0.0 85.0 35.0 36.0 -0.251375503856 0.284571345898 0.00472019840368 0.107278632949 0.0 
0.0 0.0 0.0 0.0 0.0 0.0 42.7281026677 0.0 0.0 0.0 1.74426840718 0.0 86.0 35.0 36.0 -0.246655305452 0.333333333333 -0.0027315686598 -0.0184743877934 0.0 
0.0 0.0 0.0 0.0 0.0 0.0 42.7602413095 0.0 0.0 0.0 0.0 0.0 86.0 35.0 36.0 -0.249386874112 0.31485894554 -0.172829228328 -0.0410784749308 0.0 
0.0 0.0 0.0 0.0 0.0 0.0 42.5064378692 0.0 0.0 0.0 0.0 0.0 86.0 35.0 36.0 -0.333333333333 0.273780470609 -0.105881971528 -0.0285471592123 0.0 
0.0 0.0 0.0 0.0 0.0 0.0 42.2969577844 0.0 0.0 0.0 0.347705360084 0.0 86.0 35.0 36.0 -0.333333333333 0.245233311397 0.113121188252 -0.163641178659 0.0 
0.0 0.0 0.0 0.0 0.0 0.0 42.7468383998 0.0 0.0 0.0 0.728380065373 0.0 86.0 35.0 36.0 -0.220212145081 0.081592132738 -0.0873392586123 0.0761152507887 0.0 
0.0 0.0 0.0 0.0 0.0 0.0 41.8130523167 0.0 0.0 0.0 0.433362382757 0.0 86.0 35.0 36.0 -0.307551403694 0.157707383527 -0.109981362582 -0.15438091271 0.0 
0.0 0.0 0.0 0.0 0.0 0.0 39.8131816407 0.0 0.0 0.0 0.682713857349 0.0 87.0 34.0 36.0 -0.333333333333 0.00332647081713 0.0550986608797 -0.121770720851 0.0 
0.0 0.0 0.0 0.0 0.0 0.0 19.2018537683 0.0 0.0 0.0 0.0 0.0 97.0 34.0 42.0 -0.278234672454 -0.118444250034 0.158149510142 -0.014905951924 0.0 
0.0 0.0 0.0 0.0 0.0 0.0 5.82664035427 0.0 0.0 0.0 0.0 0.0 103.0 34.0 77.0 -0.120085162312 -0.133350201958 -0.010628429147 0.110352760158 -0.047377616625 
0.0 0.0 0.0 0.0 0.719498686489 0.0 3.34546324221 0.0 0.0 0.0 0.0 0.0 105.0 34.0 113.0 -0.130713591458 -0.0229974418004 0.0181669087824 0.0775166990631 0.0 
1.10974544135 0.0 0.0 0.917390401499 0.257223485922 0.0 2.78351521535 1.55422478482 0.0 0.0 0.0 0.0 107.0 34.0 104.0 -0.112546682676 0.0545192572627 -0.060255599806 0.018020935404 0.0 
0.0 0.0 0.0 0.0 0.409304153732 0.0 3.32718011984 0.0 0.0 0.0 0.0 0.0 110.0 34.0 73.0 -0.172802282482 0.0725401926667 0.0362238481604 0.0464523286796 0.0 
0.0 0.0 0.0 0.0 0.291545093982 0.0 3.44439267243 0.514937597476 0.0 0.0 0.0 0.0 111.0 34.0 45.0 -0.136578434322 0.118992521346 -0.0421211200789 0.218499678456 0.0 
0.0 0.0 0.0 0.0 0.252713539064 0.0 2.17947637911 0.0 0.763169824872 0.0 0.0 0.268059576453 109.0 34.0 36.0 -0.1786995544 0.333333333333 0.0201205275623 0.0427650425481 0.0 
0.0 0.0508194716959 0.0 0.0 0.0 0.0 3.07569962945 0.0 0.627372789821 0.0 0.0 0.0 108.0 34.0 36.0 -0.158579026838 0.333333333333 0.0985173022025 0.0845105633021 -0.0155751333402 
0.427456865692 0.00550869112514 0.463229146355 0.0 0.767753619549 0.350671230609 2.32763862168 0.747352830698 0.732438112153 0.0 0.16484753536 0.315719690843 107.0 34.0 36.0 -0.0600617246357 0.333333333333 -0.145464400643 0.098988543588 0.0155751333402 
0.0 0.0 0.430955358338 0.131080352908 0.26310311134 0.0 2.65038220132 0.25839957175 0.0 0.787629240802 0.606477000743 0.0 107.0 34.0 36.0 -0.205526125279 0.333333333333 0.0323535378512 0.0431740845299 0.0 
# HEADER 7
0.0 0.0306542332221 1.37808832478 0.152162720399 0.217326812686 1.28483591751 0.577665922581 0.0 0.246956435153 0.0 0.0 0.0 133.0 249.0 255.0 0 0 0.00104010390543 0.0901959950203 -0.0155751333402 
2.34298241484 1.46476628229 1.11058311182 0.8690704891 0.133896303234 1.1680188126 0.0 0.0 1.75210915853 3.0639315622 1.04557655768 1.66329385024 133.0 249.0 255.0 0.00104010390543 0.0901959950203 -0.0457329626846 -0.0451703863654 0.0 
0.721748517507 0.0 0.256520859435 0.174134219331 0.720777467291 0.0 1.00573328296 0.0 0.689334264947 0.0 0.0 0.0 133.0 249.0 255.0 -0.0446928587791 0.0450256086549 -0.0397215027589 0.0874010827104 0.0 
0.12571470178 0.0 0.413163198476 0.0 0.365761315173 1.34502201482 0.575909577308 0.679982569361 0.0 0.0 0.0 0.0 139.0 234.0 250.0 -0.0844143615381 0.132426691365 -0.0528677450909 0.0234545740228 0.0 
1.26014019602 0.0 0.993193817505 0.0 0.271186111337 0.882023395286 0.948904291615 0.691649075643 0.0 0.0 0.421098273509 0.0 152.0 226.0 217.0 -0.137282106629 0.155881265388 0.0392055406069 0.0338671090278 0.0 
0.317630288419 0.0 3.85398371952 0.145943879984 0.997246828777 3.72353308167 1.00992705923 0.159956230186 0.262037626066 0.0 3.82875733 0.0 167.0 220.0 172.0 -0.0980765660221 0.189748374416 -0.0703193455638 0.0277696380865 0.0320962159921 
0.299050653017 1.07847605874 0.677932532439 0.609955409948 0.708791848842 1.9742296754 1.05826967531 4.18800607891 0.0 0.0 0.367484956176 0.0 182.0 215.0 116.0 -0.168395911586 0.217518012502 -0.0675692121904 0.0271278982324 0.0 
0.0 0.0 0.0 0.0 0.0 0.0 5.25323812967 0.802376612898 0.0 0.0 0.704522748893 0.0 197.0 200.0 75.0 -0.235965123776 0.244645910735 -0.160705179255 0.0296338117634 0.0153598246256 
0.0 0.0 0.0 0.0 0.0 0.111690102776 1.56545546291 0.0 0.630728393995 0.0 0.0 0.0 214.0 171.0 49.0 -0.333333333333 0.274279722498 0.0523279065029 -0.0700328079979 0.0154967093475 
0.280916507283 0.0 0.0 0.0 0.417868295181 0.737559555317 0.825228212833 0.193436610296 0.0 0.0 0.0 0.0 229.0 131.0 44.0 -0.28100542683 0.2042469145 -0.0684162243464 -0.00225490745609 0.16107451689 
0.0 0.0 0.0 0.0 0.317675355527 0.0493722057304 0.551735427024 0.277590394534 0.187679065696 0.0 0.0 0.35051033234 232.0 74.0 49.0 -0.333333333333 0.201992007044 -0.100027753125 0.18049457644 0.195540144322 
0.0 0.144879234869 0.594587290586 1.75311028934 0.0 0.498456256269 0.643798444207 0.70137086056 0.315831358446 0.144838520293 0.0 0.0 233.0 35.0 44.0 -0.333333333333 0.333333333333 -0.151790922567 -0.0937717457065 0.0833473903035 
0.806742023829 0.0 0.0 0.364696649598 0.0 0.225911504906 0.660262814643 0.0 0.249517276621 0.0 0.0 0.0 230.0 34.0 36.0 -0.333333333333 0.239561587627 -0.0311876569306 0.150091708587 0.0 
0.510724207762 0.0 0.0 0.0 0.24114428937 0.68380403505 0.572756819529 1.20834182628 0.0 0.0 0.0 0.805546576427 223.0 34.0 36.0 -0.333333333333 0.333333333333 0.0346646578099 -0.034659091709 0.0 
0.298019823114 0.147276523826 0.176372376893 0.107337696409 0.380455384766 0.0 0.548154163458 0.71844667984 0.309998142751 0.0 0.019433000444 0.0 220.0 34.0 36.0 -0.298668675523 0.298674241624 -0.0954896629099 -0.101970480228 0.0 
0.0 0.0 0.0 0.0 0.0 0.0 0.0 0.707224355995 0.0 0.0 0.0 0.806988748185 219.0 34.0 36.0 -0.333333333333 0.196703761396 0.0513626924952 0.0584768370771 0.0 
0.0 0.209996005352 0.0 0.618721473549 0.693332822903 0.0 0.982256402537 0.123275338377 0.731487313544 0.0 0.0 0.0 219.0 34.0 36.0 -0.281970640838 0.255180598473 0.068698742519 -0.113265824607 0.0 
1.93350157042 0.0 0.0 0.176101594098 0.293038295735 0.463156493736 1.47345158659 0.0 0.20921222956 0.258941934721 0.677732107355 0.0 219.0 34.0 36.0 -0.213271898319 0.141914773867 0.0239196938206 0.0439015188023 0.0 
0.0 0.0 0.0 0.632831716729 0.0 0.0 1.04204346185 0.992544742081 0.13913160553 0.0 0.0 0.0 219.0 34.0 36.0 -0.189352204499 0.185816292669 0.124780547125 -0.0627794611238 0.0 
0.871825128679 0.0 0.0 1.08112639701 0.0 0.61358612778 1.51742076126 0.0 0.43405635959 0.0 0.0 0.0 219.0 34.0 36.0 -0.064571657374 0.123036831545 0.0164801584236 -0.0919461693585 0.0 
0.831941102766 0.0 0.190809906975 0.0 0.0 0.896793329981 0.532100091896 0.0 1.24395594849 0.0 0.0 0.0 219.0 34.0 36.0 -0.0480914989504 0.0310906621868 0.105045322197 -0.0116655397887 0.0 
0.475131620436 0.155509665877 0.0 0.0 0.130361732845 0.284270049668 0.967572913387 0.0 0.0669863435942 0.0 0.673677145916 1.55429501886 219.0 34.0 36.0 0.0569538232469 0.019425122398 0.00197465284246 0.135890980372 0.0 
# HEADER 8
1.22312198971 0.0 0.0 0.22042099073 0.240000852296 1.33372737761 0.0 0.44437814118 1.2076953793 0.279345977536 0.0 0.0 133.0 249.0 255.0 0 0 0.156188699589 -0.121437435603 0.0 
0.0 0.0 0.284818920302 0.280855191478 0.829534557124 0.0 0.55376382099 1.8582481162 0.0518829803278 0.0 0.751319977846 0.0 127.0 250.0 255.0 0.156188699589 -0.121437435603 -0.126695761364 -0.0486775083893 0.0 
0.0 0.46353135562 0.0 0.0 0.269529560607 0.829758232052 0.511285595255 0.360699621918 0.851739295811 0.0 0.354102568604 0.892452665806 125.0 251.0 255.0 0.0294929382244 -0.170114943992 0.0567778015785 -0.0246210278648 0.0 
0.0 0.977643439728 0.0 0.864228126778 0.484563849538 0.263345967762 0.0 0.826449722535 0.00748180430129 0.0 0.0 0.658804376858 124.0 252.0 255.0 0.0862707398028 -0.194735971857 0.0337772354456 0.0374277437842 0.0 
0.709139584029 1.20118400958 0.0 0.0 0.0 0.0 1.40025670684 0.0 0.0 0.0 0.0 0.0 123.0 253.0 255.0 0.120047975248 -0.157308228072 -0.000123170652125 -0.00416616139367 0.0 
0.0 1.89549297877 0.0573788493843 1.0286457465 0.209625231864 0.450080906506 0.370439394005 0.0 0.0 0.0 0.0 1.44166981362 122.0 254.0 255.0 0.119924804596 -0.161474389466 0.151206141839 -0.0898636680891 0.0 
0.0 0.848756164941 0.0 0.225258691249 0.265784741124 0.0 0.472084698975 0.0 1.04479962451 0.0 1.81318410202 1.401702173 120.0 254.0 255.0 0.271130946435 -0.251338057555 -0.0329663062775 0.0664731213639 0.0 
0.0 1.43559808915 2.64213755134 0.0 0.0 0.208332008492 1.26778575896 0.0 0.0 0.0 0.0 1.34990444609 119.0 255.0 255.0 0.238164640157 -0.184864936191 -0.162000527224 0.0526550753904 0.0 
0.0 0.822075491415 0.740715932266 1.04443287319 0.0 0.00307345635837 0.554279428763 0.176841475373 0.631589297841 0.0 1.89529655437 2.36770611365 119.0 255.0 255.0 0.0761641129335 -0.132209860801 0.00634105840498 0.0805347785891 0.0 
0.0 2.18067512957 0.471653136802 0.0470325056994 0.0 0.583761340549 0.358587409021 1.22845554706 0.0 0.0 2.69384020676 1.05460390137 118.0 255.0 255.0 0.0825051713385 -0.0516750822119 0.0389057540193 -0.0086053423451 0.0 
0.0 2.63768924796 1.36240333221 0.0 0.094705842808 1.29675604871 0.272430030101 0.608071660126 0.0 0.885187670049 1.57015151259 3.08746874976 118.0 255.0 255.0 0.121410925358 -0.060280424557 -0.0697247811342 -0.0718572598842 0.0 
0.231167215783 2.20986688802 1.17500653357 0.0 0.265599225504 0.99474461925 0.4902146313 0.0 0.0 0.0 2.64249412558 1.70847266244 118.0 255.0 255.0 0.0516861442236 -0.132137684441 -0.0464604741822 0.106197017314 0.0 
0.0 2.57370348802 2.6132161065 0.4839521668 0.168098406424 0.723349961455 0.0 0.0 0.0 0.0 0.538314939723 1.01042377117 118.0 255.0 255.0 0.00522567004144 -0.0259406671268 0.0149518339696 0.0939712880515 0.0 
0.562347285293 1.42195549526 0.0157786697828 0.0 0.0236905842961 0.0 1.2330136642 0.506008078993 0.0 0.0 2.66647365553 2.10741544302 118.0 255.0 255.0 0.0201775040111 0.0680306209246 0.0824218188866 0.08981383161 0.0 
0.0 2.66275440657 1.72227081764 1.09349580947 0.252066682416 0.0 0.536640573046 0.254713884297 0.132914918475 0.0 1.8864327595 1.87740761598 117.0 255.0 255.0 0.102599322898 0.157844452535 0.0881997384001 -0.131790467905 0.0 
0.0 2.25643442257 1.09018752467 0.125667750577 0.0 0.0 0.580898619677 0.0 0.0 0.0 1.01537355544 1.95369741799 117.0 255.0 254.0 0.190799061298 0.02605398463 -0.0156706794565 0.100960443859 0.0 
0.0 2.64215954229 5.07795867093 0.00629042349753 0.371590963153 1.09397389669 0.00303569673961 1.49894371366 0.0 0.0 3.71034673221 3.4778151917 117.0 254.0 246.0 0.175128381841 0.127014428489 0.103578175503 -0.00905898187608 0.0 
1.18493811168 7.35531017792 9.37566130866 1.23211365845 1.01542255698 3.36806433205 0.0 3.41794712308 0.461932486744 4.19894679515 6.05603160456 4.8001260263 117.0 254.0 230.0 0.278706557344 0.117955446613 -0.116424184903 -0.0133161941354 0.0173005721463 
0.0 4.60469584359 11.6511883463 0.0 0.0 3.87761779035 0.0 4.56239207572 0.0 0.0 7.43380561402 3.36132945649 118.0 255.0 218.0 0.162282372441 0.104639252477 0.00799382875977 -0.0124110867739 0.0339091100224 
0.949530789092 5.13522312239 14.43492961 0.840352206004 1.13692082329 6.19602770793 0.0 7.45879410093 0.875240322671 3.72408247205 8.00211776124 3.90346851966 118.0 255.0 209.0 0.170276201201 0.0922281657032 -0.159794435151 0.118130159504 0.0172612717931 
0.511820633232 4.02845844305 14.580445862 0.942792149227 0.267760719372 8.16368649336 0.0 8.35113104135 0.0 0.624997704093 10.2809586129 3.08725283884 120.0 255.0 196.0 0.01048176605 0.210358325207 -0.136358288426 0.110105980949 0.0862782148789 
0.265317476724 3.1433771112 14.7140883161 0.0 1.01397166191 7.70325594814 1.01849048629 11.9254667817 0.0 0.0 10.1582754609 1.01295529106 123.0 255.0 172.0 -0.125876522376 0.320464306156 -0.114962675315 -0.0952950650634 0.0328415352647 
0.0 0.0 5.01379974975 0.0 0.0 9.40960227063 5.40283627522 12.3133072812 0.0 0.0 5.5652885584 0.0 133.0 252.0 138.0 -0.240839197691 0.225169241093 -0.0983210719949 0.00717847683427 0.0106229535146 
0.0 0.0 0.0 0.0 0.0 3.01941918725 9.02061583359 5.67549910855 0.0 0.0 2.17492303132 0.0 148.0 248.0 95.0 -0.333333333333 0.232347717927 0.176727483622 -0.0467909602599 0.131536894521 
0.0 0.0 0.0 0.0 0.0 0.0463978721473 5.52285845885 1.45621020638 0.0 0.0 0.0 0.0 158.0 247.0 55.0 -0.156605849711 0.185556757667 0.13178788147 -0.00788519864173 0.144589525084 
0.0 0.0 0.0 0.0 0.0 0.711158253712 3.7221726116 0.482488798354 0.0 0.0 0.645338562694 0.0 174.0 226.0 44.0 -0.0248179682409 0.177671559025 -0.0435681525935 0.0524219895728 0.149449331863 
0.210767360026 0.0 0.130321552491 0.834672106473 0.953386691541 1.5266472043 1.77145793308 1.40191501773 0.0 1.32473820535 0.679850987648 0.113753665319 191.0 193.0 40.0 -0.0683861208344 0.230093548598 -0.0422339511681 0.0219701595892 0.129347707227 
0.114089827236 0.0 0.155518573593 1.09813413548 0.0 0.435860823013 1.26202992146 0.876923664606 0.255739730605 0.0 0.0 0.578436087136 208.0 149.0 39.0 -0.110620072003 0.252063708187 0.261106405412 0.0986221767373 0.179394280715 
0.722558469632 0.578914031491 1.09197877821 0.0508130314934 0.263303989399 0.864478338162 0.953199124844 0.177901538465 0.0 0.0 0.0 0.30571437836 205.0 101.0 38.0 0.150486333409 0.333333333333 -0.0124938136895 -0.145474998225 0.310540611213 
0.258806221227 0.0 1.5639088704 0.0688878411391 0.264766857098 1.35611433088 0.426783890753 1.4749144465 0.226665330078 1.14924550557 0.0 0.0 184.0 65.0 41.0 0.13799251972 0.187858335108 -0.0015121694174 0.250872514752 0.386087188024 
0.268321038785 0.299865716625 0.0 0.706884381776 0.264484632797 1.03763967598 0.452334776651 1.57364193806 0.647616428559 0.0 0.370265015052 0.0 161.0 41.0 41.0 0.136480350303 0.333333333333 -0.121971494444 0.0545422855442 0.0390886870367 
# HEADER 9
1.99625970982 0.862725666213 1.6484204158 1.82821970691 1.97777863834 1.36127746629 0.0 0.0 1.18481071966 3.62336725519 0.0 2.41235148137 133.0 249.0 255.0 0 0 -0.147083295765 -0.106932970687 0.00524072051756 
0.324065317691 0.0 0.0 0.830737851678 0.256952122277 0.361045126276 0.0 0.0 0.989820124621 0.0 0.55104554578 0.0 133.0 249.0 255.0 -0.147083295765 -0.106932970687 -0.038796868481 0.0394400840797 0.0 
1.14053299776 0.0 0.705369542801 0.0 0.253324677388 0.0 1.29778492077 1.5221300131 0.0 0.19346672422 0.0 0.0 139.0 249.0 255.0 -0.185880164246 -0.0674928866074 -0.0113126698018 -0.0786042290287 0.0 
# HEADER 10
0.0 0.0 0.0 0.0 0.0 0.0 0.0 0.0 0.117084697176 0.0 0.0 0.0 132.0 247.0 255.0 0 0 0.0718115824194 0.157986033227 -0.00524072051756 
0.0 0.0 0.0 0.0 0.215228848095 0.360369408329 0.0 0.0748068988369 0.746376962968 0.0 0.0 0.0 129.0 245.0 247.0 0.0718115824194 0.157986033227 0.0261464088338 0.0854493869764 0.0 
0.0 1.58537949346 0.804416019418 0.264812035604 0.246064683956 0.92862293689 0.0 0.0 0.242265797957 0.0 2.82339514481 0.389592303249 133.0 248.0 210.0 0.0979579912532 0.243435420203 0.113647177018 -0.0809763637831 0.0 
0.241519672663 0.32086229781 3.69075029318 0.0 0.0 3.34951177107 0.509815185809 3.43242725994 0.0 0.0 5.77187924063 0.995158227404 137.0 248.0 176.0 0.211605168272 0.16245905642 0.002757663949 0.0861796567271 0.0 
1.34655689667 0.097738100988 3.12674297857 0.446771479884 0.227686427301 5.15923446698 0.780008160028 6.56354559811 0.490116836356 0.0 3.91435731169 0.0 141.0 248.0 143.0 0.214362832221 0.248638713147 0.11711066477 -0.0664359196332 0.0389193595987 
0.0 0.0 0.0 0.0 1.79238279251 5.40334448195 3.85225577502 8.23549429781 0.0 0.0 2.91953499025 0.0 144.0 250.0 113.0 0.331473496991 0.182202793514 0.123205456226 0.102039030521 0.0768730431215 
0.0 0.0 0.0 0.0 0.30897644573 0.0 12.2032849082 5.09209964044 0.0 0.0 0.0905527092276 0.0 145.0 252.0 83.0 0.333333333333 0.284241824035 0.124876834258 -0.0329833960903 0.0833133731433 
0.0 0.0 0.0 0.0 0.111328667712 0.0 16.1382498658 0.035212418518 0.0 0.0 1.80228990978 0.0 146.0 254.0 52.0 0.333333333333 0.251258427945 0.0297846185538 -0.0140708364412 0.0828727112889 
0.0 0.0 0.0 0.0 0.634369605095 0.0 14.1541564765 0.0 0.0 0.0 0.431514891717 0.0 143.0 250.0 40.0 0.333333333333 0.237187591504 0.0820727021784 -0.0529544364703 0.172167728847 
0.0 0.0 0.0 0.0 0.0 0.0 14.1932500441 0.0 0.0 0.0 0.678494375426 0.0 141.0 248.0 37.0 0.333333333333 0.184233155033 0.00542401886871 -0.021592299904 0.0891849402155 
0.0 0.0 0.0 0.0 0.0 0.0 15.4654792039 0.0 0.0 0.0 0.0 0.0 140.0 249.0 37.0 0.333333333333 0.162640855129 -0.0611308897729 -0.0355392915989 0.0 
0.0 0.0 0.0 0.0 0.0 0.0 15.6394809942 0.0 0.0 0.0 0.0 0.0 139.0 250.0 37.0 0.27220244356 0.12710156353 0.030192320189 -0.0334654750563 0.0133981942544 
0.0 0.0 0.0 0.0 0.22137261021 0.0 15.5535729435 0.0 0.0 0.0 0.0 0.0 139.0 250.0 37.0 0.302394763749 0.093636088474 0.00396677502978 0.0105366815778 0.0 
0.0 0.0 0.0 0.0 0.0 0.0 17.3541864044 0.0 0.0 0.0 0.0 0.0 138.0 250.0 37.0 0.306361538779 0.104172770052 0.0572994191436 -0.00608398525109 0.0 
0.0 0.0 0.0 0.0 0.0 0.0 16.4006719775 0.0 0.0 0.0 0.0433269552211 0.0 138.0 250.0 37.0 0.333333333333 0.0980887848007 -0.0323569858894 -0.167498658066 0.0 
0.0 0.0 0.0 0.0 0.745630470332 0.0 17.369489659 0.0 0.0 0.0 0.0 0.0 138.0 255.0 41.0 0.300976347444 -0.0694098732656 -0.100180381777 0.128358181271 0.0 
0.0 0.0 0.0 0.0 0.0 0.0 19.3206237417 0.0 0.0 0.0 0.0 0.0 138.0 255.0 41.0 0.200795965667 0.0589483080057 0.108601735353 0.201132965845 0.0 
0.0 0.0 0.0 0.0 0.0 0.0 18.4924033004 0.0 0.0 0.0 0.0 0.0 138.0 251.0 38.0 0.309397701019 0.260081273851 -0.136496500696 -0.0474701223133 0.0301513016579 
0.0 0.0 0.0 0.0 0.0 0.0 18.1706292345 0.0 0.0 0.0 0.0 0.0 137.0 248.0 37.0 0.172901200323 0.212611151537 0.0748488011205 -0.116384810685 -0.0301513016579 
0.0 0.0 0.0 0.0 0.0 0.0 17.8846884674 0.0 0.0 0.0 0.0 0.0 137.0 247.0 37.0 0.247750001444 0.0962263408524 -0.064539173955 0.0256983137955 0.0 
0.0 0.0 0.0 0.0 0.0 0.0 17.5345206144 0.0 0.0 0.0 0.0 0.0 137.0 247.0 37.0 0.183210827489 0.121924654648 -0.0844587195622 -0.22028193811 0.0439444674386 
0.0 0.0 0.0 0.0 0.407849158293 0.0 18.5067312552 0.0 0.0 0.0 0.0 0.0 137.0 255.0 40.0 0.0987521079264 -0.0983572834626 0.0255318033801 0.0691991023271 -0.0439444674386 
0.0 0.0 0.0 0.0 0.0 0.0 19.8892511667 0.0 0.0 0.0 0.449221973904 0.0 138.0 255.0 44.0 0.124283911306 -0.0291581811356 0.290047391659 -0.0414227602981 0.0301513016579 
0.0 0.0 0.0 0.0 0.0 0.0 20.0228107759 0.0 0.0 0.0 0.0 0.0 138.0 255.0 45.0 0.333333333333 -0.0705809414337 0.00104059373439 -0.0321777837512 0.0 
0.0 0.0 0.0 0.0 0.0 0.0 21.2195761387 0.0 0.0 0.0 0.0 0.0 138.0 255.0 46.0 0.333333333333 -0.102758725185 -0.0359408781493 -0.016890911071 0.0 
0.0 0.0 0.0 0.0 0.0 0.0 21.3066590668 0.0 0.0 0.0 0.0 0.0 138.0 255.0 46.0 0.297392455184 -0.119649636256 -0.119114723281 0.00487298794639 0.0 
0.0 0.0 0.0 0.0 0.0 0.0 22.3537041507 0.0 0.0 0.0 0.0 0.0 138.0 255.0 47.0 0.178277731903 -0.114776648309 0.138901892224 0.0947319159879 -0.0301513016579 
0.0 0.0 0.0 0.0 0.0 0.0 21.5411811909 0.0 0.0 0.0 0.0 0.0 138.0 255.0 47.0 0.317179624127 -0.0200447323215 -0.0455675950164 0.195820962859 0.0 
0.0 0.0 0.0 0.0 0.0 0.0 21.4654903267 0.0 0.0 0.0 0.0 0.0 138.0 255.0 47.0 0.27161202911 0.175776230538 -0.0496639589536 0.204817022865 0.0 
0.0 0.0 0.0 0.0 0.0 0.0 22.363779993 0.0 0.0 0.0 0.0 0.0 139.0 255.0 47.0 0.221948070157 0.333333333333 0.0195028992656 0.0197827868509 0.0 
0.0 0.0 0.0 0.0 0.0 0.0 23.2951267997 0.0 0.0 0.0 0.0 0.0 138.0 255.0 47.0 0.241450969422 0.333333333333 -0.0242197175048 0.0455957593434 0.0 
0.0 0.0 0.0 0.0 0.0 0.0 22.0255566267 0.0 0.0 0.0 0.0 0.0 139.0 255.0 43.0 0.217231251917 0.333333333333 -0.0535181359943 -0.172546431019 0.0 
0.0 0.0 0.0 0.0 0.0 0.0 20.4683894975 0.0 0.0 0.0 0.0 0.0 138.0 254.0 39.0 0.163713115923 0.160786902314 -0.0566511724537 -0.0358731206961 0.0 
0.0 0.0 0.0 0.0 0.0 0.0 20.4594887804 0.0 0.0 0.0 0.0 0.0 139.0 252.0 38.0 0.107061943469 0.124913781618 -0.152010770078 0.0405939416019 0.0 
0.0 0.0 0.0 0.0 0.0 0.0 21.5376881621 0.0 0.0 0.0 0.0 0.0 142.0 247.0 37.0 -0.0449488266087 0.16550772322 0.141203244404 0.0401246511616 0.0 
0.0 0.0 0.0 0.0 0.0 0.0 19.8189991294 0.0 0.0 0.0 0.0 0.0 143.0 247.0 37.0 0.0962544177955 0.205632374382 -0.0609611820812 0.053424777853 0.0137350224423 
0.0 0.0 0.0 0.0 0.0 0.0 20.4054860649 0.0 0.0 0.0 0.0 0.0 143.0 247.0 37.0 0.0352932357143 0.259057152235 -0.0799682305906 -0.0113321244146 0.0 
0.0 0.0 0.0 0.0 0.0 0.0 20.912477214 0.0 0.0 0.0 0.0 0.0 148.0 243.0 37.0 -0.0446749948763 0.24772502782 0.0220519980554 0.0580854072374 0.0 
0.0 0.0 0.0 0.0 0.486414217872 0.0 17.6849655143 0.0 0.0 0.0 0.34743929494 0.0 155.0 235.0 37.0 -0.0226229968209 0.305810435058 0.0783727166297 -0.138059893819 0.0 
0.0 0.0 0.0 0.0 1.15034218844 0.0 16.4286617805 0.0 0.0 0.0 0.0 0.0 158.0 232.0 37.0 0.0557497198088 0.167750541239 -0.0299520193355 0.0131705527727 0.0 
0.0 0.0 0.0 0.0 1.14011814022 0.0 14.5610052442 0.0 0.0 0.0 0.0 0.0 158.0 232.0 37.0 0.0257977004733 0.180921094012 -0.116125077823 -0.170615610076 0.0 
0.0 0.0 0.0 0.0 1.77164708319 0.0 15.4088884206 0.0 0.0 0.0 0.0 0.0 158.0 232.0 37.0 -0.0903273773498 0.0103054839355 -0.102943906078 0.0393811192893 0.0 
0.0 0.0 0.0 0.0 0.74526809205 0.0 14.9749975674 0.0 0.0 0.0 0.644167990067 0.0 168.0 225.0 37.0 -0.193271283427 0.0496866032249 0.10582059864 0.050732978625 0.0 
0.0 0.0 0.0 0.0 3.09216913691 0.0 10.0249313743 0.0 0.0 0.0 0.0 0.0 183.0 208.0 37.0 -0.0874506847872 0.10041958185 0.0527166813987 -0.0583281759814 0.0140793325887 
0.0 0.0 0.0 0.0 1.2217683899 0.0 8.66880317228 0.0 0.0 0.0 0.0 0.0 190.0 201.0 37.0 -0.0347340033886 0.0420914058684 -0.00293718644866 -0.0501145543327 0.0447009377069 
0.0 0.0 0.0 0.0 2.02964213121 0.0 8.4130052134 0.0 0.0 0.0 0.0 0.0 196.0 198.0 40.0 -0.0376711898372 -0.00802314846431 0.0886272919802 0.122940464743 0.0 
0.0 0.0 0.0 0.0 2.04255497819 0.0 8.67234148659 0.0 0.0 0.0 0.0 0.0 197.0 196.0 40.0 0.0509561021429 0.114917316279 -0.0952613293611 -0.0218855852231 0.0 
0.0 0.0 0.0 0.0 2.07151398993 0.0 8.44242437522 0.0 0.0 0.0 0.0 0.0 196.0 196.0 39.0 -0.0443052272182 0.0930317310555 -0.0145408796121 0.0930198585017 0.0 
0.0 0.0 0.0 0.0 1.28288184602 0.0 8.97666231321 0.0 0.0 0.0 0.0 0.0 199.0 188.0 38.0 -0.0588461068302 0.186051589557 -0.144648881785 -0.00579480567958 0.0 
0.0 0.0 0.0 0.0 0.354326774276 0.0 4.94520999598 0.0 0.0 0.0 0.0 0.0 212.0 165.0 38.0 -0.203494988615 0.180256783878 0.0465470772281 0.0216262178366 0.0586592128498 
0.0 0.0 0.0 0.312917270427 0.0 0.0 3.44469388658 0.567332774658 0.0 0.0 0.0386033363216 0.0 223.0 128.0 38.0 -0.156947911387 0.201883001714 -0.131473382745 -0.06633112908 0.115378902797 
0.331893265802 0.0 0.0 0.0 0.0 0.0 3.11194135392 0.0 0.326703606381 0.0 0.0 0.0 226.0 100.0 38.0 -0.288421294132 0.135551872634 0.0220581565628 -0.012585868473 0.178135682021 
0.25728125025 0.263516515771 0.0 0.331949662808 0.244130950269 0.648074181117 2.3796539476 1.34122088353 1.57671537574 0.73986991641 0.0 0.524580613968 223.0 51.0 48.0 -0.26636313757 0.122966004161 -0.0756839332474 0.118718472941 0.171661140654 
0.256864561332 0.516951834865 0.0 0.424662675788 1.13086526321 0.0 1.87727513388 0.0 0.111922851567 0.0 0.0 0.529521725117 220.0 35.0 39.0 -0.333333333333 0.241684477102 -0.0721974987978 -0.0103986655067 0.0463300129707 
0.811524513358 1.28163181421 0.0 0.53157947563 0.500375001532 0.0 2.12070527114 0.970153676703 0.0 0.0 0.886231671615 0.0 217.0 34.0 36.0 -0.333333333333 0.231285811596 -0.130900289222 0.149501006853 0.0170691640871 
0.55022067545 0.528678835135 0.0 0.940995721915 0.520705505726 0.723080320585 1.48542497443 0.344744216197 1.206799346 0.930224298328 0.0 1.02152195848 216.0 34.0 36.0 -0.333333333333 0.333333333333 -0.115702603214 -0.0511153020886 -0.0170691640871 
0.813982695473 0.063663673137 0.710272809321 1.27086713235 0.691548423669 1.68270412056 1.57688529478 0.838808205389 0.063519036005 0.0 0.0 0.0 216.0 34.0 36.0 -0.333333333333 0.282218031245 0.0133436945775 0.141492443785 0.0 
1.66119607673 0.132682001813 0.753594755943 1.21950888919 0.281794980819 0.716826854045 2.16460682726 0.0 0.612106441399 0.0821325906771 0.0 1.53182403785 217.0 34.0 36.0 -0.319989638756 0.333333333333 -0.0233993698251 -0.0373724273894 0.0 
0.620763346573 0.0 0.0 0.20865324242 0.0 0.0 0.983890862693 1.39370490749 1.20308737203 0.0 0.0 0.0 217.0 34.0 36.0 -0.333333333333 0.295960905944 -0.0450475985602 0.013979487048 0.0 
0.447287722772 0.924129199621 0.0 0.350325689746 0.760162935495 0.697186935193 1.23276818017 0.731590354379 0.208445104987 0.0 0.0698697259727 0.0899528140367 217.0 34.0 36.0 -0.333333333333 0.309940392992 0.107004414197 0.108954700757 0.0 
1.24545230613 0.98966080727 0.536017372786 0.838399823173 0.265149640901 1.54029676884 1.83483340867 0.3994760441 1.55457224443 1.03951686817 0.0 0.955209999026 217.0 34.0 36.0 -0.226328919136 0.333333333333 0.0138434478941 -0.0917095886718 0.0 
1.27674154597 0.0 0.0 1.68329707823 0.438175152297 0.0 1.22184490587 0.273816456565 2.08140807508 0.680052858883 0.0 0.379304235508 217.0 34.0 36.0 -0.212485471242 0.241623744662 -0.127622739391 -0.010499734149 0.0 
0.0334755129143 1.54707272053 0.487483880111 0.0 0.250659933638 1.20585281649 1.55410753976 0.352018973501 0.281336887811 0.0615002099182 0.0 0.0 217.0 34.0 36.0 -0.333333333333 0.231124010512 0.040270815339 0.0206455729027 0.0 
1.74423370996 0.799304366726 0.0 0.0 0.0 0.910111443595 1.14596500634 0.0 0.671115474548 0.804315660084 0.0 1.32665013567 217.0 34.0 36.0 -0.293062517994 0.251769583415 -0.273701117343 -0.076033759559 0.0 
0.0 0.0 0.0 0.0 0.0 0.0 3.97188021515 0.0 0.0 0.0 0.134967567685 0.0 217.0 34.0 36.0 -0.333333333333 0.175735823856 -0.06361743099 0.0552320946189 0.0 
0.528007593666 0.140221276365 0.355016857255 0.205969469481 0.148681264792 0.0 2.10842919502 0.0 0.950602963269 0.0549931086313 0.100926407389 1.29893253244 217.0 34.0 36.0 -0.333333333333 0.230967918475 0.0461256954104 0.0161019265152 0.0 
