nrollouts: 10
# HEADER 1
0.0 1.21219943307 0.0 0.704270098402 0.0472363309645 0.0 0.697372295935 0.476804428161 0.800233285895 0.0 0.521652898939 0.0 133.0 251.0 255.0 0 0 0.110913469192 -0.179245846623 0.0 
0.204492131138 0.0 0.0 0.534950298877 0.0 0.0 0.694125529957 0.0 0.0 0.0 0.0 0.0 127.0 251.0 255.0 0.110913469192 -0.179245846623 0.0370232790248 0.0556789790029 0.0 
0.0 0.0 0.976641384531 0.0 0.0 0.0 0.0 0.0 0.215487128523 0.0 0.0 0.787557135187 125.0 253.0 255.0 0.147936748216 -0.123566867621 0.0251608432876 0.00653001237613 0.0 
1.75504159637 2.32099702797 0.977597879638 1.10294406258 0.796578773334 1.15474622979 0.0 1.78009999106 1.35630991294 4.26414791999 0.433058894863 3.71225210265 122.0 255.0 255.0 0.173097591504 -0.117036855244 0.0155956334139 -0.0936275074035 0.0 
0.0 0.0638099234958 0.0 0.0 0.0 0.152841510368 0.879299710558 0.510907085312 0.626078623775 0.0 2.36510420092 2.76465379342 121.0 255.0 255.0 0.188693224918 -0.210664362648 0.0617566037167 0.0801576712009 -0.0177513447897 
0.0 0.55031491517 0.927862314074 0.0 0.0676882388241 0.17558910744 0.01076829033 0.104197999108 0.204378687286 0.0 0.87131273406 2.66883163116 119.0 255.0 255.0 0.250449828635 -0.130506691447 -0.0387635374539 0.060781132797 0.0 
0.0 2.4276130025 2.4706996461 0.142715762514 0.296401477223 0.00517622725111 0.0 0.214512541632 0.252466007507 0.272479138502 1.66785169176 2.33848240348 116.0 255.0 255.0 0.211686291181 -0.0697255586501 0.131465364418 0.0560629160509 0.0 
0.0 3.37619461327 3.49535447419 0.0 0.296616503041 0.130143418977 0.0 0.0 0.0 0.45608710866 4.8749511465 3.76813714733 115.0 255.0 255.0 0.333333333333 -0.0136626425992 0.118239855255 -0.0395167782325 0.0177513447897 
0.0 3.34928375874 4.11841551087 0.0 0.0 0.0 0.668066938625 0.541574267671 0.0 0.0 3.70409289466 4.94757919365 113.0 255.0 255.0 0.333333333333 -0.0531794208317 -0.00417167504127 0.0510595081213 0.0 
0.0 5.72414489473 8.48027249487 0.484802204417 0.795701998642 1.43747473879 0.0 0.83071743186 0.5446038984 2.74050921575 4.65802800855 6.83807588798 112.0 255.0 255.0 0.329161658292 -0.00211991271038 0.0102066106691 -0.039744181538 0.0 
0.0 6.57611899124 7.58703436432 0.292158679733 0.443412451491 2.62698148378 0.0 2.1921425402 0.0 2.53468955469 6.21567070657 4.69115952509 110.0 255.0 255.0 0.333333333333 -0.0418640942483 0.25005522414 -0.00452429718493 0.0 
0.0 4.08284792588 6.23108966714 0.0 0.0 0.0 0.0 1.43482709643 0.0 0.0 6.8585889932 4.94597729195 110.0 255.0 255.0 0.333333333333 -0.0463883914333 0.0593712707225 0.0808894555712 0.0 
0.0 5.63390019934 9.72268130019 0.603753011679 0.558144208383 2.04017312449 0.0 1.35189696659 0.687166095438 3.04056600757 7.33670227433 5.85334356783 109.0 255.0 255.0 0.333333333333 0.0345010641379 -0.0658236208082 -0.0276705141252 0.0 
0.0 5.31902157901 7.34224824887 0.0 0.0 0.0 0.0 0.0 0.0 0.0 5.56481194164 4.41920980994 109.0 255.0 255.0 0.267509712525 0.00683055001269 -0.0283396971387 -0.0280097726168 0.0 
0.0 3.22799980344 6.20982980704 0.0 0.0 0.467521835343 2.48960801155 0.535320513772 0.0 0.0 7.34400201284 5.98052323523 109.0 255.0 255.0 0.239170015386 -0.0211792226041 -0.018722214968 -0.0318120431988 0.0 
0.0 3.31331013673 7.98605375495 0.0 0.0 0.160693352137 0.0 1.68179471976 0.0 0.0 4.99397949609 4.94549415375 109.0 255.0 255.0 0.220447800418 -0.0529912658029 -0.0835540919281 0.0190525287 0.0 
0.0 4.24709625616 8.65900648224 0.0 0.604655169197 1.56531009532 0.0 0.951671563143 0.0 0.308749083528 7.01719671999 5.10902938518 109.0 255.0 255.0 0.13689370849 -0.0339387371029 -0.128140487629 0.0456122485991 0.0 
0.0 4.85077013987 6.66331906386 0.0 0.0 0.0 0.0 0.878164701952 0.0 0.0 5.42599511569 6.20441615938 109.0 255.0 255.0 0.00875322086146 0.0116735114962 0.0309259758614 -0.0560070001705 0.0 
0.0 6.87120176988 9.01507627548 0.0 0.0 2.25134527602 0.0 1.47384775139 0.0 2.59999890049 6.43820865298 7.59499964849 109.0 255.0 255.0 0.0396791967229 -0.0443334886742 -0.131355876176 -0.0491987015393 0.0 
2.94173016071 9.18422806295 13.2879533686 0.419838745217 0.0 4.20518465164 0.0 3.06353336379 2.85082014933 5.66581754349 6.40403951394 10.7744548243 109.0 255.0 255.0 -0.0916766794527 -0.0935321902135 -0.019553360759 0.13726680535 0.0 
0.0 4.47584738451 8.37912537113 0.0 0.0 1.3986313754 0.0 1.96431118768 0.0 1.53794527397 5.30519529992 5.70304966409 111.0 255.0 255.0 -0.111230040212 0.0437346151369 0.0585791548003 0.00754915708682 0.0 
0.0 3.12216457665 3.20544596686 0.0 0.0 0.0 0.0 0.961917961548 0.0 0.0 3.90183470227 3.0250031189 114.0 255.0 255.0 -0.0526508854115 0.0512837722237 0.0358503519648 -0.125038050978 0.0 
0.0 1.10564387898 0.0 0.80273695122 0.0 1.22501345448 0.0 0.0 0.0 0.0 2.52056236972 2.11401921646 116.0 255.0 255.0 -0.0168005334466 -0.0737542787542 -0.099847115967 0.0479965408814 0.0 
0.0 2.25944522551 0.270422775383 0.0 0.0 0.932503638171 0.00728662153256 0.0 0.100602324444 0.0 2.15051166341 0.42109375949 117.0 255.0 255.0 -0.116647649414 -0.0257577378728 0.0446232689891 0.162079361341 -0.0177513447897 
0.0054767642241 1.59178825696 1.35527163538 0.241450866563 0.367767947777 0.0 0.0 2.08025762793 0.728510368445 0.764770119901 2.26888335578 2.00693828332 118.0 255.0 255.0 -0.0720243804245 0.136321623468 -0.000391299362337 -0.10686994109 -0.00952407945814 
0.0 2.44848389896 1.5280213557 1.2514650522 0.842592248686 1.33966860239 0.0 0.639657983151 0.611888805403 2.36450751135 0.646087247235 1.81658202244 120.0 252.0 255.0 -0.0724156797869 0.0294516823784 0.0877386440323 0.139842215974 0.0272754242478 
0.0 0.719930814605 0.0 0.0 0.0 0.0 0.30350976918 0.0 0.199278425996 0.0 1.4556184897 2.04736970951 121.0 249.0 247.0 0.0153229642454 0.169293898352 -0.0112601566469 0.0620939502242 -0.0272754242478 
0.0 0.0 2.9474307401 0.0 0.610554802499 0.590269919748 0.0991604559259 0.0 0.0 0.0 2.38397018488 0.0931748370241 127.0 249.0 218.0 0.00406280759847 0.231387848577 -0.0335027390222 -0.0780891107833 0.0272754242478 
1.84129859766 3.82357799747 7.32844418328 0.685329959182 0.0 5.1063347792 0.0 4.73198548891 0.375714599979 3.46330023467 4.79616607268 1.72091571379 133.0 249.0 184.0 -0.0294399314237 0.153298737793 0.00400054743929 -0.0405271393707 0.00934641011427 
2.14229824379 1.18539956863 7.3376657923 0.0 0.492796799796 7.51115556747 0.0 5.05689191922 1.21589460663 2.7481693034 5.24422439716 1.48919122269 136.0 249.0 164.0 -0.0254393839844 0.112771598423 -0.071139036882 0.00156830793261 0.0 
0.0 0.0 4.41805919024 0.0 0.0921779084196 8.22254616362 1.20324043062 6.87212299145 0.0 0.0 2.8811494653 0.0 144.0 248.0 141.0 -0.0965784208664 0.114339906355 -0.0610769163935 -0.165210857088 0.0367038207177 
0.0 0.0 1.96470729345 0.150559135906 0.0 3.87510706891 0.832488363263 3.99017736417 0.0 0.0 1.32264483567 0.0 147.0 246.0 146.0 -0.15765533726 -0.0508709507326 0.0638059171418 0.0234354373857 0.0366871242285 
0.463879771002 0.0 1.70329030436 0.0 0.0 0.451937012621 0.123020585815 1.48433633981 0.0 0.0 1.2716952513 0.0 148.0 232.0 194.0 -0.0938494201182 -0.0274355133469 0.104431301372 -0.0692755319979 -0.0194221456568 
0.0 0.0 0.0 0.0 0.61743351087 0.0 0.0 0.883141044875 1.16056607483 2.37535379236 0.00232969619774 0.326122311332 148.0 221.0 244.0 0.0105818812537 -0.0967110453448 0.0260623746578 -0.00527017528492 0.0 
0.0 0.441949904373 0.0 0.0 0.405607093853 0.0 0.641689613145 0.0 0.0 0.0 0.0 0.0 145.0 239.0 255.0 0.0366442559115 -0.10198122063 0.247543832169 0.153050990161 0.0 
0.0 0.113716999717 0.0 0.0 0.0 0.480979212241 0.0 0.437464170735 0.0 1.56725025567 0.0 0.0 129.0 246.0 255.0 0.28418808808 0.0510697695309 0.0465245943258 -0.0116582692299 0.0 
0.0 0.0 0.0 0.0 0.0 0.0 0.0 0.0 0.0 0.0 0.0 0.0 122.0 249.0 249.0 0.330712682406 0.0394115003011 -0.111869010155 -0.00414659708277 0.0 
0.0 1.47124494754 2.47682130777 0.0 0.0 0.0 0.0382859453633 1.16712167085 0.0 0.0 2.7427745972 1.81528282783 118.0 252.0 243.0 0.218843672251 0.0352649032183 0.0166520006406 0.0193775448974 0.0 
1.35493949033 4.21577209168 7.1491727081 1.73534518374 0.831375507369 4.81787060474 0.0 2.26267527057 0.73854502909 3.46244922324 4.26599561613 4.69212999016 117.0 254.0 238.0 0.235495672892 0.0546424481157 -0.0285828570712 0.00784963177196 0.0 
1.39306972424 5.95837631267 10.4844808438 0.698069631942 0.0 5.44510261062 0.0 2.83808179257 0.846971090222 1.2979576003 6.99503829904 4.79209687308 117.0 255.0 234.0 0.20691281582 0.0624920798877 0.214106502896 -0.011612820072 0.0194221456568 
0.0 4.77881188998 10.1902079196 0.0 0.0 3.97719861193 0.0 4.00649591589 0.0 0.0 7.21214042899 3.87909030215 115.0 255.0 231.0 0.333333333333 0.0508792598157 -0.0546462318291 -0.0632941301053 0.0 
0.0 6.93055325347 10.9142425428 0.0 0.831126361341 5.81137549781 0.202316044342 4.43932095707 0.0 0.0 8.56195504265 5.9587995799 111.0 255.0 242.0 0.278687101504 -0.0124148702896 -0.0246737913908 0.00743298225729 0.0 
1.07448071588 10.3557978066 9.81440890407 0.650868073889 0.0 6.66555015568 0.0 3.54703634351 0.0 4.1243152744 5.34571001525 7.53354554137 109.0 255.0 253.0 0.254013310113 -0.00498188803232 -0.103968757959 -0.0072243652291 0.0 
0.0 7.26339227496 7.45855808916 1.57243811069 0.249879593378 4.24897828979 0.0 1.38285536806 0.0 0.0 6.51223048049 6.29127876439 109.0 255.0 255.0 0.150044552154 -0.0122062532614 -0.0339998034117 0.0812900839124 0.0 
0.0 7.47368637844 6.9006264465 0.0 0.0 2.82183953436 0.0 3.09576303154 0.0 0.0 6.21117362782 5.66784460026 108.0 255.0 253.0 0.116044748742 0.069083830651 0.12312024294 0.000421287300292 0.0 
0.0 5.87695738626 9.35051159658 0.0 0.182292421542 3.45411165896 0.1320327124 2.21332216883 0.0 0.0 6.3479107172 5.48633797049 108.0 255.0 248.0 0.239164991682 0.0695051179513 -0.0322214497992 -0.0336531970803 0.0 
0.272931273271 9.85772826073 11.8908731162 0.744320320751 0.0 7.1885018847 0.0 5.40647117469 0.549195381212 3.48079729772 9.0920330239 7.44574472503 109.0 255.0 246.0 0.206943541883 0.035851920871 -0.154860584186 0.137298971309 0.0 
1.61790004446 10.6161364758 15.660635101 0.0 0.0 6.23870314235 0.0 6.92247859695 0.0 3.44218953289 9.06313093531 6.20566760118 109.0 255.0 238.0 0.0520829576974 0.17315089218 -0.0651100182881 0.0846509765494 0.0 
0.0 7.68634741762 17.4023729174 0.0 0.0 7.42517940602 0.30040195928 6.96686922059 0.0 0.152849942528 11.4043779253 5.63697613337 111.0 255.0 223.0 -0.0130270605906 0.257801868729 0.0998204408762 -0.162179568441 0.0 
1.42194008768 7.80154892585 21.614759124 0.7407888355 0.839626711993 9.13336998459 0.0 10.1958233215 0.826278941263 3.37350788768 12.2859037983 5.74425166754 112.0 255.0 217.0 0.0867933802855 0.0956223002876 0.0538056400608 0.0365424055726 0.0285324411534 
0.185776677918 8.40726176923 21.3294053331 1.13379217445 1.1242323058 10.3740674326 0.0 9.76334919237 0.380654367353 3.05839472091 11.7953887932 6.5636182846 112.0 255.0 213.0 0.140599020346 0.13216470586 -0.0291049217564 0.0469864541868 -0.0202333568446 
0.688705551911 7.86293118204 20.4446947342 0.48204455898 0.823470891043 10.6929198456 0.0 13.3563573947 0.865343097093 2.61090654959 12.5405737414 5.17992376397 113.0 255.0 206.0 0.11149409859 0.179151160047 -0.0923004049551 -0.0617437002447 0.0 
0.0 3.89413223368 20.3667949088 0.0 0.746040656159 11.2071731053 0.869058909316 12.5274374889 0.0 0.0 13.2803104308 4.13684546248 114.0 255.0 202.0 0.0191936936349 0.117407459802 0.0371221023664 -0.00755204011317 0.028272929163 
0.372912003937 4.81383707677 19.9291427607 0.0 1.90099263151 12.9855212562 0.797505480434 12.3578497547 0.0 0.0 13.336442729 3.67118104825 114.0 255.0 202.0 0.0563157960013 0.109855419689 -0.145760464129 0.0712668950146 0.0 
0.0 4.47832949344 18.6509458942 0.0 0.632640421566 11.1916847131 1.43945104778 12.2520504268 0.107986356711 0.0 12.3268362109 1.74662025858 119.0 255.0 188.0 -0.0894446681275 0.181122314704 -0.144922889954 0.0136369094198 0.0 
0.0 1.04924381478 10.7890727431 0.0 0.121098645249 8.52016588789 1.9122984999 10.6209837643 0.0 0.0 5.91788656006 0.0 131.0 250.0 160.0 -0.234367558082 0.194759224124 0.110561485952 -0.127900149236 0.0287947577536 
0.0 0.0 5.44404316944 0.183179703629 0.0 7.04685049766 2.90978770172 5.97769219935 0.0 0.0 2.85599862562 0.0 143.0 248.0 135.0 -0.12380607213 0.0668590748876 0.066251657451 -0.02282489395 0.0149474336639 
0.0 0.603899221426 4.94419281769 0.0 1.85275010174 7.12430119802 1.9381725771 4.59497519933 0.0 0.0 2.42292838631 0.0 148.0 248.0 121.0 -0.0575544146793 0.0440341809376 -0.1172601877 -0.0858560327684 0.0286735551208 
0.0 0.781427733099 2.41314602836 0.0 1.34975384249 4.42476822856 1.62478531173 3.47627578242 0.0 0.0 1.69455249549 0.0 154.0 244.0 129.0 -0.174814602379 -0.0418218518308 -0.0029156989375 0.174185890529 0.0 
0.0 0.0 0.831395309883 0.0 0.767784601172 2.21713032911 1.80475994593 4.1850601844 0.0 0.0 0.883892379857 0.0398144408369 164.0 234.0 125.0 -0.177730301316 0.132364038698 0.019740785731 -0.0361012047462 -0.0286735551208 
0.0524240707748 0.0 1.97260456741 0.0 0.0 4.50156439322 1.1996989913 2.26091436522 0.0 0.0 1.84267438295 0.0 174.0 226.0 104.0 -0.157989515585 0.0962628339515 -0.0449211678993 0.154165344425 0.00720398524619 
0.0 0.0 0.666681228813 0.0 0.0 1.67998828572 4.36119698561 3.09583756586 0.0 0.0 0.426987547015 0.0 186.0 216.0 69.0 -0.202910683485 0.250428178377 0.159923613104 -0.0452808503729 0.0214695698747 
0.0 0.0 0.0 0.0 0.0 0.0 3.94260073693 0.591476123731 0.0 0.0 0.782127356967 0.0 200.0 194.0 50.0 -0.0429870703803 0.205147328004 0.032238390083 -0.0485187606345 0.00690442649297 
0.0 0.0 1.69858651798 0.0 0.0 0.886843104361 1.82067236424 0.480288868569 0.0 0.0 0.0 0.0 207.0 174.0 42.0 -0.0107486802973 0.15662856737 0.0776929696533 0.0334765944597 0.0985776582267 
0.0 0.0 0.914821582674 0.0 0.0 0.974620564968 0.134478561268 1.14061289071 0.0673541051853 0.0 1.04492283308 0.0 214.0 152.0 40.0 0.066944289356 0.190105161829 0.0263684483941 0.00843166866596 0.0915932520141 
0.0 2.07879947532 1.90088980741 0.518319706752 0.0 1.64984528299 0.0 2.0776716947 0.507445952923 2.13126189042 0.685311824275 0.525107136155 217.0 128.0 38.0 0.0933127377501 0.198536830495 0.0397144568829 0.0028696322497 0.0867565371451 
0.445571790124 0.0 0.0 0.727777717835 0.304279228532 0.0 0.329967644909 0.0 0.0 0.0 0.272319862687 1.42649472198 210.0 91.0 38.0 0.133027194633 0.201406462745 -0.0065716813871 0.0459432629596 0.142454572524 
0.0 0.0 0.0 0.657057623806 0.0 1.16512063132 0.844640610594 0.0 0.0 0.0 0.201095074101 0.0 190.0 56.0 42.0 0.126455513246 0.247349725704 0.138336664904 -0.0541266007211 0.165188738167 
0.336005218137 0.626638254422 0.292044280466 0.936694814841 0.0 0.0 0.0684845423643 0.0 0.0 0.0 0.0 0.766315312778 170.0 40.0 41.0 0.26479217815 0.193223124983 -0.0173549506989 -0.0869901175379 0.0 
0.152432492245 0.048586283871 1.00483170482 0.225718364189 0.828594338504 0.0413275627544 0.0 0.822299970435 0.602209657338 0.0 1.18942683069 0.356296900791 149.0 36.0 40.0 0.247437227451 0.106233007445 0.00809148710847 0.0265913232908 -0.0279184084698 
0.0 0.0 0.863222078362 0.68795493312 0.254092264398 0.146987367003 0.373754940873 0.719150070202 0.0 0.0 0.0 0.477810732823 121.0 36.0 40.0 0.25552871456 0.132824330736 0.0324654979784 0.0744572621778 0.0843575600622 
0.0 0.0 0.15445972581 0.0 0.0 0.6707083108 0.0 0.0 0.599590811049 0.0 0.320335796104 0.0 92.0 35.0 38.0 0.287994212538 0.207281592914 0.080593023891 -0.0319341290217 0.114049585906 
0.0 0.0 0.0 0.0 0.0 0.0 22.8262881763 0.0 0.0 0.0 0.0753297998491 0.0 79.0 38.0 37.0 0.333333333333 0.175347463892 -0.3 0.0289462088287 0.118150418659 
0.0 0.0 0.0 0.0 0.0 0.0 29.7633522945 0.0 0.0 0.0 0.296936466604 0.0 70.0 42.0 37.0 0.0333333333333 0.204293672721 -0.0588266554031 -0.0338425946383 0.0 
0.0 0.0 0.0 0.0 0.0 0.0 31.5899475788 0.0 0.0 0.0 0.200186925544 0.0 66.0 43.0 37.0 -0.0254933220698 0.170451078083 -0.199486830261 -0.0207635928986 0.0 
0.0 0.0 0.0 0.0 0.0 0.0 31.672585339 0.0 0.0 0.0 1.26163025197 0.0 66.0 43.0 37.0 -0.224980152331 0.149687485184 -0.0986582664298 0.020681519787 0.0 
0.0 0.0 0.0 0.0 0.0 0.0 32.3568931507 0.0 0.0 0.0 0.0 0.0 66.0 43.0 37.0 -0.323638418761 0.170369004971 -0.163130113631 0.14352565337 0.0 
# HEADER 2
0.0 0.0 0.0 0.29130401294 0.0 0.0 1.57212805331 0.0 0.0 0.0 0.0 0.0 133.0 249.0 255.0 0 0 0.0456822890131 -0.0898891084447 -0.0330363091353 
0.0592287094359 0.0 0.0 0.651857307488 0.0 0.0 0.626624759349 0.0 0.600287637523 0.0 0.0 0.174362743194 131.0 249.0 255.0 0.0456822890131 -0.0898891084447 -0.134069712909 -0.0107939065787 0.0 
0.0 0.667140823847 0.0 0.386074494073 0.0 0.0 0.878267319669 0.0211562730836 0.0 0.0 0.761951385503 0.0 131.0 249.0 255.0 -0.0883874238963 -0.100683015023 0.159303924056 0.173785576349 0.0 
0.675422128634 0.0 0.139724117516 0.0 0.0 0.30658832324 1.81161400881 0.55942981693 0.854345945762 0.0 0.192884243845 0.0 133.0 250.0 255.0 0.0709165001594 0.0731025613252 0.10885391156 0.00522674168101 0.0 
0.0 0.0 0.492392667507 0.147729646682 0.155225640824 0.0 0.252759838108 0.493512678577 0.126917166609 0.0 0.0 0.0 125.0 249.0 255.0 0.179770411719 0.0783293030062 -0.0125900290289 0.00911280110271 0.0 
0.0 0.0 0.0 0.0 0.0 0.0 0.906721017306 0.883806025047 0.0 0.0 0.962259253978 0.347278265838 124.0 248.0 248.0 0.16718038269 0.0874421041089 -0.0666670756398 -0.00654101267902 0.0 
0.472400780548 0.0 0.103602641602 0.0 0.0 0.0 0.0608991562602 0.234087546604 0.0 0.0 3.42242094421 1.39240469628 126.0 249.0 230.0 0.10051330705 0.0809010914299 0.0147500049995 0.0457416265937 0.0 
0.0 0.0 2.34889642827 0.0 0.872478386916 3.43699723714 0.0 0.0 0.137973225663 1.89124091226 1.43901346723 0.0 128.0 249.0 207.0 0.11526331205 0.126642718024 0.0580509526543 0.0317898752526 0.0330363091353 
1.61317054519 2.85870913274 8.27139432976 0.387065995212 0.0 5.56721327585 0.0 4.60856942785 0.999517148808 1.50615970569 5.32456166087 2.75737109558 130.0 250.0 185.0 0.173314264704 0.158432593276 0.0782685817219 -0.094734788461 0.0 
0.168201364884 0.68149258245 8.63454017547 0.354039034151 0.0 8.76872284451 0.236506984691 7.49578894157 0.0294641211902 0.0 6.0283161678 1.83456544569 131.0 250.0 171.0 0.251582846426 0.0636978048152 -0.109346458357 0.00717889950436 0.0336143455594 
0.0 1.15991886966 7.35412681963 0.0 0.0 9.30859916444 0.997213091886 9.44665929606 0.0 0.0 7.45027760028 1.7827288148 131.0 251.0 166.0 0.14223638807 0.0708767043196 -0.0990303089903 -0.02611405338 0.028192923022 
0.0 0.158610375091 8.5978705319 0.0 0.777719483944 9.61234580162 0.865729771486 10.2297134718 0.0 0.0 7.82259126901 0.0213995970171 131.0 251.0 164.0 0.0432060790793 0.0447626509397 0.0504168112815 0.0467928109456 0.0 
0.0 0.0 10.098086398 0.0 0.0 10.6012344205 1.32063338843 9.86485817357 0.0509781681705 0.0 6.29765538366 0.0 131.0 251.0 159.0 0.0936228903608 0.0915554618853 -0.0442737283883 -0.091801979685 0.0 
0.0 0.0 7.81443190198 0.0 0.0 10.3790036926 3.17835254062 11.0810115665 0.0 0.0 6.70983372412 0.0 131.0 252.0 158.0 0.0493491619725 -0.000246517799717 0.0375424374706 0.0453357439878 0.0341023408887 
# HEADER 3
0.0 0.17972971165 0.0 0.0 0.0 0.0 1.11190185081 0.0 0.0 0.0 0.760184244118 0.0 133.0 250.0 255.0 0 0 0.127826706174 0.0703982750571 0.0344787841173 
0.271409847963 2.64222140398 0.427252254926 0.118120945822 0.0 1.25609266362 0.0 0.744610221409 1.78880775167 2.71310791163 0.0 1.46818112441 126.0 248.0 254.0 0.127826706174 0.0703982750571 0.0491150887902 -0.0406787550963 -0.0344787841173 
0.595661982676 0.449834018415 0.0 0.0 0.0 0.220289536343 0.194292519779 0.0 0.0 0.0 1.12707131991 1.80673101388 125.0 249.0 245.0 0.176941794964 0.0297195199607 0.0759459090388 0.139846934693 0.0344787841173 
0.0 1.57244534769 3.7887827038 0.0 0.0 0.0 0.753774794677 1.1786452416 0.0 0.0 4.08303413701 0.979157756087 126.0 250.0 226.0 0.252887704003 0.169566454654 -0.0201539508106 0.00178474322803 0.0 
2.56229290912 3.42323921108 10.9280433744 0.461382842221 0.0 5.5141557344 0.0 2.90151329937 0.772652848974 2.28198770709 5.26857204139 1.71842038597 126.0 251.0 201.0 0.232733753192 0.171351197882 0.0722752896869 -0.0852339127902 -0.00671024603132 
0.571120389709 1.87994806677 10.5877960547 0.0 0.0 7.54091358021 0.673401283685 5.26425848802 0.0 0.0 8.96188769636 1.0484984588 126.0 252.0 190.0 0.305009042879 0.0861172850919 0.178150012077 -0.0147634888602 0.0414885900967 
0.0 1.70243096493 12.9702189531 0.0 0.0 10.839654123 1.16704782384 6.88199103271 0.0 0.0 10.1784814103 0.949666802135 124.0 253.0 185.0 0.333333333333 0.0713537962316 -0.104596236353 0.0704409189292 0.0 
0.0 1.33418145074 14.7522158728 0.706790794678 0.761390680001 13.2015657256 1.72446942984 6.31991379906 0.0 0.0 11.0636482441 0.0 124.0 254.0 178.0 0.22873709698 0.141794715161 -0.0407053084953 -0.106186628485 0.0349967936823 
0.0406758144867 1.01506008239 13.9314775856 0.0 0.918693694004 14.7530538342 0.75506803158 9.92771382943 0.0234011023625 0.0 10.0087364605 0.130641737017 124.0 254.0 174.0 0.188031788485 0.0356080866755 -0.0648028316893 -0.09483386245 0.0 
0.0 3.61823135892 13.6017495811 0.0 0.447926975974 11.3967090844 1.298316649 7.44375054208 0.900174238674 0.0 9.87581671095 0.0428539262104 121.0 255.0 194.0 0.123228956796 -0.0592257757745 -0.00878917009702 -0.136229998683 0.035130980593 
0.0 5.02421716177 8.4063917703 0.776242522901 0.0 6.65912660984 1.18432299833 5.03337784449 0.0 0.0 6.14535040188 3.77304771546 113.0 255.0 245.0 0.114439786698 -0.195455774458 -0.107985618194 -0.0203707127701 -0.0273461126822 
0.0 5.10007326075 5.17734426635 0.0 0.0 1.81622461693 0.781895338728 2.4415985286 0.0 0.0 2.18778678153 3.45105900985 111.0 255.0 255.0 0.00645416850493 -0.215826487228 -0.0711625092052 -0.106024748098 -0.0354432909033 
0.0 4.15803334069 3.5179129575 0.867592949724 1.69781439733 3.06437984346 2.02616484579 1.95987811143 0.812702384657 0.0 2.48758301891 3.17903135014 113.0 255.0 255.0 -0.0647083407003 -0.321851235325 0.0674658511043 0.00768547899417 0.0 
0.0 2.64898745351 3.04314033101 0.837855882904 0.0 0.898905180247 0.79199059761 2.28874989148 0.0 0.0 2.25674857089 2.89929699954 114.0 255.0 255.0 0.00275751040395 -0.314165756331 0.0449041406987 -0.193435633415 0.0 
0.0 3.10928259965 2.06155174905 0.896914356214 0.160674394875 2.06648851748 0.124764226765 0.718896616218 0.0 0.0 3.23201976529 1.81521929399 115.0 255.0 255.0 0.0476616511026 -0.333333333333 0.158245901414 -0.0141564836379 0.0276584229925 
0.0 3.00059679287 3.44964494136 0.0 0.85436593337 1.9174248033 0.737711503588 0.797180398958 0.0 0.0 2.2522988507 2.17007542386 113.0 255.0 255.0 0.205907552516 -0.333333333333 0.0307888559126 -0.135986453269 -0.0276584229925 
0.0 4.580972324 4.60085381949 0.13168378279 0.0 2.09477444294 1.4894322878 3.36158202453 0.0 0.0 2.49906943708 3.10048866319 112.0 255.0 255.0 0.236696408429 -0.333333333333 -0.0888912986905 -0.0786429932066 0.0276584229925 
0.416247526583 5.90274222144 5.10780077058 0.0 0.0 3.15918159707 0.0 1.38648774729 0.0 0.0 3.09445296295 5.74351007505 111.0 255.0 255.0 0.147805109739 -0.333333333333 0.0273444677017 0.0957611904296 0.0 
0.0 4.89564469217 5.95697718899 0.458309196416 0.0 2.13534208737 0.0 1.41583890372 0.0 0.850330141087 3.03341215686 3.00898318896 111.0 255.0 255.0 0.17514957744 -0.237572142904 -0.0184666793199 0.12132997256 0.0 
0.0 6.44651400053 6.56990894456 1.01884957982 0.58697124533 3.52483107781 0.0 3.51165735982 0.207620064736 2.86482438632 3.4498751964 5.3019151014 111.0 255.0 255.0 0.15668289812 -0.116242170344 -0.0649951173901 0.0133323827416 0.0 
0.517765382597 6.76583873907 7.99946425261 1.40745331407 0.0 5.00405802818 0.0 2.17670791731 0.0484171957282 2.76488490856 4.42489953853 5.86220490208 111.0 255.0 255.0 0.0916877807301 -0.102909787602 -0.11397029726 -0.14541699886 0.0 
0.380130897345 3.50240897259 5.83739522285 0.0291602783956 0.0 1.88133367489 0.545335093747 1.45326175315 0.0 0.780717060919 2.11764061924 4.59180800814 112.0 255.0 255.0 -0.02228251653 -0.248326786462 0.0212354397826 -0.0825549277807 0.0 
0.0 3.52166419107 3.10984523274 0.0 0.0 1.54624951164 1.46038748039 0.645948345444 0.0655518081743 0.0 3.95581324943 2.20992946488 114.0 255.0 255.0 -0.00104707674738 -0.330881714243 0.0908453065403 0.29056707185 0.0 
0.0 2.50774342984 3.00065307235 0.842679345766 0.0 0.406342757394 0.721296485454 0.982277687676 0.0 0.0 2.21735188001 2.93939403378 114.0 255.0 255.0 0.0897982297929 -0.0403146423924 -0.0117896978196 -0.0465996453756 0.0 
0.0 2.10423721281 4.76087380158 0.0430016577545 0.850366644951 0.510432097264 0.70545718693 4.10971830204 0.0647451007176 0.0 2.30491539087 3.8574530593 114.0 255.0 255.0 0.0780085319734 -0.086914287768 0.103000861083 -0.0269996523096 0.0 
0.0 4.16049963558 4.80692051121 0.833773944713 0.0 2.22428200478 0.731464298894 1.40048827204 0.0 0.0 2.3886052806 1.75565718246 113.0 255.0 255.0 0.181009393056 -0.113913940078 0.0506046917821 0.0118067151103 0.0 
0.0 4.03715050178 5.19674832932 0.842445645917 0.0 1.54182463501 0.707300795781 1.19275688507 0.0 0.0 1.47853103254 3.840940121 112.0 255.0 255.0 0.231614084839 -0.102107224967 0.0987732998454 0.017585036179 0.0 
0.0 6.29129487107 6.97883370778 0.325083785867 0.0 3.16289093208 0.0 0.495557980986 0.38228792063 2.64946199132 3.27395710716 5.35781380578 111.0 255.0 255.0 0.330387384684 -0.0845221887883 -0.0105313584371 -0.081043197393 0.0 
0.453988060589 6.01720406531 5.99366831174 0.0 0.0 3.256833412 0.604935556328 2.04248802019 1.04485649094 0.0 4.04743261864 5.76976538202 110.0 255.0 255.0 0.319856026247 -0.165565386181 -0.172493144444 0.015770629949 0.0 
0.0 5.25440637017 6.79385380031 0.0 0.0 4.54108369644 0.67504872617 2.37156778774 0.0 0.289511138945 3.61964836766 3.86130684739 110.0 255.0 255.0 0.147362881803 -0.149794756232 -0.0741085796349 0.0133547298485 0.0 
0.0 5.97125570417 8.71855471439 0.0 0.0 4.79233138101 0.946859577538 0.61686026993 0.0 0.296758621219 4.47780215192 3.32042868126 110.0 255.0 255.0 0.0732543021679 -0.136440026384 -0.0770593038894 0.0265733931376 0.0 
0.666339126112 6.91135490307 6.41470763701 0.0 0.0 3.27874609607 0.22735393058 2.35026865098 0.0 0.0 2.76571736486 4.23516993617 110.0 255.0 255.0 -0.0038050017215 -0.109866633246 0.0403346915533 0.0453827331435 0.0 
0.0 4.29733188105 6.06028720475 0.0 0.0 4.33426861749 0.72308896504 1.40999976791 0.0 0.0 3.04969424766 3.17886785991 110.0 255.0 255.0 0.0365296898318 -0.0644839001028 -0.0201377496166 -0.0880924559755 0.0 
0.0 5.65779456859 6.66432511182 0.0 0.197944716719 3.51742176165 0.0 1.86621613474 0.0 0.313776476464 1.51327584535 5.23577801557 110.0 255.0 255.0 0.0163919402153 -0.152576356078 0.104935398641 0.077081601243 0.0 
0.0 5.00299882872 8.36464012678 0.449429047428 0.0 2.79761038854 0.192623503542 1.46851632822 0.0 0.0 3.63985357116 3.91992137472 110.0 255.0 255.0 0.121327338856 -0.0754947548353 0.0237188134583 -0.065162133705 0.0 
0.0 5.75424950854 7.73760659813 0.794321560051 0.0 4.13269028587 0.724057333229 1.39943145783 0.0 0.0 1.42572542557 4.75877902748 110.0 255.0 255.0 0.145046152315 -0.14065688854 -0.033733765408 -0.030038656361 0.0 
0.0 5.31718829106 7.1893056244 0.658208181996 0.0 2.41745477062 0.212612658189 1.8889599019 0.0 0.0 3.56114595053 5.17345916439 110.0 255.0 255.0 0.111312386907 -0.170695544901 0.0629293955197 0.130100442534 0.0 
0.0 4.18084166382 6.99198953288 0.833044264097 0.0 3.42897271595 0.154050172384 2.41459547637 0.0 0.0 2.90001958317 4.82790536435 110.0 255.0 255.0 0.174241782426 -0.0405951023676 -0.0563043484358 -0.0822722333765 0.0 
0.0 4.49384054237 6.87277785657 0.0 0.0 4.18505961889 0.720254883967 1.86919752373 0.0 0.492690824272 3.08655896087 4.79693414803 110.0 255.0 255.0 0.11793743399 -0.122867335744 -0.0240325658101 0.0532621608377 0.0 
0.569584716992 5.033171487 7.79908352073 1.60807368391 0.0 3.31550088813 0.721176062477 2.33465806362 0.0 0.0 2.44157996295 3.94111686925 110.0 255.0 255.0 0.0939048681804 -0.0696051749063 -0.0417191921243 0.167382098272 0.0 
0.0 6.73604606403 7.07807748903 0.390414819127 0.0 4.51715563675 0.0 2.45345381605 0.0 1.71798926273 3.01616173662 5.017063353 110.0 255.0 255.0 0.0521856760561 0.0977769233652 -0.0248651913416 -0.148305699215 0.0 
0.0 4.90303645941 6.64694895016 0.833696441298 0.173839093285 3.97457831153 0.735634288023 2.11011548867 0.0 0.0 2.61483143761 3.02803214523 110.0 255.0 255.0 0.0273204847146 -0.0505287758501 -0.0237009624123 0.0563594206768 0.0 
0.0 8.78176422426 9.26452347451 1.74301624414 0.0 6.11979034211 0.0 2.3521318091 1.50003403632 2.92148118398 4.05171109064 6.05941439332 110.0 255.0 255.0 0.00361952230232 0.00583064482671 -0.0326871556292 -0.00328074378735 0.0 
0.0 3.83955832482 4.97633705531 0.0 0.0 4.31894827533 0.0 1.35688868775 0.0 0.0 4.59800234973 4.07361510859 111.0 255.0 255.0 -0.0290676333268 0.00254990103936 0.157081295497 0.0136969998222 0.0 
0.0 5.18945166628 5.36594400749 0.505694048606 0.0 1.4916310373 0.0 1.47200969718 0.0 0.991306392273 1.88210300969 2.69986466806 113.0 255.0 255.0 0.12801366217 0.0162469008616 0.0238899543447 -0.0368274759179 0.0 
0.0 4.61577090981 3.93263628049 0.882963704738 0.0 1.44344449966 0.694914795913 3.81787016146 0.0 0.0 1.38261921676 3.52239331991 115.0 255.0 255.0 0.151903616515 -0.0205805750563 -0.0112980016392 0.175401733495 0.0 
0.0 3.70692077465 2.9953018232 0.975801554465 0.0 2.09868588169 0.724377109799 1.26306917635 0.0 0.0 0.450963485138 1.87307567514 115.0 255.0 255.0 0.140605614875 0.154821158439 0.0780396437607 0.0853771835313 0.0 
0.0 3.89201982564 3.37883579916 0.0 0.0 2.22431292288 0.692475599805 1.36507730132 0.0 0.0 2.12923372556 1.4873826588 112.0 255.0 252.0 0.218645258636 0.24019834197 -0.0617208208894 -0.0162775227365 0.0 
0.0 5.42850320864 11.232535946 0.33229218556 0.0 4.71300558262 0.0 3.63892017267 0.0 0.0 5.62781751471 3.21800513786 113.0 255.0 235.0 0.156924437747 0.223920819234 0.0438013073846 -0.0394304796697 0.0 
0.849139544549 5.08551232199 15.986810571 0.811764210019 0.0 7.20140888819 0.0 10.07190406 0.0 0.0 7.93166731591 3.78748026515 115.0 255.0 217.0 0.200725745131 0.184490339564 -0.0282987984135 0.0640972273754 0.0 
1.91642902452 4.91764390579 19.8768471175 0.691460854917 0.63569262194 11.8961048404 0.0 13.4943441284 1.45918320428 3.10435891791 8.65670817458 3.42893411513 116.0 255.0 201.0 0.172426946718 0.24858756694 -0.104184921522 0.0416004053584 0.0703099195303 
0.43930210901 2.33248837938 20.172863028 0.456036053721 0.749772832284 13.6046505462 1.63117568194 15.7788944414 0.00649632298502 0.585609108186 9.58384974095 0.993622134643 118.0 255.0 182.0 0.0682420251957 0.290187972298 -0.049076462467 -0.0437645766143 0.0 
0.0 0.0 13.0579881523 0.0 0.429875908591 14.1023735596 4.2040736383 19.3045549907 0.0 0.0 8.12514667624 0.0 120.0 255.0 164.0 0.0191655627287 0.246423395684 0.0114519400588 0.159787094318 0.0441534689665 
0.0 0.0 4.26646427482 0.0 0.0 9.94219952061 11.5549877278 17.7539742138 0.0 0.0 3.88924597496 0.0 122.0 255.0 144.0 0.0306175027875 0.333333333333 0.0165249454154 -0.0774727809667 0.0449579128274 
0.0 0.0 0.0 0.0 0.0 7.7315781143 18.0538638683 14.6656208663 0.0 0.0 1.97406045007 0.0 124.0 255.0 126.0 0.0471424482029 0.255860552367 0.00528866350678 0.0210221759931 0.081021814213 
0.0 0.0 0.0 0.0 0.0 2.35523560659 22.1579108425 11.3608999687 0.0 0.0 2.08680560395 0.0 127.0 255.0 110.0 0.0524311117097 0.27688272836 0.0446200504032 -0.0419813828784 0.0569674613096 
0.0 0.0 0.0 0.0 0.0 0.0 25.8123272569 7.07238097012 0.0 0.0 1.02464665282 0.0 128.0 255.0 95.0 0.0970511621129 0.234901345481 0.0323850206618 -0.00780740327349 0.0464043240549 
0.0 0.0 0.0 0.0 0.0 0.0 28.8522164113 1.99681089058 0.0 0.0 0.0 0.0 129.0 255.0 83.0 0.129436182775 0.227093942208 -0.0103125683256 -0.0583377534523 0.0707157095062 
0.0 0.0 0.0 0.0 0.0 0.0 29.7134325828 0.146635213029 0.0 0.0 0.650329919811 0.0 130.0 255.0 73.0 0.119123614449 0.168756188756 0.0811502549633 -0.0878026274901 0.0465716379067 
0.0 0.0 0.0 0.0 0.0 0.0 30.5256615207 0.0 0.0 0.0 0.912943027906 0.0 130.0 255.0 69.0 0.200273869412 0.0809535612655 -0.00346618972787 -0.0130550056619 0.0722080350858 
0.0 0.0 0.0 0.0 0.0 0.0 28.8553729053 0.0 0.0 0.0 0.713463089326 0.0 130.0 255.0 68.0 0.196807679685 0.0678985556036 0.0242834878333 0.0259509399046 0.0 
0.0 0.0 0.0 0.0 0.0 0.0 29.6531658083 0.0 0.0 0.0 2.16081113997 0.0 130.0 255.0 68.0 0.221091167518 0.0938494955082 0.232433813973 0.0738584870687 0.0 
0.0 0.0 0.0 0.0 0.0 0.0 29.5939031871 0.0 0.0 0.0 0.0 0.0 130.0 255.0 61.0 0.333333333333 0.167707982577 -0.0082098676075 0.0117065775125 0.0 
0.0 0.0 0.0 0.0 0.0 0.0 23.4668343148 0.0 0.0 0.0 0.0 0.0 131.0 255.0 48.0 0.325123465726 0.179414560089 -0.0124025908923 -0.153032168232 0.0269830650493 
0.0 0.0 0.0 0.0 0.0 0.0 21.5134611334 0.0 0.0 0.0 0.0 0.0 131.0 255.0 45.0 0.312720874833 0.0263823918572 -0.0953161334974 -0.0285390938054 0.0877124599656 
0.0 0.0 0.0 0.0 0.0 0.0 21.4725365764 0.0 0.0 0.0 0.123087340321 0.0 131.0 255.0 48.0 0.217404741336 -0.00215670194819 -0.0424311501911 0.0539825664864 0.014309953164 
0.0 0.0 0.0 0.0 0.0 0.0 23.5852641039 0.0 0.0 0.0 0.0 0.0 131.0 255.0 48.0 0.174973591145 0.0518258645382 -0.0514034604657 -0.124481114268 0.0 
0.0 0.0 0.0 0.0 0.0 0.0 22.9472861916 0.0 0.0 0.0 2.11210835306 0.0 131.0 255.0 54.0 0.123570130679 -0.07265524973 -0.0773258178761 -0.0497354831612 0.0 
0.0 0.0 0.0 0.0 0.0 0.0 25.317133891 0.0 0.0 0.0 0.0 0.0 131.0 255.0 61.0 0.0462443128032 -0.122390732891 0.016906206702 -0.0370765591855 -0.0169188187559 
0.0 0.0 0.0 0.0 0.0 0.0 26.2604383122 0.0 0.0 0.0 0.0 0.0 131.0 255.0 63.0 0.0631505195052 -0.159467292077 0.0160229827286 0.031124317794 -0.032752512096 
0.0 0.0 0.0 0.0 0.0 0.0 27.4915736412 0.0 0.0 0.0 0.0 0.0 131.0 255.0 64.0 0.0791735022338 -0.128342974283 -0.0934268718845 -0.0504287909583 -0.0147173073379 
0.0 0.0 0.0 0.0 0.0 0.0 26.7224938274 0.0 0.0 0.0 0.0712248107947 0.0 133.0 255.0 62.0 -0.0142533696508 -0.178771765241 0.0260668349052 0.118884959874 0.0 
0.0 0.0 0.0 0.0 0.0 0.0 24.7307573434 0.0 0.0 0.0 0.0 0.0 135.0 255.0 60.0 0.0118134652544 -0.0598868053667 0.103537985645 -0.00336041976404 0.0 
0.0 0.0 0.0 0.0 0.0 0.0 23.9065852788 0.0 0.0 0.0 0.0 0.0 135.0 255.0 60.0 0.1153514509 -0.0632472251307 0.121516947108 0.0113225219529 -0.0145350182582 
0.0 0.0 0.0 0.0 0.0 0.0 24.457679397 0.0 0.0 0.0 0.0 0.0 135.0 255.0 60.0 0.236868398007 -0.0519247031778 -0.019808352868 -0.0774146770708 0.0 
0.0 0.0 0.0 0.0 0.0 0.0 25.7068026277 0.0 0.0 0.0 0.37337114681 0.0 135.0 255.0 60.0 0.217060045139 -0.129339380249 -0.111266999267 0.193856103613 0.0 
0.0 0.0 0.0 0.0 0.0 0.0 24.8400854557 0.0 0.0 0.0 0.0 0.0 135.0 255.0 60.0 0.105793045872 0.0645167233643 -0.0562243243971 -0.0536981320368 0.0 
0.0 0.0 0.0 0.0 0.0 0.0 25.2778620146 0.0 0.0 0.0 0.0 0.0 135.0 255.0 60.0 0.0495687214749 0.0108185913275 -0.038475766993 -0.0633838579164 0.0 
0.0 0.0 0.0 0.0 0.0 0.0 24.8392639219 0.0 0.0 0.0 0.0 0.0 135.0 255.0 61.0 0.0110929544819 -0.0525652665889 0.21232294963 -0.0109947613581 0.0 
0.0 0.0 0.0 0.0 0.0 0.0 25.1999778826 0.0 0.0 0.0 0.0 0.0 135.0 255.0 61.0 0.223415904112 -0.0635600279469 -0.0631174801206 -0.0307671972748 0.0 
0.0 0.0 0.0 0.0 0.0 0.0 24.7824711794 0.0 0.0 0.0 0.0 0.0 136.0 255.0 61.0 0.160298423991 -0.0943272252217 -0.0296497872552 -0.293123447613 0.0 
0.0 0.0 0.0 0.0 0.0 0.0 25.5257963617 0.0 0.0 0.0 0.104965017325 0.0 136.0 255.0 61.0 0.130648636736 -0.333333333333 -0.0167595523605 -0.0548545262825 0.0 
0.0 0.0 0.0 0.0 0.0 0.0 24.8393784 0.0 0.0 0.0 0.0 0.0 136.0 255.0 61.0 0.113889084376 -0.333333333333 0.107855673798 0.0761398742007 0.0 
0.0 0.0 0.0 0.0 0.0 0.0 25.7192668836 0.0 0.0 0.0 0.0 0.0 136.0 255.0 61.0 0.221744758174 -0.257193459133 0.192209608656 -0.0319674543543 0.0 
0.0 0.0 0.0 0.0 0.0 0.0 26.0901260408 0.0 0.0 0.0 0.0 0.0 136.0 255.0 61.0 0.333333333333 -0.289160913487 -0.168098804357 0.040646208665 0.0 
0.0 0.0 0.0 0.0 0.0 0.0 25.7158503751 0.0 0.0 0.0 0.0 0.0 136.0 255.0 61.0 0.165234528976 -0.248514704822 -0.0930885767197 0.0636904710449 0.0 
0.0 0.0 0.0 0.0 0.0 0.0 25.9026207985 0.0 0.0 0.0 0.0 0.0 136.0 255.0 61.0 0.0721459522564 -0.184824233777 -0.0752667761806 -0.0467474246694 0.0 
0.0 0.0 0.0 0.0 0.0 0.0 25.8424372789 0.0 0.0 0.0 0.0 0.0 137.0 255.0 60.0 -0.0031208239242 -0.231571658446 -0.184444132261 -0.0053384596316 0.0 
0.0 0.0 0.0 0.0 0.0 0.0 24.738804108 0.0 0.0 0.0 0.0 0.0 139.0 255.0 58.0 -0.187564956185 -0.236910118078 0.131166057886 -0.0364087429679 0.0 
0.0 0.0 0.0 0.0 0.0 0.0 22.9905548244 0.0 0.0 0.0 0.0 0.0 146.0 255.0 53.0 -0.056398898299 -0.273318861046 0.150547891005 0.0873130472188 0.0 
0.0 0.0 0.0 0.0 0.0 0.0 20.8724438627 0.0 0.0 0.0 0.0 0.0 149.0 255.0 52.0 0.0941489927064 -0.186005813827 0.0423527835945 0.0687491411081 -0.0143500685453 
0.0 0.0 0.0 0.0 0.0 0.0 21.5201127146 0.0 0.0 0.0 0.0 0.0 149.0 255.0 52.0 0.136501776301 -0.117256672719 -0.168895567394 0.0900087095558 0.0 
0.0 0.0 0.0 0.0 0.0 0.0 21.1053620678 0.0 0.0 0.0 0.0 0.0 149.0 255.0 52.0 -0.0323937910933 -0.0272479631633 0.00316367278603 -0.0575915070761 0.0 
0.0 0.0 0.0 0.0 0.0 0.0 19.9190051329 0.0 0.0 0.0 0.0 0.0 152.0 254.0 51.0 -0.0292301183073 -0.0848394702394 -0.08982087177 -0.0757999899056 0.0 
0.0 0.0 0.0 0.0 0.0 0.0 18.8682581217 0.0 0.0 0.0 0.0 0.0 159.0 250.0 50.0 -0.119050990077 -0.160639460145 -0.0623840797449 0.12637327042 0.0 
0.0 0.0 0.0 0.0 0.154003269341 0.0 15.7271357893 0.0 0.0 0.0 0.0 0.0 167.0 246.0 52.0 -0.181435069822 -0.0342661897248 0.0444841987849 -0.091820736195 -0.028136492393 
0.0 0.0 0.0 0.0 1.06748760144 0.0 5.92280052464 0.0 0.0 0.0 0.0 0.0 152.0 250.0 255.0 -0.136950871037 -0.12608692592 0.108193830218 0.095168812012 -0.0203702337128 
0.0 0.0 0.0 0.2790933648 1.02886803536 0.0 3.68212160873 0.0 0.0 0.0 0.129679359042 0.0 160.0 249.0 255.0 -0.0287570408191 -0.0309181139078 0.0404714176888 0.0623157097178 0.0 
0.825613882692 1.66734214503 0.692293304609 0.869670370692 0.0 0.0 2.89513300339 0.0504873107095 0.143063750617 0.0 0.0 0.0 164.0 249.0 255.0 0.0117143768697 0.0313975958099 0.114643665602 0.0653447908382 0.0343438960812 
0.6868476653 0.0 0.501814024139 1.04326895678 0.628026325637 0.0 2.93756332625 0.0 0.832808891471 0.0 0.100404124536 0.0 163.0 244.0 255.0 0.126358042472 0.0967423866481 -0.131798052231 -0.144612208345 0.0 
1.17804561816 0.69559727041 0.837103136065 0.298139014067 0.522227096641 0.0 2.21965338867 0.0 1.11213404145 0.0562000827129 0.0 1.46793471637 161.0 248.0 255.0 -0.00544000975857 -0.047869821697 -0.162843500689 -0.0132682013168 0.0 
0.0 0.0 0.0 0.18963189305 0.0 0.0 3.65245078629 0.0 0.0 0.0 0.0 0.0 172.0 249.0 255.0 -0.168283510447 -0.0611380230137 -0.0291592722116 0.0369269131666 0.0 
0.0 0.0 0.0 0.0 0.0 0.0 2.6672912805 0.0 0.488448139912 0.0 0.0 0.0 187.0 250.0 255.0 -0.197442782659 -0.0242111098471 0.0181268643845 0.0912528129808 0.0 
0.100523630393 0.0 0.0886331094449 0.285700825021 0.0 0.0 1.94424966268 0.0 1.29950793243 0.0 0.0 0.0 201.0 245.0 255.0 -0.179315918275 0.0670417031336 0.0441107383098 -0.0480541541538 0.0 
0.0400909530036 0.0229098681421 0.731351997077 0.0 0.113618649822 0.0 2.35088712867 0.0 0.473579432188 0.0 0.0 0.00717931780584 210.0 223.0 255.0 -0.135205179965 0.0189875489798 0.175337216947 0.0541489179728 -0.0139736623684 
0.150083401392 0.548083733116 0.3547286175 1.41162080467 0.0985775034787 0.0 2.55185919806 0.0 1.46580377213 0.0 0.0 0.0879275458898 219.0 191.0 254.0 0.0401320369827 0.0731364669526 -0.0154798142503 -0.110111150301 0.0 
0.682802012974 0.0 0.379668221119 0.31436381334 1.06655791004 0.508929196431 2.44769683508 0.413217819426 1.47007199072 0.0 0.185144012573 0.552726580481 229.0 190.0 255.0 0.0246522227325 -0.0369746833482 0.0692702012701 -0.116282460192 0.0 
0.426904422971 0.0 0.366888331893 0.998065833065 0.0 0.0 2.14356310486 0.0 0.0 0.0 0.0 0.0 231.0 227.0 255.0 0.0939224240026 -0.15325714354 0.0365333579376 0.0243399503185 0.0139736623684 
1.02431748535 0.28551932587 0.0406962787999 0.408450613904 0.0 0.0 1.66164559318 0.177164308315 0.0 0.0 0.122232407314 0.32039207314 233.0 243.0 255.0 0.13045578194 -0.128917193221 -0.198603440776 -0.0776227300669 -0.0139736623684 
0.0 0.0 0.0 0.0 0.0 0.0952432336447 2.54596031388 0.0 0.577136167887 0.0 0.0 0.0 235.0 242.0 255.0 -0.0681476588355 -0.206539923288 0.0754651505625 -0.0892030977619 0.0139736623684 
0.671512649471 0.888698719391 1.406279022 0.514712085894 1.08780719953 0.0 2.55482876168 0.0 0.471138996764 0.0 0.0 0.0 235.0 242.0 255.0 0.00731749172702 -0.29574302105 -0.0472388057453 -0.01234428833 0.0 
1.39462719313 0.0 0.0 0.0 0.0 0.0 3.20465299109 0.0 0.0 0.0 0.0 0.0 235.0 243.0 255.0 -0.0399213140182 -0.30808730938 -0.0648272786623 0.0211178154713 0.0 
0.0 0.0 0.0 0.0 0.360485845187 0.0 3.22127277844 0.0 0.0 0.0 0.0 0.117122284386 236.0 243.0 255.0 -0.104748592681 -0.286969493909 -0.0242453807944 -0.120201747375 0.0 
0.259821762793 0.0 0.910940176086 0.752069961401 0.0524935778046 0.0 1.65045878261 0.0 1.13463921496 0.0 0.0 0.53029831348 236.0 243.0 255.0 -0.128993973475 -0.333333333333 -0.00781728074916 0.115477405018 0.0 
0.587214747484 0.0487669860156 0.35825968719 0.305926982546 0.999925520585 0.0 2.59777756252 0.0 0.622420167028 0.0 0.0 0.0 236.0 243.0 255.0 -0.136811254224 -0.217855928316 -0.157270482151 0.00404126030771 0.0 
0.647653504863 0.0 0.427147922174 0.0 0.286352916849 0.0 1.82020591212 0.0 1.15404898015 0.0 0.0 0.0 236.0 243.0 255.0 -0.294081736375 -0.213814668008 0.039073713316 -0.0240670972399 0.0 
0.934821385236 0.607640992914 0.246009759635 1.29615070862 0.0972915673681 0.735313719152 1.63876628437 0.168280462442 0.138544038361 0.0 0.0 0.465211712767 236.0 243.0 255.0 -0.255008023059 -0.237881765248 -0.0724932063521 -0.0965877315881 0.0141628300246 
0.0 0.0 0.0 0.0689078349075 0.979734356922 0.0 1.4367544326 0.0 0.294358012948 0.668765651801 0.810037684966 0.76461425783 236.0 243.0 255.0 -0.327501229411 -0.333333333333 0.0861310974949 0.12656824666 0.0 
0.936199435895 0.0 1.6405015336 0.677200951332 0.740771106575 0.0 1.83472419754 0.0 0.0 0.0 0.0 0.0 236.0 243.0 255.0 -0.241370131916 -0.206765086674 0.140258359837 -0.00627526973596 0.0 
0.0 0.0 0.0 1.05265244217 0.0974366506048 0.0 1.83200272187 0.0 0.607898641001 0.429025982254 0.0 0.768724133686 236.0 243.0 255.0 -0.101111772079 -0.21304035641 -0.0430994013154 -0.0820954770698 -0.0141628300246 
0.710192481533 0.754138897596 0.0 0.849124853853 0.0 0.0 1.56712518212 0.0 0.13892005444 0.0 0.0 0.560317070777 235.0 243.0 255.0 -0.144211173394 -0.295135833479 0.121333262664 0.103656944872 0.0141628300246 
0.463126244416 0.642303186327 1.27751592713 0.118799584223 0.788631656416 0.0 0.0 0.0 1.3358878012 0.0 0.0 0.765788168815 235.0 243.0 255.0 -0.0228779107298 -0.191478888608 0.0600811403278 -0.0559246891125 -0.0141628300246 
0.762862626263 0.0 1.10268327812 1.44013928828 0.0 0.101263726796 1.10085806681 0.0639446401806 0.605366779685 0.0 0.0 0.0777259662137 235.0 243.0 255.0 0.037203229598 -0.24740357772 -0.100712785378 -0.151828486768 0.0 
1.40432263482 0.247552301858 0.0 0.306661821174 0.106442083517 0.0 2.15372612488 0.0 1.55788389144 0.0 0.0901289190805 0.0 234.0 243.0 255.0 -0.0635095557796 -0.333333333333 0.0623382466236 0.0417895642319 0.0141628300246 
0.0 0.897106632926 1.25175397843 1.23954431402 0.877927093623 0.0 1.57848800121 0.0 1.37331637796 0.0 0.832318030206 3.23765761614 234.0 244.0 255.0 -0.00117130915601 -0.291543769101 -0.120133106959 0.0360091789755 0.0 
0.275426148423 0.0 0.0 1.10864532167 0.339415649079 0.0 0.60958343278 0.0 1.14035861368 0.0 0.0130769327238 0.0 234.0 244.0 255.0 -0.121304416115 -0.255534590126 -0.0663326074285 0.0942007745063 -0.0141628300246 
0.0 0.986617722231 0.0 0.0 0.595996443502 0.0 1.82971163069 0.446278090122 0.0786250590211 0.0 0.0466053719271 0.0939365487082 235.0 243.0 255.0 -0.187637023544 -0.16133381562 -0.140302015705 -0.031309382448 0.0 
1.12914314497 0.786930995797 1.00549379504 0.235015518655 0.108690100183 0.0 0.578740163505 0.0 0.136162480164 0.557396336123 0.0 1.01349406881 236.0 243.0 255.0 -0.327939039249 -0.192643198068 0.00519376631198 0.0234329848727 0.0141628300246 
1.70862700436 0.0 0.0 0.295338818287 0.969755382237 0.402937667897 0.623022888142 0.574182592826 1.46072474573 0.0 1.7730917073 0.0 236.0 243.0 255.0 -0.322745272937 -0.169210213195 -0.0627886566903 -0.0316550768507 0.0 
0.0 0.0 0.0 0.0 0.0 0.0 2.84438654451 0.0 0.0 0.0 0.0 0.0 236.0 244.0 255.0 -0.333333333333 -0.200865290046 0.00338922744053 -0.038442282386 0.0 
0.632331548306 1.60072657222 1.40665300331 0.0 1.05995856176 0.519385997008 1.52953715155 0.0 0.549146199654 0.0 0.114356517202 0.0 235.0 243.0 255.0 -0.329944105893 -0.239307572432 0.121759128685 0.0102851800169 0.0 
0.768258060113 0.0 1.47780083885 0.0 0.0 0.198696544051 0.886850710478 0.0 0.0 0.0 0.0 0.0 235.0 243.0 255.0 -0.208184977208 -0.229022392415 0.0675638405849 -0.0329091489565 0.0 
0.531550888885 0.716677577003 0.354619798924 0.0 0.968123410445 0.391755956679 0.587549269053 0.0 0.0 0.0 0.0 2.20843539253 235.0 243.0 255.0 -0.140621136623 -0.261931541371 0.0857696667927 -0.189538730149 0.0 
0.271344085412 0.0 0.919719735165 0.325240590068 0.0965552779558 0.0 0.632523371077 0.0 0.632514912513 0.135771482148 0.0 0.174517960514 235.0 243.0 255.0 -0.0548514698302 -0.333333333333 -0.141403183966 0.156561586341 -0.0141628300246 
# HEADER 4
0.834814577352 0.0 0.0954452547069 0.261270073645 0.0795422965635 0.0 1.02416953254 0.0 0.208798588615 0.179158489762 0.0 0.43274560399 132.0 247.0 255.0 0 0 0.0341816927583 -0.00375006520673 0.0 
0.586236294725 0.0 0.207856407647 0.00586138113289 0.0 0.0 0.53264746294 0.0 0.0 0.184990214394 0.0 0.0 130.0 250.0 255.0 0.0341816927583 -0.00375006520673 0.0251903184316 0.049520610632 0.0 
0.0579116855757 0.8085285151 0.355770025104 1.19558823415 0.119926852299 0.0 2.05846482702 0.0 0.0 0.0 0.130670337552 1.01771223194 124.0 249.0 255.0 0.0593720111899 0.0457705454253 0.215954847972 -0.0141850201356 0.0 
0.587290068955 0.0 0.302265484828 0.288693549077 0.0877546370383 0.0 0.532141887307 0.0 1.45887592626 0.0 0.326616095299 2.29694223589 122.0 249.0 249.0 0.275326859162 0.0315855252897 0.0423418546835 -0.136304504138 0.0 
0.0 1.7909700757 2.64565037616 1.00709317396 0.0 0.390241036609 0.711485994972 0.0 0.0 2.1137814587 1.10190682346 1.63459568455 119.0 253.0 255.0 0.317668713845 -0.104718978848 -0.0577930039941 0.166935979931 0.0 
0.200400366849 1.80349260193 1.44345638872 1.24318341743 0.0 0.0 1.39807163125 0.0 0.946558622797 0.187537239087 1.56513851414 2.63345822738 117.0 255.0 255.0 0.259875709851 0.0622170010824 0.130848708944 0.0986480681494 0.0 
0.579747123165 1.84637397779 3.38432541484 0.0437428447085 0.831135444236 0.177582192323 0.287303349703 1.60728158325 0.369854674534 0.0 4.3378800039 5.77658571651 115.0 254.0 245.0 0.333333333333 0.160865069232 -0.00192811711034 0.0869245011768 0.0 
0.0 3.03196474529 7.39830506034 0.0 0.0 4.14411759308 0.586896637632 0.0 0.0 0.0 6.21317639268 4.59871016035 116.0 254.0 222.0 0.331405216223 0.247789570409 0.0111497118073 -0.153417946276 0.0141628300246 
0.0207309901546 2.03348463543 14.8011430733 0.00699189596539 0.0 6.56341047318 0.279286071965 6.2733724884 0.0 0.0 10.2110689095 5.08844258753 116.0 254.0 209.0 0.333333333333 0.0943716241323 -0.0342716557765 0.0681918322448 0.0473134320775 
0.573309056029 1.38037797424 16.7005309223 0.00475506749783 0.0 8.67475110144 0.254489123569 10.374060321 0.0835217758167 0.0 12.8325025621 3.32329009263 117.0 255.0 197.0 0.299061677557 0.162563456377 0.0674271910222 0.00658621791726 0.0290414741599 
0.0 1.53545207148 16.6088830354 1.0594919965 0.832817921392 11.483249377 0.0 13.0433436323 0.561608230948 0.0 14.2800131914 3.8002439283 117.0 255.0 185.0 0.333333333333 0.169149674294 -0.158354431297 -0.0264278790269 0.045971629589 
0.0 0.534140425457 15.3113199834 0.0 0.353560676237 11.8656110698 2.89848434729 13.090019519 1.42899828667 0.0 14.0451838251 1.64438505835 118.0 255.0 176.0 0.174978902036 0.142721795267 -0.010046244011 0.164390254587 0.029602435455 
0.0 0.0 13.0917376801 0.0 0.0 11.6988386737 4.01128797696 14.9328590979 1.06046501527 0.0 12.2456877276 0.0342281535105 119.0 255.0 164.0 0.164932658025 0.307112049855 0.0877872741349 -0.0619271431951 0.0149957912927 
0.0 0.0 3.98532503339 0.0 0.0 10.7625165176 11.0878382083 12.6405849789 0.0 0.0 9.19355428317 0.0 121.0 255.0 142.0 0.25271993216 0.24518490666 0.00967451615427 -0.193185746404 0.0740197358511 
0.0 0.0 0.0 0.0 0.0 8.21726655636 15.474631378 7.53999855242 0.0 0.0 6.34591142625 0.0 121.0 255.0 136.0 0.262394448314 0.0519991602551 -0.227832287706 -0.0534954373717 0.0456560929068 
0.0 0.0 0.0 0.0 0.0 8.67033581839 15.5065742005 10.6196925988 0.0 0.0 5.94606124258 0.0 121.0 255.0 143.0 0.0345621606088 -0.00149627711654 -0.0620469120056 0.0410583849308 0.0307915334714 
0.0 0.0 0.855862863676 0.0 0.0 6.70101723427 12.6473242218 12.5828536636 0.0 0.0 6.69341345791 0.0 123.0 255.0 142.0 -0.0274847513968 0.0395621078143 -0.0541196108636 0.155799985093 -0.010691769714 
0.0 0.0 0.0 0.0 0.0 5.02069398784 11.5108803742 11.2937544898 0.0 0.0 4.2320629332 0.0 131.0 252.0 124.0 -0.0816043622604 0.195362092907 -0.115819386528 0.0991225169397 -0.0158807876206 
0.0 0.0 0.0 0.0 0.0 0.00615086975373 11.7547545073 3.22741070709 0.0 0.0 1.38998400424 0.0 141.0 250.0 83.0 -0.197423748789 0.294484609847 -0.0229894527013 -0.0470490236 0.0158807876206 
0.0 0.0 0.0 0.0 0.0 0.118978223609 7.10076776148 1.16457560472 0.772508056109 0.0 1.12402192869 0.0 151.0 247.0 43.0 -0.22041320149 0.247435586247 -0.0123731027826 -0.00108049637005 0.160980586885 
0.0 0.0 0.0 0.788566683435 0.0457082709847 0.983449629469 2.78247229368 1.38196660707 0.289460039 0.0 0.841161221161 0.0 171.0 218.0 40.0 -0.232786304273 0.246355089877 -0.0161023116594 -0.018153866574 0.12412250926 
0.904247823416 0.9390852025 1.08868670445 0.534880394783 0.517013726234 0.381659538587 1.36470114173 0.483329942614 0.714530078733 0.0 0.995532811823 0.0 190.0 180.0 39.0 -0.248888615932 0.228201223303 -0.163414269517 0.000298748779137 0.166175768224 
0.561758548691 0.0 2.123276274 0.484867694016 0.0958287974005 0.0537096006911 0.786361451001 1.11987544697 1.27368094761 0.427533176624 1.06761739794 0.0 205.0 132.0 39.0 -0.333333333333 0.228499972082 0.0519490055653 0.115396497094 0.248299592305 
1.52840174935 0.86822926131 0.0 1.19090329696 0.188410961018 0.47315408268 1.51164274848 0.683724246264 1.35354199506 0.0 0.0 0.515871079068 199.0 67.0 45.0 -0.281384327768 0.333333333333 -0.100342009237 0.0509035228612 0.342571766798 
0.0 1.08633358157 2.18894685779 0.0 0.0891094589633 0.60726135894 0.48776327712 0.0 0.570170800006 0.684457778728 0.0 0.4614763405 190.0 36.0 41.0 -0.333333333333 0.333333333333 0.00956911825922 -0.0390915106556 0.173545212018 
0.546607658796 0.0228218758723 1.06944928553 0.0 0.0 0.72054309461 0.730284337482 0.595235900848 1.43132942804 0.0 0.0 0.961329862975 180.0 34.0 36.0 -0.323764215074 0.294241822678 -0.0680006399062 -0.0872464850066 0.0 
0.672956904901 0.0 0.47055863716 0.0 0.0 0.417201720668 1.28515486713 0.539916125186 0.574397502178 0.327224728138 0.0 0.0792886050167 177.0 34.0 36.0 -0.333333333333 0.206995337671 -0.107060588468 -0.0241993250918 0.0 
0.555381522129 0.0 0.533312650863 0.402848898474 0.0 0.0 0.0 0.0 1.44109702369 0.672686667297 0.147693917331 0.57788867725 177.0 34.0 36.0 -0.333333333333 0.182796012579 -0.146269347894 0.0468199153464 0.0 
0.406443924973 0.931490719154 0.0 0.289911610561 0.153595545115 0.0 0.424553310062 0.0 0.639948033359 0.0 0.743703188068 0.0 178.0 34.0 36.0 -0.333333333333 0.229615927926 -0.0730106947878 0.0742846944195 0.0 
0.744770756357 0.263131768455 0.162521460969 0.294708127764 0.203743183421 0.0 0.463377539065 0.070996646446 0.685859277547 0.0 0.0 0.0 178.0 34.0 36.0 -0.333333333333 0.303900622345 -0.0849376192541 0.0408757299896 0.0 
0.841769980226 0.210058106392 0.650084757264 0.0 0.0 0.0434055045406 1.4409016426 0.602190985805 0.345734568047 0.0 0.0 0.0 179.0 34.0 36.0 -0.333333333333 0.333333333333 -0.104815907723 0.132311248633 0.0 
0.0832007714737 0.0 0.0587044313503 0.0 0.591169902857 0.134477705494 0.600798219169 0.3664226511 0.0628425647699 0.0786323302077 0.148404049893 0.923337712574 180.0 34.0 36.0 -0.333333333333 0.333333333333 -0.0909919859755 -0.0479151604041 0.0 
0.0 0.601203183531 0.648522324637 0.0 0.100321584498 1.13546680962 0.498328526235 0.555274655515 1.11127877421 0.0 0.0 0.991052620689 180.0 34.0 36.0 -0.333333333333 0.285418172929 -0.0840518892075 -0.139530595345 0.0 
0.670938227542 0.0 0.0457068538993 0.716865410068 0.126736058694 0.0 0.116665198353 0.084300408096 0.13972272456 0.261341213247 0.638730202926 0.466629734646 180.0 34.0 35.0 -0.333333333333 0.145887577584 0.0168803578284 0.0432347873975 -0.0296080468638 
0.670466378033 0.866172799064 1.17661322171 0.0 0.0 0.0 0.379245066213 1.26881918757 0.494525222024 0.0 0.0 0.545502537668 181.0 34.0 35.0 -0.316452975505 0.189122364982 -0.0205136170963 0.0632280257047 0.0 
2.32152563693 1.02882280527 0.623366660838 0.0 0.00909339688314 0.0 0.654407194058 1.28599281063 0.0 0.0 0.0 0.0 181.0 34.0 35.0 -0.333333333333 0.252350390686 0.0567503178459 -0.0237497655918 0.0 
0.870368560634 0.0 0.0 1.00106317066 0.819612411543 0.0 0.932353915606 0.566068858295 1.54646205815 0.0392976818071 0.0 1.31721244097 181.0 34.0 35.0 -0.276583015487 0.228600625095 -0.0879061371985 -0.0396621856731 0.0 
0.0 1.78283548524 0.931077641196 0.328539410947 0.0478704765715 0.589353003696 0.457500674243 0.128822690203 0.561592222314 0.331642119874 1.93212456153 1.809660756 181.0 34.0 35.0 -0.333333333333 0.188938439421 -0.178837829883 0.0347022710358 0.0205157924358 
0.655986494276 0.869299761479 0.342732759175 0.373279633138 0.0392441924985 0.671976825114 0.0 0.0 0.0 0.675695748601 0.0 0.0 181.0 34.0 35.0 -0.333333333333 0.223640710457 -0.0250721022979 0.118307583154 0.0 
2.88307257495 1.39992779246 1.92722256542 0.284606683951 1.21830811839 1.6759936932 0.0 0.0 1.49430030392 2.79907016084 0.675819837279 1.64582158832 181.0 34.0 35.0 -0.333333333333 0.333333333333 0.0530875551269 -0.0929821704247 0.0 
1.59613756267 1.42788678627 1.65609154784 0.0 0.0 0.0 0.0 0.864223958209 1.33836840511 0.0 0.103612724084 1.13656448286 181.0 34.0 35.0 -0.280245778206 0.240351162909 -0.101471226366 -0.0680697555897 0.0 
0.630690778677 0.0 0.373191973344 0.336554263965 0.0 0.0406488506352 0.0 0.0 0.0 0.0 0.0 0.51017929206 181.0 34.0 35.0 -0.333333333333 0.172281407319 0.0838779913077 -0.0653160682067 0.0 
0.132783297518 0.493857132757 0.539891120275 0.886005468111 0.0935009526988 0.0 0.576036748995 0.0 0.662348573277 0.417111473128 0.00889253430813 1.92702780658 181.0 34.0 35.0 -0.249455342026 0.106965339112 -0.0758146293254 0.00458733034471 0.0 
0.3366025268 1.34321873663 0.407171096117 0.282507395889 0.0 0.0 0.46949692064 0.0 0.314430947422 0.553111759242 0.0 0.379316609774 182.0 34.0 35.0 -0.325269971351 0.111552669457 -0.106419015819 0.231619812127 0.0 
0.0 0.0410888797985 1.39834666892 0.0 0.303865316638 0.482221912431 0.535173015061 0.0 1.52326532851 0.0 0.145707614001 0.684875954784 181.0 34.0 35.0 -0.333333333333 0.333333333333 0.0335257100012 -0.0627536325588 0.0 
2.36481881532 0.781302998324 0.612624181674 1.02352801211 0.0 0.0 0.97664126729 0.0 0.605119589665 0.0 0.224159612886 0.322414943509 182.0 34.0 35.0 -0.299807623332 0.270579700774 0.00876442101824 -0.0869085486952 0.0 
1.23844588364 1.28721767653 1.03805711801 0.180404974952 0.0 0.0 0.470399807722 0.0 1.05381181588 0.670972019391 0.0 0.171943111805 182.0 34.0 35.0 -0.291043202314 0.183671152079 -0.0344984955749 0.0580504494427 0.0 
0.0 0.0 0.0 0.274038580965 0.0 0.0 0.684856095831 0.575552561291 1.33257686747 0.817745825016 1.05205590578 1.28282773801 182.0 34.0 35.0 -0.325541697889 0.241721601522 -0.0159947429669 0.0254920161386 0.0 
0.923746339186 0.0 1.51116456113 0.273814380947 1.05951013947 0.0 0.252592122343 0.461804711309 1.64332938326 1.167205523 0.0 0.8180909994 182.0 34.0 35.0 -0.333333333333 0.267213617661 -0.0881710064968 0.0514875859902 0.0 
1.93560256743 0.0 0.802969593205 1.82732170603 0.0 1.03466891031 0.0 0.0 0.0 0.0415305832971 0.869207826663 0.0 181.0 34.0 35.0 -0.333333333333 0.318701203651 -0.0944608574843 0.0226090143732 0.0 
1.7299250785 0.395474028256 1.02549678649 0.16931675561 0.0 0.0 0.294191866692 0.0 1.04625533397 0.661332203376 0.0 1.33263152523 181.0 34.0 35.0 -0.333333333333 0.333333333333 0.0164175133243 -0.0334245847737 0.0 
0.0 0.0 0.874356220656 0.317153790073 0.626084123461 0.0 0.463399854351 0.0818235142254 0.123842282232 0.140563264368 0.0 1.13442940227 181.0 34.0 35.0 -0.316915820009 0.29990874856 0.0693232523888 0.0086723672587 0.0 
1.45311949025 0.0 0.0 1.23887942195 1.84623926038 0.0 0.397266394085 0.582488322027 0.548268222042 0.0 0.0 0.0 181.0 34.0 35.0 -0.24759256762 0.308581115818 -0.0219544670563 0.000661408028623 0.0 
1.35744739755 0.0 1.2260805355 0.790659970726 0.0 0.210315105659 0.462738076884 0.378676853505 2.04270430674 0.0 0.0 0.0 181.0 34.0 35.0 -0.269547034677 0.309242523847 -0.0340932632539 0.0663647776473 0.0 
1.2336317537 0.851151138875 1.30072964373 0.0 0.0892828585429 0.0 0.804923079183 0.478372874022 0.44033194525 0.395890212464 0.0 0.553963694073 182.0 34.0 35.0 -0.30364029793 0.333333333333 -0.0743532850841 0.0247566256192 0.0 
1.41807136901 0.0 0.529912501252 1.62651692808 1.59243537227 0.0 1.03569067551 0.0 0.721638610543 0.0379541811929 0.391945071099 1.82167839463 181.0 34.0 35.0 -0.333333333333 0.333333333333 -0.0259321211596 0.0658033158602 0.0 
0.608967626469 0.770141389066 0.404719014599 1.14907029647 0.000952450259914 0.0 0.739205232017 0.0 0.0459035121124 0.0561285751267 1.59564308731 0.0 182.0 34.0 35.0 -0.333333333333 0.333333333333 -0.0620124879256 0.0269870031382 0.0 
1.79073114222 0.0 1.6954699598 1.24213134287 0.623036702585 2.0943506384 0.676632622155 0.5770756473 0.780042063214 0.540691324664 0.862812653813 0.959428814628 182.0 34.0 35.0 -0.333333333333 0.333333333333 0.0960500061271 0.0401168984109 0.0 
1.05483369098 0.79403648148 0.0 1.20596261433 1.46822323947 0.0 0.457373061531 0.108186646665 0.0 0.0 0.0 0.0 182.0 34.0 35.0 -0.237283327206 0.333333333333 -0.0163424689527 -0.113275290916 0.0 
2.2834763156 1.7558980401 0.38661432732 1.18205166934 0.0682294124472 0.486381143781 0.362309054027 0.0 1.32222107023 0.796285467155 0.118538968557 0.0 182.0 34.0 35.0 -0.253625796159 0.220058042417 -0.0251520926887 0.0405495501314 0.0 
0.0 0.954271526993 0.0 0.317479029832 0.278030485684 0.0 0.0 0.339749064824 0.358952133818 2.41483510498 1.32524570385 0.0 181.0 34.0 35.0 -0.278777888848 0.260607592549 -0.0732551048639 -0.188651267162 0.0 
3.05659470379 0.856809340386 0.368202892854 1.03615651243 1.06028439237 0.0 1.39435399924 0.0 0.379292608745 0.731679028634 0.0 1.51279031374 181.0 34.0 35.0 -0.333333333333 0.0719563253871 0.00287010176519 0.0863089210989 0.0 
0.611570185636 0.4303649303 0.538965171626 0.0 0.0915947635091 0.0 0.382896058147 0.0 0.630281445842 0.0 0.592328705494 0.0 182.0 34.0 35.0 -0.330463231568 0.158265246486 -0.0918645794473 0.168788312384 0.0 
0.0 0.251417176653 1.29291436597 0.539769107514 0.370126329831 0.0 0.294277964014 0.547894314456 1.69779065466 1.15557935097 0.123681858952 1.58093218842 182.0 34.0 35.0 -0.333333333333 0.32705355887 -0.00902862785807 0.0450317598544 0.0 
1.68781628292 1.60453668621 0.736013098813 0.734908855562 0.187343756241 0.0 0.247112842839 0.0 0.121883469219 0.453660544998 0.0 0.0312147746939 182.0 34.0 35.0 -0.333333333333 0.333333333333 -0.0956432771232 0.0671103203655 0.0 
1.03285457039 1.79884516857 1.05048096372 0.283549764198 0.0660762287834 0.333694106267 0.429547354885 0.0 1.30868706807 0.0 0.0 0.0 182.0 34.0 35.0 -0.333333333333 0.333333333333 -0.0567986255638 0.114588963516 0.0 
# HEADER 5
0.826980008965 0.785293281546 0.276743364265 0.48412930053 0.0 0.0 0.0 0.0 0.511728255582 0.0 0.0853978172895 0.724244786806 132.0 249.0 255.0 0 0 0.0335430686384 -0.0154512950745 0.0 
0.634412999699 0.40332152025 0.416479672643 0.0 0.0 1.07058898092 0.0 0.0450858509731 0.572006426212 0.747414720457 0.0661671065532 0.0 131.0 249.0 255.0 0.0335430686384 -0.0154512950745 -0.0975640351788 -0.000656068067004 0.0 
0.585382895694 0.0 1.30445667863 1.2202755758 0.0655954588212 0.414729906044 0.425484617782 0.0 1.295904413 0.0 0.159504317153 0.0 128.0 249.0 255.0 -0.0640209665404 -0.0161073631415 -0.0940417383028 0.20133029533 0.0 
0.47785679152 0.0 0.395662203859 0.290331189209 0.0 0.0 0.0 0.0 0.0 0.0 0.0 0.00237541839669 126.0 250.0 255.0 -0.158062704843 0.185222932189 0.101792625191 -0.0938695452341 0.0 
0.537253335932 0.116134640818 0.0 1.21704386493 0.0 0.0 0.525720021948 0.0 0.118324676614 0.2712418699 0.0 0.629053325535 125.0 249.0 255.0 -0.0562700796517 0.0913533869547 -0.0421028477973 0.0991275038802 0.0 
0.583010680781 1.36834064149 0.432504980598 0.0 0.0 0.0 0.431016231315 0.0 0.0690187032137 0.166660366035 0.686998706955 1.48957500374 130.0 246.0 230.0 -0.098372927449 0.190480890835 -0.0201148794199 -0.00475882555516 0.0 
0.0 0.0 0.0 0.0 0.0 0.0 0.216343281112 0.267148451867 0.0 0.23048870058 2.91470624463 0.614536493318 141.0 245.0 187.0 -0.118487806869 0.18572206528 0.045752698041 0.0874513510743 0.0 
0.343441064525 0.783382320347 2.14108569325 0.225953373433 0.0817050248662 2.18353475359 0.183329857226 4.95125144804 0.0 0.452317674185 1.5670022537 0.265827085238 156.0 241.0 132.0 -0.0727351088279 0.273173416354 0.0139193002657 -0.0660528734297 0.0 
0.0 0.0 0.0 0.0 0.0 1.86455969685 2.18524071614 2.39206482215 0.0 0.0 0.0 0.0 167.0 237.0 88.0 -0.0588158085622 0.207120542924 -0.0542641749505 0.0553662071277 0.0 
0.0 0.0 0.0 0.0 0.0 0.0 4.19665680989 0.635481799391 0.0 0.0 0.0 0.0 177.0 227.0 51.0 -0.113079983513 0.262486750052 -0.0583589327319 -0.101858939885 0.0888603631806 
# HEADER 6
0.0208891599047 0.0 0.0 0.170138394445 0.0 0.0 0.428628034302 0.0 0.00780137886436 0.0 0.0 0.520639039269 133.0 249.0 255.0 0 0 0.0141821609221 0.0547151301918 0.235782206089 
1.47217453157 0.6606015997 0.26490097093 0.0 0.194228858773 0.0 0.394776700471 0.0 0.0 0.631627822824 0.0 0.681339795428 133.0 249.0 255.0 0.0141821609221 0.0547151301918 0.0343499436894 0.0519949550996 0.0 
0.8252145013 0.743998043249 1.2024016703 1.14731582809 0.0 0.0 0.0 0.678202927015 0.0 0.0 0.0 0.0 128.0 248.0 255.0 0.0485321046114 0.106710085291 -0.0422414163779 -0.0588060732466 0.0 
0.0 1.62408285661 0.0334450743319 0.0795835125326 0.0 0.0 0.0 0.0 0.0 2.39863570888 0.0 0.0 127.0 247.0 249.0 0.00629068823354 0.0479040120448 -0.0455273211905 -0.00484457218559 0.0 
1.2362256092 1.09997294862 1.42223051607 0.0 0.0 0.0 0.0 0.0 0.0 0.774312344062 0.903357641328 2.30939041369 129.0 247.0 236.0 -0.039236632957 0.0430594398592 -0.0130246419591 0.0011516467859 0.0 
0.388149288953 1.91146455857 3.33130075319 0.239396923673 0.000481760050125 0.0 0.395177482013 2.30957182419 0.0 0.0 1.09733783257 1.57563157702 133.0 246.0 219.0 -0.0522612749161 0.0442110866451 -0.0109336958278 0.049167954278 0.0 
0.0 0.242207375959 2.97251075985 0.0 0.102705144937 0.152995272024 0.0 1.38716259384 0.304912414325 0.0 3.09778968598 0.760089861122 140.0 246.0 192.0 -0.0631949707439 0.0933790409231 0.0306435453764 -0.0688213783384 0.0 
1.58391795776 1.93437398212 5.55647341589 0.773771994752 1.05616227819 3.23654439661 0.0 3.07354609554 1.0913953828 1.94497198094 2.1006478514 1.14362427055 145.0 245.0 176.0 -0.0325514253676 0.0245576625847 -0.0782999865376 -0.0785935029544 0.0 
3.46193342056 4.65725852049 5.7060536058 1.90804962982 0.676590281942 3.2188054975 0.0 0.0 2.56580787723 7.46758343403 2.63650805763 3.89351776648 147.0 235.0 206.0 -0.110851411905 -0.0540358403696 0.0641725449812 0.139059373253 0.0 
0.587049510825 0.826935190572 1.93603566709 0.100111317008 0.198721122978 1.0014690356 0.0 0.579948073116 0.126675337486 0.0 2.06582039223 0.278348853408 152.0 230.0 200.0 -0.0466788669239 0.0850235328832 0.188273385076 -0.0271592883089 0.0 
0.0713620231119 0.422109316921 2.37564705738 0.963360043286 0.0787621372774 4.3231369684 0.0 1.6512672825 0.467381371577 0.0 1.72093484235 0.744704547725 153.0 237.0 173.0 0.141594518152 0.0578642445742 -0.032501918113 0.161279230326 0.0 
0.527281065982 0.0656725639478 3.33035170931 0.149299832559 0.0352569230179 2.72744130364 0.0 2.43665930595 0.0 0.0 2.99691469954 0.442324094808 151.0 246.0 137.0 0.109092600039 0.2191434749 0.0184111556463 0.0174731785503 0.0 
0.0 0.0 1.61705686489 0.163660735693 0.10151848984 2.24788056239 3.53510009039 3.17357255008 0.0 0.0 2.25867319424 0.0 155.0 247.0 99.0 0.127503755686 0.236616653451 0.0376911807665 -0.0282141493127 0.000706619523712 
0.0 0.0 0.0 0.0 0.0 0.0 11.3387883138 0.0 0.0 0.0 0.0 0.0 158.0 247.0 64.0 0.165194936452 0.208402504138 -0.0460925801197 -0.0319871505289 0.155037596814 
0.0 0.0 0.0 0.0 0.0 0.0 11.2094680125 0.0 0.0 0.0 0.0 0.0 158.0 246.0 43.0 0.119102356333 0.176415353609 -0.0192229122596 -0.0128310350163 0.114834384555 
0.0 0.0 0.0 0.0 0.0 0.0 14.2381420533 0.0 0.0 0.0 0.0 0.0 156.0 246.0 40.0 0.0998794440729 0.163584318593 -0.0124767863288 0.0647294880696 0.116642387422 
0.0 0.0 0.0 0.0 0.0 0.0 15.0940370628 0.0 0.0 0.0 1.39809489506 0.0 156.0 243.0 37.0 0.0874026577441 0.228313806662 0.114356214146 -0.095184864525 0.0 
0.0 0.0 0.0 0.0 0.0 0.0 15.3867243577 0.0 0.0 0.0 0.0 0.0 155.0 243.0 37.0 0.201758871891 0.133128942137 0.0828177758741 -0.152607089732 0.038238702335 
0.0 0.0 0.0 0.0 0.0 0.0 14.8989907109 0.0 0.0 0.0 0.0 0.0 153.0 248.0 39.0 0.284576647765 -0.0194781475949 0.105568593507 -0.0523020631052 0.0 
0.0 0.0 0.0 0.0 0.0 0.0 14.5093902828 0.0 0.0 0.0 0.0 0.0 150.0 255.0 45.0 0.333333333333 -0.0717802107001 0.0357122999931 0.031478270184 0.0 
0.0 0.0 0.0 0.0 0.0 0.0 15.9226918445 0.0 0.0 0.0 0.0 0.0 149.0 255.0 49.0 0.333333333333 -0.0403019405161 -0.0155630416376 -0.129588534686 0.0 
0.0 0.0 0.0 0.0 0.0 0.0 17.2887334491 0.0 0.0 0.0 0.0 0.0 148.0 255.0 52.0 0.317770291696 -0.169890475202 0.0505411719247 0.0209643482372 0.0 
0.0 0.0 0.0 0.0 0.0 0.0 17.9064204339 0.0 0.0 0.0 0.0 0.0 147.0 255.0 53.0 0.333333333333 -0.148926126965 0.113853214483 0.130137100592 0.0 
0.0 0.0 0.0 0.0 0.0 0.0 18.386357919 0.0 0.0 0.0 0.124280283271 0.0 147.0 255.0 54.0 0.333333333333 -0.018789026373 0.00364387375222 -0.148786321092 0.0 
0.0 0.0 0.0 0.0 0.0 0.0 18.9771390469 0.0 0.0 0.0 0.0 0.0 146.0 255.0 55.0 0.333333333333 -0.167575347465 0.0725872104043 -0.0841355356477 0.0 
0.0 0.0 0.0 0.0 0.0 0.0 19.8513397913 0.0 0.0 0.0 0.0 0.0 145.0 255.0 56.0 0.333333333333 -0.251710883113 0.0287047857818 -0.0158320901838 0.0 
0.0 0.0 0.0 0.0 0.0 0.0 19.4292190896 0.0 0.0 0.0 0.0 0.0 144.0 255.0 57.0 0.333333333333 -0.267542973296 -0.0547605578526 -0.0228637927426 0.0 
0.0 0.0 0.0 0.0 0.0 0.0 20.1490977601 0.0 0.0 0.0 0.0 0.0 144.0 255.0 58.0 0.278572775481 -0.290406766039 -0.110881652935 -0.0657297720657 -0.00701617730827 
0.0 0.0 0.0 0.0 0.0 0.0 20.374624982 0.0 0.0 0.0 0.0 0.0 144.0 255.0 58.0 0.167691122545 -0.333333333333 0.0165556959375 0.103024653166 0.00701617730827 
0.0 0.0 0.0 0.0 0.0 0.0 20.885319256 0.0 0.0 0.0 0.0 0.0 144.0 255.0 58.0 0.184246818483 -0.230308680167 -0.0748316498381 0.0807757730666 0.0 
0.0 0.0 0.0 0.0 0.0 0.0 18.6519417058 0.0 0.0 0.0 0.0 0.0 144.0 255.0 59.0 0.109415168645 -0.149532907101 -0.0825898434164 0.0692055261224 0.0 
0.0 0.0 0.0 0.0 0.0 0.0 20.1265892162 0.0 0.0 0.0 0.0 0.0 144.0 255.0 59.0 0.0268253252283 -0.0803273809785 0.032046117783 -0.086446237951 0.0 
0.0 0.0 0.0 0.0 0.0 0.0 20.3985066862 0.0 0.0 0.0 0.0 0.0 144.0 255.0 59.0 0.0588714430114 -0.166773618929 0.00911324683957 0.0200119818804 0.0 
0.0 0.0 0.0 0.0 0.0 0.0 19.297475275 0.0 0.0 0.0 0.0 0.0 144.0 255.0 59.0 0.0679846898509 -0.146761637049 0.151033422432 0.0234023259125 0.0 
0.0 0.0 0.0 0.0 0.0 0.0 20.3947358317 0.0 0.0 0.0 0.0 0.0 144.0 255.0 59.0 0.219018112283 -0.123359311137 -0.117817712468 -0.113796479209 0.0 
0.0 0.0 0.0 0.0 0.0 0.0 20.61778041 0.0 0.0 0.0 0.0 0.0 144.0 255.0 59.0 0.101200399815 -0.237155790345 0.0533855814683 -0.12658067344 -0.00701617730827 
0.0 0.0 0.0 0.0 0.0 0.0 20.3998932736 0.0 0.0 0.0 0.0144628225423 0.0 144.0 255.0 59.0 0.154585981284 -0.333333333333 0.0530962169384 -0.0426208633722 0.00701617730827 
0.0 0.0 0.0 0.0 0.0 0.0 21.3365404831 0.0 0.0 0.0 0.0 0.0 144.0 255.0 59.0 0.207682198222 -0.333333333333 -0.0205807128256 -0.0298194588177 0.0 
0.0 0.0 0.0 0.0 0.0 0.0 20.8129792472 0.0 0.0 0.0 0.0 0.0 144.0 255.0 59.0 0.187101485396 -0.333333333333 -0.141784729852 0.0311651159155 0.0 
0.0 0.0 0.0 0.0 0.0 0.0 21.9240932691 0.0 0.0 0.0 0.0 0.0 144.0 255.0 59.0 0.0453167555443 -0.302168217418 0.0203122615549 -0.139220980085 0.0 
0.0 0.0 0.0 0.0 0.0 0.0 22.1609533022 0.0 0.0 0.0 0.0 0.0 144.0 255.0 59.0 0.0656290170992 -0.333333333333 0.0161351530174 -0.105322282361 0.0 
0.0 0.0 0.0 0.0 0.0 0.0 21.1598275427 0.0 0.0 0.0 0.0 0.0 144.0 255.0 60.0 0.0817641701166 -0.333333333333 0.0755253600723 0.136874728231 0.0 
0.0 0.0 0.0 0.0 0.0 0.0 21.5465418952 0.0 0.0 0.0 0.0 0.0 144.0 255.0 60.0 0.157289530189 -0.196458605103 0.00741769701227 -0.0459574653086 0.0 
0.0 0.0 0.0 0.0 0.0 0.0 21.4169685499 0.0 0.0 0.0 0.0 0.0 144.0 255.0 60.0 0.164707227201 -0.242416070411 0.0114486578463 -0.1834824387 -0.00701617730827 
0.0 0.0 0.0 0.0 0.0 0.0 20.8680689664 0.0 0.0 0.0 0.0 0.0 144.0 255.0 60.0 0.176155885047 -0.333333333333 -0.0293792570442 -0.0216191705778 0.00701617730827 
0.0 0.0 0.0 0.0 0.0 0.0 21.3374548888 0.0 0.0 0.0 0.0 0.0 144.0 255.0 60.0 0.146776628003 -0.333333333333 -0.0155403786317 0.124264443005 0.0 
0.0 0.0 0.0 0.0 0.0 0.0 20.4028247832 0.0 0.0 0.0 0.0 0.0 144.0 255.0 60.0 0.131236249371 -0.209068890329 -0.0329190741696 -0.0607211524068 0.0 
0.0 0.0 0.0 0.0 0.0 0.0 20.4595930837 0.0 0.0 0.0 0.0 0.0 144.0 255.0 60.0 0.0983171752019 -0.269790042735 0.0431431470733 0.0787878181843 0.0 
0.0 0.0 0.0 0.0 0.0 0.0 20.8367753544 0.0 0.0 0.0 0.0 0.0 144.0 255.0 60.0 0.141460322275 -0.191002224551 0.135355432009 -0.0633058998087 0.0 
0.0 0.0 0.0 0.0 0.0 0.0 20.8373937685 0.0 0.0 0.0 0.0 0.0 144.0 255.0 60.0 0.276815754284 -0.25430812436 -0.0529152918447 0.113928590454 0.0 
0.0 0.0 0.0 0.0 0.0 0.0 19.7397387263 0.0 0.0 0.0 0.0 0.0 144.0 255.0 60.0 0.223900462439 -0.140379533905 -0.00668612775258 -0.0678534780242 0.0 
0.0 0.0 0.0 0.0 0.0 0.0 22.3391573688 0.0 0.0 0.0 0.0 0.0 144.0 255.0 60.0 0.217214334687 -0.20823301193 -0.00369595837893 -0.0848508496124 0.0 
0.0 0.0 0.0 0.0 0.0 0.0 21.4066174024 0.0 0.0 0.0 0.0 0.0 144.0 255.0 60.0 0.213518376308 -0.293083861542 0.192864555469 -0.126580999549 0.0 
0.0 0.0 0.0 0.0 0.0 0.0 20.9478817412 0.0 0.0 0.0 0.0 0.0 144.0 255.0 60.0 0.333333333333 -0.333333333333 0.100895857368 -0.0106457982142 0.0 
0.0 0.0 0.0 0.0 0.0 0.0 22.3669076481 0.0 0.0 0.0 0.0 0.0 144.0 255.0 60.0 0.333333333333 -0.333333333333 -0.079646156217 0.085625672881 0.0 
0.0 0.0 0.0 0.0 0.0 0.0 21.4028195519 0.0 0.0 0.0 0.0 0.0 144.0 255.0 61.0 0.253687177116 -0.247707660452 -0.103192787512 0.0138283928242 0.0 
0.0 0.0 0.0 0.0 0.0 0.0 22.1256086985 0.0 0.0 0.0 0.0 0.0 144.0 255.0 61.0 0.150494389604 -0.233879267628 0.0777302540475 -0.112992271755 0.0 
0.0 0.0 0.0 0.0 0.0 0.0 21.8360047711 0.0 0.0 0.0 0.0 0.0 144.0 255.0 61.0 0.228224643652 -0.333333333333 -0.114011106245 0.103320854004 0.0 
0.0 0.0 0.0 0.0 0.0 0.0 22.2729391384 0.0 0.0 0.0 0.0 0.0 144.0 255.0 61.0 0.114213537406 -0.230012479329 0.00676278372322 0.12950829142 0.0 
0.0 0.0 0.0 0.0 0.0 0.0 21.8985462374 0.0 0.0 0.0 0.0 0.0 144.0 255.0 61.0 0.12097632113 -0.10050418791 -0.0958315108062 -0.165098171108 0.0 
0.0 0.0 0.0 0.0 0.0 0.0 22.1500144147 0.0 0.0 0.0 0.164237347118 0.0 144.0 255.0 61.0 0.0251448103234 -0.265602359017 -0.0412865533829 -0.0251963618594 0.0 
0.0 0.0 0.0 0.0 0.0 0.0 23.4395680635 0.0 0.0 0.0 0.0 0.0 144.0 255.0 61.0 -0.0161417430596 -0.290798720877 -0.05105795337 -0.0491613865472 -0.0446299416348 
0.0 0.0 0.0 0.0 0.0 0.0 22.758492973 0.0 0.0 0.0 0.0 0.0 144.0 255.0 61.0 -0.0671996964296 -0.333333333333 -0.0630512891322 0.149514807581 0.0 
0.0 0.0 0.0 0.0 0.0 0.0 21.9121616821 0.0 0.0 0.0 0.0 0.0 149.0 255.0 56.0 -0.130250985562 -0.183818525753 0.0426682073714 -0.00331031214843 0.0446299416348 
0.0 0.0 0.0 0.0 0.0597715844378 0.0 18.6539472574 0.0 0.0 0.0 0.0 0.0 159.0 252.0 51.0 -0.0875827781904 -0.187128837901 -0.129441830549 0.00266523323051 0.0 
0.0 0.0 0.0 0.0 0.0 0.0 14.0499273073 0.0 0.0 0.0 0.0 0.0 168.0 250.0 53.0 -0.217024608739 -0.184463604671 -0.0239848442773 0.0275056627348 -0.038238702335 
0.0 0.0 0.0 0.0 0.761700113073 0.0 10.1125188475 0.0 0.0 0.0 0.165110819025 0.0 157.0 250.0 253.0 -0.241009453017 -0.156957941936 -0.0200945157566 0.14207376861 0.00662282488624 
0.18520417162 0.0 0.0 0.0 1.19832809931 0.0 4.47501182544 0.0 0.0 0.0 0.0 0.0 165.0 249.0 255.0 -0.261103968773 -0.0148841733255 0.00574921792074 0.0489598197922 0.0388809864685 
0.379319590785 0.0 0.0 0.608630011342 0.215598807765 0.0 2.70490288304 0.0 1.6636931879 0.0 0.0 0.111953330234 181.0 249.0 255.0 -0.255354750853 0.0340756464667 0.0442775514199 0.0567633621808 0.0 
0.930927372311 0.447036507505 0.0 0.106001989244 0.65466981771 0.0 2.142349943 0.0 1.57038340761 0.532607612933 0.0 0.0 196.0 226.0 255.0 -0.211077199433 0.0908390086475 0.075364295365 -0.0249691940948 0.0 
1.23592331702 0.609703238385 0.695788880528 0.610425662811 0.400863423019 0.579437452784 1.43354931724 0.0 0.847267375635 1.19318873137 0.0 0.962480512829 208.0 186.0 251.0 -0.135712904068 0.0658698145528 0.196714236972 -0.0598508354582 0.0 
0.426484477345 0.0 0.0 0.179136585351 0.277473588312 0.0 2.77724192113 0.0 0.521523666448 0.0 0.0 0.0 208.0 177.0 248.0 0.0610013329041 0.0060189790946 0.125835474953 -0.110500520713 -0.0388809864685 
1.57108245064 0.94162967162 0.033907157675 0.588129971554 0.656155482083 0.0 2.51804464352 0.802735995284 1.10291505415 0.0 0.0 0.0 195.0 204.0 254.0 0.186836807858 -0.104481541618 -0.0994574231247 -0.0794202860492 0.0388809864685 
1.7602656934 0.0 0.0 1.59893811437 0.740959827133 0.0 2.36555716717 0.452262178875 1.46809920941 0.901952412764 0.0 1.316227962 189.0 248.0 255.0 0.0873793847328 -0.183901827668 -0.0183970165033 -0.0324860195712 0.0 
2.12962873257 0.839893039844 0.154499412271 1.46494224225 1.12444518983 0.0 2.20070152088 0.0 0.829570714882 0.285965076252 0.0 0.522576023215 180.0 249.0 255.0 0.0689823682295 -0.216387847239 -0.0598681628549 -0.0169511016586 -0.0388809864685 
0.503358292077 0.581644589705 0.589170238401 0.56507203905 0.127065590238 0.0 1.47339620645 0.0 1.67604992009 0.254632223099 0.253059277973 0.629861787138 171.0 249.0 255.0 0.00911420537462 -0.233338948897 0.0118429747003 0.0100000948035 0.0388809864685 
0.743124406661 1.19499445681 0.463210316875 0.611160174671 0.397926369494 0.0 1.33171546568 0.0 0.210620458569 1.48333361596 0.0 0.381592792422 166.0 250.0 255.0 0.0209571800749 -0.223338854094 0.0537952227464 -0.00855228872558 0.0 
2.285215792 1.41304925608 1.05688018809 1.09720219746 0.226150924986 0.0 1.44856513886 0.288416761324 0.480623194757 0.112597615548 0.0 0.916224449259 164.0 250.0 255.0 0.0747524028213 -0.23189114282 -0.0116537476413 -0.0454526995144 -0.0388809864685 
0.0 0.0 0.0 0.0 0.0 0.0 3.24877447572 0.0 0.0291620494669 0.0 0.0 0.0 157.0 250.0 255.0 0.0630986551801 -0.277343842334 0.100764910132 -0.10763501578 0.0 
1.85695182837 1.10989320916 0.0517209707301 1.36188005576 0.0 0.0379943645718 2.33991140117 0.0 0.8481201854 0.509372223786 0.0 0.732166307291 148.0 250.0 255.0 0.163863565312 -0.333333333333 -0.081946545296 0.106842190749 0.0388809864685 
2.99808259905 1.87174287125 0.98847669638 1.14641418701 0.171599357668 0.0 2.09896484196 0.0 0.0 0.517178963023 0.0 1.66021839065 139.0 250.0 255.0 0.0819170200159 -0.226491142585 -0.112510054006 -0.131147126701 -0.0388809864685 
# HEADER 7
0.216731919266 1.03696982968 0.0498304950994 0.755923521993 0.178176012986 0.51197349961 0.464031319228 0.0 1.05045677412 1.40877107608 0.0 0.382632315067 132.0 247.0 255.0 0 0 0.0103938495304 -0.0473079908862 0.0388809864685 
0.594545310176 0.849640302222 0.0 1.31300456974 0.172090055521 0.0 0.46306983756 0.0 0.0 0.853420983075 0.0 0.0 132.0 249.0 255.0 0.0103938495304 -0.0473079908862 0.00459144386385 -0.0945332575638 0.0 
0.502066674775 0.0 0.00320659943366 1.09998872927 0.195072728856 0.0 0.0573670266462 0.0 0.138570061118 1.12623497535 0.0 0.318160372634 132.0 249.0 255.0 0.0149852933943 -0.14184124845 -0.165509120004 0.0284222440582 0.0 
1.18208155414 0.857349807284 0.357084184679 0.108334780464 0.0 0.0 1.23778065563 0.0 0.84593444551 0.905907976811 0.0 1.7835909427 138.0 250.0 255.0 -0.15052382661 -0.113419004392 -0.13061690286 0.0632706218576 0.0 
0.213699572122 1.81281348306 0.976194270471 1.45855241206 1.04559350513 0.912086687771 0.302879533608 0.0 0.766440059235 0.493891491245 0.0 0.304612087104 157.0 250.0 255.0 -0.281140729469 -0.0501483825342 0.0534974688324 0.0743850371281 0.0 
0.186878023929 0.617129067154 0.483058628023 0.061394656055 0.174442724015 0.0 0.754943033351 0.0 1.24994893622 0.965125732729 0.107683280327 0.803779040695 175.0 250.0 255.0 -0.227643260637 0.0242366545938 -0.0475297705909 0.0259013089096 0.0 
0.232936005987 1.81008118399 0.954115265398 0.792020670555 0.0 0.103250440252 0.488950609432 0.678767207692 1.39642037356 0.2522792909 0.0 0.732848899032 190.0 236.0 255.0 -0.275173031228 0.0501379635034 0.10678650863 -0.161940467051 0.0 
1.72228556808 3.29191816222 0.993581307073 1.48008917367 0.278821191941 0.146285263428 0.0 0.0 2.29852212142 3.50964352549 0.108293593271 1.29457984243 208.0 238.0 255.0 -0.168386522598 -0.111802503548 -0.0744735845503 -0.0256774016384 0.0 
0.288993009279 0.0 1.3172320939 1.11667362316 1.62840851525 0.0 0.377155931828 0.0 0.146886370348 1.14277534419 0.00999296266879 0.0 224.0 247.0 255.0 -0.242860107149 -0.137479905186 -0.107296691639 0.00996137132378 0.0 
1.23477242874 0.543544490715 0.553032513022 1.06755163174 0.659931596203 0.0 0.828750421827 0.0 0.353867345893 0.505889228715 0.0 1.25589783462 231.0 244.0 255.0 -0.333333333333 -0.127518533862 0.106965325842 0.14165256287 0.0 
1.11351808321 0.953861522578 0.0 0.0 0.33325663249 0.0 0.296892267281 0.652211124592 1.81988483463 1.51864970142 1.0118046766 1.26472810256 231.0 238.0 255.0 -0.226368007491 0.0141340290078 -0.00804589613454 -0.0573494396333 0.0 
1.81184102605 0.0 0.819925489557 0.0 0.40476983206 0.0 0.0 0.0 0.8452042767 0.545323631264 0.0 1.28824277234 235.0 241.0 255.0 -0.234413903625 -0.0432154106255 -0.0149953606099 0.138059732613 0.0 
2.15217239267 2.00869918464 0.96822314913 1.09870269741 0.152364763722 0.0 0.0 0.0 0.0789928330837 1.20455849971 0.0 0.364230807595 235.0 223.0 254.0 -0.249409264235 0.0948443219873 -0.11544561968 -0.119844095695 0.0 
0.712223873754 0.829323094616 0.0228007894425 0.988661479788 0.0 0.0 0.0 0.0 1.78731886716 1.39197093962 0.0 0.722885301099 235.0 225.0 255.0 -0.333333333333 -0.0249997737082 0.0368091639526 0.0423128444297 0.0 
1.18937691926 0.825704735192 0.215880226612 0.0 0.300864437047 0.0 1.00936621973 0.0 1.36594025545 0.646631656059 0.0 0.0 235.0 224.0 254.0 -0.296524169381 0.0173130707216 -0.0318570850436 -0.061622724126 0.0 
2.82959988015 3.44435349145 1.21217235427 1.33941553033 0.0 1.75218979314 0.0 0.0 0.97738515514 3.21704195755 0.0 2.99822080757 236.0 234.0 255.0 -0.328381254424 -0.0443096534044 0.0534227188164 -0.13737107192 0.0 
0.0 0.0 0.0 0.0 0.0 0.0 0.0 0.0 0.0 2.44174598252 0.0 0.0 236.0 241.0 255.0 -0.274958535608 -0.181680725324 0.0987028509357 -0.120679886731 0.0 
0.0 0.0 0.0 0.0 0.0 0.0 0.0 0.0 0.300669420121 1.95531346456 0.0 0.0 236.0 241.0 255.0 -0.176255684672 -0.302360612055 -0.0501541064681 -0.0573203457629 0.0 
0.0 0.0 0.0 0.0 0.0 0.0 0.0 0.0 0.0 2.43270672165 0.0 0.0 236.0 241.0 255.0 -0.22640979114 -0.333333333333 0.0384887950582 -0.0714121861308 0.0 
0.0 0.0 0.0 0.0 0.0 0.0 0.0 0.0 0.0 1.92321961045 0.0 0.0 236.0 241.0 255.0 -0.187920996082 -0.333333333333 0.140176245768 0.0388462020317 0.0 
0.0 0.0 0.0 0.0 0.0 0.0 0.0 0.0 0.0 2.33128946019 0.0 0.0 236.0 241.0 255.0 -0.0477447503143 -0.294487131302 0.0735602925226 0.0311841146091 0.0 
0.0 0.0 0.0 0.0 0.0 0.0 0.0 0.0 0.0 1.83553423174 0.0 0.0 235.0 241.0 255.0 0.0258155422083 -0.263303016693 0.178996660181 -0.0252878715776 0.0 
# HEADER 8
1.29966168443 1.07474587443 0.674266927372 0.21460789001 0.252350829855 0.370117776475 0.195558767652 0.0 0.874517545407 1.1283240215 0.0 0.50524812597 132.0 247.0 255.0 0 0 0.0247690858565 -0.0675687354336 0.0 
0.0 0.0 0.0 0.556834656742 0.206720200081 0.0 1.21157059105 0.0 1.79362711775 0.468280734069 0.0 0.0 133.0 250.0 255.0 0.0247690858565 -0.0675687354336 0.0280748981077 0.0774086662347 0.0 
0.0647520925051 0.0 0.0 0.0 0.0 0.0 0.337601995276 0.0 0.317054102364 0.397523145936 0.0 0.0 133.0 250.0 255.0 0.0528439839642 0.00983993080107 0.117906873346 -0.0730951287992 0.0 
0.922919069265 0.0 0.139012852581 0.421579321016 0.203774699045 0.0 0.818861111163 0.0 1.18740087591 0.35349555093 0.0 1.7059821831 127.0 251.0 255.0 0.17075085731 -0.0632551979982 0.11679941336 -0.0488151220498 0.0 
0.764461679686 1.91871214394 0.0132907404607 1.05651028107 0.0 0.25228769009 0.882141274914 0.474849276082 0.335040196718 0.341223502761 0.286834178038 1.96625810857 125.0 253.0 255.0 0.28755027067 -0.112070320048 0.0430098703969 0.116751250192 0.0 
0.0 2.02603543697 0.0 1.34002406761 0.204563104239 0.0 0.0 0.0 0.0 0.434055526844 0.163247082435 2.31432407898 122.0 255.0 255.0 0.330560141067 0.00468093014439 0.149184009331 -0.0302347903995 0.0 
0.623264264817 2.96313403957 1.6353296938 0.0 0.0 0.58005297563 0.571937953313 0.0 0.709911112637 0.0 2.15161916307 3.02136143066 120.0 255.0 255.0 0.333333333333 -0.0255538602551 0.0268023303367 0.0567518888489 0.0 
0.97241466984 4.32190780837 2.51330078242 0.785383237603 0.0 0.0 0.0 0.400027304137 0.601763682627 0.34765210838 3.44387077105 4.44078770292 117.0 255.0 255.0 0.333333333333 0.0311980285938 0.0619360873923 -0.190189709892 0.0 
0.455111449359 4.55176381285 3.9553945625 1.30973026303 0.0 0.0 1.09687512065 0.135300000609 0.600959689966 0.557476374231 4.36344533796 4.54898518271 115.0 255.0 255.0 0.333333333333 -0.158991681299 -0.0530008064073 0.0395995971557 0.0 
0.320425603689 5.68448318118 4.76162955854 0.0 0.205521950786 0.143719099924 1.20718406032 0.134651647154 0.0 1.3072068927 5.30595176488 4.31874070467 114.0 255.0 255.0 0.280332526926 -0.119392084143 0.0159564453621 0.0318838375253 -0.0455038113548 
0.0 6.65799760045 4.30700112258 0.736941672562 0.264227651997 0.0 0.0291055481416 1.26465415848 0.733519482161 1.54658573722 8.00990430871 5.54903952542 112.0 255.0 255.0 0.296288972288 -0.0875082466177 -0.0277774192384 -0.0239091963477 0.0 
0.0 6.55745980354 6.25603912169 0.0 0.0 0.385177538331 0.817739616112 2.85082914921 0.225533803338 0.723073105232 7.94566433694 7.0615094364 112.0 255.0 255.0 0.26851155305 -0.111417442965 -0.117306911991 -0.0268011186226 0.038238702335 
0.0 7.52942174006 6.8072243194 0.0 0.0 1.26710636607 0.0 1.71807140669 0.0 3.01854881007 7.31172754854 7.13520085335 111.0 255.0 255.0 0.151204641058 -0.138218561588 -0.0975541527459 0.0169083701278 0.0 
0.0 4.89802177129 6.17533490598 0.0 0.205802945614 0.0 0.0 2.88060384396 0.0 0.0 7.20974032764 6.16460448509 111.0 255.0 255.0 0.0536504883124 -0.12131019146 0.0348706523128 0.216345693629 0.0 
0.0 6.29148632317 6.97425875108 0.0 0.199506527527 1.03711919307 0.0 1.18357871915 0.0 0.271995352126 5.36277312948 7.58155023895 111.0 255.0 255.0 0.0885211406252 0.0950355021692 -0.138844922074 0.0495393489879 0.0 
0.302755052852 7.28581842389 8.36540964532 0.535458974522 0.0 2.21417263635 0.0 1.51064265371 0.553767405826 3.54551680757 6.49934234675 6.17043913318 111.0 255.0 255.0 -0.0503237814491 0.144574851157 0.0200048686084 0.106577997065 0.0 
0.0 4.07539226771 6.420740597 0.362528803512 0.0 0.840575734073 0.0777924572 0.0 0.0 0.173003782496 7.04047595314 5.21836493681 112.0 255.0 251.0 -0.0303189128407 0.251152848222 0.0889579268038 0.0428027012557 0.0 
1.13386949604 6.13928392356 12.2696127277 0.740720295167 0.0 4.59460824138 0.0 3.20401060914 0.0 0.00951133419313 10.5542499802 5.18813934497 116.0 255.0 225.0 0.0586390139631 0.293955549478 -0.0816057316363 0.00870718585522 0.0 
0.424083814086 3.80125363472 15.6775194034 0.0 0.0 9.12406408123 0.324805132517 8.83118236317 0.0 0.0 10.7718614755 3.3099006977 123.0 254.0 191.0 -0.0229667176732 0.302662735333 0.108311463149 0.0759047400323 0.0456078653679 
0.0 0.0 6.78606830455 0.0466453183978 0.0 9.84669514249 3.67268811046 11.5194294365 0.0 0.0 6.91855905643 0.0 131.0 252.0 157.0 0.0853447454756 0.333333333333 0.0677938054641 0.011181592498 0.0377055077754 
0.0 0.0 0.0 0.0 1.01661541489 5.93851645683 10.3719673029 9.3731285483 0.0 0.0 2.95144736928 0.0 137.0 253.0 115.0 0.15313855094 0.333333333333 -0.0328136659357 -0.0461800894819 0.0828727112889 
0.0 0.0 0.0 0.0 0.0 0.0 20.7006697049 3.13352976335 0.0 0.0 1.66277766304 0.0 139.0 254.0 84.0 0.120324885004 0.287153243851 -0.0431194339416 0.0392911237891 0.0924782677705 
0.0 0.0 0.0 0.0 0.0 0.0 20.3712335768 0.0 0.0 0.0 1.0284586173 0.0 140.0 255.0 51.0 0.0772054510624 0.326444367641 -0.118511476688 -0.0410501119647 0.137510562877 
0.0 0.0 0.0 0.0 1.0085178269 0.0 13.6831831379 0.0 0.0 0.0 0.814387780876 0.0 143.0 247.0 37.0 -0.0413060256257 0.285394255676 0.16664775542 -0.159196214656 0.146121501588 
0.0 0.0 0.0 0.0 0.0 0.0 12.7667402961 0.0 0.0 0.0 0.276655723122 0.0 147.0 244.0 37.0 0.125341729794 0.126198041019 0.030938374553 0.0814798177516 0.0723807407834 
0.0 0.0 0.0 0.0 0.0 0.0 11.0492958767 0.0 0.0 0.0 0.00261454401991 0.0 148.0 243.0 37.0 0.156280104347 0.207677858771 -0.0380828159968 -0.0314192026943 0.0411715754106 
0.0 0.0 0.0 0.0 0.192748797676 0.0 12.2859769873 0.0 0.0 0.0 0.0 0.0 146.0 244.0 37.0 0.118197288351 0.176258656077 -0.15993855221 0.0356959755843 0.0 
0.0 0.0 0.0 0.0 0.0 0.0 12.3898813544 0.0 0.0 0.0 0.103880153463 0.0 145.0 245.0 37.0 -0.0417412638593 0.211954631661 -0.0209590418534 -0.0414877781118 0.0 
0.0 0.0 0.0 0.0 0.0 0.0 12.3121622308 0.0 0.0 0.0 0.0 0.0 145.0 246.0 37.0 -0.0627003057127 0.170466853549 0.103231683636 0.0920820920381 0.0 
0.0 0.0 0.0 0.0 0.0256228976094 0.0 13.2259435231 0.0 0.0 0.0 0.0 0.0 144.0 245.0 37.0 0.040531377923 0.262548945587 -0.0546113204183 0.0263765747096 0.0 
0.0 0.0 0.0 0.0 0.214222612568 0.0 14.3273376272 0.0 0.0 0.0 0.0 0.0 145.0 243.0 37.0 -0.0140799424954 0.288925520297 0.121990846268 -0.00386682826198 0.0 
# HEADER 9
1.25715156952 0.828785820843 0.0798725225471 0.954864248126 0.6243908836 0.677126527589 0.348124340683 0.0 1.7694828246 0.508329516431 0.219785010074 0.785828636264 133.0 250.0 255.0 0 0 0.103226977268 0.122093017353 0.194768643357 
0.714678578333 0.841390182923 0.105867651287 0.943103094085 0.213015232271 0.0 1.26563540193 0.0145945767949 0.797951263561 0.957441145892 0.0 1.48682601949 133.0 248.0 255.0 0.103226977268 0.122093017353 0.00267736229546 0.0499366440269 -0.0192502533424 
1.25649914499 1.71464082699 1.00011467482 0.0 0.213330642138 0.0 0.435550124589 0.0168685667977 0.748471427953 1.23960745198 1.12543050555 0.444005019319 129.0 244.0 240.0 0.105904339564 0.17202966138 0.114521618902 0.0440838908155 0.0192502533424 
# HEADER 10
2.07143478723 2.21959267403 1.05882984235 0.607357307135 0.270583100352 0.230724853673 0.39972380663 0.0 1.4054171677 0.57155958449 0.0 1.22040756325 135.0 249.0 255.0 0 0 0.073277334213 0.0154958717656 0.0 
2.9894264056 1.08768941321 0.0 1.43928016609 1.07447831686 0.503497134714 0.0 0.0 0.819231816227 2.31708126264 0.0 2.02353246286 134.0 245.0 255.0 0.073277334213 0.0154958717656 -0.00786330107801 0.130388964668 0.0 
0.0 0.0 0.0 0.124449625369 0.0 0.0 0.0 0.0 1.42660616381 2.90730459041 0.784598532534 0.0 130.0 247.0 239.0 0.065414033135 0.145884836434 0.219602996586 0.0322423364335 0.016615844371 
0.301981396806 1.16139235177 1.00083833147 0.0 0.0 0.0 0.0 0.0 0.86943916484 3.59898478913 1.87729335462 1.96319260839 133.0 248.0 206.0 0.285017029721 0.178127172867 0.156037552778 0.0401823630789 0.0 
0.0 0.0 8.10693166978 0.0 0.0 3.96501624617 0.405378704594 2.79799226917 0.715353454448 0.0 5.6934684392 0.0168521868756 136.0 249.0 174.0 0.333333333333 0.218309535946 -0.037456548127 0.081247380753 0.0 
0.422471146911 1.62751692237 9.9834900142 0.0 0.0 10.916666396 0.997948938565 7.84563955838 0.0 0.74198226851 4.60091881984 1.54527430571 137.0 251.0 143.0 0.295876785206 0.299556916699 0.00265377265159 0.107839320588 0.0167976401634 
0.0 0.0 0.605176407623 0.0 0.0 8.67995019319 8.98821694863 9.18591881131 0.0 0.0 2.56809360016 0.0 138.0 252.0 111.0 0.298530557858 0.333333333333 -0.160716550009 -0.129237130908 0.0842672365966 
0.0 0.0 0.0 0.0 0.997891436931 3.74915587363 14.8531883435 5.05066702037 0.0 0.0 2.55011843663 0.0 140.0 253.0 86.0 0.137814007849 0.204096202425 -0.00110075477336 -0.053256843128 0.0983073058998 
0.0 0.0 0.0 0.0 0.0 0.0 19.1545854793 0.735449801026 0.0 0.0 0.0 0.0 141.0 254.0 74.0 0.136713253076 0.150839359297 -0.0647168380719 0.139839802843 0.0683524402195 
0.0 0.0 0.0 0.0 1.28061198578 0.0 17.9023414071 0.0 0.0 0.0 0.542299353417 0.0 141.0 254.0 50.0 0.0719964150039 0.29067916214 -0.0913933262008 -0.0686457591492 0.0754145683943 
0.0 0.0 0.0 0.0 0.0 0.0 14.1538018679 0.0 0.0 0.0 0.0198471649653 0.0 143.0 247.0 40.0 -0.0193969111969 0.222033402991 0.0613855170913 -0.0300612742413 0.0619722855481 
0.0 0.0 0.0 0.0 0.0 0.0 10.4687461266 0.0 0.0 0.0 0.946473051314 0.0 145.0 247.0 37.0 0.0419886058944 0.19197212875 0.0317205457896 0.0447359752134 0.0697442761693 
0.0 0.0 0.0 0.0 0.0 0.0 11.4478768771 0.0 0.0 0.0 0.666769207002 0.0 146.0 246.0 37.0 0.073709151684 0.236708103963 0.0565529778828 0.087820862337 0.0322476688157 
0.0 0.0 0.0 0.0 0.0 0.0 13.2780022313 0.360932849638 0.0 0.0 2.19076925588 0.0 146.0 244.0 37.0 0.130262129567 0.3245289663 0.119946268751 -0.0809008061913 0.0 
0.0 0.0 0.0 0.0 0.760825397832 0.0 12.3596137054 0.0 0.0 0.0 0.0 0.0 145.0 243.0 37.0 0.250208398318 0.243628160109 0.069958032238 0.0120361040661 0.0159775733001 
0.0 0.0 0.0 0.0 0.305551319901 0.0 14.2464918528 0.0 0.0 0.0 0.0 0.0 144.0 243.0 37.0 0.320166430556 0.255664264175 -0.0457651808397 -0.082929384168 -0.0159775733001 
0.0 0.0 0.0 0.0 0.0 0.0 14.4025209117 0.0 0.0 0.0 0.19321454798 0.0 144.0 243.0 37.0 0.274401249716 0.172734880007 -0.0465372371671 0.0391450477239 0.0 
0.0 0.0 0.0 0.0 0.0497758105051 0.0 14.3793875596 0.0 0.0 0.0 0.371478559781 0.0 142.0 244.0 37.0 0.227864012549 0.211879927731 0.044077666993 -0.00193470838536 0.0 
0.0 0.0 0.0 0.0 0.0 0.0 15.3539523486 0.0 0.0 0.0 0.0 0.0 140.0 245.0 37.0 0.271941679542 0.209945219345 0.012425893116 -0.183665809533 0.0 
0.0 0.0 0.0 0.0 0.0 0.0 15.3753870455 0.0 0.0 0.0 0.178315231195 0.0 139.0 246.0 37.0 0.284367572658 0.0262794098128 0.0883151313094 -0.010724640924 0.0 
0.0 0.0 0.0 0.0 0.0 0.0 16.3402726601 0.0 0.0 0.0 0.0 0.0 139.0 247.0 37.0 0.333333333333 0.0155547688888 -0.0158969500478 -0.0124246528454 0.0 
0.0 0.0 0.0 0.0 0.58844488085 0.0 15.6291444024 0.0 0.0 0.0 0.0 0.0 138.0 246.0 37.0 0.317436383286 0.00313011604346 -0.0336739097597 -0.155860848499 0.0 
0.0 0.0 0.0 0.0 0.0 0.0 15.901315155 0.0 0.0 0.0 0.0 0.0 138.0 255.0 41.0 0.283762473526 -0.152730732456 0.020865859347 0.0633195992918 0.0 
0.0 0.0 0.0 0.0 0.273940104099 0.0 17.3139561135 0.0 0.0 0.0 0.0 0.0 139.0 255.0 46.0 0.304628332873 -0.089411133164 -0.133864951897 -0.00286232240106 -0.01607756217 
0.0 0.0 0.0 0.0 0.0 0.0 17.4024791034 0.0 0.0 0.0 0.0 0.0 139.0 255.0 47.0 0.170763380976 -0.0922734555651 0.169809988159 0.0377093685246 0.0 
0.0 0.0 0.0 0.0 0.0 0.0 16.6450130743 0.0 0.0 0.0 0.374652946424 0.0 139.0 255.0 48.0 0.333333333333 -0.0545640870405 0.143087328663 0.0534461692832 0.0 
0.0 0.0 0.0 0.0 0.1619779789 0.0 17.6493930235 0.0 0.0 0.0 0.0 0.0 139.0 255.0 49.0 0.333333333333 -0.00111791775736 0.0661382619954 -0.0975328882949 0.0 
0.0 0.0 0.0 0.0 0.0 0.0 18.0126828281 0.0 0.0 0.0 0.0 0.0 139.0 255.0 49.0 0.333333333333 -0.0986508060522 -0.067728707291 0.0625033952564 0.0 
0.0 0.0 0.0 0.0 0.0 0.0 18.9481772546 0.0 0.0 0.0 0.0 0.0 139.0 255.0 49.0 0.265604626042 -0.0361474107958 0.0381718022518 -0.0369833012909 0.0 
0.0 0.0 0.0 0.0 0.0 0.0 19.253500766 0.0 0.0 0.0 0.245961623851 0.0 139.0 255.0 49.0 0.303776428294 -0.0731307120867 -0.11965036012 -0.0449138925654 0.0 
0.0 0.0 0.0 0.0 0.0 0.0 18.410347101 0.0 0.0 0.0 0.0 0.0 139.0 255.0 49.0 0.184126068174 -0.118044604652 0.0803368965018 -0.0381095353114 0.0 
0.0 0.0 0.0 0.0 0.0 0.0 18.6919034415 0.0 0.0 0.0 0.0 0.0 139.0 255.0 49.0 0.264462964676 -0.156154139964 -0.121116330461 -0.0533280040998 0.0 
0.0 0.0 0.0 0.0 0.0 0.0 19.3883304601 0.0 0.0 0.0 0.0 0.0 139.0 255.0 50.0 0.143346634215 -0.209482144063 -0.0086323685937 -0.0227651669243 0.0 
0.0 0.0 0.0 0.0 0.0 0.0 20.1840479402 0.0 0.0 0.0 0.0 0.0 139.0 255.0 50.0 0.134714265621 -0.232247310988 0.00642232268142 0.119834924972 0.0 
0.0 0.0 0.0 0.0 0.0 0.0 20.1113833259 0.0 0.0 0.0 0.0 0.0 139.0 255.0 50.0 0.141136588303 -0.112412386016 0.150592002364 -0.0956665457276 0.0 
0.0 0.0 0.0 0.0 0.0 0.0 19.9061632779 0.0 0.0 0.0 0.0 0.0 140.0 255.0 50.0 0.291728590666 -0.208078931743 0.1625941688 -0.0139941937804 0.0 
0.0 0.0 0.0 0.0 0.0 0.0 19.8540111626 0.0 0.0 0.0 0.0 0.0 140.0 255.0 50.0 0.333333333333 -0.222073125524 0.0517414509115 0.053342883405 0.0 
0.0 0.0 0.0 0.0 0.0 0.0 19.4583949729 0.0 0.0 0.0 0.0 0.0 140.0 255.0 50.0 0.333333333333 -0.168730242119 -0.152090486572 -0.075344441124 0.0 
0.0 0.0 0.0 0.0 0.0433422298974 0.0 19.402934785 0.0 0.0 0.0 0.0 0.0 140.0 255.0 50.0 0.181242846761 -0.244074683243 -0.0344978978031 -0.0665436508118 0.0 
0.0 0.0 0.0 0.0 0.0 0.0 20.3950141763 0.0 0.0 0.0 0.0 0.0 139.0 255.0 50.0 0.146744948958 -0.310618334054 -2.7660678129e-05 -0.0400276322663 0.0 
0.0 0.0 0.0 0.0 0.0 0.0 20.3754672444 0.0 0.0 0.0 0.0 0.0 140.0 255.0 50.0 0.14671728828 -0.333333333333 0.0191351608194 -0.0825342429673 0.0 
0.0 0.0 0.0 0.0 0.0 0.0 20.3754290668 0.0 0.0 0.0 0.0 0.0 140.0 255.0 50.0 0.1658524491 -0.333333333333 0.025364306326 -0.0767345908647 0.0 
0.0 0.0 0.0 0.0 0.0 0.0 20.4027727422 0.0 0.0 0.0 0.0 0.0 140.0 255.0 50.0 0.191216755426 -0.333333333333 0.109315805461 0.194201394734 0.0 
0.0 0.0 0.0 0.0 0.0 0.0 20.2817322933 0.0 0.0 0.0 0.0 0.0 140.0 255.0 50.0 0.300532560887 -0.139131938599 -0.14549170084 -0.112531187211 0.0 
0.0 0.0 0.0 0.0 0.0 0.0 19.2775897407 0.0 0.0 0.0 0.0 0.0 140.0 255.0 50.0 0.155040860047 -0.251663125811 -0.0397863458489 -0.0447725627889 0.0 
0.0 0.0 0.0 0.0 0.0 0.0 20.3947691498 0.0 0.0 0.0 0.0 0.0 140.0 255.0 50.0 0.115254514198 -0.2964356886 0.00241863700372 -0.00550713990019 0.0 
0.0 0.0 0.0 0.0 0.0 0.0 20.4203886408 0.0 0.0 0.0 0.190497643914 0.0 140.0 255.0 50.0 0.117673151202 -0.3019428285 -0.116568671915 -0.0616112473811 0.0 
0.0 0.0 0.0 0.0 0.181133204232 0.0 21.4653948554 0.0 0.0 0.0 0.0 0.0 141.0 255.0 50.0 0.00110447928618 -0.333333333333 0.0118560761332 -0.0287091013532 0.0 
0.0 0.0 0.0 0.0 0.0 0.0 19.6666203316 0.0 0.0 0.0 0.0 0.0 141.0 255.0 50.0 0.0129605554194 -0.333333333333 0.106810746768 0.00896267415164 0.0 
0.0 0.0 0.0 0.0 0.0 0.0 19.7900602252 0.0 0.0 0.0 0.0 0.0 141.0 255.0 50.0 0.119771302187 -0.324370659182 -0.180232971709 -0.0841577188905 0.0 
0.0 0.0 0.0 0.0 0.0 0.0 20.3957700687 0.0 0.0 0.0 0.0 0.0 148.0 255.0 47.0 -0.0604616695215 -0.333333333333 0.0784817848486 0.0403595207543 0.0 
0.0 0.0 0.0 0.0 0.221100260542 0.0 18.3442049391 0.0 0.0 0.0 0.0 0.0 150.0 254.0 46.0 0.018020115327 -0.292973812579 -0.127970999081 0.0991481413894 0.0 
0.0 0.0 0.0 0.0 0.0 0.0 19.3402117576 0.0 0.0 0.0 0.0 0.0 150.0 254.0 46.0 -0.109950883753 -0.19382567119 -0.184148250036 -0.0606752272995 0.0 
0.0 0.0 0.0 0.0 0.184506282482 0.0 17.4182066645 0.0 0.0 0.0 0.0 0.0 158.0 250.0 45.0 -0.29409913379 -0.254500898489 -0.157729502427 0.200313123385 0.0 
0.0 0.0 0.0 0.0 0.312541840282 0.0 14.6860594172 0.0 0.0 0.0 0.0 0.0 171.0 246.0 51.0 -0.333333333333 -0.0541877751042 0.0378409721906 -0.0969978139898 0.0 
0.0 0.0 0.0 0.0 0.741178988334 0.0 4.70458700811 0.0 0.0 0.0 0.934484152512 0.0 157.0 249.0 255.0 -0.295492361143 -0.151185589094 0.077042284151 0.0624979108789 0.0 
0.0 0.0 0.0 0.0 0.0 0.0 4.3860092868 0.0 0.0 0.0 0.918767147412 0.330754668967 174.0 250.0 255.0 -0.218450076992 -0.0886876782151 -0.0208124261756 -0.0489298291417 -0.0014265758959 
0.0 0.0 0.0 0.0 0.0 0.0 3.43321246819 0.0 0.0 0.0 0.0 0.0 192.0 250.0 255.0 -0.239262503167 -0.137617507357 0.0844058509178 -0.0134487914542 0.0175041380659 
1.0684570495 0.224977969864 0.0 0.249360184913 0.0 0.0 3.19284627511 0.0 0.0 0.0 0.0 0.0 206.0 249.0 255.0 -0.154856652249 -0.151066298811 0.0986281744258 0.0851306028584 0.0 
1.0871325403 0.0 0.0 0.0 0.0 0.0 2.87359494421 0.0 0.156028996116 0.0 0.0 1.21445553732 214.0 249.0 255.0 -0.0562284778236 -0.0659356959526 -0.0190824698325 0.194998732006 0.0 
0.883898275024 1.1662746642 0.153743409739 0.103937066639 1.08353291506 0.0 2.3949647543 0.0 2.10698149172 0.858990866422 0.0 1.2937057913 220.0 232.0 255.0 -0.0753109476561 0.129063036054 0.0707445322606 -0.0739170583142 0.0 
1.93544625823 1.32773430763 0.512825892926 1.8808754198 0.325763984558 0.0 1.88178417069 0.159212790931 1.10690521064 1.43692338226 0.0 1.60288714299 223.0 197.0 255.0 -0.00456641539554 0.0551459777394 0.0326047838435 0.0646292820117 0.0 
0.0 0.0 0.0 0.187112255637 0.0 0.0 3.16463704433 0.0 0.0 0.0 0.0 0.449026215128 227.0 167.0 244.0 0.028038368448 0.119775259751 -0.0970007225539 -0.0947298092049 0.0 
0.314015267098 0.552336878967 0.0827755856141 0.633777432604 0.0 0.0 2.37330566514 0.0803714923341 0.201281033442 0.120714379344 0.0 0.553837194136 229.0 153.0 234.0 -0.0689623541059 0.0250454505462 0.0173308136865 0.0106481501252 0.0 
1.88857816867 2.31708466487 0.660168221958 0.457056216602 0.250386961234 0.317037544201 1.38788719057 0.0 0.658197473201 1.57862992361 0.0 2.48238735908 229.0 143.0 223.0 -0.0516315404194 0.0356936006714 -0.0822006853916 -0.122462588969 0.0 
1.94862112541 2.57959378945 0.667119703663 1.04155221319 1.18566832213 2.25557057125 0.479718232091 0.483663662412 1.46254743437 1.09735504666 0.0 2.13312505401 230.0 150.0 236.0 -0.133832225811 -0.0867689882974 -0.112938947548 -0.0213656684124 -0.0175041380659 
