nrollouts: 2
# HEADER 1
0.0 0.0 0.0 0.0 0.0 0.0 0.0 0.0 0.0 0.115658250664 0.0 0.0 133.0 247.0 255.0 0 0 0.0449843232272 -0.145754993935 
0.0 0.0 0.0 0.0 0.0 0.0 0.0 0.0 0.0 0.0539689129769 0.0 0.0 133.0 251.0 255.0 0.0449843232272 -0.145754993935 0.0689877209549 -0.062925934048 
0.0773973476854 0.769434146015 0.558056967683 0.0 0.0 0.0 0.0 0.0 0.0 1.48946022339 0.0 0.0 133.0 252.0 255.0 0.113972044182 -0.208680927983 0.0960141310519 -0.0399170537839 
1.18206167391 0.0 0.0 0.0 0.0 0.0 0.0 0.0 0.0 0.0 0.0 0.0 127.0 252.0 255.0 0.209986175234 -0.248597981767 0.0427028621409 0.00573501428812 
0.0 0.0 0.0 0.0 0.0 0.0 0.0 1.85303806045 0.0 0.0 0.0 0.0 123.0 254.0 255.0 0.252689037375 -0.242862967479 0.0872819850569 -0.119119047651 
0.0 1.91513998651 0.0 0.0 0.892117768693 0.0 0.0 0.0 0.0 0.403947812026 0.395188242918 0.0 122.0 255.0 255.0 0.333333333333 -0.333333333333 0.173322815267 0.110606680741 
1.05374853042 0.0 1.24702201148 0.310943130947 0.861778169773 0.0 0.989668800433 0.0 0.472771307012 0.0 1.51544243906 2.63204254021 121.0 255.0 255.0 0.333333333333 -0.222726652592 -0.0955219965763 0.0231682965271 
0.243927629113 2.18253025154 0.00960250995664 0.355078690794 1.32907758507 0.3250560537 0.125926770053 0.6220851241 0.0 0.0104714309448 1.11224223226 1.78899143617 120.0 255.0 255.0 0.237811336757 -0.199558356065 0.132438434319 0.0468299075975 
0.0 1.782391254 0.408395916592 0.0 0.0 1.69345222918 0.94224359411 1.15438475664 0.534219791742 0.0 1.56785252338 0.699828625836 119.0 255.0 255.0 0.333333333333 -0.152728448468 0.0221647412238 -0.202532634803 
0.0 3.70680908878 2.79547446766 0.0 0.0 0.454832503728 1.9043968864 2.20182415541 0.687679115668 0.0 2.1753237184 1.13439695762 118.0 255.0 255.0 0.333333333333 -0.333333333333 0.0500846061227 0.0307450783125 
0.0 5.01558249243 4.02503098714 0.197884264861 0.0 0.0 1.33997891572 0.921566323299 0.0 0.0 0.193408945485 2.99107724091 117.0 255.0 255.0 0.333333333333 -0.302588255021 0.190906790003 -0.0695172562533 
0.0 6.1797399124 7.43666821061 0.633523515659 0.0 0.0 0.759098880979 1.19365441404 0.263594480365 0.0 0.56888270966 1.95466625621 116.0 255.0 255.0 0.333333333333 -0.333333333333 -0.105285752033 -0.0172850439389 
0.0 8.12016521141 8.60315244148 0.115724826673 0.0 0.0 2.20907556053 1.01433500018 0.085096800462 0.0 1.54890442877 3.57786738214 115.0 255.0 255.0 0.2280475813 -0.333333333333 0.065475287764 0.0575873381279 
0.0 7.11599375536 11.2910713898 0.0 0.0 0.0830483214904 0.6285289582 2.5083564647 0.266842600056 0.0 1.79742237444 2.37758560342 115.0 255.0 255.0 0.293522869064 -0.275745995205 -0.0190752716144 -0.0632324851294 
0.0 9.48348776298 11.4492701977 0.0 0.119322964824 1.02953896329 0.891659925723 0.0 1.39698993692 3.10734682177 1.80429987541 2.65163908649 115.0 255.0 255.0 0.27444759745 -0.333333333333 -0.0333136276513 -0.0280472702533 
0.0 6.80387771796 12.3417132149 0.0 0.0 2.21516812478 0.742966629465 2.03825115054 0.150733313836 0.460702287733 4.24084150477 2.84699906721 114.0 255.0 255.0 0.241133969799 -0.333333333333 -0.0128323699464 0.127565546779 
0.0 8.68671420933 12.5990231233 0.0 0.0 1.56433926678 0.706564049453 1.85155786223 0.0 0.0 3.47157628861 2.13359274859 114.0 255.0 255.0 0.228301599852 -0.205767786555 -0.206511098627 0.00394002781045 
0.0 7.52415846174 11.0867359426 0.0 0.504323095018 1.51218846718 1.45486754402 1.8139509041 0.0 1.32031989368 3.03961608 1.51686226018 114.0 255.0 255.0 0.0217905012257 -0.201827758744 -0.0600107561725 0.0994609305033 
0.0 4.98566245887 10.2098350163 0.0 0.0 0.0 2.82124451271 3.68692939502 0.0 0.0 2.99335984157 0.15360999364 114.0 255.0 255.0 -0.0382202549468 -0.102366828241 0.202516693419 -0.0819429324519 
0.0 7.81077053207 9.39132160401 0.0 0.121828600249 0.976047047142 1.04997985107 0.994230440993 0.0 0.722839072623 2.2410031877 2.32927470329 114.0 255.0 255.0 0.164296438472 -0.184309760693 0.0439715286309 -0.0142639357508 
0.0 7.83424447289 12.3230069757 0.0 0.185882977586 0.899552188894 0.71283116408 2.09710252885 0.0 0.0 1.09149009523 3.20925207855 114.0 255.0 255.0 0.208267967103 -0.198573696444 0.0258923102949 0.0045599751441 
0.0 8.38899247814 12.706109624 0.338674135606 0.937841387881 0.709526946959 0.0 1.25591860134 0.0 0.0 2.11710045973 2.36078441427 114.0 255.0 255.0 0.234160277398 -0.1940137213 0.0696696850763 -0.0707855827728 
0.0 9.12139550846 10.6407460375 0.0 0.0 0.0 1.39653449696 3.63519477125 0.0 0.0 2.36706501431 0.0 114.0 255.0 255.0 0.303829962474 -0.264799304072 0.267287293041 -0.0149090146072 
0.0 9.76105241197 13.86846778 0.0 0.969148932502 2.70506459508 0.0041536122589 3.80204240005 1.94734933709 0.785959135161 5.02972387248 3.92419179866 114.0 255.0 255.0 0.333333333333 -0.27970831868 -0.172043058066 0.0608541699478 
0.0 10.1464821849 14.5997953807 0.328574760867 0.055589201883 0.0777833769089 0.491715208487 2.11869634168 0.76309351578 0.0 5.3919223359 0.0 113.0 255.0 255.0 0.161290275268 -0.218854148732 0.105020972776 0.131522819527 
0.0 8.30489449049 15.3484436752 0.0 0.339527103773 0.464209537472 2.00655841034 1.44033419988 0.0 2.83401476291 5.77564900149 2.7957738333 113.0 255.0 255.0 0.266311248044 -0.0873313292046 -0.1780640883 -0.0368138197384 
0.0 9.30275790706 14.0962555336 0.66545327559 0.379458815827 2.72624527377 2.11546449099 0.637329486777 0.0 0.828907088474 4.6603346218 4.18845609351 113.0 255.0 255.0 0.0882471597441 -0.124145148943 -0.114734236445 -0.209587027627 
0.950122313318 8.42405177761 16.2180084289 0.0 0.0 2.17150984462 0.43072690011 0.0 0.0 0.703665891889 4.77955161339 1.63719482427 113.0 255.0 255.0 -0.0264870767013 -0.333333333333 0.0438144627044 0.12166600207 
0.0 9.86132299312 15.3814316389 0.0 0.0 2.49715356645 0.0 1.57188726638 0.0 0.512265389795 5.34312846047 1.65055837069 113.0 255.0 255.0 0.0173273860031 -0.211667331263 -0.0182741086559 0.125521646524 
0.0 8.08481855298 15.2971081741 0.441067650645 0.130059434128 0.60084353631 1.95033137545 1.79765115589 0.0 0.0 4.60860007869 1.83770385412 113.0 255.0 255.0 -0.00094672265276 -0.0861456847397 -0.0626007785287 -0.144758991591 
0.0 9.83774619433 14.1438907941 0.0 0.0 1.63512381029 0.0 1.99156430086 0.209133246922 0.0 3.08371206773 0.905391144383 113.0 255.0 255.0 -0.0635475011815 -0.23090467633 -0.0210610195294 0.0503404281992 
0.0 6.5661689503 14.0520966405 0.0 0.321262573444 0.0 2.7027980322 2.74645965746 0.0 0.0 5.78397791779 0.0 113.0 255.0 255.0 -0.0846085207109 -0.180564248131 0.0586052630661 0.0923013686228 
0.0 8.73662550615 13.46188764 0.0 0.00530938111832 0.999506203293 0.102861414024 0.706741041845 0.0 0.751114755448 4.64729150117 3.40694106982 115.0 255.0 255.0 -0.0260032576448 -0.0882628795082 0.0500617097234 0.0360734809405 
0.0 7.95724598864 8.33140522892 1.93760417383 0.0 0.0 0.0 3.20476290975 0.719512695537 0.0 3.26648508574 4.42157045032 117.0 255.0 255.0 0.0240584520786 -0.0521893985677 -0.0811978059968 0.0108559712221 
0.0 9.30503498642 7.44877114685 0.0 0.306173165555 0.0 0.0 5.21920588022 3.3205976636 3.81576525131 1.62861770533 2.67127366412 118.0 255.0 255.0 -0.0571393539182 -0.0413334273456 0.0404481520976 0.0125926233694 
2.100299365 5.56413561315 1.38890553407 0.788527145338 0.0 0.193627524472 0.0 1.84379643933 1.46394962251 1.70359749454 2.10817639321 4.11596269135 118.0 255.0 255.0 -0.0166912018206 -0.0287408039761 0.0788680355112 -0.00209351652066 
# HEADER 2
1.22112256068 0.0 0.0 0.718163366296 0.0 0.0 0.733813279035 1.11717872467 0.0 0.289457924985 1.11036237196 0.0698837362214 133.0 247.0 255.0 0 0 -0.148411025235 -0.0640378595242 
0.0 0.0 0.0 0.0 0.98823651254 0.0 0.0 0.0 0.80627830354 0.0 1.33264009897 0.0 134.0 249.0 255.0 -0.148411025235 -0.0640378595242 0.0241706094402 0.0117686973666 
0.0 0.0 0.0 1.53978272853 0.40565437015 0.0 0.238868467764 0.0 0.858832952947 0.0 0.0 0.0 142.0 252.0 255.0 -0.124240415795 -0.0522691621576 0.041792143533 -0.151992897432 
0.130852250343 0.0 0.0 1.50725435088 0.0 0.127677548305 0.473028344413 1.36685085383 0.20469271074 0.0 1.67280012606 0.853316929445 149.0 252.0 255.0 -0.0824482722616 -0.20426205959 -0.110611937908 -0.113607417523 
0.0 0.0 0.0 0.0 0.0 0.0 0.0 0.0 0.0 0.746966965924 0.0 0.0 158.0 253.0 255.0 -0.19306021017 -0.317869477113 -0.12734497089 0.0478507698276 
0.34399556799 0.0 1.21025575995 0.436326898921 0.0 0.747483829997 0.48174213689 0.0 0.0 0.0 0.0 1.11990883851 170.0 253.0 255.0 -0.32040518106 -0.270018707285 -0.029320976881 0.0183700796496 
0.673294923088 0.25517011547 0.0 0.284545695152 0.902755025539 0.0 0.48147548219 1.15693715863 0.799655236534 0.0 0.379530634249 1.07437203895 181.0 253.0 255.0 -0.333333333333 -0.251648627636 -0.0124439701639 -0.0688177127086 
0.0 0.13058031998 0.321461266024 0.905197166429 0.451440511271 0.0 0.481311473412 1.81754352352 0.301315640862 0.0 0.0 1.07289908302 194.0 253.0 255.0 -0.333333333333 -0.320466340344 -0.114778244615 0.0865641182891 
0.895393959442 0.114987670697 1.67474194601 1.85744363845 0.39491903401 0.0 0.606062076435 0.0 0.614079819449 0.0 0.235432689548 0.697680352697 206.0 253.0 255.0 -0.333333333333 -0.233902222055 0.097640496599 -0.0548125595051 
1.96087001745 0.300269557962 0.0 0.0 1.13714959925 0.0 1.05125707982 0.920938462113 0.682730747395 0.0 0.358283394764 0.0 216.0 252.0 255.0 -0.235692836734 -0.28871478156 -0.133557978397 0.156214645889 
0.0 0.0 0.0 0.0343764109227 0.815550323958 0.657469590409 0.529511339513 3.43817461572 1.63633040894 1.94510192919 0.747097912338 1.19279484121 225.0 252.0 255.0 -0.333333333333 -0.132500135671 0.0200041049098 0.0107007227861 
2.43616187627 2.99785219286 2.66435177225 1.39684129224 1.89887848898 1.28617161513 0.0 2.85952015136 1.8535690796 3.61892123871 1.8840268137 2.95059248418 230.0 252.0 255.0 -0.313329228424 -0.121799412885 -0.053270822074 0.205637146881 
0.368801332326 0.0 0.0 0.0 0.666906120476 2.25459823999 1.88660202938 0.0 0.0 0.0 0.647823702314 0.439173654748 231.0 252.0 255.0 -0.333333333333 0.0838377339954 -0.120337334784 0.00941469882418 
0.0 0.0 0.0 0.0 0.0269391540355 0.0649355451752 0.567634685265 1.68193466166 0.0 0.0 0.00776505006106 0.0946552864356 232.0 250.0 255.0 -0.333333333333 0.0932524328196 0.0493405828639 0.188129989303 
0.0 0.24755685556 2.79200096 0.0 0.0 0.0 0.0 2.91226401938 2.20033155803 0.0 0.343183728827 0.0 234.0 240.0 255.0 -0.283992750469 0.281382422122 0.0143958024554 -0.0539555959958 
0.0 0.0 0.0 0.0 0.0 0.0 0.199391359107 0.0 0.0 0.0 0.0 0.0 235.0 228.0 255.0 -0.269596948014 0.227426826127 -0.0311350054207 0.0903896183829 
0.0 0.0 0.336189708588 0.0 0.0 0.0 0.47097605792 1.20487110185 0.0 0.0 1.46360823652 0.0 235.0 214.0 255.0 -0.300731953435 0.317816444509 0.0694496087838 0.0650656583973 
0.362192400812 1.12621075491 0.0 1.16046658204 0.719122421392 0.0 0.666514197785 0.0 0.0 0.306040136078 2.1247449008 0.0175933245403 235.0 198.0 255.0 -0.231282344651 0.333333333333 -0.034963825948 -0.160639720694 
0.0 0.365973064912 0.0 0.0 0.929019755654 1.38245221412 2.25220649185 0.0 0.0 0.0 0.0 0.191063355145 235.0 189.0 255.0 -0.266246170599 0.172693612639 -0.069238689449 0.0386336443663 
0.0 2.37223044572 0.0 1.16543555367 0.0 0.0 0.595846302897 0.834079082009 0.721656780866 0.0 2.56366552549 0.0 235.0 179.0 255.0 -0.333333333333 0.211327257005 -0.102931254068 0.0113401735534 
1.66960598534 1.21554933368 0.0 0.337652950571 0.952665534533 1.41773638944 0.668630073904 0.0261640635739 0.0 0.0 0.908067723376 0.0 235.0 170.0 254.0 -0.333333333333 0.222667430559 -0.0109162930098 0.0531753469528 
0.339703313478 2.24131451673 0.0 0.0 0.437749229465 0.0 0.108475651453 0.938790720121 0.112540740463 0.225594273763 0.762145775775 0.204522290833 235.0 162.0 250.0 -0.333333333333 0.275842777512 0.031925036423 0.0302156600818 
0.0 1.55425908527 0.0 0.0 0.42133742996 0.0 1.40303735784 4.40402848478 0.0 0.0971273119272 0.382456343911 0.0 235.0 154.0 244.0 -0.30140829691 0.306058437593 -0.145081470484 -0.0593913515097 
0.0 0.0 0.0 0.0 0.951991413882 0.0 0.536674279128 0.0 0.0 0.0 0.933121319782 0.0 235.0 148.0 238.0 -0.333333333333 0.246667086084 0.0444287498122 0.026203348406 
0.018672796074 0.0382986204679 0.0 0.0754734775485 0.0 1.68188542722 0.0 0.0 0.0 0.0 0.0 0.612953675283 235.0 141.0 233.0 -0.288904583521 0.27287043449 -0.0085912780228 -0.0485758452923 
0.0 0.0 0.0 0.0 0.0 0.0 0.0 0.0 0.0 0.0 0.0 0.0 235.0 135.0 227.0 -0.297495861544 0.224294589197 -0.167690418624 -0.0107916949177 
0.0 0.0 0.0 0.0 0.0 0.0 0.0 0.0 0.216478989977 0.0 0.0 0.0 235.0 129.0 222.0 -0.333333333333 0.21350289428 0.108522117377 0.0291389298865 
0.0 0.0 0.0 0.0 0.0 0.0 0.0 0.0 0.0 1.91983837505 0.0 0.0 235.0 123.0 216.0 -0.224811215956 0.242641824166 0.0967813946008 0.1174423145 
0.0 0.0 0.0 0.0 0.0 0.0 0.0 0.0 0.0 3.58904282506 0.0 0.0 235.0 118.0 206.0 -0.128029821356 0.333333333333 -0.00856718838596 0.152830474789 
0.0 0.0 0.0 0.0 0.0 0.0 0.0 0.0 0.0274634967794 1.48442044544 0.0 0.0 235.0 111.0 198.0 -0.136597009741 0.333333333333 -0.0678087883337 -0.0135821353908 
0.0 0.0 0.0 0.0 0.0 0.0 0.0 0.0 0.0 1.88732450357 0.0 0.0 235.0 114.0 184.0 -0.204405798075 0.319751197943 0.0312926858831 0.0344882326894 
0.0 0.0 0.0 0.334972232156 0.0 0.0 0.400598555973 0.0 0.0 0.243850477668 0.85354087643 0.0 235.0 118.0 169.0 -0.173113112192 0.333333333333 -0.0125935055249 0.0461124891799 
0.0 0.0 0.0 0.818988582668 0.0 0.0 4.88430023442 0.602516706463 0.0 0.0 0.0 0.0 235.0 120.0 155.0 -0.185706617717 0.333333333333 -0.122343343353 0.0340920997887 
1.14769734619 0.0 0.0 0.0 0.0575728937892 0.0 2.45920384152 2.37519702477 0.0 0.0 0.769785261303 0.0 235.0 123.0 140.0 -0.30804996107 0.333333333333 0.0920487760206 0.109946770266 
1.98690261332 0.0 0.0 0.0 0.0 0.0 0.0 1.99244351323 1.56979867087 1.84000438218 2.82987942558 1.57245565718 235.0 126.0 125.0 -0.21600118505 0.333333333333 0.204010984971 0.118610892176 
0.0 0.0 0.0 0.0 0.34152497949 0.0 0.0 0.574263870209 0.0 0.0 0.0 0.0 235.0 128.0 113.0 -0.0119902000786 0.333333333333 0.016388084424 0.109939336756 
0.0 0.0 0.0 0.0 0.175199578021 0.0 1.20544435782 2.0300898022 0.367085952146 0.0 2.03199492512 0.0443339035754 235.0 128.0 100.0 0.0043978843454 0.333333333333 -0.0662631632066 -0.0331022085589 
0.0 0.0 0.0 0.272829540242 0.0 0.145662284918 3.28149395694 1.7626529521 0.0 0.0 0.618788337001 0.0 235.0 127.0 89.0 -0.0618652788612 0.300231124774 -0.0673193390864 0.0265667381448 
0.0 0.0 0.0 0.0 0.0 0.0 0.0327586818583 0.0 0.0 0.0 0.0 0.0 235.0 124.0 80.0 -0.129184617948 0.326797862919 0.156097626476 -0.146759234635 
2.03528655891 0.0 0.0 0.765711097315 1.79404633362 0.0 1.9622340418 1.6135494009 0.0 0.0 0.0 1.59160730855 235.0 120.0 75.0 0.0269130085288 0.180038628285 -0.142861224863 0.148446738055 
2.01489256388 0.951667602507 0.0 1.48967279478 0.00150808311087 0.633033281749 0.0 0.0 1.03131093487 3.04820333979 0.852774382693 0.659456168872 234.0 116.0 69.0 -0.115948216334 0.328485366339 0.0989958845311 0.0784349122704 
0.0 0.0 0.0 0.0 0.0 0.0 0.0 0.0 0.0 0.0 0.0 0.0 232.0 110.0 64.0 -0.0169523318033 0.333333333333 -0.174322689531 -0.0143874355195 
0.0 0.0 0.0 0.0 0.0 0.0 0.0 0.0 0.380164128818 1.98031309446 0.0 0.0 232.0 99.0 61.0 -0.191275021334 0.318945897814 -0.162474812896 -0.0364156821438 
0.0 0.0938098166912 0.0 0.0 0.616598980778 0.00354395519639 0.0 0.0 0.0 0.0 0.317704424108 0.0 231.0 88.0 61.0 -0.333333333333 0.28253021567 -0.00193192648354 -0.117822459121 
0.0 0.0 0.0 0.0 0.0 0.0 1.52492406541 0.0 0.0 0.963553773661 0.0 0.0 230.0 72.0 68.0 -0.333333333333 0.164707756549 -0.0481381441547 -0.0730161800046 
0.0 0.0 0.0 0.991407176855 1.09320134253 0.0 2.44662964217 0.843926546538 1.02744243358 0.0 1.08115031866 0.0 230.0 68.0 69.0 -0.333333333333 0.0916915765448 -0.0453575048037 0.00657781500747 
0.0 0.0 0.0 0.310606605038 0.418111513863 0.0 1.06875020751 0.0 0.0 0.0 0.0 0.0 230.0 66.0 69.0 -0.333333333333 0.0982693915522 -0.0746405199666 0.0881027726487 
0.0 0.0 0.0 0.0 0.0 0.0 1.24399827139 1.30483101144 0.0 0.0196320185984 2.62309495548 1.13152838919 231.0 63.0 67.0 -0.333333333333 0.186372164201 -0.185659348088 0.0209508084614 
0.231846397707 0.119470645367 0.0 0.0 1.32809775987 0.0 0.717508300025 1.74434136938 0.0 0.844503948828 0.85854619272 0.0 231.0 59.0 63.0 -0.333333333333 0.207322972662 0.0474638373109 -0.0304532599209 
0.460544269074 0.782765225368 0.638750325711 0.0 1.1750980769 0.0 0.0 2.72621571738 1.05423805114 0.463232032986 0.0 0.506649185035 231.0 57.0 60.0 -0.285869496022 0.176869712741 -0.0928379488253 0.266098226498 
0.248836782997 1.33427846509 2.8105972738 0.27048360379 0.0 0.0 0.956666765 0.724821020532 0.0 0.0 0.0 0.0 231.0 50.0 58.0 -0.333333333333 0.333333333333 -0.101389301834 0.0215810559279 
0.0548896162675 0.0702041987414 1.22190220867 0.0 1.21804684137 0.788986329135 1.3654645025 0.0 0.0700220000682 0.0 3.17525459986 0.936643177292 231.0 42.0 58.0 -0.333333333333 0.333333333333 0.018789152331 0.0824921261784 
0.0 1.78062683311 0.0 0.0 0.608426741059 0.0 0.0 1.21960631748 1.9351525236 0.0 0.0 0.986089511683 231.0 36.0 57.0 -0.314544181002 0.333333333333 0.000168789701109 0.0720689582245 
0.0 0.0 0.238539052977 1.12907733146 0.495206615977 0.901345207263 0.542104242008 0.3333422307 0.242938561911 0.0 1.70504127486 0.11250837608 231.0 31.0 56.0 -0.314375391301 0.333333333333 -0.0133636926796 0.147052171093 
1.09177180635 1.07165170872 0.360709153763 0.314055282979 2.64807273735 0.149302083104 0.0 2.83652185829 3.5022275576 3.48917259621 1.48337789372 1.92867015938 231.0 29.0 55.0 -0.327739083981 0.333333333333 0.0486364516306 0.00962474250585 
0.0 0.0 1.33304555343 0.0 0.0 0.0 0.583103630132 0.195676960745 0.103630752181 0.0 1.56951749655 0.0 231.0 27.0 54.0 -0.27910263235 0.333333333333 0.0738499264177 0.110479348207 
0.220853855439 2.67251873018 0.0 0.0 0.0 0.0 1.53968115809 1.36257003128 0.966037423978 0.0 5.9459448229 2.68036353152 231.0 27.0 53.0 -0.205252705933 0.333333333333 -0.142950131204 0.120901980214 
1.39657254879 0.298563290118 0.0 0.0 0.188416610951 0.59767965907 1.47499854123 2.08597192715 0.117803977492 0.0 4.33091713029 0.258282833979 230.0 26.0 52.0 -0.333333333333 0.333333333333 0.00215104455575 -0.0421032457141 
1.15175782533 0.0 0.0 0.443638684037 0.576572185311 1.79705359103 1.37862225553 1.23300297337 0.872557575883 0.0424739071078 5.15384531838 1.05737311451 230.0 25.0 50.0 -0.331182288778 0.291230087619 -0.0895616621995 -0.198744843948 
0.95657663734 0.667801107201 1.02744971889 0.0 0.400973577093 0.0 0.967882033907 0.23738468285 0.61524695889 0.503059194389 1.58468065334 0.0198219692401 230.0 25.0 50.0 -0.333333333333 0.0924852436715 0.15196963493 -0.0317332269829 
0.169175021898 1.89231508032 0.0 0.182473488997 0.0 0.0 1.54791198112 1.36193223718 0.20065720469 0.0 0.0 0.0811315110481 230.0 25.0 50.0 -0.181363698403 0.0607520166886 -0.0637208850212 0.00586183204279 
1.11316120501 2.11743908156 2.09383435271 0.0 0.268873666742 0.0 0.596606525277 0.427814348536 0.968792296974 0.0 0.539576107962 0.0 230.0 25.0 50.0 -0.245084583424 0.0666138487314 0.02282195003 -0.127432476736 
1.92366949374 3.18600475326 0.324831136149 0.0 0.985863038717 0.0 0.0 2.92935132558 2.74228421145 4.29093235868 1.53331930798 1.70367841356 230.0 25.0 54.0 -0.222262633394 -0.0608186280051 -0.139519392714 0.0526598052357 
1.2609880443 0.31264374173 0.0 0.168819042476 0.0 0.527359527702 2.26337826393 0.0 1.04712258882 0.0 1.65726704996 0.227613322956 230.0 29.0 57.0 -0.333333333333 -0.0081588227694 0.00728884215631 0.0495482476554 
1.14624095426 0.0 0.0 0.971669340423 0.0 0.139408381705 0.523765661356 0.780983533192 2.83722807423 0.920641428831 0.0 3.86831546959 230.0 30.0 57.0 -0.326044491177 0.041389424886 -0.0491125888337 0.00726045350033 
0.267461486228 0.0989265616171 0.0 1.96509974125 2.11153483413 1.68966464125 1.43754712677 1.56397938019 0.267525923721 0.0 2.37840637794 0.29402391221 230.0 30.0 57.0 -0.333333333333 0.0486498783863 0.0798438402212 -0.119656555261 
0.333545316074 0.215996244237 1.21128532422 1.21421149658 0.0 0.0 2.2466089688 2.9627710769 0.0 0.0 0.0 2.43239858138 231.0 34.0 58.0 -0.253489493112 -0.0710066768745 0.0770608943621 0.034757965374 
0.0 1.09441283688 0.0 0.0 1.93019059784 0.0 1.48966078903 0.568100515278 1.83221743544 0.0 0.0 2.77993808116 231.0 37.0 66.0 -0.17642859875 -0.0362487115005 0.0937093902645 0.0470756584755 
0.0338420025727 0.0 0.0 0.0 1.50568680023 0.0 0.590341508693 0.305524712734 0.142076494989 0.0754354422458 0.0 0.0 231.0 38.0 68.0 -0.0827192084856 0.010826946975 -0.0108991556719 -0.111748727312 
1.01460160905 0.0719944290389 0.0 1.01305077899 0.616635671195 1.77848488496 1.24953170697 0.297096142217 0.182813526926 0.00647453704872 3.16277219577 0.0781290057525 232.0 40.0 75.0 -0.0936183641575 -0.100921780337 0.0466438396616 0.000483419197492 
2.10726855072 0.0 0.0 0.0 0.401124934307 0.0 1.36330957668 0.202998817756 0.0 0.00440089764715 0.0 0.0 232.0 42.0 87.0 -0.0469745244959 -0.10043836114 0.0342678827735 -0.00493825186613 
0.0 0.0 0.0 0.327148406519 0.0 0.0 0.491421546692 1.35572087355 1.03151089726 0.692050935914 2.01215043633 0.0 232.0 45.0 99.0 -0.0127066417224 -0.105376613006 -0.00591333809583 0.0717165019881 
0.0 0.0 0.0 0.0 0.465735313274 0.495744176285 0.96391995374 1.29738949475 0.116396598394 0.0 0.794309397583 0.0 234.0 45.0 104.0 -0.0186199798182 -0.0336601110179 -0.0205760413831 -0.1046191124 
0.522399975653 0.0 0.340223103622 1.05287458934 0.0 0.0 0.446722324003 0.701361576192 0.587762388114 0.0 0.693595066947 0.0 235.0 45.0 107.0 -0.0391960212013 -0.138279223418 -0.236178194074 -0.0608542657175 
0.0 0.0 0.0 0.0 0.397643270376 0.308835583878 0.368029152916 1.46365786737 0.0 0.0 2.15830284385 0.0 236.0 44.0 111.0 -0.275374215275 -0.199133489136 0.122793719379 0.176395610661 
0.106068189962 2.14386036022 0.0 1.52148175272 0.362009196583 0.0 0.209363907043 1.08064538701 1.19150060839 1.73482498628 1.35958727168 0.808273569522 236.0 44.0 113.0 -0.152580495896 -0.0227378784747 0.145776341655 0.0288402914803 
0.0 0.0 0.355732501655 0.387383139141 0.798402447467 1.11335434365 0.922599087669 0.599641933553 0.120824331305 0.153309360153 0.0842548411962 1.10466970502 235.0 44.0 112.0 -0.00680415424075 0.00610241300565 -0.000363794159405 -0.286952676484 
0.0882603248162 0.0 1.30550310852 0.0705996449874 1.24879491939 0.0 0.475791109629 2.58438870098 0.0 0.0 3.82554329198 0.175991061265 235.0 44.0 113.0 -0.00716794840016 -0.280850263478 0.0497140472289 0.0495175549832 
0.0 1.33457571087 0.0 0.0 0.0 0.0 0.461574324453 1.52033674005 0.0 0.0 1.72188856493 0.990808487292 235.0 44.0 114.0 0.0425460988288 -0.231332708495 -0.18485933259 -0.218735618545 
0.350176453062 0.81723070782 0.0 0.260025281286 0.0 0.0 0.710591924792 1.45517017888 0.0 0.0989592037177 2.93660319093 0.797164734646 235.0 44.0 114.0 -0.142313233762 -0.333333333333 -0.010243358683 0.1831536793 
0.336944840017 0.519627739503 0.0 0.0 1.2703912776 0.0 0.374530003637 1.23414344519 0.0 0.102240456637 0.410919605953 0.572077400974 235.0 44.0 115.0 -0.152556592445 -0.150179654033 -0.0539741708025 0.0718695786413 
0.867778868882 0.0 0.0 0.0 0.0 0.0 0.457538742513 2.66404540299 0.0 0.102315134536 0.0820801684094 0.596219739588 235.0 44.0 115.0 -0.206530763247 -0.0783100753917 0.0856686726294 -0.0292788527456 
0.0 0.0 0.0 0.0 0.0713754315416 0.102000277112 2.20959513562 0.0 0.735498817616 0.0 1.29015470475 1.44037715027 235.0 44.0 115.0 -0.120862090618 -0.107588928137 0.0919382591156 -0.0486132756653 
0.0273214767742 0.791404587606 0.0 0.14036785405 0.0 0.0 0.950521014642 0.122619608533 0.0 0.0 0.202650546885 0.0 235.0 44.0 115.0 -0.028923831502 -0.156202203803 -0.0475355888232 -0.0927305096654 
0.232911010174 0.0 0.0 0.0 0.0 0.0 1.00437771263 0.160071266049 0.0 0.0 0.918369719324 0.0 235.0 44.0 115.0 -0.0764594203251 -0.248932713468 0.0484478882784 -0.111020551147 
0.0 0.0 0.0 0.0 1.34663427249 0.0 1.8809046407 1.37964158742 0.451376544387 0.0 0.565428388638 0.0 235.0 44.0 115.0 -0.0280115320468 -0.333333333333 -0.0374791409388 -0.00696333385009 
0.0 0.0 0.311308359245 0.0 1.76596021433 0.113928582834 0.90725206955 1.79213952612 0.567336989187 0.0 1.4290402377 0.0 236.0 44.0 115.0 -0.0654906729856 -0.333333333333 0.0225815397727 0.0454811097305 
0.873747082298 0.617365660949 0.587396356749 0.172173175208 1.40328019822 0.0 1.43865134425 0.429459861308 0.10210250891 0.0 1.17421723606 0.0774634945124 236.0 44.0 115.0 -0.0429091332129 -0.287852223603 -0.0490778292421 0.182838856546 
0.134156493703 0.733399749725 0.0 0.284623963737 2.51583978101 0.0 0.579598124969 0.574189696017 0.0875269503275 0.840347606533 1.91551667728 0.0 236.0 44.0 115.0 -0.091986962455 -0.105013367056 -0.154415685836 -0.104523741694 
0.142358557606 0.111721677961 0.864979860654 0.287974485345 1.42467928999 3.17260083875 2.20845368584 2.82830075843 0.0870344992565 0.502372326438 0.562933913733 0.0 236.0 44.0 116.0 -0.246402648291 -0.20953710875 -0.0186166334187 0.205418177689 
0.0 0.0 0.0 0.0 0.0 0.0 1.07067447238 0.0 1.33676297904 0.116743550358 2.45810160821 0.0778404365257 236.0 44.0 116.0 -0.26501928171 -0.00411893106185 -0.0321708611537 0.119515437131 
0.0 0.0 0.0 0.553554853969 1.99873686083 0.0 0.472262718239 0.678570385977 0.219165838577 0.604664256939 0.734600897034 0.955696076344 236.0 44.0 116.0 -0.297190142864 0.11539650607 -0.110246084483 0.125410984787 
0.745195927814 0.0 0.0 0.0 1.12620493286 0.0 0.828170833669 0.674260757211 0.0 0.213477085574 0.0 0.0 236.0 44.0 116.0 -0.333333333333 0.240807490857 -0.01003013559 0.0883678942203 
0.0 0.0 0.0 0.0 0.129802006677 1.56005300725 0.338823529226 1.45505122279 0.438183456906 0.0 0.14620577429 0.0 236.0 44.0 116.0 -0.333333333333 0.329175385077 -0.168898361289 -0.111161901347 
0.375099290615 1.50792601333 0.0 0.0 0.75464362431 0.0 0.354770517648 0.447907403633 0.0 0.0 1.4124002111 0.324471501223 236.0 44.0 116.0 -0.333333333333 0.21801348373 0.102314160907 -0.00127978981665 
0.0 0.0 0.0 3.02614647929 0.0240311967885 0.0 0.823642045586 1.04100164262 0.352456546217 0.0891357883615 2.04504552229 0.0 236.0 44.0 116.0 -0.231019172426 0.216733693914 -0.103863966523 0.0498402492078 
0.0 0.351985925616 0.224495231261 0.0 0.876074046867 0.0 1.46296745178 0.590504555245 0.0947165346528 0.103768598164 0.657627712184 0.0 235.0 44.0 116.0 -0.333333333333 0.266573943121 0.23707031647 0.0603705242574 
0.606611292655 0.0999365168892 0.0 0.0 0.370827175068 0.383648793483 0.607506110802 1.5759774939 0.0 0.0 0.0 1.37748609577 235.0 44.0 116.0 -0.0962630168632 0.326944467379 0.0127723256633 0.00198207295354 
1.18891504073 0.0 0.0 0.0 0.792231768712 1.32369287325 0.0 2.63736130127 1.44755199943 2.59067769418 0.486986295681 1.18342685502 235.0 44.0 116.0 -0.0834906911999 0.328926540332 0.117938712196 -0.0311239923642 
0.863243433518 1.0304581244 0.0 1.23955552161 1.33614990599 0.883952484398 0.33805422305 1.79473574325 0.0 0.775114852867 0.483550775102 0.677101653037 235.0 44.0 116.0 0.0344480209962 0.297802547968 -0.0906994515753 -0.0553051728799 
0.0 0.0 0.969120544423 0.0 0.0 0.0 0.383728455273 1.29922462606 1.9026285621 0.0 1.01455396488 1.5046248241 235.0 44.0 116.0 -0.0562514305791 0.242497375088 0.214509450341 -0.183761194359 
0.0 1.01735816035 0.110965514021 0.776094520565 0.784362877501 0.0 0.416286037031 0.408699425962 0.0 0.858404911064 0.0 0.592617218319 235.0 44.0 116.0 0.158258019762 0.0587361807294 0.00460010001403 0.0843454410108 
1.01911960351 1.49494808721 0.0 1.08203641743 0.0 0.278112858035 0.0 2.13029772339 0.0129308931678 3.25159505741 2.38298379525 0.970033778927 230.0 44.0 117.0 0.162858119776 0.14308162174 0.0224437044779 0.0181226814974 
0.0 0.0 0.0 0.0 0.0 0.0 2.2996606243 0.0 0.0 0.0 1.60398512273 0.0 229.0 45.0 115.0 0.185301824254 0.161204303238 -0.193252998256 0.0473450450226 
0.097504434139 0.0 0.0 0.0 0.827323529852 0.298233038616 0.537908665316 0.609096450006 0.82836170852 0.0 0.547705414054 0.0155516841999 229.0 46.0 111.0 -0.00795117400215 0.20854934826 -0.0885848824188 -0.0280478316094 
0.0 0.0 0.0 0.659980538844 0.0 0.38335509663 0.357482431704 0.166946458225 0.0 2.46929022131 1.45186148224 0.0456936692113 228.0 46.0 107.0 -0.0965360564209 0.180501516651 0.0162539669602 -0.140326515371 
0.144642057307 0.0419122113281 0.0 0.330341872275 0.0 0.0 1.35148704401 1.52781835922 0.993262551647 1.20758664327 2.04193937254 1.04667912675 228.0 46.0 107.0 -0.0802820894608 0.0401750012803 0.041921267349 -0.023544905347 
0.0 0.0 0.754649301237 0.288623892944 0.773621145022 0.314308111279 1.00700106825 1.19485023857 0.0 0.0 0.0 1.108825228 229.0 46.0 106.0 -0.0383608221118 0.0166300959333 0.0506601610613 0.0419327979502 
1.5268241669 0.86903854919 0.418900854502 1.16165924088 0.588658384145 0.0 0.995769263612 0.746667993697 0.902249632145 0.494819470772 1.62574379066 0.579195800053 229.0 46.0 106.0 0.0122993389495 0.0585628938835 0.0513923936335 -0.0312905648209 
2.18566596601 1.61501576632 0.00222490394077 1.31359595323 2.39471135092 0.819552038168 0.0 1.66978229799 1.61032108004 1.73957730374 0.0148687985367 0.219081999061 229.0 46.0 105.0 0.063691732583 0.0272723290626 0.00012499933536 -0.337149460099 
0.0 1.07501843905 0.0 0.254737007031 0.481285645333 0.0 0.0 0.0 0.0 1.3092502947 5.71379005805 3.08253756896 229.0 45.0 110.0 0.0638167319184 -0.309877131037 0.0305129728618 -0.134052010553 
0.0 0.0 0.0 0.221742146312 0.0 1.17157533692 0.0 0.0 1.07518507546 0.639182382341 0.858701780615 0.327612776601 229.0 43.0 116.0 0.0943297047802 -0.333333333333 -0.0915841396099 0.121567274484 
1.12794786943 0.0 0.0 1.34580552239 0.0 0.0 1.71117634121 2.43160919706 0.0 0.0 1.2058550193 0.0 229.0 43.0 117.0 0.00274556517033 -0.211766058849 -0.0276303571725 -0.0260127621751 
0.797442259111 0.0 0.0 0.0 0.85870391402 0.0 0.547812743836 1.40932612031 0.0 0.0 2.4039395359 1.00152168016 229.0 43.0 117.0 -0.0248847920022 -0.237778821024 -0.24452863479 -0.241344530251 
0.0 2.86818102213 0.0219497095096 1.99067334313 0.433528206672 0.0 0.479834312182 0.0 0.92313656379 0.0 1.56516966815 0.574755993263 229.0 43.0 118.0 -0.269413426792 -0.333333333333 -0.158325793818 -0.0938086467927 
0.0 0.33284816501 1.08583143556 0.0 0.0 0.368562198633 0.946211205506 1.07948389525 0.0 0.0 0.0 0.0299670177384 231.0 42.0 119.0 -0.333333333333 -0.333333333333 0.00305468973447 -0.0808330798425 
1.5646946333 1.03448364763 0.0 1.1751179818 1.23112212016 0.355425840048 0.0 0.0849639758475 0.889451544329 0.773610470679 0.507768643179 2.91897839193 235.0 42.0 119.0 -0.330278643599 -0.333333333333 0.0777469964072 -0.00423200722097 
0.0 0.0 0.724936115017 0.0 0.132642772795 1.41754625871 0.419199761273 0.585321760752 0.578370667679 1.56101114001 1.44260740651 0.0 235.0 42.0 120.0 -0.252531647192 -0.333333333333 -0.0481943406388 -0.0126642938138 
0.0 0.0 0.0 0.290697484312 2.25353649333 1.075471168 0.881280079163 0.0 0.0 0.147950760649 1.12788227983 0.024872232635 235.0 42.0 120.0 -0.300725987831 -0.333333333333 -0.0104001735982 0.238820515336 
0.286664152681 1.28606216348 0.0 0.0 0.475412099323 0.408142698614 1.02062809993 0.662704093256 0.538093011877 0.603764756587 1.05483966656 0.543707140776 235.0 42.0 120.0 -0.311126161429 -0.0945128179972 0.0372585369724 -0.0760272361988 
0.614385445041 0.688588061385 0.0 0.659940032806 0.0 0.0 0.961651859087 0.228851189437 0.567028382023 1.08650451931 3.23877421659 0.153728344696 235.0 42.0 120.0 -0.273867624456 -0.170540054196 0.118423174668 0.0757360900438 
0.0 0.669755716022 0.406809539752 0.0 0.0 0.421011547383 1.39672711004 0.62130998364 0.0 0.163909559473 0.587312039138 1.11019998389 235.0 42.0 120.0 -0.155444449789 -0.0948039641522 -0.151657268065 0.137078482301 
0.0 0.0 0.378359628726 0.597454511736 0.258782673138 0.0 0.94078223273 2.50795747605 0.604301698492 0.0 1.44162388985 0.0 235.0 42.0 120.0 -0.307101717854 0.0422745181492 -0.0579555001999 0.0688153984366 
1.97578682177 0.887407534429 0.0 0.0 2.16232380004 0.0 0.0 0.816375396423 0.0 0.856108503595 0.655536988882 3.18841287687 235.0 42.0 120.0 -0.333333333333 0.111089916586 0.0539692003746 0.121417982465 
2.57254670063 0.0 0.0 0.0 0.0 0.434915101045 1.35269090217 1.16938204733 0.0721194973497 0.0 0.00543691983744 1.64126170739 235.0 41.0 120.0 -0.279364132959 0.232507899051 -0.0223499077706 0.00909972812696 
0.0 0.0 0.350973988731 0.0 0.0 0.169501170901 0.0 1.67997470702 0.0 0.0 0.0 1.21780303279 236.0 42.0 120.0 -0.301714040729 0.241607627178 0.0322024936746 -0.122685441732 
0.0 1.42071738594 0.0 0.040617107789 2.77007879844 2.00466441623 0.576047531519 0.0 0.0 0.0 0.0 2.39109375975 236.0 42.0 120.0 -0.269511547055 0.118922185446 -0.00246949159611 0.017888425371 
0.120253953149 2.66090102422 2.61512336706 0.0 1.86372422128 2.49968686662 0.0 0.0494382934343 1.04719633414 0.0 0.547053007339 2.08361247161 236.0 42.0 120.0 -0.271981038651 0.136810610817 0.119599535699 0.0865733513854 
0.0 0.293273695481 0.0 0.56623794621 2.1782001277 1.10833355117 0.101843314901 1.11396879599 0.0 0.0 1.87688607575 0.604635428206 236.0 42.0 120.0 -0.152381502952 0.223383962203 0.0526551979889 0.0447226885371 
0.594855579409 0.0 0.0 0.323024489907 0.312463237429 0.00222860572541 0.43076338039 1.92801068188 0.0 0.0891232438742 0.636550579269 0.0 236.0 42.0 120.0 -0.0997263049627 0.26810665074 0.0627204977989 0.00906871758165 
1.02973551277 0.0 0.0 0.0 1.12893774297 0.0 0.440799110962 1.0467034293 0.0 0.0 0.0 2.49931863048 236.0 42.0 120.0 -0.0370058071638 0.277175368321 -0.0917203611442 0.109780837382 
0.293080974626 0.0 0.350413853703 1.72816412733 0.622585918188 0.684361739914 0.253554581845 0.425034169551 0.0239605663672 0.181463593095 1.4088467435 0.0 236.0 42.0 120.0 -0.128726168308 0.333333333333 0.0234703948999 0.0416381978646 
0.0513411663955 0.0 0.0 0.0 0.0 0.0 0.434995856693 0.0 1.02012861609 0.0 1.33992101938 0.0 236.0 41.0 120.0 -0.105255773408 0.333333333333 0.0459170054871 0.00201463533615 
0.0 2.55004061812 0.0 0.0 0.0 0.685888550615 0.253107901723 3.36076653965 0.0 0.510893645822 0.774664818818 0.909409554399 236.0 41.0 118.0 -0.059338767921 0.333333333333 0.12435064125 0.128033111955 
0.937971405831 1.19568572613 0.341321811097 1.01355232253 0.674682186768 0.0 0.622031982664 1.90241360672 0.787300091506 0.0 0.912688437092 2.37994112114 236.0 42.0 114.0 0.0650118733288 0.333333333333 -0.0704157635603 -0.110578723547 
0.0 0.0 0.0967211203391 0.0 0.577278736802 0.256093607495 0.445782866764 0.481275272488 0.0 0.0 1.29166495666 0.987905410648 234.0 43.0 108.0 -0.00540389023153 0.222754609786 -0.0897611176529 0.218427243849 
0.601645328772 0.0 0.0 0.229456710303 0.199178890404 0.0 0.440032763148 1.12410697073 0.829887800077 0.182708129806 1.70951262529 0.131731941141 231.0 44.0 102.0 -0.0951650078844 0.333333333333 -0.0556447980654 -0.0593554084205 
0.0 0.807831410933 1.12771279802 1.96783681157 0.0 0.0 0.0642982654031 3.23752000474 0.325752245587 0.294531091856 1.56551370748 0.448504498168 231.0 44.0 92.0 -0.15080980595 0.273977924913 -0.281650841085 0.104920089397 
0.176635074055 0.0 0.0 0.0 0.31996020787 0.0 0.396263610695 0.396517304093 0.0911823477401 0.110479525959 0.0291768952432 0.0 231.0 43.0 81.0 -0.333333333333 0.333333333333 0.223179101556 -0.0308799905013 
0.0 0.0 0.0 0.411968300306 0.0 0.443381462376 0.437649237928 0.0 1.02113023655 0.104699455442 0.105867570879 0.0 231.0 43.0 70.0 -0.110154231777 0.302453342832 0.0551301089789 0.0406667660656 
0.127634772358 0.571491652725 0.0 0.285301020452 0.0 0.0 0.43870083294 0.895386674953 0.0 0.0 0.0 0.18837037905 231.0 43.0 61.0 -0.0550241227984 0.333333333333 -0.0809115103732 0.00130967455161 
0.420970038971 0.540404075203 0.413453341312 1.03112450694 1.02560910473 0.256548043331 0.0 0.979854034498 0.0 0.0 0.284228991779 1.20075110667 231.0 38.0 57.0 -0.135935633172 0.333333333333 0.124383816593 -0.0488861534564 
0.0547354555673 1.66383409946 0.0 1.27249486805 0.0 0.319642404812 0.0 1.35695585769 0.452113558634 1.15809407851 0.0 0.0 230.0 33.0 57.0 -0.0115518165788 0.284447179877 0.0770747640884 -0.072890898685 
0.0 0.198670619847 0.989381210024 0.0 0.0 0.0 1.16966933665 2.68070271675 0.0 0.0 0.0 0.0309273377872 230.0 30.0 56.0 0.0655229475096 0.211556281192 -0.0385706061136 -0.0290439142555 
0.0 0.121595373814 0.71016185923 0.0 0.506892952043 0.30433231345 1.24246741209 0.346431789125 0.0 0.0 1.41424571969 0.445323600246 229.0 30.0 56.0 0.0269523413961 0.182512366936 0.126306056264 0.0109773441546 
0.228979745189 0.0 0.0 1.15549103925 1.13505714382 0.540103022611 0.868858013389 0.742250150684 0.0 0.0 0.585597678982 1.2079846315 225.0 29.0 56.0 0.15325839766 0.193489711091 0.0610019623541 -0.0495125925326 
0.0 0.107571981742 1.17070831681 0.338494111025 1.37276784456 0.172302249692 0.637932535426 1.16048339593 0.0775726818147 0.0 0.0 0.887832569121 218.0 30.0 57.0 0.214260360014 0.143977118558 0.00812437242029 0.0171825331934 
0.0 2.55618572831 0.0 1.7814333045 0.0 0.12947661502 0.442940020076 0.423155278411 0.0834476354828 0.0 1.21604367097 0.315060166802 208.0 32.0 57.0 0.222384732435 0.161159651752 -0.0235506940204 -0.000331006050689 
0.0 0.10104654787 0.0 1.32556112237 1.77846693545 0.0 2.12380764713 1.49336049352 1.95822311858 0.244262943484 2.4534951746 0.828338442334 198.0 34.0 59.0 0.198834038414 0.160828645701 0.0173189542061 0.0783255124704 
1.1951722676 0.118050702781 0.414918420186 0.0924949398291 0.0 1.43470350629 0.488232364695 0.214057904043 0.0 0.0 1.02239397291 0.625645679066 187.0 36.0 59.0 0.21615299262 0.239154158172 0.162396550755 -0.11647602297 
0.0487903199268 0.868513398798 0.0 0.272593837895 0.670463646105 0.0 0.65533956256 0.392568879164 1.02329991309 0.0 0.75839395489 0.306566915852 178.0 41.0 57.0 0.333333333333 0.122678135201 0.112646811406 0.0918791487469 
0.0 0.0 0.0 0.0 0.607331256484 0.0 3.65976442437 0.0 1.08066237262 0.0 0.531131122829 0.0 172.0 43.0 56.0 0.333333333333 0.214557283948 0.0115406304569 0.172755640756 
0.0 0.0 0.0 0.0 0.167898537572 0.0 4.40757847873 0.0 1.61342610967 0.0 0.960830409968 0.0 168.0 45.0 52.0 0.333333333333 0.333333333333 0.0756585800008 -0.24806150341 
0.0 0.0 0.0 0.0 0.0 0.0 5.39690940994 0.0 3.78518879274 0.0 2.03637356796 0.0 165.0 47.0 51.0 0.333333333333 0.085271829923 0.14856064097 0.0169590953306 
0.0 0.0 0.0 0.0 0.0 0.0 6.17478002843 0.0 3.53867286279 0.0 1.10092935404 0.0 163.0 48.0 50.0 0.333333333333 0.102230925254 -0.194363487135 -0.0228166771709 
0.0 0.0 0.0 0.0 0.0 0.0 7.38274140635 0.0 2.65505085264 0.0 0.0 0.0 161.0 50.0 50.0 0.138969846198 0.0794142480827 -0.00933880918633 0.0574466463702 
0.0 0.0 0.0 0.0 0.0 0.0 6.66646063765 0.0 6.50056628458 0.0 0.274020826336 0.0 158.0 51.0 50.0 0.129631037012 0.136860894453 -0.11633263393 0.0203757536337 
0.0 0.0 0.0 0.0 0.0 0.0 8.88790179127 0.0 5.64976204675 0.0 0.733036918623 0.0 157.0 51.0 50.0 0.0132984030816 0.157236648087 -0.205681712568 -0.0521049731838 
0.0 0.0 0.0 0.0 0.0 0.0 7.97824917096 0.0 8.21364404687 0.0 0.0 0.0 158.0 51.0 50.0 -0.192383309486 0.105131674903 0.183833047568 0.0503842087229 
0.0 0.0 0.0 0.0 0.0 0.0 6.44597162019 0.874105063301 9.24952118794 0.0 1.42043535745 0.0 159.0 51.0 50.0 -0.00855026191775 0.155515883626 -0.0273613867426 0.250225244291 
0.0 0.0 0.0 0.0 0.0 0.0 6.39456599386 3.4159624349 9.26754836934 0.0 0.549477750969 0.0 159.0 50.0 50.0 -0.0359116486604 0.333333333333 0.010797904705 -0.0869991281742 
0.0 0.0 0.0 0.0 0.0 0.0 7.35784146495 0.276112824977 5.92031133044 0.0 1.27198442053 0.0 160.0 50.0 50.0 -0.0251137439554 0.246334205159 -0.0544361443697 0.0141974685554 
0.0 0.0 0.0 0.0 0.0 0.0 8.88162768028 0.0 6.78188263011 0.0 0.0 0.0 160.0 50.0 50.0 -0.0795498883251 0.260531673714 0.0138093638283 -0.00853876606974 
0.0 0.0 0.0 0.0 0.0 0.0 6.88723908789 0.0 8.30598651574 0.0 2.50605632149 0.0 161.0 49.0 50.0 -0.0657405244968 0.251992907645 -0.0317861146458 0.184583666924 
0.0 0.0 0.0 0.0 0.0 0.0 7.77823537197 0.0 6.31920065673 0.0 0.582394443133 0.0 162.0 48.0 50.0 -0.0975266391427 0.333333333333 -0.154874906583 -0.039944407914 
0.0 0.0 0.0 0.0 0.0 0.0 6.61304486759 1.20160019285 6.7857295499 0.0 1.92755349337 0.0 165.0 47.0 50.0 -0.252401545726 0.293388925419 -0.069805023891 0.0714602476761 
0.0 0.0 0.0 0.0 0.0 0.0 3.1361161619 2.45818199013 4.32918596805 0.0 2.28131031599 0.0 171.0 44.0 50.0 -0.322206569617 0.333333333333 0.0752378928925 0.122067448139 
0.0 0.0 0.0 0.0 0.0 0.0 3.55666347115 0.247053883643 1.12648561213 0.0 0.0 0.0 174.0 43.0 50.0 -0.246968676724 0.333333333333 0.113486398496 0.138925218495 
0.0 0.699175602142 0.0 0.0 0.0 0.847102093616 2.38077321061 0.396444219874 3.71288598599 1.17686840966 0.933255284494 0.0 175.0 42.0 50.0 -0.133482278228 0.333333333333 0.179308543471 -0.00942144107989 
0.0 0.0648502698315 0.0 0.335522898254 0.0 0.0 1.46787878248 1.15078612125 3.13589289814 0.0 1.40504118297 0.146071913473 175.0 42.0 50.0 0.0458262652428 0.323911892253 0.0321192834614 0.0483962472166 
0.0 0.0 0.0 0.0 0.0 0.0 3.0945636723 1.17392260703 2.14792797317 0.0 2.29417707829 0.0 174.0 42.0 50.0 0.0779455487042 0.333333333333 -0.0123855216496 -0.0738344859161 
0.0 0.0 0.0 0.0 0.0 0.0 3.33108665271 0.205694064432 0.960363077451 0.0 0.0 0.0 172.0 43.0 49.0 0.0655600270546 0.259498847417 0.0168821809681 -0.0321433158756 
0.0 0.0 0.0 0.0 0.0 0.0 3.33663969017 1.92518026152 1.98506155099 0.0 0.369633662935 0.0 168.0 45.0 49.0 0.0824422080227 0.227355531542 0.0640242535801 0.0322992331339 
0.0 0.0 0.0 0.0 0.0 0.0 5.36532362267 0.228595353806 2.89111688188 0.0 0.32437172424 0.0 167.0 46.0 49.0 0.146466461603 0.259654764676 -0.0251140854674 0.0932068581041 
0.0 0.0 0.0 0.0 0.0 0.0 6.30042072852 0.0819015224438 5.73017331828 0.0 0.510251956455 0.0 164.0 47.0 49.0 0.121352376135 0.333333333333 -0.0602096482913 0.0726111439401 
0.0 0.0 0.0 0.0 0.0 0.0 9.03897326426 0.0 3.00482592818 0.0 0.328663256453 0.0 162.0 48.0 48.0 0.061142727844 0.333333333333 0.0359674286999 -0.0588935694454 
0.0 0.0 0.0 0.0 0.0 0.0 9.28697347083 0.0 3.0121401478 0.0 2.26005531059 0.0 161.0 49.0 47.0 0.0971101565439 0.274439763888 0.0659717319186 -0.099503828833 
0.0 0.0 0.0 0.0 0.0 0.0 10.8382939242 0.0 2.41697257339 0.0 0.0 0.0 159.0 49.0 47.0 0.163081888463 0.174935935055 0.117257174871 0.070314447403 
0.0 0.0 0.0 0.0 0.0 0.0 9.39015659889 0.0 9.20439442323 0.0 2.24502841346 0.0 157.0 51.0 47.0 0.280339063333 0.245250382458 0.181111024316 -0.131265597112 
0.0 0.0 0.0 0.0 0.0 0.0 10.0999378918 0.0 8.9069379268 0.0 0.474753755817 0.0 154.0 52.0 47.0 0.333333333333 0.113984785346 0.00135241577512 0.0661901207539 
0.0 0.0 0.0 0.0 0.0 0.0 9.31354079099 0.0 9.76450464591 0.0 0.606551555597 0.0 150.0 54.0 47.0 0.333333333333 0.1801749061 0.0976050746399 0.192811660007 
0.0 0.0 0.0 0.0 0.0 0.0 7.42536056162 0.0 11.7069819139 0.0 0.0 0.0 143.0 57.0 47.0 0.333333333333 0.333333333333 -0.267918649526 -0.0433171398822 
0.0 0.0 0.0 0.0 0.0 0.0 6.29949878696 1.74485617744 21.9207109768 0.0 0.296653863452 0.0 140.0 58.0 47.0 0.0654146838071 0.290016193451 -0.079548536583 -0.00794167768072 
0.0 0.0 0.0 0.0 0.0 0.0 5.1052103484 4.88249021777 22.0663850109 0.0 0.507338302177 0.0 139.0 59.0 47.0 -0.0141338527759 0.28207451577 -0.0145555036486 0.102469093211 
0.0 0.0 0.0 0.0 0.0 0.0 4.47104007391 4.88530366438 18.655820896 0.0 0.0 0.0 139.0 58.0 47.0 -0.0286893564244 0.333333333333 -0.0791751922945 -0.0753464356708 
0.0 0.0 0.0 0.0 0.0 0.0 4.35472691388 4.38345380294 20.6325535541 0.0 1.4523143257 0.0 140.0 58.0 47.0 -0.107864548719 0.257986897663 0.00512338034202 -0.037338186144 
0.0 0.0 0.0 0.0 0.0 0.0 5.12967647363 5.0536048642 21.7114259076 0.0 2.29254348898 0.0 142.0 58.0 47.0 -0.102741168377 0.220648711519 0.123581114182 0.126730997551 
0.0 0.0 0.0 0.0 0.0 0.0 5.15105547041 7.88470785247 20.731596892 0.0 0.0 0.0 142.0 57.0 47.0 0.0208399458047 0.333333333333 -0.172906297758 -0.186036150224 
0.0 0.0 0.0 0.0 0.0 0.0 3.39917123386 5.25211793412 21.6244695095 0.0 0.489834695358 0.0 142.0 57.0 47.0 -0.152066351953 0.147297183109 0.0744108497357 -0.030736481602 
0.0 0.0 0.0 0.0 0.0 0.0 5.18551019171 5.35515114413 21.5134773339 0.0 1.29287409717 0.0 142.0 57.0 48.0 -0.0776555022173 0.116560701507 0.127571741268 0.014377254931 
0.0 0.0 0.0 0.0 0.0 0.0 5.14473547918 4.9817104803 21.7438862089 0.0 0.723522578875 0.0 142.0 57.0 47.0 0.0499162390504 0.130937956438 0.0707477342255 -0.0619161357739 
0.0 0.0 0.0 0.0 0.0 0.0 5.23417325417 3.4058327093 22.3921934418 0.0 0.0 0.0 142.0 57.0 47.0 0.120663973276 0.0690218206641 -0.0466630626248 -0.211545470829 
0.0 0.0 0.0 0.0 0.0 0.0 5.32746165468 4.04279657766 19.2774091894 0.0 0.0 0.0 142.0 58.0 49.0 0.0740009106511 -0.142523650165 0.151171082515 0.11334017737 
0.0 0.0 0.0 0.0 0.0 0.0 3.10967244121 7.74814258726 14.0805168652 0.0 1.26729172547 0.0 140.0 59.0 56.0 0.225171993166 -0.0291834727949 -0.00213598617742 0.0117042298369 
0.0 0.0 0.0 0.0 0.0 0.0 3.03886068308 16.3774236776 7.99122212081 0.0 2.19074901827 0.0 125.0 54.0 89.0 0.223036006989 -0.0174792429579 0.0392884679065 0.0276326381186 
0.0 0.0 0.0 0.196190484742 0.0 0.185988956759 1.09833913023 4.37688435193 1.70494425369 0.0 6.51663630781 0.0789624518141 105.0 44.0 117.0 0.262324474895 0.0101533951606 -0.110636119405 0.0127993378946 
1.09046072747 0.582489769589 0.0 0.0 0.0 0.0 0.255980588714 3.62492217658 1.22695815193 0.0 0.774689537126 0.0 101.0 45.0 119.0 0.15168835549 0.0229527330552 -0.115356285036 0.00317405195801 
0.0 0.0928318063846 0.0 0.108881752462 0.699243777599 0.0 0.635819980022 2.00674050561 0.898946388807 0.0 1.37616066887 0.0 91.0 49.0 124.0 0.0363320704538 0.0261267850132 0.104293291161 -0.0184273514873 
0.84222987965 0.0 0.0 0.0 0.0 0.0 0.319700729034 1.47673124955 0.466135182756 0.0 1.4774362955 0.0654312051461 72.0 53.0 139.0 0.140625361615 0.00769943352597 -0.0799970324021 0.194926115675 
0.311757159866 0.470214814639 0.0 1.2363479713 0.387636141138 0.834451696532 0.64336567091 1.13756227117 0.908041863555 1.04943234444 2.49051043456 0.979635055093 64.0 55.0 138.0 0.0606283292125 0.202625549201 -0.0523914875325 0.0419606151327 
0.0588335714049 1.68307381746 0.0 0.883571676563 0.204705008813 0.0 1.11582316939 0.896698607528 1.60666897619 0.216763666637 1.74029957063 1.10295535751 63.0 56.0 126.0 0.00823684167998 0.244586164334 -0.0294026426768 0.00101264365795 
0.0 0.0 0.0 0.0 0.0 0.0 2.62985100104 0.576125489559 0.0 0.0 1.27889954834 0.0 63.0 56.0 114.0 -0.0211658009968 0.245598807991 0.0118832975766 -0.0379114745913 
0.0 0.0 0.0 0.0 3.08104102944 0.0 1.489241014 1.40988228443 0.794552201216 0.0 1.26408775851 1.56768548723 62.0 61.0 104.0 -0.00928250342018 0.2076873334 -0.0932880648779 0.145065643302 
0.245085556061 0.366984244553 0.0 0.523994898109 3.63005466527 1.17412978945 1.35884829581 1.87292722167 0.633278202663 0.170515450695 0.731793944261 0.15220026806 60.0 59.0 94.0 -0.102570568298 0.333333333333 -0.0905658098102 -0.0305632264994 
0.0 0.0 0.0 0.111088284022 0.0 0.0 2.63524921684 0.0 0.0 0.0 1.46463320878 0.0 62.0 60.0 85.0 -0.193136378108 0.302770106834 0.0724591788639 0.00418647555655 
0.0 0.0 0.0 0.0 0.0 0.0 2.67407518253 0.0 0.0 0.0 9.42135817969 0.167380151351 62.0 60.0 83.0 -0.120677199244 0.306956582391 0.149755112206 0.0166802165887 
0.0 0.434910531381 0.0 0.0 0.155313093179 0.0 1.61125862756 1.80079670735 0.808575314463 0.0 16.7653095825 0.0 61.0 60.0 82.0 0.0290779129616 0.323636798979 -0.183264972098 -0.0632235027088 
0.0 0.0 0.0 0.0 0.0 0.0 0.0 0.385124897262 0.0 0.0 22.4484544343 1.81865390557 60.0 61.0 81.0 -0.154187059136 0.26041329627 -0.0249546365302 0.145725059106 
0.0 0.0 0.0 0.0 0.0 0.0 0.0 0.0 0.0 0.0 25.4773420586 0.159944316477 61.0 60.0 81.0 -0.179141695666 0.333333333333 -0.106124442123 -0.105763672417 
0.0 0.0 0.0 0.0 2.085198006 0.0 0.101058091829 1.78570508201 0.0 0.17251449571 24.5473718211 1.82661016726 63.0 60.0 79.0 -0.285266137789 0.227569660916 -0.0782885082352 0.0631926546472 
1.74041254719 0.0 0.0 1.05080111567 0.0 2.11270900078 1.40558367049 0.821187442017 0.170780716338 0.0 32.2992344495 1.3468710268 64.0 60.0 79.0 -0.333333333333 0.290762315564 0.142128429896 0.019867451797 
1.29363731163 0.0 0.0 2.06656031206 1.15263228732 0.0 0.383202223677 1.54029710461 0.0 0.0 37.7440586881 1.54996705013 67.0 60.0 78.0 -0.191204903437 0.310629767361 0.0264072773785 0.0658533861674 
0.747857588442 0.0 0.0 1.78428205155 1.63089759412 0.0 1.10079707974 3.81179503036 0.0 0.0 42.0153728535 4.3369152479 69.0 60.0 76.0 -0.164797626058 0.333333333333 0.101165402856 0.0462794808687 
0.0 0.0 0.0 0.368738086763 0.0 0.899915408872 1.87254622256 3.44436784449 0.350222850717 0.0 49.5803766262 5.39159099047 69.0 60.0 77.0 -0.0636322232025 0.333333333333 -0.125732738415 -0.225679892872 
1.74544591288 0.8747944712 0.0 1.51116000056 0.404323271775 0.0 1.36434023514 3.11917249192 0.0 0.0 47.3646116038 3.61055287542 72.0 60.0 76.0 -0.189364961617 0.107653440461 0.146966412136 -0.0330914494859 
0.323751394493 0.0 0.0 1.64036198425 2.88736417303 1.20125057144 2.53437111949 4.6077781535 0.0 0.0 45.4722173048 2.14787175534 73.0 61.0 75.0 -0.0423985494813 0.0745619909755 0.0179484109217 -0.0196917860238 
0.0 0.0 0.0 0.0 0.0 0.0 6.97419813522 0.0 0.0 0.0 41.2233830337 0.0 73.0 62.0 73.0 -0.0244501385596 0.0548702049517 -0.0158609367988 -0.0417015508071 
0.0 0.0 0.0 0.0 2.52656237895 0.0 10.5325732767 2.78138537029 0.0 0.0 46.6818478189 0.0 75.0 63.0 70.0 -0.0403110753584 0.0131686541446 -0.0387785714405 0.174951669584 
0.0 0.0 0.0 0.557692646406 0.826353996314 0.0 5.91152954297 3.93906482434 0.0 0.0 47.4042362884 0.0802022375002 75.0 62.0 71.0 -0.0790896467988 0.188120323729 -0.052878249733 -0.00793493173979 
0.0 0.0 0.0 0.0 0.0867787872365 0.0 4.67103748895 5.06722687001 0.0 0.0 48.0719127415 1.60113100421 75.0 62.0 71.0 -0.131967896532 0.180185391989 -0.026588895686 0.0888439571922 
0.0 0.0 0.0 0.0878701696884 2.1256074346 0.0 5.06705173719 5.85054695747 0.0 0.0 52.9212600628 0.898423416927 75.0 62.0 73.0 -0.158556792218 0.269029349181 0.131120111062 -0.0868108099394 
0.0 0.0 0.0 0.12843404023 1.25132749783 0.0 3.13982652117 5.99792365161 0.0 0.0 53.0803490765 2.06347108919 75.0 62.0 74.0 -0.0274366811559 0.182218539242 -0.145133538867 0.0282511344951 
0.0 0.089793104133 0.0 0.31704749405 1.4108087689 0.0 0.0 5.90680019953 0.0 0.0 53.154011898 5.00494424232 75.0 62.0 75.0 -0.172570220023 0.210469673737 -0.0857050353584 -0.0766577579371 
0.0 0.0 0.0 0.0 1.32151027545 0.0 3.83839619729 5.12069082033 0.0 0.0 59.2515964631 3.34550713675 77.0 61.0 74.0 -0.258275255381 0.1338119158 0.149059555857 0.0101654782299 
1.21884325441 1.04060957635 0.0 1.17330445971 2.38018660533 2.40979222936 2.12915846698 6.15635733919 0.0 0.0 64.1503943215 4.94870254793 79.0 61.0 74.0 -0.109215699524 0.14397739403 -0.013233288912 0.07397801424 
1.27883223096 0.0 0.0 0.0 2.22491903079 0.0 1.98105886144 6.18630898859 0.0 0.0 71.8101424329 6.93453592588 80.0 59.0 76.0 -0.122448988436 0.21795540827 0.0502275989493 -0.127148010069 
0.905778849399 0.0426503024596 0.0 0.0 0.656623891852 1.6253625881 1.10065167734 7.05973706009 0.0 0.0 79.7255864625 8.838095553 81.0 59.0 76.0 -0.0722213894865 0.0908073982001 0.210176090825 0.025723454397 
1.26872862882 0.27639581205 0.0 1.08119057228 0.419877543169 1.77112491663 1.8538624868 5.52181138228 0.0 0.0 80.0778794694 9.77004807825 81.0 60.0 76.0 0.137954701338 0.116530852597 0.0334602648744 -0.191044154537 
1.37326960254 3.78319893425 0.0 2.28239167081 0.0 1.86905954033 0.0 8.09597914053 0.0 0.0 71.5783139007 7.35904501527 79.0 59.0 86.0 0.171414966213 -0.0745133019399 -0.029498694189 -0.0986910659634 
1.18872620676 0.392181463081 0.0 1.35022089591 1.25693584033 0.121867325285 0.142218226516 3.1434726928 0.0 0.0 29.1639896768 3.40711341631 72.0 58.0 105.0 0.141916272024 -0.173204367903 -0.108214268865 0.0113455471332 
0.0 0.379664872242 0.0 0.0 0.0 0.754796745899 0.948164852523 2.01919571518 0.0 0.157800520422 9.96039048613 4.06374850479 72.0 57.0 122.0 0.0337020031587 -0.16185882077 -0.0125632542503 0.0654710861208 
0.0 0.285334395742 0.0 0.293574061326 0.0 1.1491760678 0.285211311749 1.20214470207 0.0 1.08962316022 2.29480115103 1.27100914817 69.0 57.0 141.0 0.0211387489083 -0.0963877346493 -0.0745395078855 -0.0880416191314 
0.0 0.0 0.0 2.16215218386 1.32770099664 0.0 0.0769269061871 0.0203253180293 0.0 0.0 1.17919319771 2.74586509389 68.0 58.0 157.0 -0.0534007589772 -0.184429353781 -0.0135854965905 0.0277896447369 
1.10187026663 0.0675024753342 0.0 1.15752735275 2.18932226656 0.0 1.03878120982 0.952027788129 0.299489964627 1.06202707695 0.95625424094 1.13518825067 70.0 57.0 170.0 -0.0669862555677 -0.156639709044 -0.0713906014998 -0.0182519075338 
0.0 0.181834798529 0.0 1.21937617809 0.559247528087 0.0 0.193392234226 0.105987127183 1.66757785642 0.930352749073 2.60492152164 1.86581803925 75.0 48.0 190.0 -0.138376857068 -0.174891616578 -0.00949078794069 -0.0194442566743 
1.22419421377 0.0 0.358729392578 1.22078796134 0.0 1.69310690735 1.13511725249 1.04803413833 2.20974350088 0.332248115336 1.87423485402 0.23206215476 79.0 47.0 196.0 -0.147867645008 -0.194335873252 -0.0100817574094 -0.151812567203 
0.308368888836 0.161049427114 0.0 1.31384905618 2.1350197907 0.897075656465 1.07019351241 0.983461402863 0.663399392291 1.09467121331 0.0 1.83707222266 83.0 47.0 212.0 -0.157949402418 -0.333333333333 0.000922451254473 -0.109422613782 
1.154570484 0.091013645134 0.0 0.628231772437 1.43107552979 0.0 1.06757654743 3.79312562911 0.0 0.336993180814 0.0 1.10556440958 89.0 46.0 230.0 -0.157026951163 -0.333333333333 0.124339239837 0.183330285154 
1.96201026051 0.0 0.0 2.16857785352 0.0 0.0 1.25399493313 0.380093376833 1.08044451077 0.0 0.91472448162 0.0 94.0 43.0 240.0 -0.0326877113259 -0.15000304818 -0.039402311282 0.0525691556123 
0.0 0.0 0.0 1.24723579704 0.378996461083 0.0 1.25879282928 0.960792617918 0.0 0.0 0.0 0.0771898668386 101.0 38.0 246.0 -0.0720900226079 -0.0974338925675 -0.0647790107586 0.0402310161845 
0.431340864311 0.0 0.0 1.3114627174 0.0 0.0 4.5702592722 1.1659100238 0.0 0.0 0.913034038337 0.0 106.0 35.0 249.0 -0.136869033366 -0.057202876383 -0.0438357752253 -0.110589308115 
0.0 1.85340684789 0.0 1.31272445591 0.0 0.316185950277 1.17240368257 2.04667560875 0.0 0.0 0.85108132096 1.81963481726 111.0 32.0 251.0 -0.180704808592 -0.167792184498 -0.0374290488235 0.0582166182181 
0.0 0.0 0.117015972248 2.18687250536 0.19512260207 0.0 0.377865564087 1.01130242098 0.204564609271 0.0 0.75518553632 1.6053241051 119.0 29.0 250.0 -0.218133857415 -0.10957556628 0.0141835603295 -0.152960471682 
0.68316513241 0.290028953872 0.0 0.52532656566 0.433471940163 0.281655448834 1.63365535267 0.572307225549 0.0 0.137312706395 0.0 0.316951085576 126.0 27.0 246.0 -0.203950297086 -0.262536037962 -0.00964673436217 -0.0720358746992 
0.291052672509 0.409650882658 0.0 0.0 0.877871869897 0.0722301842921 0.797126219769 0.714844607655 0.0 1.1843684498 0.34973129505 0.0891498874131 134.0 25.0 238.0 -0.213597031448 -0.333333333333 0.0923458606979 -0.0691341739608 
0.0 0.0 0.0 1.30011949656 0.0 0.0 0.676856839097 1.15630136941 0.0 0.0 1.20783601241 0.956930389763 141.0 25.0 231.0 -0.12125117075 -0.333333333333 0.137216817038 0.119718565361 
0.641559066322 0.0 0.0 0.341166221066 1.17406939254 0.0 1.42245076306 0.9508423563 0.0 0.737533417958 0.734100333616 0.70256214011 143.0 25.0 229.0 0.0159656462881 -0.213614767972 -0.0205370934634 0.0310974491347 
0.414216364484 0.0 0.0 0.43616935658 0.0 0.0 2.07008912357 1.85033764385 0.0 0.0 0.375476528447 1.19410533155 143.0 25.0 229.0 -0.00457144717523 -0.182517318838 -0.0463198645412 0.23671503641 
0.0 0.0 0.0 0.407466902365 0.0 0.0 2.27661260479 0.315387544154 0.0 0.0 0.582947158312 0.271783408409 143.0 25.0 229.0 -0.0508913117164 0.0541977175726 -0.011335413361 0.0341449617902 
0.0 0.0 0.0 0.0 0.0 1.03364812798 1.28182352417 1.95477838453 0.0 0.0 0.0 0.0 145.0 25.0 226.0 -0.0622267250774 0.0883426793628 -0.00157810860066 0.00520103933822 
0.0 2.13571811491 0.0 1.43866081904 0.0 1.06538040378 0.687768531473 0.911539653718 0.0 0.0 2.25588662629 0.0 148.0 25.0 222.0 -0.0638048336781 0.093543718701 -0.0932856096275 0.213885542765 
1.03227682442 1.03028580806 0.0 0.563186998311 0.800349040636 0.597445077405 0.543701178959 0.566073839022 0.0 0.0 1.10860187847 0.0 155.0 25.0 213.0 -0.157090443306 0.307429261466 -0.0341107614038 -0.0834004475359 
0.770692555142 1.05782122992 0.0 0.0 0.389303367175 0.207747375813 0.570326345769 2.58605564027 0.0 0.00236915477401 0.0 0.0 162.0 25.0 203.0 -0.191201204709 0.224028813931 -0.0280014337989 -0.0643048037386 
0.0 0.0 0.0 1.45233636943 0.0 0.820342862858 0.539419810227 1.46111204255 0.673727815622 0.0 0.196027870492 0.0 170.0 25.0 194.0 -0.219202638508 0.159724010192 0.0232510702612 -0.0113204460555 
0.267035377231 0.344900164713 0.0 0.437374802146 1.29607561726 0.24554568482 0.944439483185 0.0191708932307 0.0 0.0 0.0 0.0777380147766 177.0 25.0 186.0 -0.195951568247 0.148403564136 -0.0450276251166 -0.0148517852839 
0.777827988133 0.192630380822 0.377949023833 0.0 0.122859579551 0.0 0.0 2.69257066288 0.313953601523 0.0 0.0 1.08123201098 186.0 25.0 176.0 -0.240979193364 0.133551778853 -0.00240000361027 0.11635637145 
1.0123422904 1.06273392205 0.0 0.323713833906 0.0 0.208832135398 1.04610240611 0.806444447652 0.0446163593966 0.0 0.0 1.17465036148 194.0 24.0 167.0 -0.243379196974 0.249908150302 -0.0806080236152 0.117718557916 
0.487984391499 0.0 0.0 0.0 0.408792219694 0.0 0.146721327718 1.71585841636 0.0 0.578110904864 0.0 0.0 204.0 24.0 157.0 -0.323987220589 0.333333333333 0.0747837245032 -0.16605490673 
0.783988565024 0.0702161406308 0.0 0.0 0.0 0.0 0.837403854288 1.58753490306 0.0 0.0 0.722137336787 0.764306147658 213.0 25.0 145.0 -0.249203496086 0.167278426603 -0.0555305645247 0.117156120487 
0.0 0.0 0.0 0.0 1.45800658401 0.262189843467 0.671078300236 1.17666479818 0.0 0.0 0.0 1.19551945541 222.0 30.0 127.0 -0.304734060611 0.28443454709 0.128912733581 0.0250410897522 
0.0 0.0 0.0 0.0750755678238 1.00256352865 0.0723636950445 0.165521202126 1.06966913436 0.178290398133 0.0 0.848741172985 1.30237314178 228.0 38.0 107.0 -0.175821327029 0.309475636842 0.0950116173453 0.139435207223 
0.0 0.157718952386 0.0 0.832998459286 0.0 0.222558884871 0.555929463651 2.44083337763 0.0 0.0 0.0 1.30533305801 229.0 38.0 96.0 -0.0808097096841 0.333333333333 -0.0545413455817 -0.0395539617545 
0.0 0.0 0.0 1.38705526324 0.798201960701 0.383579521177 1.03639261549 0.795306725889 0.0 0.0 0.0 0.305046409929 229.0 38.0 85.0 -0.135351055266 0.293779371579 0.107841273236 0.034591150637 
1.13987829422 0.0 0.235921272334 0.309862598214 1.01248500189 0.0 1.17597003174 1.46243251341 0.190630862781 0.0 0.0 0.0 229.0 38.0 74.0 -0.0275097820302 0.328370522216 -0.150977574286 0.111274607289 
0.273077694363 0.0759813745684 0.0 0.338903016083 0.518667092091 0.558621602822 1.14826489755 1.67018077979 0.417778887862 0.0 0.211942792035 0.0 229.0 38.0 63.0 -0.178487356317 0.333333333333 0.147754257854 0.099847469846 
0.683533176176 0.779074701067 0.0 0.401905354246 0.284132792568 0.581375920523 0.678198561313 1.17605455073 0.0 0.0 0.735255869448 1.22492012175 229.0 35.0 58.0 -0.0307330984622 0.333333333333 -0.0202120940809 0.0804639526332 
1.75849883469 0.675722225711 0.0 0.309935239673 1.18293533723 0.0 0.663151038178 1.31626653016 0.0 0.497490672954 0.0 0.0 229.0 30.0 57.0 -0.0509451925431 0.333333333333 0.0623422754359 -0.0739872147866 
0.0 1.20363216324 0.0 1.1813890353 0.897831156402 0.0 0.599922526542 2.97638093679 0.0 0.232139683504 0.0 0.0 229.0 27.0 56.0 0.0113970828928 0.259346118547 -0.00989933894768 0.0914207543125 
0.0 0.0 0.0 0.770516181633 0.0 0.828816317486 0.534957573646 1.65220546865 0.300583840308 0.0 0.0 0.0 229.0 26.0 54.0 0.0014977439451 0.333333333333 -0.103178902122 -0.0139703545644 
0.762848629094 0.117257368683 0.0 0.0 0.0 1.87078626478 0.501316512762 2.51645048524 0.0154510652977 0.0 0.204049605606 0.918400482695 229.0 25.0 53.0 -0.101681158177 0.319362978769 0.105070293963 0.212520085067 
0.823054797153 0.0 0.0 0.682932343038 0.0 0.0905889811103 0.562649667063 2.1677116362 0.0 0.708536354461 0.0 1.10483703177 229.0 24.0 51.0 0.00338913578531 0.333333333333 0.11835881786 -0.172808355191 
0.0 0.0 0.0 0.379803602674 1.29778192399 0.0 1.90734819253 1.59345941765 0.0 0.0 0.0 0.0 227.0 24.0 50.0 0.121747953646 0.160524978143 -0.189436347408 0.0238179260591 
1.20167974924 0.0 0.0 0.338775682927 0.058210643032 0.968778307021 0.573615679197 1.51239278656 0.0 0.610594627697 0.0 1.8100448914 226.0 24.0 51.0 -0.0676883937624 0.184342904202 -0.0097233812652 0.0410529934848 
0.0 0.0 0.0 1.24331774489 0.831618563833 0.0 0.563068468818 1.071906286 0.41160555464 0.267540388547 0.0 0.195083187478 226.0 24.0 50.0 -0.0774117750276 0.225395897687 0.000283157316569 0.0533887053445 
0.0 0.0 0.0 0.427595925683 0.480722437175 0.0 1.40552177899 0.620411069155 0.0 0.0 0.0 0.0 227.0 23.0 50.0 -0.0771286177111 0.278784603031 0.118773089947 -0.154405710857 
0.780933237472 1.05169302355 0.0 0.0 0.438181388122 0.0 0.525061819146 0.543468802454 0.0 0.0 0.0 0.101601681915 229.0 22.0 50.0 0.0416444722361 0.124378892174 -0.118668104933 0.144093183823 
1.19797503314 0.0 0.0 0.182386313807 0.405391979709 0.36481181628 1.12267543626 1.44690470498 0.0 0.0 0.0 0.0 228.0 22.0 49.0 -0.0770236326968 0.268472075997 0.0633751865573 0.0128759926825 
0.0 0.462909821594 0.0 0.706485750395 0.404160716575 0.0 1.54653159238 1.56843685277 0.0 0.0 0.0 0.0 229.0 22.0 49.0 -0.0136484461395 0.281348068679 -0.0217326097221 0.0661630732107 
0.0 0.0 0.909566801318 0.316353486643 0.403915754445 0.0 0.0 1.10294597371 0.906240731476 0.0 0.0 0.159987236815 228.0 22.0 49.0 -0.0353810558616 0.333333333333 0.176783940225 0.0234686996973 
0.0 0.177211749586 0.0 1.67849153085 0.0 0.469220609791 1.43664906128 1.93142858063 0.0 0.0 0.0 1.61306711791 227.0 22.0 49.0 0.141402884363 0.333333333333 -0.0532411961943 -0.0641353301547 
0.0 0.0 0.0 1.31398107821 0.0 0.0159970954919 1.52358584528 0.644469812331 0.40139202419 0.623535530855 0.0 0.220600646219 222.0 22.0 49.0 0.0881616881688 0.269198003179 0.236137708619 0.178840606567 
0.0 0.0834962615041 0.0 0.0 1.32468475983 0.0 0.619627848402 0.604083432508 0.0 0.0 0.0 0.0833069542233 212.0 23.0 51.0 0.324299396788 0.333333333333 -0.0771503439874 -0.055413803306 
0.0 0.0 0.0481054642153 0.256855445155 0.900590162718 0.359792305261 1.0283941818 1.47732640813 0.0 0.588964044143 0.0 0.0789931546595 202.0 24.0 52.0 0.2471490528 0.277919530027 -0.0994754084385 -0.0742988774282 
0.260955253334 1.11069358719 0.0 0.0 0.418295579361 0.356089550172 0.0 3.00400062589 0.0 0.706305445369 0.0 1.07883498388 194.0 30.0 50.0 0.147673644362 0.203620652599 -0.251468736126 0.0525916237892 
0.0 0.281826150961 0.0 1.5664804673 0.0 0.38714304884 0.0 2.14440607803 0.880183029944 0.209685972253 1.66866646901 0.0 184.0 36.0 49.0 -0.103795091764 0.256212276388 0.12574843858 0.125124008485 
0.161349314662 0.630725205475 0.0 1.27723629183 0.951700787979 0.0 0.943944644302 1.11693937706 0.0 0.194166580914 0.0 0.478367691872 178.0 41.0 49.0 0.0219533468158 0.333333333333 -0.0662826457557 0.0686506953541 
0.680032343508 0.578747747659 0.0 0.798713305702 0.481986413784 0.0 1.10018865133 1.55318787263 0.0 0.224871853791 0.235295823094 0.591363830632 177.0 42.0 49.0 -0.0443292989399 0.333333333333 0.0494211679051 -0.0438596877532 
0.0 2.54556492911 0.494580429744 0.814744399091 0.467319870098 0.405903307215 0.198603553642 1.16019682178 0.37890791819 0.0 0.0 0.126004984031 177.0 42.0 49.0 0.00509186896519 0.28947364558 0.027464287455 -0.0197339695735 
0.0 1.79387001191 0.0 0.283353358453 0.498011487757 0.0 0.139263332794 0.147599713866 0.425515154584 0.165463797177 0.0 0.580187279305 176.0 42.0 49.0 0.0325561564201 0.269739676007 0.04825781037 -0.0518256017931 
0.0 1.05123946385 0.0 0.266706152884 1.18609036471 2.1720646396 0.262070443275 1.74073110811 1.92670263981 0.224062603043 0.0 0.0 172.0 43.0 50.0 0.0808139667901 0.217914074214 -0.0358656954866 0.0973593582952 
0.0 0.0 0.0 0.109960635801 0.0 0.0 3.04618745051 1.29028206584 0.160802114071 0.0 0.0 0.0 171.0 43.0 50.0 0.0449482713035 0.315273432509 -0.105882450396 0.0980315183278 
0.904367826845 0.0 0.0 0.292429586856 0.0 0.0 2.47511495225 0.900827352401 3.4178106135 0.0 0.0 0.0 170.0 44.0 49.0 -0.0609341790929 0.333333333333 0.011818684163 -0.0503162789887 
0.0 0.0 0.0 0.860594264669 0.0 0.331144077397 4.29896993894 3.66917396891 4.20547575529 0.0 0.0 0.0 171.0 43.0 49.0 -0.0491154949299 0.283017054345 -0.00177826552395 0.0466016251593 
