nrollouts: 2
# HEADER 1
0.138388688254 0.0 0.0 1.29119805648 0.364299552352 0.0 0.0 0.895379587899 0.0 0.598454301872 0.0 0.0 133.0 247.0 255.0 0 0 0.000809011001493 0.0608358481233 
0.529214793193 0.412557190222 0.0 0.42706589777 0.0 0.510648073786 0.0 0.625982967121 0.280935386101 0.251905361956 0.0 0.0 133.0 245.0 255.0 0.000809011001493 0.0608358481233 -0.0221183493349 -0.271916667436 
1.00989229505 1.1771259467 0.336773669516 0.0 0.843824244361 0.0 0.0 1.1173397256 0.700541395235 0.0 0.0 0.57883373995 133.0 249.0 255.0 -0.0213093383334 -0.211080819313 0.0387269401538 0.118887649413 
1.02457187692 0.0 0.0519358750549 0.29070227393 0.0 0.0 0.0 0.0 0.0572899287126 0.0 0.0 0.941419396493 134.0 252.0 255.0 0.0174176018204 -0.0921931699005 -0.119446529089 0.0380372504501 
0.0 1.31877116985 0.0 0.30177004261 0.130576799752 0.0 0.0 0.373968976826 0.786964597261 0.0618768896759 0.0 0.108884107502 137.0 253.0 255.0 -0.102028927268 -0.0541559194504 0.213514082192 -0.0988460009702 
0.0 1.14229042593 0.821018476081 0.0 0.333376809202 0.0 0.0 0.0 0.0 0.110475708859 0.0 0.582843074681 138.0 253.0 255.0 0.111485154924 -0.153001920421 0.18366614835 -0.148028368337 
0.0 1.41761956296 0.066789020509 0.0 0.589290078479 0.0 0.0 0.0 0.0 0.986890146851 0.0 1.6912098638 131.0 253.0 255.0 0.295151303274 -0.301030288758 0.0868758824949 0.0837756075118 
0.0 1.17594175251 0.0 1.03677690045 0.0 0.0 0.0 0.871792931149 0.685424456562 0.732799167417 0.342870537757 0.912804049137 120.0 252.0 255.0 0.333333333333 -0.217254681246 -0.0717142729183 -0.0574566946176 
0.39676973316 1.6366877657 0.0 1.19939559903 0.0 0.0 0.0 0.124937923386 0.0 0.349731827125 0.0 1.07568525482 117.0 255.0 255.0 0.261619060415 -0.274711375864 -0.0971105480831 0.0170751038439 
0.0 0.650582737329 0.317665744087 0.0478038623182 0.0757893696592 0.38352046823 0.0 0.00783760237094 0.0 0.712602388799 0.221570846474 1.08045500875 115.0 255.0 255.0 0.164508512332 -0.25763627202 0.0585217876726 0.136438939739 
0.0 2.6819595061 1.20713417564 0.0 0.0 0.0 0.0 1.37908079464 0.0 0.348815176917 0.0 0.580283877776 114.0 255.0 255.0 0.223030300005 -0.121197332281 0.13475732015 0.14283535858 
0.0 3.27561763751 1.32823982004 0.0 0.0 0.0 0.0 0.983759350488 0.0 0.0 0.746173900976 2.97044768377 112.0 255.0 255.0 0.333333333333 0.0216380262994 -0.0982811088509 -0.0137481575574 
0.0 4.19941332819 2.33157567121 0.0 0.0 0.237010722072 0.0 0.0 0.0 0.700234402706 1.07010618181 3.48183671518 110.0 255.0 255.0 0.235052224482 0.007889868742 -0.134470057604 0.0750331586699 
0.0 5.28934867265 3.42451219156 0.0 0.0 0.0 0.0 0.0 0.0 0.723093726029 2.32952946616 2.55916635956 110.0 255.0 255.0 0.100582166878 0.0829230274119 -0.129605118701 -0.120169449732 
0.0 5.35285280605 3.98880321216 0.0 0.0 0.0 0.0 0.0 0.0 0.0 1.96155816831 4.43572446783 110.0 255.0 255.0 -0.0290229518228 -0.0372464223205 0.184419848077 -0.0107480314155 
0.0 5.82184546098 5.34850193212 0.626544486457 0.0 0.0 0.0 0.0 0.0 0.64240119207 2.91789370784 3.18067804695 110.0 255.0 255.0 0.155396896255 -0.0479944537361 0.225039709822 -0.197816421182 
0.0 5.99116202455 3.57708325476 0.0 0.411811657698 0.0 0.0 0.95565568982 0.217576488852 0.721675030503 1.50901945542 4.45278269746 109.0 255.0 255.0 0.333333333333 -0.245810874918 -0.0982140159866 -0.0878035415884 
0.0 6.43194672353 5.30142123765 0.0 0.625937044593 0.0 0.0 0.0 0.0 1.16133574782 1.49588635199 4.02240282431 109.0 255.0 255.0 0.235119317347 -0.333333333333 -0.0127846799757 0.0712443085986 
0.0 6.03775510423 4.07265070996 0.0 0.0 0.0 0.0 0.522098502125 0.0 0.0 1.55742369224 3.16432542397 109.0 255.0 255.0 0.222334637371 -0.262089024735 0.129093622641 -0.0803418809356 
0.0 5.99231520508 6.34506618999 0.0 0.0 0.147362238788 0.0 0.0 0.207678136554 0.0 2.5587890372 4.98002141299 108.0 255.0 255.0 0.333333333333 -0.333333333333 -0.0311756571289 0.0584290762449 
0.0 6.8952084666 5.91382399828 0.0 0.0 0.0 0.0 1.24420918771 0.762290145556 1.552316124 3.463595202 5.06651132463 107.0 255.0 255.0 0.302157676204 -0.274904257088 -0.0721561860916 -0.0739713526375 
0.0 7.82729630057 6.89844409282 0.0 0.0 0.244806242721 0.0 1.85406671244 0.0 0.281138093267 2.52178279438 4.63034209352 107.0 255.0 255.0 0.230001490113 -0.333333333333 0.125307468303 -0.141152505112 
0.0 6.35394536134 6.89543208914 0.0 0.0 0.28834968059 0.0 1.40355854509 0.0 0.178822061168 3.83462446588 5.49012797122 107.0 255.0 255.0 0.333333333333 -0.333333333333 -0.0107337095848 0.0999380016829 
0.0 6.3373124581 7.39310231431 0.0 0.0 0.258397067045 0.0 0.920221156606 0.764498747384 0.23815594027 3.84241750211 5.077947357 107.0 255.0 255.0 0.322599623749 -0.23339533165 -0.125795685249 -0.00467085446238 
0.0 6.33467891611 6.40606881705 0.0 0.0 0.0 0.0 1.02999647644 0.0 0.0 3.80952841212 3.5635660502 107.0 255.0 255.0 0.1968039385 -0.238066186113 0.170388545065 0.162653316241 
0.0 7.20599644407 7.63860630886 0.0 0.0 0.163659815113 0.0 1.06519994844 0.0 0.0 4.28707643873 5.65594520362 106.0 255.0 255.0 0.333333333333 -0.0754128698717 0.174214691786 0.0090706088601 
0.0 6.42039196793 6.8781989872 0.0 0.0 1.12921294484 0.0 1.09605533385 0.0 0.0 4.3201485352 5.04766880238 106.0 255.0 255.0 0.333333333333 -0.0663422610116 0.0844528281842 0.00756031643524 
0.0 8.23740807653 9.18971266386 0.0 0.0 2.65903676839 0.0 2.44022760156 0.0 0.427100438595 3.53846220572 6.90196769663 106.0 255.0 255.0 0.333333333333 -0.0587819445764 0.0563270704516 -0.140130611271 
0.0 8.37184386894 10.4391780195 0.0 0.0 0.931708134502 0.0 2.17921968997 0.0 0.562109863783 4.33391822732 6.28778547609 105.0 255.0 255.0 0.333333333333 -0.198912555847 -0.112247301952 0.0578787203334 
0.0 9.26283876666 8.11804700089 0.0 0.977775490686 2.17330756056 0.0 1.19730131715 0.459357463132 0.0 5.3762992689 6.07025887644 105.0 255.0 255.0 0.221086031381 -0.141033835514 -0.047109533849 0.0721288843474 
0.0 9.85093391261 9.83805226523 0.0 0.0 1.25296415292 0.0 2.47286096121 0.77284882577 0.696418261628 4.50395873525 5.61708376824 105.0 255.0 255.0 0.173976497532 -0.0689049511662 0.0104005311065 -0.204782481323 
0.0 8.8130462739 10.633117864 0.0 0.0 0.0 0.0 2.93165046751 0.184689518798 0.720501788255 5.19990366798 5.99843817754 105.0 255.0 255.0 0.184377028639 -0.273687432489 -0.196329025338 -0.110146432334 
0.0 9.55419872094 9.97687721646 0.0 0.0 1.17720351632 0.0 3.36352976663 0.0 0.723405420915 4.66065092298 6.04513546493 105.0 255.0 255.0 -0.011951996699 -0.333333333333 -0.10246623904 -0.103229308389 
0.0 8.82059613451 10.0085538598 0.0 0.0 0.81269870388 0.0 1.70644477239 0.263488714674 0.911393810496 5.76522376606 5.61268746148 105.0 255.0 255.0 -0.114418235739 -0.333333333333 -0.135924110463 -0.0960534766452 
0.0 9.27261935989 10.7539385424 0.0 0.0 1.16477066172 0.0 1.10244654756 0.0 0.79790620558 3.70757057432 5.1468899882 105.0 255.0 255.0 -0.250342346202 -0.333333333333 0.047952119026 -0.0267521697061 
0.0 9.29868481835 11.7237543651 0.0 0.0 0.374107023763 0.0 1.0019054374 0.578942240174 0.0 5.26497261378 6.80396259098 106.0 255.0 255.0 -0.202390227176 -0.333333333333 0.0683123303901 -0.187961899171 
0.0 9.2981284753 7.33907190745 0.0 0.0 0.0747701847194 0.0 1.87023936716 0.613172596487 0.0 4.61049129551 6.03110403275 108.0 255.0 255.0 -0.134077896786 -0.333333333333 -0.102774166724 0.0209068387887 
0.0 7.51636733713 5.79773103354 0.0 0.0 0.0618173576786 0.0 1.02166684293 0.0 0.470416182147 0.843998509173 3.13833581993 111.0 255.0 255.0 -0.23685206351 -0.312426494545 -0.169977262604 -0.105838321692 
0.0 4.27133539947 1.43575575447 0.0790903107052 0.0 0.0 0.0 1.15097668342 0.0 0.0 0.913291225915 2.92195809743 114.0 255.0 255.0 -0.333333333333 -0.333333333333 -0.0900356899458 0.126297711688 
0.0172482349675 2.60626595787 0.767992303585 0.0 0.0 0.0 0.0 0.029861676142 1.54987963343 0.0 0.446441871628 1.19582537283 116.0 255.0 255.0 -0.333333333333 -0.207035621645 -0.0389038072951 0.0821383569406 
0.0 1.08470023486 0.621890743034 0.581243771576 0.127587232126 0.196827356153 0.0 0.369733260758 0.0 0.0 0.0 1.79766398315 125.0 254.0 255.0 -0.333333333333 -0.124897264705 0.047393673654 0.000498253386314 
0.320265789491 0.255642586854 1.11711056582 0.0 0.0 0.128269253545 0.0 0.50530388531 0.574731961952 0.227235739973 0.0 1.06607832715 136.0 254.0 255.0 -0.285939659679 -0.124399011318 -0.0365838757908 -0.0178633320556 
0.0 0.0 2.1011885063 0.0 0.0 0.407543210493 0.0 0.0 0.0 0.0 0.0 0.0 148.0 254.0 255.0 -0.32252353547 -0.142262343374 -0.0681563404391 -0.0983585567382 
0.0 0.0 2.13090228214 0.355160333061 0.0968171322143 0.0 0.0 0.0 1.18307187278 0.0 0.0410151289117 1.28439744305 160.0 254.0 255.0 -0.333333333333 -0.240620900112 -0.0815374853834 0.0448194355915 
0.0 0.0 0.34994069582 0.473175445477 0.0 0.0 0.0 0.225509755845 0.0 0.0 0.419290505293 0.29925557649 172.0 254.0 255.0 -0.333333333333 -0.195801464521 -0.0216033587219 -0.0103627723729 
0.0 0.0 0.0 0.0 0.0 0.0 0.558535423821 0.0 0.0 0.0 0.0 0.0 184.0 254.0 255.0 -0.333333333333 -0.206164236893 -0.154730819378 0.0888710316688 
0.0 0.0 0.0 0.0 0.0 0.0 0.0 0.0 0.0 0.0 0.0877371949015 0.0 196.0 254.0 255.0 -0.333333333333 -0.117293205225 -0.0886064522455 -0.0337606063755 
1.7695987413 1.68798049339 0.0 0.297260428976 0.161375812302 1.09946350995 0.0 0.350591839915 0.0 0.0 0.0 0.492913942473 206.0 253.0 255.0 -0.333333333333 -0.1510538116 -0.0225158670995 0.0710197208044 
1.29128388146 1.21349868784 0.0 0.0 0.130920252259 0.0 0.0 0.380220610222 0.195121308881 0.0 0.0 0.0 217.0 252.0 255.0 -0.333333333333 -0.0800340907958 -0.0352932703444 -0.0169265004588 
0.150834146635 0.448152338494 0.711369421789 0.082434069486 0.129902124431 0.0297936132931 0.0 1.00609596863 0.329135300586 1.2333965391 0.0 0.406090232866 228.0 252.0 255.0 -0.333333333333 -0.0969605912546 0.0825959494866 -0.0190283364177 
0.0 0.642912076718 0.838491352417 0.0906945855661 0.129803951377 0.0 0.0 0.0 0.552016592659 0.0 0.0 0.928602784137 229.0 252.0 255.0 -0.250737383847 -0.115988927672 -0.0665733637076 0.0687552232669 
0.546804371398 0.74252134711 0.342182832519 0.216040238599 0.254866441936 0.0 0.0 0.766163021538 0.152480516995 0.0 0.0 1.0383801323 230.0 252.0 255.0 -0.317310747554 -0.0472337044054 0.0910451252291 -0.012463415071 
0.0962738959523 0.807843316832 0.0 0.251151981977 0.664829732523 0.0 0.0 0.0 0.0 0.0 0.367263885619 0.104131951399 232.0 252.0 255.0 -0.226265622325 -0.0596971194764 0.120843818124 -0.146085692558 
0.488280026724 0.809587909498 0.0 1.62669233608 0.177370468481 0.0 0.0 0.385839362019 0.179554163603 0.685886464791 0.0 1.91841241849 234.0 251.0 255.0 -0.105421804201 -0.205782812034 -0.185015295694 -0.0921444634301 
0.0629600653855 0.871981644051 0.0 0.0 0.5680937741 0.0856828871093 0.0 0.005688736449 0.0 0.726244033204 0.482130884557 0.162267619711 234.0 251.0 255.0 -0.290437099895 -0.297927275465 -0.160825137975 -0.297063614663 
0.112298572135 0.842312966931 0.0 0.0 1.51720715031 0.157972126221 0.0 0.0564745207507 0.30307251009 0.227307150803 0.0285431980274 0.419612094316 234.0 251.0 255.0 -0.333333333333 -0.333333333333 -0.0493705054072 -0.0220134819827 
0.0 0.809837368626 0.262392361968 0.0950514927907 0.639961249924 0.222726755664 0.0 0.0 0.0 0.680374501962 0.0 0.52141304573 235.0 251.0 255.0 -0.333333333333 -0.333333333333 0.0234186947832 -0.0461341614588 
0.0 0.745890306573 0.386808088561 0.152848281202 0.0 0.0 0.0 0.922347904766 0.722822438147 0.288206073338 0.481845715497 0.586967536317 235.0 252.0 255.0 -0.30991463855 -0.333333333333 0.0787342214423 0.168448727472 
0.0 0.900189328328 0.0 1.09173344403 0.0 0.0 0.0 0.085127158434 0.0 0.71329676025 0.02857849637 0.0888855410081 235.0 252.0 255.0 -0.231180417108 -0.164884605861 0.0177146345373 -0.134570561492 
0.471876176917 0.498594796341 0.0 0.277086012577 0.0995482595517 0.0 0.0 0.464967028754 0.0 0.0 0.0 0.916796550009 235.0 252.0 255.0 -0.21346578257 -0.299455167354 0.163843725935 -0.076721759919 
0.0 1.82947281384 0.0 0.0 0.127379636492 0.0 0.0 0.0 0.0 0.639311642153 1.14030549109 0.567561261648 235.0 252.0 255.0 -0.0496220566358 -0.333333333333 -0.140952665087 0.126094714016 
0.0 0.964406830803 0.0 0.0 0.128183823821 0.0 0.0 0.0 0.754593950529 0.286893317138 0.0 0.0 235.0 252.0 255.0 -0.190574721723 -0.207238619317 0.0515447591098 -0.138843057501 
0.0 0.780615824945 0.0 0.0 0.0 0.0 0.0 1.44618329855 0.0 0.71322620309 0.0 0.0280218107448 235.0 252.0 255.0 -0.139029962613 -0.333333333333 -0.0725143802385 -0.123382583474 
0.0214538651858 0.337282319112 1.2652795178 0.0 0.0 0.709532729835 0.0 0.132603006516 0.0 0.226351203718 0.0 0.977180606941 235.0 252.0 255.0 -0.211544342852 -0.333333333333 -0.141926479494 -0.138706170411 
0.549405622374 1.29193431778 0.0 0.0 1.05159316303 0.0 0.0 0.435135814752 0.0 0.679795643033 0.0 1.47515556099 235.0 252.0 255.0 -0.333333333333 -0.333333333333 -0.0675697697601 -0.0419828961573 
0.0 0.477871349456 0.250077235262 0.237938071342 0.626046685382 0.0 0.0 0.0 0.0 0.225019716902 0.0 1.05286145507 235.0 252.0 255.0 -0.333333333333 -0.333333333333 0.0736520586815 0.0755886708458 
0.0 0.389748113912 0.0 0.689854043644 0.143847032361 0.244623733433 0.0 0.0230349722055 0.70815474508 0.0 0.384349487048 1.0393568364 235.0 252.0 255.0 -0.259681274652 -0.257744662487 0.0019529204887 0.174579984878 
0.0 0.792996622316 0.266775133309 0.203576694522 0.628712742451 0.0 0.0 0.0254118404364 0.376458671218 0.131187095532 0.432510675571 2.4759969838 235.0 251.0 255.0 -0.257728354163 -0.0831646776099 -0.0286040302213 0.119883762488 
0.0 0.367938481085 0.293157247272 0.0 1.54939983987 0.0 0.0 0.0 0.366000882535 0.176466234274 0.0 0.707933294198 234.0 251.0 255.0 -0.286332384384 0.0367190848786 -0.139383970475 -0.00276128035627 
0.473177333382 0.291909901101 0.231187741876 0.204750176176 0.140012824449 0.0 0.0 0.0 0.0 0.0 0.0 1.52741770821 235.0 250.0 255.0 -0.333333333333 0.0339578045223 0.100324827881 -0.0892787763038 
0.501307673734 0.0 0.0 0.688353428749 0.0960200611954 0.0 0.0 0.0 0.318768622461 0.603967459775 0.0 1.95859251438 235.0 251.0 255.0 -0.233008505452 -0.0553209717815 0.0587135409423 0.0189921083321 
0.0 0.0 1.21633618568 0.703066578624 0.563109578603 0.0 0.0 0.854575884209 0.801404912135 0.722552435712 0.0 0.0 235.0 251.0 255.0 -0.17429496451 -0.0363288634494 0.00511564208173 0.0759787306365 
0.0 1.37056093459 0.915939373412 0.0 1.14005905897 0.0 0.0 0.082746183475 0.0 0.726060477791 0.0 0.916696010469 235.0 251.0 255.0 -0.169179322428 0.0396498671871 -0.00268719814749 -0.0478547583252 
0.0 0.0 0.0 0.455444983453 0.0 0.0 0.0676083220271 1.40196657665 0.0 0.0 0.0 0.0 234.0 251.0 255.0 -0.171866520576 -0.0082048911381 0.0450787352706 -0.22959346192 
0.0 0.0 0.0 0.508075468856 1.19400805674 0.0 0.0 0.567926344194 0.235893962192 0.415808417406 0.0 0.945017671891 234.0 251.0 255.0 -0.126787785305 -0.237798353058 -0.152806893307 -0.161164618227 
0.0 0.489559825453 0.0 1.0721798682 0.784604041626 0.0 0.0 0.041716684263 0.798531757509 0.685283206315 0.0 0.627575992768 235.0 251.0 255.0 -0.279594678613 -0.333333333333 -0.0267023237159 -0.139196039467 
0.0 3.35800826373 0.0 0.558144452223 2.4276132631 0.0 0.0 2.43128324658 0.0 0.0 0.0 0.0862746422553 235.0 251.0 255.0 -0.306297002329 -0.333333333333 -0.0206859529677 -0.16927817721 
1.07647950212 0.0 1.09836292991 0.0 1.04058546324 0.0 0.0 0.161639506719 0.00588398945344 0.236179207409 0.0 1.72543564303 235.0 252.0 255.0 -0.326982955296 -0.333333333333 -0.0393054179495 0.0106793482939 
0.146773042122 0.0 0.0 0.0 1.1216924587 0.0 0.0 0.559545365768 0.0 0.0 0.0 0.0 235.0 252.0 255.0 -0.333333333333 -0.322653985039 -0.0397730249189 0.0228267331681 
0.242586239354 0.309411363576 0.0 0.0 0.0 0.0 0.0 0.0405747653869 1.26792462409 0.265587672803 0.0 0.0 235.0 252.0 255.0 -0.333333333333 -0.299827251871 0.0648564961377 0.0727021875395 
0.245429779633 2.78967848579 0.207351621768 0.0 0.0 0.0 0.0 0.0 0.0 0.0 0.0 0.216391263921 235.0 252.0 255.0 -0.268476837196 -0.227125064332 -0.00531883474125 -0.041956430925 
1.37052281856 0.0 0.0 0.0 0.0 0.768193978781 0.0 0.0 0.0 0.67167156833 0.0 1.166356862 235.0 252.0 255.0 -0.273795671937 -0.269081495257 -0.0365579928978 0.106563173046 
0.342747721288 1.24100980467 0.0 0.0842574210769 0.0 0.0 0.0 0.928921275273 0.00384235393039 0.537479701586 0.0 0.0 235.0 252.0 255.0 -0.310353664835 -0.16251832221 -0.0076723867263 -0.0873140651733 
0.0 0.0 0.0 0.0 0.0 0.0 0.1261186906 0.0517587226658 0.0 0.0 0.751867019916 0.0 235.0 252.0 255.0 -0.318026051561 -0.249832387384 -0.0338636372662 -0.0494394284829 
0.0 0.0 0.0 0.0 0.0 0.0 0.228411910418 0.0 0.0 0.0 0.0 0.0 235.0 252.0 255.0 -0.333333333333 -0.299271815866 -0.106194233835 0.0679999518111 
0.0 0.37912653771 0.0 0.825500509249 0.0 0.0 0.0 0.0 0.0 0.125485097103 0.0 0.680828972642 235.0 252.0 255.0 -0.333333333333 -0.231271864055 -0.0360279527977 0.154742207824 
0.0 0.353529740603 0.7837513698 1.26989854573 0.0678781176177 0.384695353324 0.0 0.0 0.0 0.708824964416 0.0 0.274581024012 235.0 252.0 255.0 -0.333333333333 -0.0765296562314 0.178360069376 -0.0789910710519 
0.0 0.540016763186 0.0920637281713 1.31452693982 0.0 0.0 0.0 0.928729565294 0.0 0.0 0.328592081696 0.980474181173 234.0 251.0 255.0 -0.154973263957 -0.155520727283 0.163524505507 0.0461777464549 
0.37106936611 0.358215376199 0.0 0.0 0.827251208325 0.0 0.0 0.0 0.0 0.0 0.0 0.0 235.0 251.0 255.0 0.00855124154951 -0.109342980828 0.0706535325292 -0.0396626602936 
0.812199329842 0.0 0.0 0.268975783458 1.11626326264 0.0 0.0 1.43841897701 0.00307620458135 0.0 0.0 0.0 234.0 251.0 255.0 0.0792047740787 -0.149005641122 0.045821093958 -0.0493113126564 
0.857019516204 1.05906490037 0.0 0.0 0.187443958383 0.0664736846593 0.0 1.03592094766 0.0103661290188 0.670810034779 0.0 0.965525903746 234.0 251.0 255.0 0.125025868037 -0.198316953778 -0.216870518198 -0.0323991378671 
0.295625572757 0.0 0.0 0.454518357451 1.0643768903 0.0 0.0 0.0 0.760457931145 1.47544691277 0.0 0.0 234.0 251.0 255.0 -0.091844650161 -0.230716091645 0.0423107157498 -0.0892941277788 
0.0 0.0 0.0 0.0 0.0 0.0 0.316771568629 0.500584106469 0.0 0.0 0.0 0.0 234.0 251.0 255.0 -0.0495339344112 -0.320010219424 0.0869249742287 -0.0502540868677 
0.0 0.0 0.624462054843 0.449069583477 0.0 0.0 0.0 0.787773343916 0.0 0.0 0.0 0.873501854749 234.0 251.0 255.0 0.0373910398175 -0.333333333333 0.0873984239222 -0.111069674158 
0.0 0.10680726054 0.0 0.507612486474 0.447629231089 0.0 0.0 0.0 0.0 0.0 0.0 0.0925842539483 234.0 251.0 255.0 0.12478946374 -0.333333333333 0.0473038952411 0.131813241419 
0.0503718498933 1.28189784617 0.0 0.509270003862 0.322100814867 0.0 0.0 0.125064947898 0.567200222154 0.483345216186 0.330173573017 1.72425766763 230.0 252.0 255.0 0.172093358981 -0.201520091914 0.0920754849774 0.097255467354 
0.0 1.91202472127 0.357978723052 0.509149953667 0.130581477909 0.0 0.0 1.49460953444 0.0 0.0 0.0 0.71249625816 229.0 252.0 255.0 0.264168843958 -0.10426462456 -0.05371651742 0.0172751324259 
0.983964006694 0.275155568736 0.642920460251 0.88359367967 0.311861503047 0.0 0.0 0.849508598417 0.508603836427 0.0 0.0 1.02435844945 224.0 252.0 255.0 0.210452326538 -0.086989492134 -0.0424134320412 0.182544221485 
0.0 1.09887862897 0.0 0.0 0.879877350524 0.0 0.0 0.235291236129 0.807484624626 0.61622787484 0.0 0.846397053318 214.0 253.0 255.0 0.168038894497 0.0955547293508 0.0966102606914 0.102359615942 
1.36079945069 0.405609419402 0.778978397748 0.0 0.0 0.0 0.0 1.684622997 0.0 0.0 0.0 1.21544902805 204.0 253.0 255.0 0.264649155188 0.197914345293 0.0861482160677 -0.0556479909222 
0.530119119486 0.352584089242 0.0 0.633962823101 0.0 0.0 0.0 0.854491794597 0.701858521255 1.38777550791 0.0 0.101786469496 192.0 253.0 255.0 0.333333333333 0.142266354371 -0.123682099148 0.0758909212123 
0.0 0.0 0.597345511377 0.0 0.105234887781 0.0 0.0 0.0159392093389 0.0 0.74807787378 0.0 0.785692056623 179.0 252.0 255.0 0.209651234186 0.218157275583 -0.0293040587552 0.0212446659977 
0.0 0.0 0.0 0.0 0.123628322436 0.0 0.0 1.70821523003 0.0 0.727889294454 0.0 1.02552888693 168.0 250.0 255.0 0.18034717543 0.239401941581 0.10313554684 0.110468942075 
0.0449850895699 0.0 1.34612580966 1.11436598494 0.874086892119 0.0 0.0 0.792067796776 0.0219851718953 0.727060428738 0.365397966769 0.501341462044 156.0 246.0 255.0 0.283482722271 0.333333333333 0.0329534108113 -0.13514633567 
0.36460134895 1.39568813511 0.0 0.0 0.365803373176 0.0 0.0 0.0133322523351 0.136742900788 0.0 0.0 1.32875440718 144.0 242.0 255.0 0.316436133082 0.198186997664 -0.0707607298864 -0.0652038773451 
1.03055971161 0.0 0.0 1.1793250395 0.0 0.0 0.0 0.0 0.0 0.0 0.0 0.823165903807 134.0 240.0 255.0 0.245675403195 0.132983120318 0.0475974570361 -0.0825467537843 
0.176725412521 0.0 0.0 0.0 0.0 0.0 0.0 0.0 0.114478188392 0.0 0.0 1.55720747747 125.0 243.0 255.0 0.293272860231 0.0504363665342 0.122656366532 0.0926610523532 
0.0 0.549128330818 0.0 0.0 0.305890847192 0.0 0.0 0.0 0.0460795992361 0.0 0.391359016565 0.298554033226 119.0 249.0 255.0 0.333333333333 0.143097418887 0.0665935876553 0.0920266513813 
0.0 0.0 0.0 0.0 0.0 0.0 0.0 0.0 0.0 0.0 0.0 0.0 118.0 250.0 253.0 0.333333333333 0.235124070269 -0.04764784413 -0.132936103697 
0.0 2.49055679751 1.48767376066 0.0 0.83489592431 0.0 0.0 1.67677601896 0.568371394958 0.690313726328 0.0 2.1181294419 118.0 251.0 250.0 0.285685489203 0.102187966572 0.0946732351532 0.065138608313 
0.0 3.54145732116 3.55352424499 0.0 1.64663359555 0.0 0.0 0.26052374513 0.0 0.0 0.420404544076 1.28402435409 116.0 252.0 248.0 0.333333333333 0.167326574885 0.0520701751727 0.0339756354162 
0.0 3.35448893037 4.36696481294 0.0 0.0 0.0 0.0 0.528901807558 0.0374347762497 0.45585435937 1.4154623542 2.75741402844 115.0 253.0 247.0 0.333333333333 0.201302210301 0.0361499357963 0.0377300816909 
0.0 4.53474988081 6.54682062603 0.0 0.102244942245 0.988278723032 0.0 1.50588200513 0.0 0.719661757694 3.38285991633 4.73986252979 114.0 254.0 246.0 0.333333333333 0.239032291992 -0.174672786704 0.00644570183364 
0.0 5.32006941186 8.54993668879 0.0 0.123448939537 0.510123825462 0.0 1.97322621906 0.568243764679 0.727707512124 4.19277320293 4.80050154642 113.0 254.0 245.0 0.15866054663 0.245477993826 -0.0226725245392 -0.112005777309 
0.0 5.34295564539 9.79689775672 0.0 0.0 1.99492340104 0.0 1.76853843855 0.0 0.94636675096 5.40337176141 3.51973883984 113.0 255.0 245.0 0.13598802209 0.133472216516 0.141363646524 -0.0693400802658 
0.0 5.87339820321 10.8937375375 0.0 0.0 1.07232467193 0.0 1.54307284279 0.0 0.0 5.43879898268 1.85412021051 112.0 255.0 246.0 0.277351668615 0.0641321362505 -0.0889952382369 0.16045987511 
0.0 6.32555487531 10.8168072739 0.0 0.579293197057 1.04333305807 0.0 2.72280285272 0.0 0.694064549886 5.43750319578 3.95736559485 111.0 255.0 246.0 0.188356430378 0.22459201136 -0.0110625366945 -0.0569933919539 
0.0 6.65051742223 12.7317668679 0.0 0.139430379315 2.54221715406 0.0 2.54022909258 0.5691344368 0.726768299478 6.1850153061 3.70911641206 111.0 255.0 247.0 0.177293893683 0.167598619406 -0.131699162002 0.051071074262 
0.0 7.8460981844 12.2383222678 0.0 0.125620674386 3.55730323364 0.0 1.4710434946 1.56087863094 1.79032399191 4.3929671373 4.23130551976 111.0 255.0 247.0 0.0455947316808 0.218669693668 0.201011020115 0.107200829506 
0.0 6.59990073839 12.515371167 0.0 0.0 3.05708030744 0.0 0.249751047283 0.841397022532 0.76073903294 6.36573645029 4.24625432031 111.0 255.0 246.0 0.246605751796 0.325870523174 0.07045269729 -0.0199303534518 
0.0 6.34022404687 14.9711257556 0.0 0.0 1.75948092045 0.0 3.42976835052 0.600040454514 0.0 7.17449995521 4.7767284481 110.0 255.0 246.0 0.317058449086 0.305940169722 0.0578947779783 -0.0210573125576 
0.0 6.54873493305 15.9923460711 0.0 0.283534674943 2.46831433022 0.0 3.43380786893 0.0 0.216616809855 7.4152748296 2.5420879893 109.0 255.0 246.0 0.333333333333 0.284882857165 0.0681179896202 0.0450218345007 
0.0 7.08448722552 15.6853242642 0.0 0.0 4.20835117723 0.0 4.7137497306 0.0 0.712163994082 7.41952019781 4.9398033299 108.0 255.0 247.0 0.333333333333 0.329904691665 0.116315121498 0.0959901922457 
0.0 8.71669531185 17.367121964 0.0 0.0 5.01167909892 0.0 4.97067329953 0.0 0.0 8.9145665913 5.54462151459 108.0 255.0 247.0 0.333333333333 0.333333333333 0.00138808126727 0.130486184933 
0.0 6.82673945178 18.358955792 0.0 0.0 4.50431171433 0.0 5.72681351008 0.0 0.0 8.63101082757 6.09347134489 107.0 255.0 248.0 0.333333333333 0.333333333333 0.0561676410678 -0.0183907049809 
0.0 6.01538381359 16.1104327924 0.0 0.0 2.76871611382 0.139640151945 3.28000639468 0.0 0.0 8.39848108896 3.76515774555 107.0 255.0 248.0 0.333333333333 0.314942628352 -0.0885700122644 -0.109763298223 
0.0 8.23773115138 16.6372690606 0.0 0.0 5.96347466724 0.0 3.17088351171 0.0 0.0 9.34549506354 5.84724105458 106.0 255.0 248.0 0.244763321069 0.20517933013 0.0552813573438 0.071091900529 
0.0 7.93007023152 17.2206550589 0.0 0.0 5.96834028619 0.0 6.57207639813 0.0 1.120824826 11.1032568967 4.94208090584 106.0 255.0 247.0 0.300044678413 0.276271230659 -0.107013644983 -0.163962667368 
0.0 5.94381911915 16.6164725811 0.0 0.0 3.52978445313 0.376307476401 4.14511732197 0.0 0.0 11.0474845188 3.25622087396 106.0 255.0 248.0 0.193031033429 0.112308563291 0.0739826804478 0.1101888494 
0.0 6.9734049886 18.1323054722 0.0 0.0 6.7650376405 0.0 3.97403990824 0.0 0.0 9.96765368342 5.54626255447 106.0 255.0 247.0 0.267013713877 0.222497412691 0.13920999908 0.0445597677415 
0.0 8.06588024042 17.5556920679 0.0 0.0 6.08350390646 0.0 5.81063806784 0.0 0.0 10.1062922379 5.02251433655 106.0 255.0 247.0 0.333333333333 0.267057180432 0.0219975836471 0.0935237861313 
0.0 10.031518679 18.4756282755 0.0 0.0 4.40468086224 0.0 3.24125081782 0.0 0.698644571756 9.12749377283 6.06686581114 106.0 255.0 247.0 0.333333333333 0.333333333333 0.159697693065 0.141487141415 
0.0 8.33581068953 20.3152871806 0.0 0.0 4.25744057079 0.0 4.90936655411 0.480208968062 0.823734862248 9.26435090047 6.09760434632 105.0 255.0 247.0 0.333333333333 0.333333333333 -0.036007329616 -0.124650937149 
0.0 11.1770891823 20.2456852048 0.0 0.0 5.81437441983 0.0 4.77242887139 0.0 0.0 9.34109611377 6.69067421005 105.0 255.0 247.0 0.297326003717 0.208682396184 0.117255326392 -0.0292294218587 
0.0 9.32015018525 19.4288258115 0.0 0.0 7.29881145006 0.0 4.17253178341 0.0 0.513382858764 10.0162294866 6.98840643343 105.0 255.0 248.0 0.333333333333 0.179452974325 0.0463640139973 -0.0348262440947 
0.0 10.3129487386 20.0587661448 0.0 0.0 6.37476590928 0.0 4.93330936768 0.0 0.724081417869 9.23538159168 6.80835879585 105.0 255.0 248.0 0.333333333333 0.144626730231 0.0706770231445 0.0163593573602 
0.0 8.30523550939 19.2645469209 0.0 0.0 4.40709744447 0.0 4.17394808242 0.0 0.636818650052 8.41288336732 6.0196119927 105.0 255.0 248.0 0.333333333333 0.160986087591 0.244369612783 0.0194493658258 
# HEADER 2
0.626902084257 0.0 0.133438846423 0.727956183695 0.0 0.0 0.0 0.462147975588 0.0 0.35165733478 0.530283510447 0.878877288619 133.0 247.0 255.0 0 0 0.0593147439057 0.0759266210104 
0.612361571064 0.156769780299 0.0 1.27119244363 0.0 0.0 0.0 1.36468304233 0.0 0.21684374864 0.0 1.87935770277 129.0 245.0 255.0 0.0593147439057 0.0759266210104 -0.159684765026 -0.146975847563 
0.143058657883 0.171287155135 0.0 0.0 0.0 0.0 0.0 0.0488806532988 0.342043235449 0.0 0.0 1.03517100309 128.0 247.0 255.0 -0.10037002112 -0.0710492265528 0.0146546170233 0.0900967149325 
0.0 0.0 0.0 0.0 0.0 0.0 0.0 0.913855979437 0.0 0.0 0.0 0.0 134.0 246.0 255.0 -0.085715404097 0.0190474883797 0.0297135053179 -0.102114869701 
0.438437696018 0.0 0.0 0.0 0.0 0.0 0.0 0.47177689103 0.779747549796 0.0 0.0 0.136732794965 140.0 247.0 255.0 -0.0560018987791 -0.083067381321 -0.0638074107941 0.026866732253 
0.0 0.0 0.0 0.0 0.0 0.301506960619 0.0 0.0 0.0 0.647651358063 0.0 0.0 146.0 250.0 255.0 -0.119809309573 -0.056200649068 0.0909392792992 -0.105857636775 
0.0 0.0 0.212536813743 0.0 1.07291332522 0.0 0.0 0.0 0.233168723668 1.25765987209 0.0 0.387061436866 150.0 252.0 255.0 -0.028870030274 -0.162058285844 -0.0165972688503 0.0414618991139 
0.524221181498 0.0 0.0 0.243787514062 0.724143774779 0.128440175101 0.0 0.0 0.290233291938 0.276415313793 0.0 0.0 153.0 252.0 255.0 -0.0454672991243 -0.12059638673 0.0671184787193 0.0288475759923 
0.204558847561 0.15780023127 0.0 0.2587750993 0.0 0.0 0.0 0.0 0.0 0.683158442328 0.209020176795 0.978088643742 156.0 252.0 255.0 0.021651179595 -0.0917488107373 0.0693064683197 -0.0131161487258 
0.0 0.0 0.0 0.0 0.0 0.0 0.0 0.0 0.278281096659 0.0 0.0 0.571224962559 157.0 252.0 255.0 0.0909576479146 -0.104864959463 -0.148142713667 -0.00638987450717 
0.0 0.0388853477656 0.0 0.699947658151 0.0 0.0 0.0 0.0 0.0 0.0 0.121150309069 0.027146726068 156.0 252.0 255.0 -0.0571850657527 -0.11125483397 -0.218466556168 0.0350712297046 
0.072184555597 0.0 0.0 1.52278612575 1.28474842878 0.0 0.0 0.535766119364 0.590788970867 0.0 1.47238290144 0.728868494963 163.0 252.0 255.0 -0.275651621921 -0.0761836042656 0.00496428075612 0.0544516430944 
0.0 0.0 0.0 0.0 0.0 0.0 0.0 0.0 0.0 0.0 0.0 0.15716874633 174.0 252.0 255.0 -0.270687341164 -0.0217319611713 0.00798844733306 -0.0227159694054 
0.0 0.163516463192 0.0 0.0 0.0 0.0 0.0 0.102416439276 0.0 0.0 0.0 0.0 186.0 252.0 255.0 -0.262698893831 -0.0444479305767 0.0209501810837 0.0444274596213 
0.0 0.0 0.0 0.0 0.484788813556 0.0 0.0 0.0 0.782910786338 1.60876306226 0.0 2.22360148903 197.0 252.0 255.0 -0.241748712748 -2.04709553975e-05 0.050994756276 0.0815981023692 
1.06034609578 0.0966661918 0.0 0.718391520214 1.29925981662 0.0 0.0 0.0 0.838612637272 0.0 0.328810410284 2.5781556313 207.0 252.0 255.0 -0.190753956472 0.0815776314139 -0.0180472225328 0.194680832337 
0.190504577078 0.0 0.0 0.585387876562 0.0 0.0776654419266 0.0 0.531347713813 0.652638936983 0.428670964762 0.0 0.901251089331 217.0 251.0 255.0 -0.208801179004 0.276258463751 -0.0185546398958 0.00134808355163 
0.881992119296 0.0478014627266 0.0 0.0 0.904475680267 0.0 0.0 0.0 0.0840417379329 0.719994873166 0.0 0.0 224.0 239.0 255.0 -0.2273558189 0.277606547303 0.103417058108 -0.0938822181394 
0.559420898699 0.142417727639 0.0 0.0 0.405487738071 0.180131997038 0.0 2.14581926685 0.0349184683216 0.728900186218 0.0 0.860785641923 229.0 225.0 255.0 -0.123938760792 0.183724329163 -0.0528296729942 -0.0283106484092 
0.892967833166 0.0 0.0167792587946 0.0 0.171024526389 0.0 0.0 0.511612908231 0.0332815437709 0.166416745856 0.0 0.0 230.0 214.0 255.0 -0.176768433787 0.155413680754 0.0466370528496 0.00910750016219 
0.0 0.0 0.0 0.0 0.163614030714 0.0 0.354189812373 0.0 0.0 0.0 0.276144661724 0.0 230.0 204.0 255.0 -0.130131380937 0.164521180916 -0.0297748123481 -0.0715908943967 
0.0 0.0 0.60575640494 0.464744554537 1.10057479044 0.0 0.0 0.853561149596 0.66842486228 0.0 0.0 0.562379868527 230.0 197.0 255.0 -0.159906193285 0.0929302865196 0.0948784436304 -0.116562259774 
0.0 0.0 0.0 0.0 1.91046109286 0.0 0.495070084419 0.0 0.0 0.0 0.0 0.0 230.0 196.0 255.0 -0.0650277496547 -0.0236319732548 0.0907673070042 -0.112176617333 
0.0 0.0 0.0 0.0978938442195 0.278899794683 0.0 0.0 0.0 0.488576972755 0.0 0.0 0.0 230.0 207.0 255.0 0.0257395573495 -0.135808590588 -0.0388865393969 -0.134101953723 
0.0 0.0 0.0 0.0 0.0 0.0 0.0664473537081 0.0 0.0 0.0 0.0 0.0 230.0 223.0 255.0 -0.0131469820474 -0.269910544311 -0.0671452416001 -0.24749861063 
0.824428194467 0.0 0.0 0.0 0.658629055786 0.0 0.0 0.0 0.0 0.447814321847 0.0 0.187817117152 230.0 238.0 255.0 -0.0802922236475 -0.333333333333 0.00289757910527 0.0250924700352 
0.183431633511 0.0 0.0 0.0 0.958838715587 0.0 0.0 0.0521666866824 0.0 0.721963178233 0.0 1.6710666935 230.0 249.0 255.0 -0.0773946445423 -0.308240863298 -0.0955521483234 -0.122711208532 
1.44464785199 0.666796860863 0.0 0.285250987334 0.0 0.0 0.0 0.165336155934 0.584875744147 0.542922717853 0.0 0.0 230.0 251.0 255.0 -0.172946792866 -0.333333333333 0.0878258186195 -0.0163224818154 
0.0 0.00751646468629 0.0 0.38697898376 1.05193579366 0.0 0.0 1.10607012691 0.0823311718825 0.0 0.0 0.499442892725 230.0 251.0 255.0 -0.0851209742461 -0.333333333333 0.125777906151 -0.000267349340947 
0.0 0.143519788114 0.0 0.0 0.0 0.0 0.0 0.0 0.0 0.0 0.0470799063487 0.555166295426 230.0 251.0 255.0 0.040656931905 -0.333333333333 -0.0262198028854 0.140107564617 
0.0 0.0 0.0 0.0 0.0 0.0 0.501039336027 0.0 0.0 0.0 0.0 0.0 230.0 251.0 255.0 0.0144371290196 -0.193225768716 -0.0934878417165 -0.175773017695 
0.0 0.0 0.0 0.0 0.0466865103223 0.0 0.0 0.487298005501 0.0 0.402510062493 0.0588192140168 1.79797209358 230.0 251.0 255.0 -0.0790507126969 -0.333333333333 -0.0372719332435 0.092268592241 
0.768600315394 1.72464079778 0.0 0.714921267003 1.09600987468 0.0 0.0 0.959896704886 0.523821661938 0.533741562639 0.164833161719 0.0 232.0 251.0 255.0 -0.11632264594 -0.241064741092 0.137797059588 0.200587819111 
0.0 0.0 0.0 0.587893174342 0.78480360677 0.0 0.0 0.224341398224 0.644208503667 0.0 0.0 0.0636369648158 234.0 251.0 255.0 0.0214744136475 -0.0404769219814 0.00461245211843 0.209739190635 
0.0 1.03375925151 0.0 0.0 0.0 0.0 0.0 1.48251155361 0.0851844549561 0.670671030688 0.0 0.0 234.0 251.0 255.0 0.0260868657659 0.169262268654 0.19010987202 -0.00728428389441 
0.0553569740939 0.612166334387 0.0 0.0 0.582425066577 0.215118021934 0.0 0.0839743643272 0.0 1.47928590683 0.0 0.0 233.0 246.0 255.0 0.216196737786 0.161977984759 -0.167523023962 0.147952757317 
0.129242347391 0.0 0.0 0.0 0.39239904939 0.28522597009 0.0 0.727736450323 0.966360085646 0.222909376782 0.0 0.910252861221 229.0 237.0 255.0 0.0486737138239 0.309930742076 -0.136003126109 0.0410712573096 
0.131507416922 0.133980062911 0.0 0.520662490257 0.0 0.0 0.0 0.0 0.0 1.46473203926 0.0 2.6923496048 227.0 226.0 255.0 -0.0873294122849 0.333333333333 0.0916544728633 -0.0376819467227 
0.131534367039 0.0 0.0 0.0 0.0 0.0 0.0 0.671730294608 0.356901833345 0.00328743019303 0.144427701851 0.278834751321 226.0 213.0 255.0 0.00432506057834 0.295651386611 -0.0260945412365 -0.0124397257143 
0.131491390997 1.4051295524 0.0 0.0 0.0 0.0 0.0 0.0 0.0 0.0 0.0 0.734618152903 226.0 199.0 255.0 -0.0217694806582 0.283211660896 0.11103444892 0.107411930388 
0.0 0.0 0.363299882549 0.635396429648 0.899102161817 0.0 0.0 0.718653496695 0.0 0.464045626394 0.0 0.0 226.0 187.0 255.0 0.0892649682617 0.333333333333 0.0377258078046 0.0282670168066 
0.320041005512 0.0 0.0 0.0 0.0 0.0 0.0 0.0 0.0 0.0 0.0 0.412979788642 222.0 177.0 255.0 0.126990776066 0.333333333333 -0.071087908636 0.18914859922 
