0.0 0 33.6777001953
0.0 0.0 33.6777001953
0.1 0.0 33.6777001953
0.2 0.0 33.6777001953
0.3 0.411987304688 34.0896875
0.4 0.411987304688 34.0896875
0.5 0.823974609375 34.5016748047
0.6 0.823974609375 34.5016748047
0.7 1.23596191406 34.9136621094
0.8 2.05444335938 35.7321435547
0.9 2.46643066406 36.1441308594
1.0 3.29040527344 36.9681054687
1.1 4.11437988281 37.7920800781
1.2 4.52087402344 38.1985742187
1.3 5.34484863281 39.0225488281
1.4 5.7568359375 39.4345361328
1.5 6.57531738281 40.2530175781
1.6 6.9873046875 40.6650048828
1.7 7.81127929688 41.4889794922
1.8 8.62976074219 42.3074609375
1.9 9.04174804688 42.7194482422
2.0 9.86572265625 43.5434228516
2.1 10.2777099609 43.9554101562
2.2 11.0961914062 44.7738916016
2.3 11.5081787109 45.1858789062
2.4 12.3321533203 46.0098535156
2.5 12.744140625 46.4218408203
2.6 13.5626220703 47.2403222656
2.7 13.974609375 47.6523095703
2.8 14.7985839844 48.4762841797
2.9 15.205078125 48.8827783203
3.0 16.0290527344 49.7067529297
3.1 17.2650146484 50.9427148437
0.0 0 28.3383447266
0.0 0.0 28.3383447266
0.1 0.411987304688 28.7503320312
0.2 0.0 28.3383447266
0.3 0.411987304688 28.7503320312
0.4 0.411987304688 28.7503320312
0.5 0.818481445312 29.1568261719
0.6 1.64245605469 29.9808007812
0.7 2.05444335938 30.3927880859
0.8 2.46643066406 30.8047753906
0.9 3.28491210938 31.6232568359
1.0 3.69689941406 32.0352441406
1.1 4.10888671875 32.4472314453
1.2 4.52087402344 32.85921875
1.3 4.93286132812 33.2712060547
1.4 5.33935546875 33.6777001953
1.5 5.75134277344 34.0896875
1.6 6.57531738281 34.9136621094
1.7 7.39379882812 35.7321435547
1.8 7.80578613281 36.1441308594
1.9 8.62976074219 36.9681054687
2.0 9.04174804688 37.3800927734
2.1 9.86022949219 38.1985742187
2.2 10.6842041016 39.0225488281
2.3 11.0961914062 39.4345361328
2.4 11.9146728516 40.2530175781
2.5 12.3266601562 40.6650048828
2.6 13.1506347656 41.4889794922
2.7 13.5626220703 41.9009667969
2.8 14.3811035156 42.7194482422
2.9 14.7930908203 43.1314355469
3.0 15.6170654297 43.9554101562
3.1 16.435546875 44.7738916016
3.2 16.8475341797 45.1858789062
3.3 17.6715087891 46.0098535156
3.4 18.0834960938 46.4218408203
3.5 18.9019775391 47.2403222656
3.6 19.3139648438 47.6523095703
3.7 20.1379394531 48.4762841797
3.8 20.5444335938 48.8827783203
3.9 21.3684082031 49.7067529297
4.0 21.7803955078 50.1187402344
