nrollouts: 2
# HEADER 1
0.0 0.0 0.0 0.0 1.09873617253 0.0 0.296533925383 0.0 0.0 0.0 0.0505511829339 0.0 133.0 247.0 255.0 0 0 -0.0779313457615 0.231940811192 
1.04792481086 0.0 0.0 0.0 0.0 0.0 0.0 0.484898762146 0.0 0.0 0.0 0.0 133.0 239.0 255.0 -0.0779313457615 0.231940811192 0.0408845871609 0.0964678132312 
0.0 0.0 0.0 0.0 0.52297267376 0.0 0.0 0.419314991613 0.321016675826 0.0 0.0805470533613 0.0 134.0 229.0 255.0 -0.0370467586006 0.328408624424 -0.0341745789105 -0.114662687443 
0.0 0.0 0.233633712372 0.0 0.123454269423 0.0 0.0 0.0 0.0 1.27314629654 0.126994250963 0.0 138.0 228.0 246.0 -0.0712213375111 0.213745936981 0.108071833307 0.0877837923817 
0.0 0.0 0.0 0.0 0.0 0.0 0.161324653812 0.0 0.0 0.0 0.0657607213827 0.0 140.0 230.0 232.0 0.0368504957959 0.301529729362 0.0588505530418 -0.100937341808 
# HEADER 2
0.340350063915 0.0299377581237 0.0 0.0 0.543751313634 0.0 0.398750354145 0.0 1.07732398726 1.83263789645 0.0 0.479704455434 133.0 247.0 255.0 0 0 -0.0738761340963 -0.0585746237126 
0.0 1.1213438491 0.0 0.0 0.483617016482 0.0 0.0 0.0 0.0 0.220472493553 0.0 0.0 133.0 251.0 255.0 -0.0738761340963 -0.0585746237126 0.162329902599 0.185666300683 
0.0 0.0 0.0 0.0 0.0 0.0 0.0 0.0 0.0 1.70111204163 0.0 0.0 133.0 247.0 255.0 0.0884537685023 0.12709167697 0.0186762657998 0.0912858224897 
0.0 0.0 0.0 0.0 0.392187189594 0.0 0.0 0.0 0.0 1.46570687766 0.0 0.0 127.0 239.0 255.0 0.107130034302 0.21837749946 -0.0183055919891 0.0177987917735 
0.0 1.29004009943 0.0 0.0 0.0 0.0 0.0 0.0 0.0 0.583027305019 0.0 0.902382166712 125.0 243.0 253.0 0.088824442313 0.236176291234 0.165303687395 0.101463831888 
0.0 0.0 0.0 0.0 0.0 0.0 0.0 0.0 0.0 0.0 0.0 0.0 122.0 249.0 238.0 0.254128129708 0.333333333333 0.0326766740804 0.0604175098755 
0.0 0.0 4.64771104455 0.0 0.909084398545 0.0 0.0 0.0 0.0 0.0 0.431085610735 1.38414083417 123.0 250.0 226.0 0.286804803788 0.333333333333 0.016938754536 -0.00369644442678 
0.0 0.0 4.05405864498 0.0 0.620385125816 3.38118492139 0.0 0.0 0.0 0.0 0.0 0.0 124.0 251.0 216.0 0.303743558324 0.329636888907 -0.142159526978 -0.0307180996506 
0.0 0.0 5.68993533279 0.0 0.0 3.21419700228 0.916337213954 2.69327865407 0.0 0.0 4.32419748873 0.0 124.0 252.0 208.0 0.161584031346 0.298918789256 0.158299068166 -0.0151018845046 
0.0 0.0 5.76653339103 0.0 0.0 3.33301960705 0.0 0.321089324591 0.0 0.0 1.273560618 0.0 124.0 253.0 203.0 0.319883099512 0.283816904751 0.0178203219129 -0.00555289555463 
0.0 0.4837795695 9.20261675239 0.0 0.0 8.27350009533 0.0 4.21585484236 0.0 0.646445087215 4.05303397618 0.711743769837 123.0 253.0 201.0 0.333333333333 0.278264009197 -0.0108425053661 0.147447270507 
0.0 0.0 10.7945605218 0.0 0.415563136984 11.8284930137 0.0 7.2728150811 0.295315640636 0.436186623354 4.2627092582 0.0 122.0 254.0 199.0 0.322490827967 0.333333333333 0.0101602783647 -0.0173165450606 
0.0 1.39455822981 11.7007762138 0.278234727528 0.0 14.6432448342 0.0 8.45932453905 0.0 1.86682350142 4.20504672978 1.58979240593 121.0 254.0 197.0 0.332651106332 0.316016788273 -0.0111091860077 -0.112610328676 
0.0 0.418846678281 12.8031511963 0.0 0.0 14.6198210706 0.0 9.0556012162 0.0 0.879941050167 5.04488452362 0.424639689183 120.0 255.0 197.0 0.321541920324 0.203406459597 0.0229895527202 0.0118509834388 
0.0 2.13807594097 15.3780524246 0.0 0.231121575253 14.1015535268 0.0 8.69595838073 0.0 0.0 5.56888339338 1.51318662715 120.0 255.0 197.0 0.333333333333 0.215257443036 0.146020865612 -0.000606442698557 
0.0 2.00365867157 15.9310658522 0.0 0.0 14.9747825181 0.0 9.42744285976 1.04040844802 0.0 6.30162370681 0.327943351446 119.0 255.0 198.0 0.333333333333 0.214651000337 0.0564001639003 0.127388250673 
0.0 0.749002932872 16.3599056668 0.577051456287 0.11543125404 15.5461104979 0.0 10.4408025418 0.0 0.208466370844 5.8840683189 1.00963174368 119.0 255.0 198.0 0.333333333333 0.333333333333 0.0753772094388 -0.0804773569188 
0.0 1.36569572756 17.1570266837 0.0 1.59865945532 15.7946755085 0.0 11.1406287382 0.0 0.0 6.05587529052 0.967941487827 118.0 255.0 199.0 0.333333333333 0.252855976414 -0.0190973468233 -0.0203664298227 
0.0 1.88453838211 17.5596176093 0.0 1.76929433148 15.8150860296 0.0 12.3589965521 0.0 0.0 6.18367515578 0.0 118.0 255.0 199.0 0.31423598651 0.232489546592 0.0889914265388 0.130543462519 
0.71072459246 0.0 19.6354816918 0.0 1.80503248777 16.8896591092 0.0 11.1261328298 0.0 0.0 7.0908522256 0.601763577931 117.0 255.0 199.0 0.333333333333 0.333333333333 -0.0930204759414 -0.120798193768 
0.331786955417 1.74535239641 18.2613763143 0.0 1.30530227107 17.8709533914 0.329925133264 13.3776252942 0.0 0.283590005893 6.67868471616 1.4863299026 117.0 255.0 199.0 0.240312857392 0.212535139565 -0.028177328066 0.0370725300609 
0.0 1.42649228756 18.2204144245 0.0 0.757790182243 16.6002647997 0.0 12.049002751 0.407818661524 0.361999924109 6.10016649507 1.07625506398 117.0 255.0 199.0 0.212135529326 0.249607669626 0.0424414190949 -0.00317009069749 
0.0 0.510119104765 16.4413665096 0.0 0.0 15.6040754931 0.238447627547 15.1062090234 0.0 0.0 8.9540338531 0.0 117.0 255.0 199.0 0.254576948421 0.246437578929 -0.152914167457 0.0265713429575 
0.0 1.29351803237 17.1385469217 0.0 2.05755398426 17.9603767841 0.0 9.11497899056 0.0 0.0 7.3768475222 0.550410936537 117.0 255.0 199.0 0.101662780964 0.273008921886 0.0643200821822 -0.0333077567315 
