0.0 0.0 1.0 1 100.0
0.0 0.0 1.0 1 100.0
0.0 0.0 1.0 1 100.0
0.0 0.0 1.0 1 100.0
0.0 0.0 1.0 1 100.0
0.0 0.0 1.0 1 100.0
0.0 0.0 1.0 1 100.0
0.0 0.0 1.0 1 100.0
0.0 0.0 1.0 1 100.0
0.0 0.0 1.0 1 100.0
0.0 0.0 1.0 1 100.0
0.0 0.0 1.0 1 100.0
0.0 0.0 1.0 1 100.0
0.0 0.0 1.0 1 100.0
0.0 0.0 1.0 1 100.0
0.1 0.0 1.0 2 100.0
0.1 0.0 1.0 2 100.0
0.1 0.0 1.0 2 100.0
0.1 0.0 1.0 2 100.0
0.1 0.0 1.0 2 100.0
0.1 0.0 1.0 2 100.0
0.1 0.0 1.0 2 100.0
0.1 0.0 1.0 2 100.0
0.1 0.0 1.0 2 100.0
0.1 0.0 1.0 2 100.0
0.1 0.0 1.0 2 100.0
0.1 0.0 1.0 2 100.0
0.1 0.0 1.0 2 100.0
0.1 0.411987304688 1.0 2 58.8012695312
0.1 0.411987304688 1.0 2 58.8012695312
0.2 0.411987304688 1.41198730469 3 100.0
0.2 0.823974609375 1.41198730469 3 58.8012695312
0.2 0.823974609375 1.41198730469 3 58.8012695312
0.2 0.823974609375 1.41198730469 3 58.8012695312
0.2 0.823974609375 1.41198730469 3 58.8012695312
0.2 0.823974609375 1.41198730469 3 58.8012695312
0.2 0.823974609375 1.41198730469 3 58.8012695312
0.2 0.823974609375 1.41198730469 3 58.8012695312
0.2 0.823974609375 1.41198730469 3 58.8012695312
0.2 0.823974609375 1.41198730469 3 58.8012695312
0.2 0.823974609375 1.41198730469 3 58.8012695312
0.2 0.823974609375 1.41198730469 3 58.8012695312
0.2 0.823974609375 1.41198730469 3 58.8012695312
0.2 0.823974609375 1.41198730469 3 58.8012695312
0.2 0.823974609375 1.41198730469 3 58.8012695312
0.3 0.823974609375 1.82397460938 4 100.0
0.3 0.823974609375 1.82397460938 4 100.0
0.3 0.823974609375 1.82397460938 4 100.0
0.3 0.823974609375 1.82397460938 4 100.0
0.3 0.823974609375 1.82397460938 4 100.0
0.3 0.823974609375 1.82397460938 4 100.0
0.3 0.823974609375 1.82397460938 4 100.0
0.3 1.23596191406 1.82397460938 4 58.8012695312
0.3 1.23596191406 1.82397460938 4 58.8012695312
0.3 1.23596191406 1.82397460938 4 58.8012695312
0.3 1.23596191406 1.82397460938 4 58.8012695312
0.3 1.23596191406 1.82397460938 4 58.8012695312
0.3 1.23596191406 1.82397460938 4 58.8012695312
0.3 1.23596191406 1.82397460938 4 58.8012695312
0.3 1.23596191406 1.82397460938 4 58.8012695312
0.4 1.23596191406 2.23596191406 5 100.0
0.4 1.23596191406 2.23596191406 5 100.0
0.4 1.23596191406 2.23596191406 5 100.0
0.4 1.23596191406 2.23596191406 5 100.0
0.4 1.64245605469 2.23596191406 5 59.3505859375
0.4 1.64245605469 2.23596191406 5 59.3505859375
0.4 1.64245605469 2.23596191406 5 59.3505859375
0.4 1.64245605469 2.23596191406 5 59.3505859375
0.4 1.64245605469 2.23596191406 5 59.3505859375
0.4 1.64245605469 2.23596191406 5 59.3505859375
0.4 1.64245605469 2.23596191406 5 59.3505859375
0.4 1.64245605469 2.23596191406 5 59.3505859375
0.4 1.64245605469 2.23596191406 5 59.3505859375
0.4 1.64245605469 2.23596191406 5 59.3505859375
0.4 1.64245605469 2.23596191406 5 59.3505859375
0.5 1.64245605469 0.642456054688 4 -100.0
0.5 1.64245605469 0.642456054688 4 -100.0
0.5 1.64245605469 0.642456054688 4 -100.0
0.5 1.64245605469 0.642456054688 4 -100.0
0.5 1.64245605469 0.642456054688 4 -100.0
0.5 1.64245605469 0.642456054688 4 -100.0
0.5 1.64245605469 0.642456054688 4 -100.0
0.5 1.64245605469 0.642456054688 4 -100.0
0.5 1.64245605469 0.642456054688 4 -100.0
0.5 1.64245605469 0.642456054688 4 -100.0
0.5 1.64245605469 0.642456054688 4 -100.0
0.5 1.64245605469 0.642456054688 4 -100.0
0.5 1.64245605469 0.642456054688 4 -100.0
0.5 1.64245605469 0.642456054688 4 -100.0
0.5 1.64245605469 0.642456054688 4 -100.0
0.6 1.64245605469 0.642456054688 3 -100.0
0.6 1.64245605469 0.642456054688 3 -100.0
0.6 1.64245605469 0.642456054688 3 -100.0
0.6 1.64245605469 0.642456054688 3 -100.0
0.6 1.64245605469 0.642456054688 3 -100.0
0.6 1.64245605469 0.642456054688 3 -100.0
0.6 1.64245605469 0.642456054688 3 -100.0
0.6 1.64245605469 0.642456054688 3 -100.0
0.6 1.64245605469 0.642456054688 3 -100.0
0.6 1.64245605469 0.642456054688 3 -100.0
0.6 1.64245605469 0.642456054688 3 -100.0
0.6 1.64245605469 0.642456054688 3 -100.0
0.6 1.64245605469 0.642456054688 3 -100.0
0.6 1.64245605469 0.642456054688 3 -100.0
0.6 1.23596191406 0.642456054688 3 -59.3505859375
0.7 1.23596191406 0.235961914062 2 -100.0
0.7 1.23596191406 0.235961914062 2 -100.0
0.7 1.23596191406 0.235961914062 2 -100.0
0.7 1.23596191406 0.235961914062 2 -100.0
0.7 1.23596191406 0.235961914062 2 -100.0
0.7 1.23596191406 0.235961914062 2 -100.0
0.7 1.23596191406 0.235961914062 2 -100.0
0.7 0.823974609375 0.235961914062 2 -58.8012695312
0.7 0.823974609375 0.235961914062 2 -58.8012695312
0.7 0.823974609375 0.235961914062 2 -58.8012695312
0.7 0.823974609375 0.235961914062 2 -58.8012695312
0.7 0.823974609375 0.235961914062 2 -58.8012695312
0.7 0.823974609375 0.235961914062 2 -58.8012695312
0.7 0.823974609375 0.235961914062 2 -58.8012695312
0.7 0.823974609375 0.235961914062 2 -58.8012695312
0.8 0.823974609375 -0.176025390625 1 -100.0
0.8 0.823974609375 -0.176025390625 1 -100.0
0.8 0.823974609375 -0.176025390625 1 -100.0
0.8 0.823974609375 -0.176025390625 1 -100.0
0.8 0.823974609375 -0.176025390625 1 -100.0
0.8 0.823974609375 -0.176025390625 1 -100.0
0.8 0.823974609375 -0.176025390625 1 -100.0
0.8 0.823974609375 -0.176025390625 1 -100.0
0.8 0.411987304688 -0.176025390625 1 -58.8012695312
0.8 0.411987304688 -0.176025390625 1 -58.8012695312
0.8 0.411987304688 -0.176025390625 1 -58.8012695312
0.8 0.411987304688 -0.176025390625 1 -58.8012695312
0.8 0.411987304688 -0.176025390625 1 -58.8012695312
0.8 0.411987304688 -0.176025390625 1 -58.8012695312
0.8 0.411987304688 -0.176025390625 1 -58.8012695312
0.9 0.411987304688 -0.588012695312 0 -100.0
0.9 0.411987304688 -0.588012695312 0 -100.0
0.9 0.411987304688 -0.588012695312 0 -100.0
0.9 0.411987304688 -0.588012695312 0 -100.0
0.9 0.411987304688 -0.588012695312 0 -100.0
0.9 0.411987304688 -0.588012695312 0 -100.0
0.9 0.0 -0.588012695312 0 -58.8012695312
0.9 0.0 -0.588012695312 0 -58.8012695312
0.9 0.0 -0.588012695312 0 -58.8012695312
0.9 0.0 -0.588012695312 0 -58.8012695312
0.9 0.0 -0.588012695312 0 -58.8012695312
0.9 0.0 -0.588012695312 0 -58.8012695312
0.9 0.0 -0.588012695312 0 -58.8012695312
0.9 0.0 -0.588012695312 0 -58.8012695312
0.9 0.0 -0.588012695312 0 -58.8012695312
1.0 0.0 1.0 1 100.0
1.0 0.0 1.0 1 100.0
1.0 0.0 1.0 1 100.0
1.0 0.0 1.0 1 100.0
1.0 0.0 1.0 1 100.0
1.0 0.0 1.0 1 100.0
1.0 0.0 1.0 1 100.0
1.0 0.0 1.0 1 100.0
1.0 0.0 1.0 1 100.0
1.0 0.0 1.0 1 100.0
1.0 0.0 1.0 1 100.0
1.0 0.0 1.0 1 100.0
1.0 0.0 1.0 1 100.0
1.0 0.0 1.0 1 100.0
1.0 0.0 1.0 1 100.0
1.1 0.0 1.0 2 100.0
1.1 0.411987304688 1.0 2 58.8012695312
1.1 0.411987304688 1.0 2 58.8012695312
1.1 0.411987304688 1.0 2 58.8012695312
1.1 0.411987304688 1.0 2 58.8012695312
1.1 0.411987304688 1.0 2 58.8012695312
1.1 0.411987304688 1.0 2 58.8012695312
1.1 0.411987304688 1.0 2 58.8012695312
1.1 0.411987304688 1.0 2 58.8012695312
1.1 0.411987304688 1.0 2 58.8012695312
1.1 0.411987304688 1.0 2 58.8012695312
1.1 0.411987304688 1.0 2 58.8012695312
1.1 0.411987304688 1.0 2 58.8012695312
1.1 0.411987304688 1.0 2 58.8012695312
1.1 0.411987304688 1.0 2 58.8012695312
1.2 0.411987304688 1.41198730469 3 100.0
1.2 0.411987304688 1.41198730469 3 100.0
1.2 0.411987304688 1.41198730469 3 100.0
1.2 0.411987304688 1.41198730469 3 100.0
1.2 0.411987304688 1.41198730469 3 100.0
1.2 0.411987304688 1.41198730469 3 100.0
1.2 0.411987304688 1.41198730469 3 100.0
1.2 0.411987304688 1.41198730469 3 100.0
1.2 0.411987304688 1.41198730469 3 100.0
1.2 0.411987304688 1.41198730469 3 100.0
1.2 0.411987304688 1.41198730469 3 100.0
1.2 0.411987304688 1.41198730469 3 100.0
1.2 0.411987304688 1.41198730469 3 100.0
1.2 0.411987304688 1.41198730469 3 100.0
1.2 0.411987304688 1.41198730469 3 100.0
1.3 0.823974609375 1.41198730469 4 58.8012695312
1.3 0.823974609375 1.41198730469 4 58.8012695312
1.3 0.823974609375 1.41198730469 4 58.8012695312
1.3 0.823974609375 1.41198730469 4 58.8012695312
1.3 0.823974609375 1.41198730469 4 58.8012695312
1.3 0.823974609375 1.41198730469 4 58.8012695312
1.3 0.823974609375 1.41198730469 4 58.8012695312
1.3 0.823974609375 1.41198730469 4 58.8012695312
1.3 0.823974609375 1.41198730469 4 58.8012695312
1.3 0.823974609375 1.41198730469 4 58.8012695312
1.3 0.823974609375 1.41198730469 4 58.8012695312
1.3 0.823974609375 1.41198730469 4 58.8012695312
1.3 0.823974609375 1.41198730469 4 58.8012695312
1.3 0.823974609375 1.41198730469 4 58.8012695312
1.3 0.823974609375 1.41198730469 4 58.8012695312
1.4 0.823974609375 1.82397460938 5 100.0
1.4 0.823974609375 1.82397460938 5 100.0
1.4 0.823974609375 1.82397460938 5 100.0
1.4 0.823974609375 1.82397460938 5 100.0
1.4 0.823974609375 1.82397460938 5 100.0
1.4 0.823974609375 1.82397460938 5 100.0
1.4 1.23596191406 1.82397460938 5 58.8012695312
1.4 1.23596191406 1.82397460938 5 58.8012695312
1.4 1.23596191406 1.82397460938 5 58.8012695312
1.4 1.23596191406 1.82397460938 5 58.8012695312
1.4 1.23596191406 1.82397460938 5 58.8012695312
1.4 1.23596191406 1.82397460938 5 58.8012695312
1.4 1.23596191406 1.82397460938 5 58.8012695312
1.4 1.23596191406 1.82397460938 5 58.8012695312
1.4 1.23596191406 1.82397460938 5 58.8012695312
