0.0 0.0 3.0 3 400
0.0 0.0 3.0 3 400
0.0 0.0 3.0 3 400
0.0 0.0 3.0 3 400
0.0 0.0 3.0 3 400
0.0 0.0 3.0 3 400
0.0 0.411987304688 3.0 3 388.201904297
0.0 1.23596191406 3.0 3 264.605712891
0.0 2.05444335938 3.0 3 141.833496094
0.0 2.87841796875 3.0 3 18.2373046875
0.1 3.29040527344 5.87841796875 6 388.201904297
0.1 4.10888671875 5.87841796875 6 265.4296875
0.1 4.10888671875 5.87841796875 6 265.4296875
0.1 4.52087402344 5.87841796875 6 203.631591797
0.1 4.93286132812 5.87841796875 6 141.833496094
0.1 5.75134277344 5.87841796875 6 19.0612792969
0.1 5.75134277344 5.87841796875 6 19.0612792969
0.1 6.57531738281 5.87841796875 6 -104.534912109
0.1 6.57531738281 5.87841796875 6 -104.534912109
0.1 6.57531738281 5.87841796875 6 -104.534912109
0.2 6.57531738281 9.57531738281 9 400
0.2 6.57531738281 9.57531738281 9 400
0.2 6.57531738281 9.57531738281 9 400
0.2 6.57531738281 9.57531738281 9 400
0.2 6.9873046875 9.57531738281 9 388.201904297
0.2 6.9873046875 9.57531738281 9 388.201904297
0.2 9.04174804688 9.57531738281 9 80.0354003906
0.2 9.86572265625 9.57531738281 9 -43.5607910156
0.2 10.6842041016 9.57531738281 9 -166.333007812
0.2 11.0961914062 9.57531738281 9 -228.131103516
0.3 11.0961914062 14.0961914062 12 400
0.3 11.0961914062 14.0961914062 12 400
0.3 11.0961914062 14.0961914062 12 400
0.3 11.0961914062 14.0961914062 12 400
0.3 11.0961914062 14.0961914062 12 400
0.3 11.9201660156 14.0961914062 12 326.403808594
0.3 13.1506347656 14.0961914062 12 141.833496094
0.3 14.3865966797 14.0961914062 12 -43.5607910156
0.3 15.205078125 14.0961914062 12 -166.333007812
0.3 15.205078125 14.0961914062 12 -166.333007812
0.4 16.0290527344 18.205078125 15 326.403808594
0.4 16.0290527344 18.205078125 15 326.403808594
0.4 16.0290527344 18.205078125 15 326.403808594
0.4 16.0290527344 18.205078125 15 326.403808594
0.4 16.0290527344 18.205078125 15 326.403808594
0.4 16.0290527344 18.205078125 15 326.403808594
0.4 16.8475341797 18.205078125 15 203.631591797
0.4 18.0834960938 18.205078125 15 18.2373046875
0.4 18.9019775391 18.205078125 15 -104.534912109
0.4 19.3139648438 18.205078125 15 -166.333007812
0.5 19.7259521484 22.3139648438 18 388.201904297
0.5 19.7259521484 22.3139648438 18 388.201904297
0.5 19.7259521484 22.3139648438 18 388.201904297
0.5 19.7259521484 22.3139648438 18 388.201904297
0.5 19.7259521484 22.3139648438 18 388.201904297
0.5 20.5499267578 22.3139648438 18 264.605712891
0.5 21.3684082031 22.3139648438 18 141.833496094
0.5 22.6043701172 22.3139648438 18 -43.5607910156
0.5 23.4228515625 22.3139648438 18 -166.333007812
0.5 23.8348388672 22.3139648438 18 -228.131103516
