0.0 0.0 3.0 3 400
0.0 0.0 3.0 3 400
0.0 0.0 3.0 3 400
0.0 0.0 3.0 3 400
0.0 0.0 3.0 3 400
0.0 0.0 3.0 3 400
0.0 0.823974609375 3.0 3 400
0.0 0.823974609375 3.0 3 400
0.0 2.46643066406 3.0 3 106.713867188
0.0 2.46643066406 3.0 3 106.713867188
0.0 4.10888671875 3.0 3 -221.77734375
0.0 4.52087402344 3.0 3 -304.174804688
0.0 4.93286132812 3.0 3 -386.572265625
0.0 4.93286132812 3.0 3 -386.572265625
0.0 4.93286132812 3.0 3 -386.572265625
0.0 4.93286132812 3.0 3 -386.572265625
0.0 4.93286132812 3.0 3 -386.572265625
0.0 4.10888671875 3.0 3 -221.77734375
0.0 3.29040527344 3.0 3 -58.0810546875
0.0 3.29040527344 3.0 3 -58.0810546875
0.1 1.64245605469 6.29040527344 6 400
0.1 1.64245605469 6.29040527344 6 400
0.1 1.64245605469 6.29040527344 6 400
0.1 1.64245605469 6.29040527344 6 400
0.1 1.64245605469 6.29040527344 6 400
0.1 2.05444335938 6.29040527344 6 400
0.1 2.87841796875 6.29040527344 6 400
0.1 3.69689941406 6.29040527344 6 400
0.1 4.52087402344 6.29040527344 6 353.90625
0.1 5.34484863281 6.29040527344 6 189.111328125
0.1 6.16333007812 6.29040527344 6 25.4150390625
0.1 6.57531738281 6.29040527344 6 -56.982421875
0.1 6.9873046875 6.29040527344 6 -139.379882812
0.1 6.9873046875 6.29040527344 6 -139.379882812
0.1 6.9873046875 6.29040527344 6 -139.379882812
0.1 6.9873046875 6.29040527344 6 -139.379882812
0.1 6.9873046875 6.29040527344 6 -139.379882812
0.1 6.9873046875 6.29040527344 6 -139.379882812
0.1 6.9873046875 6.29040527344 6 -139.379882812
0.1 6.9873046875 6.29040527344 6 -139.379882812
0.2 6.9873046875 9.9873046875 9 400
0.2 6.9873046875 9.9873046875 9 400
0.2 6.9873046875 9.9873046875 9 400
0.2 6.9873046875 9.9873046875 9 400
0.2 6.9873046875 9.9873046875 9 400
0.2 6.9873046875 9.9873046875 9 400
0.2 7.39929199219 9.9873046875 9 400
0.2 7.81127929688 9.9873046875 9 400
0.2 9.04174804688 9.9873046875 9 189.111328125
0.2 9.86572265625 9.9873046875 9 24.31640625
0.2 11.0961914062 9.9873046875 9 -221.77734375
0.2 11.5081787109 9.9873046875 9 -304.174804688
0.2 12.3266601562 9.9873046875 9 -400
0.2 12.7386474609 9.9873046875 9 -400
0.2 12.7386474609 9.9873046875 9 -400
0.2 12.7386474609 9.9873046875 9 -400
0.2 12.7386474609 9.9873046875 9 -400
0.2 12.7386474609 9.9873046875 9 -400
0.2 12.3266601562 9.9873046875 9 -400
0.2 11.0961914062 9.9873046875 9 -221.77734375
0.3 9.04174804688 14.0961914062 12 400
0.3 8.2177734375 14.0961914062 12 400
0.3 8.2177734375 14.0961914062 12 400
0.3 7.81127929688 14.0961914062 12 400
0.3 7.81127929688 14.0961914062 12 400
0.3 8.2177734375 14.0961914062 12 400
0.3 8.2177734375 14.0961914062 12 400
0.3 8.62976074219 14.0961914062 12 400
0.3 9.86572265625 14.0961914062 12 400
0.3 10.6842041016 14.0961914062 12 400
0.3 11.5081787109 14.0961914062 12 400
0.3 12.3266601562 14.0961914062 12 353.90625
0.3 13.1506347656 14.0961914062 12 189.111328125
0.3 13.974609375 14.0961914062 12 24.31640625
0.3 14.7930908203 14.0961914062 12 -139.379882812
0.3 15.6170654297 14.0961914062 12 -304.174804688
0.3 16.0290527344 14.0961914062 12 -386.572265625
0.3 16.0290527344 14.0961914062 12 -386.572265625
0.3 16.0290527344 14.0961914062 12 -386.572265625
0.3 16.0290527344 14.0961914062 12 -386.572265625
0.4 16.0290527344 19.0290527344 15 400
0.4 16.0290527344 19.0290527344 15 400
0.4 15.205078125 19.0290527344 15 400
0.4 14.7930908203 19.0290527344 15 400
0.4 14.3865966797 19.0290527344 15 400
0.4 14.7930908203 19.0290527344 15 400
0.4 14.7930908203 19.0290527344 15 400
0.4 16.0290527344 19.0290527344 15 400
0.4 16.8475341797 19.0290527344 15 400
0.4 16.8475341797 19.0290527344 15 400
0.4 17.6715087891 19.0290527344 15 271.508789062
0.4 18.4954833984 19.0290527344 15 106.713867188
0.4 20.1379394531 19.0290527344 15 -221.77734375
0.4 20.9619140625 19.0290527344 15 -386.572265625
0.4 21.3684082031 19.0290527344 15 -400
0.4 21.3684082031 19.0290527344 15 -400
0.4 21.3684082031 19.0290527344 15 -400
0.4 21.3684082031 19.0290527344 15 -400
0.4 21.3684082031 19.0290527344 15 -400
0.4 20.5499267578 19.0290527344 15 -304.174804688
