0.0 0.0 2.0 2 300.0
0.0 0.0 2.0 2 300.0
0.0 0.0 2.0 2 300.0
0.0 0.0 2.0 2 300.0
0.0 0.0 2.0 2 300.0
0.0 0.0 2.0 2 300.0
0.0 0.0 2.0 2 300.0
0.0 0.411987304688 2.0 2 238.201904297
0.0 0.411987304688 2.0 2 238.201904297
0.0 1.23596191406 2.0 2 114.605712891
0.0 1.64794921875 2.0 2 52.8076171875
0.0 2.46643066406 2.0 2 -69.9645996094
0.0 2.46643066406 2.0 2 -69.9645996094
0.0 2.87841796875 2.0 2 -131.762695312
0.0 3.29040527344 2.0 2 -193.560791016
0.0 2.87841796875 2.0 2 -131.762695312
0.0 3.29040527344 2.0 2 -193.560791016
0.0 3.29040527344 2.0 2 -193.560791016
0.0 3.29040527344 2.0 2 -193.560791016
0.0 3.29040527344 2.0 2 -193.560791016
0.1 3.29040527344 5.29040527344 4 300.0
0.1 3.29040527344 5.29040527344 4 300.0
0.1 3.29040527344 5.29040527344 4 300.0
0.1 3.29040527344 5.29040527344 4 300.0
0.1 3.29040527344 5.29040527344 4 300.0
0.1 3.29040527344 5.29040527344 4 300.0
0.1 3.29040527344 5.29040527344 4 300.0
0.1 3.29040527344 5.29040527344 4 300.0
0.1 4.52087402344 5.29040527344 4 115.4296875
0.1 4.52087402344 5.29040527344 4 115.4296875
0.1 5.7568359375 5.29040527344 4 -69.9645996094
0.1 6.16333007812 5.29040527344 4 -130.938720703
0.1 6.16333007812 5.29040527344 4 -130.938720703
0.1 6.16333007812 5.29040527344 4 -130.938720703
0.1 6.16333007812 5.29040527344 4 -130.938720703
0.1 6.16333007812 5.29040527344 4 -130.938720703
0.1 6.16333007812 5.29040527344 4 -130.938720703
0.1 5.7568359375 5.29040527344 4 -69.9645996094
0.1 6.16333007812 5.29040527344 4 -130.938720703
0.1 6.16333007812 5.29040527344 4 -130.938720703
0.2 6.16333007812 8.16333007812 6 300.0
0.2 6.16333007812 8.16333007812 6 300.0
0.2 6.16333007812 8.16333007812 6 300.0
0.2 6.16333007812 8.16333007812 6 300.0
0.2 6.16333007812 8.16333007812 6 300.0
0.2 6.16333007812 8.16333007812 6 300.0
0.2 6.16333007812 8.16333007812 6 300.0
0.2 6.9873046875 8.16333007812 6 176.403808594
0.2 7.81127929688 8.16333007812 6 52.8076171875
0.2 8.62976074219 8.16333007812 6 -69.9645996094
0.2 9.04174804688 8.16333007812 6 -131.762695312
0.2 9.04174804688 8.16333007812 6 -131.762695312
0.2 9.04174804688 8.16333007812 6 -131.762695312
0.2 9.04174804688 8.16333007812 6 -131.762695312
0.2 9.04174804688 8.16333007812 6 -131.762695312
0.2 9.04174804688 8.16333007812 6 -131.762695312
0.2 9.04174804688 8.16333007812 6 -131.762695312
0.2 9.04174804688 8.16333007812 6 -131.762695312
0.2 9.04174804688 8.16333007812 6 -131.762695312
0.2 9.04174804688 8.16333007812 6 -131.762695312
0.3 9.04174804688 11.0417480469 8 300.0
0.3 9.04174804688 11.0417480469 8 300.0
0.3 9.04174804688 11.0417480469 8 300.0
0.3 9.04174804688 11.0417480469 8 300.0
0.3 9.04174804688 11.0417480469 8 300.0
0.3 9.04174804688 11.0417480469 8 300.0
0.3 9.04174804688 11.0417480469 8 300.0
0.3 9.04174804688 11.0417480469 8 300.0
0.3 10.2777099609 11.0417480469 8 114.605712891
0.3 11.0961914062 11.0417480469 8 -8.16650390625
0.3 11.9201660156 11.0417480469 8 -131.762695312
0.3 12.3321533203 11.0417480469 8 -193.560791016
0.3 12.3321533203 11.0417480469 8 -193.560791016
0.3 12.3321533203 11.0417480469 8 -193.560791016
0.3 12.3321533203 11.0417480469 8 -193.560791016
0.3 12.3321533203 11.0417480469 8 -193.560791016
0.3 12.3321533203 11.0417480469 8 -193.560791016
0.3 12.3321533203 11.0417480469 8 -193.560791016
0.3 12.3321533203 11.0417480469 8 -193.560791016
0.3 12.3321533203 11.0417480469 8 -193.560791016
0.4 12.3321533203 14.3321533203 10 300.0
0.4 12.3321533203 14.3321533203 10 300.0
0.4 11.9201660156 14.3321533203 10 361.798095703
0.4 11.5081787109 14.3321533203 10 400
0.4 11.5081787109 14.3321533203 10 400
0.4 11.5081787109 14.3321533203 10 400
0.4 11.9201660156 14.3321533203 10 361.798095703
0.4 11.9201660156 14.3321533203 10 361.798095703
0.4 12.7386474609 14.3321533203 10 239.025878906
0.4 13.5626220703 14.3321533203 10 115.4296875
0.4 14.3865966797 14.3321533203 10 -8.16650390625
0.4 15.205078125 14.3321533203 10 -130.938720703
0.4 16.0290527344 14.3321533203 10 -254.534912109
0.4 16.0290527344 14.3321533203 10 -254.534912109
0.4 16.0290527344 14.3321533203 10 -254.534912109
0.4 16.0290527344 14.3321533203 10 -254.534912109
0.4 16.0290527344 14.3321533203 10 -254.534912109
0.4 16.0290527344 14.3321533203 10 -254.534912109
0.4 16.0290527344 14.3321533203 10 -254.534912109
0.4 16.0290527344 14.3321533203 10 -254.534912109
0.5 15.6170654297 18.0290527344 12 361.798095703
0.5 15.205078125 18.0290527344 12 400
0.5 14.7985839844 18.0290527344 12 400
0.5 14.7985839844 18.0290527344 12 400
0.5 14.7985839844 18.0290527344 12 400
0.5 14.7985839844 18.0290527344 12 400
0.5 15.205078125 18.0290527344 12 400
0.5 15.6170654297 18.0290527344 12 361.798095703
0.5 16.4410400391 18.0290527344 12 238.201904297
0.5 17.2595214844 18.0290527344 12 115.4296875
0.5 17.2595214844 18.0290527344 12 115.4296875
0.5 18.9074707031 18.0290527344 12 -131.762695312
0.5 19.3139648438 18.0290527344 12 -192.736816406
0.5 19.7259521484 18.0290527344 12 -254.534912109
0.5 19.7259521484 18.0290527344 12 -254.534912109
0.5 19.7259521484 18.0290527344 12 -254.534912109
0.5 19.7259521484 18.0290527344 12 -254.534912109
0.5 19.7259521484 18.0290527344 12 -254.534912109
0.5 19.7259521484 18.0290527344 12 -254.534912109
0.5 19.7259521484 18.0290527344 12 -254.534912109
0.6 19.3139648438 21.7259521484 14 361.798095703
0.6 18.9074707031 21.7259521484 14 400
0.6 18.4954833984 21.7259521484 14 400
0.6 18.0834960938 21.7259521484 14 400
0.6 18.0834960938 21.7259521484 14 400
0.6 18.0834960938 21.7259521484 14 400
0.6 18.4954833984 21.7259521484 14 400
0.6 18.9074707031 21.7259521484 14 400
0.6 19.7259521484 21.7259521484 14 300.0
0.6 20.5499267578 21.7259521484 14 176.403808594
0.6 21.3739013672 21.7259521484 14 52.8076171875
0.6 22.1923828125 21.7259521484 14 -69.9645996094
0.6 23.0163574219 21.7259521484 14 -193.560791016
0.6 23.4283447266 21.7259521484 14 -255.358886719
0.6 23.4283447266 21.7259521484 14 -255.358886719
0.6 23.4283447266 21.7259521484 14 -255.358886719
0.6 23.4283447266 21.7259521484 14 -255.358886719
0.6 23.4283447266 21.7259521484 14 -255.358886719
0.6 23.4283447266 21.7259521484 14 -255.358886719
0.6 23.4283447266 21.7259521484 14 -255.358886719
