0.0 0.0 2.0 2 400.0
0.0 0.0 2.0 2 400.0
0.0 0.0 2.0 2 400.0
0.0 0.0 2.0 2 400.0
0.0 0.0 2.0 2 400.0
0.0 0.411987304688 2.0 2 317.602539062
0.0 0.823974609375 2.0 2 235.205078125
0.0 1.23596191406 2.0 2 152.807617188
0.0 2.05444335938 2.0 2 -10.888671875
0.0 2.46643066406 2.0 2 -93.2861328125
0.1 3.29040527344 4.46643066406 4 235.205078125
0.1 3.69689941406 4.46643066406 4 153.90625
0.1 4.10888671875 4.46643066406 4 71.5087890625
0.1 4.10888671875 4.46643066406 4 71.5087890625
0.1 4.10888671875 4.46643066406 4 71.5087890625
0.1 4.10888671875 4.46643066406 4 71.5087890625
0.1 4.10888671875 4.46643066406 4 71.5087890625
0.1 4.10888671875 4.46643066406 4 71.5087890625
0.1 4.52087402344 4.46643066406 4 -10.888671875
0.1 4.52087402344 4.46643066406 4 -10.888671875
0.2 4.52087402344 6.52087402344 6 400.0
0.2 4.52087402344 6.52087402344 6 400.0
0.2 4.52087402344 6.52087402344 6 400.0
0.2 4.52087402344 6.52087402344 6 400.0
0.2 4.93286132812 6.52087402344 6 317.602539062
0.2 6.16333007812 6.52087402344 6 71.5087890625
0.2 6.9873046875 6.52087402344 6 -93.2861328125
0.2 8.2177734375 6.52087402344 6 -339.379882812
0.2 8.62976074219 6.52087402344 6 -400
0.2 9.04174804688 6.52087402344 6 -400
0.3 9.04174804688 11.0417480469 8 400.0
0.3 8.62976074219 11.0417480469 8 400
0.3 7.81127929688 11.0417480469 8 400
0.3 7.81127929688 11.0417480469 8 400
0.3 7.81127929688 11.0417480469 8 400
0.3 8.2177734375 11.0417480469 8 400
0.3 8.62976074219 11.0417480469 8 400
0.3 9.45373535156 11.0417480469 8 317.602539062
0.3 10.6842041016 11.0417480469 8 71.5087890625
0.3 11.5081787109 11.0417480469 8 -93.2861328125
0.4 12.3266601562 13.5081787109 10 236.303710938
0.4 12.7386474609 13.5081787109 10 153.90625
0.4 13.1506347656 13.5081787109 10 71.5087890625
0.4 13.1506347656 13.5081787109 10 71.5087890625
0.4 13.1506347656 13.5081787109 10 71.5087890625
0.4 13.1506347656 13.5081787109 10 71.5087890625
0.4 13.1506347656 13.5081787109 10 71.5087890625
0.4 13.1506347656 13.5081787109 10 71.5087890625
0.4 13.1506347656 13.5081787109 10 71.5087890625
0.4 13.1506347656 13.5081787109 10 71.5087890625
0.5 13.1506347656 15.1506347656 12 400.0
0.5 13.1506347656 15.1506347656 12 400.0
0.5 13.1506347656 15.1506347656 12 400.0
0.5 13.5626220703 15.1506347656 12 317.602539062
0.5 14.3865966797 15.1506347656 12 152.807617188
0.5 15.205078125 15.1506347656 12 -10.888671875
0.5 16.4410400391 15.1506347656 12 -258.081054688
0.5 16.8475341797 15.1506347656 12 -339.379882812
0.5 16.8475341797 15.1506347656 12 -339.379882812
0.5 16.8475341797 15.1506347656 12 -339.379882812
0.6 16.8475341797 18.8475341797 14 400.0
0.6 16.8475341797 18.8475341797 14 400.0
0.6 16.8475341797 18.8475341797 14 400.0
0.6 16.4410400391 18.8475341797 14 400
0.6 16.4410400391 18.8475341797 14 400
0.6 16.4410400391 18.8475341797 14 400
0.6 16.8475341797 18.8475341797 14 400.0
0.6 17.2595214844 18.8475341797 14 317.602539062
0.6 18.4954833984 18.8475341797 14 70.41015625
0.6 19.7259521484 18.8475341797 14 -175.68359375
0.7 20.5499267578 21.7259521484 16 235.205078125
0.7 20.9619140625 21.7259521484 16 152.807617188
0.7 20.9619140625 21.7259521484 16 152.807617188
0.7 20.9619140625 21.7259521484 16 152.807617188
0.7 20.9619140625 21.7259521484 16 152.807617188
0.7 20.9619140625 21.7259521484 16 152.807617188
0.7 20.9619140625 21.7259521484 16 152.807617188
0.7 21.3684082031 21.7259521484 16 71.5087890625
0.7 21.7803955078 21.7259521484 16 -10.888671875
0.7 21.7803955078 21.7259521484 16 -10.888671875
