0.0 0.0 4.0 4 250
0.0 0.0 4.0 4 250
0.0 0.0 4.0 4 250
0.0 0.0 4.0 4 250
0.0 0.0 4.0 4 250
0.0 0.411987304688 4.0 4 250
0.0 0.411987304688 4.0 4 250
0.0 0.411987304688 4.0 4 250
0.0 0.823974609375 4.0 4 250
0.0 1.23596191406 4.0 4 250
0.0 1.64794921875 4.0 4 235.205078125
0.0 2.05444335938 4.0 4 194.555664062
0.0 2.87841796875 4.0 4 112.158203125
0.0 2.87841796875 4.0 4 112.158203125
0.0 3.29040527344 4.0 4 70.9594726562
0.1 3.70239257812 7.29040527344 8 250
0.1 3.70239257812 7.29040527344 8 250
0.1 3.70239257812 7.29040527344 8 250
0.1 4.10888671875 7.29040527344 8 250
0.1 4.52087402344 7.29040527344 8 250
0.1 4.52087402344 7.29040527344 8 250
0.1 5.7568359375 7.29040527344 8 153.356933594
0.1 6.16333007812 7.29040527344 8 112.707519531
0.1 6.57531738281 7.29040527344 8 71.5087890625
0.1 6.57531738281 7.29040527344 8 71.5087890625
0.1 6.9873046875 7.29040527344 8 30.3100585938
0.1 6.9873046875 7.29040527344 8 30.3100585938
0.1 7.39929199219 7.29040527344 8 -10.888671875
0.1 7.39929199219 7.29040527344 8 -10.888671875
0.1 7.39929199219 7.29040527344 8 -10.888671875
0.2 7.39929199219 11.3992919922 12 250
0.2 7.39929199219 11.3992919922 12 250
0.2 7.39929199219 11.3992919922 12 250
0.2 7.39929199219 11.3992919922 12 250
0.2 7.81127929688 11.3992919922 12 250
0.2 8.22326660156 11.3992919922 12 250
0.2 9.04174804688 11.3992919922 12 235.754394531
0.2 9.45373535156 11.3992919922 12 194.555664062
0.2 9.86572265625 11.3992919922 12 153.356933594
0.2 10.2777099609 11.3992919922 12 112.158203125
0.2 10.6842041016 11.3992919922 12 71.5087890625
0.2 11.0961914062 11.3992919922 12 30.3100585938
0.2 11.5081787109 11.3992919922 12 -10.888671875
0.2 11.5081787109 11.3992919922 12 -10.888671875
0.2 11.5081787109 11.3992919922 12 -10.888671875
0.3 11.5081787109 15.5081787109 16 250
0.3 11.5081787109 15.5081787109 16 250
0.3 11.5081787109 15.5081787109 16 250
0.3 11.5081787109 15.5081787109 16 250
0.3 11.9201660156 15.5081787109 16 250
0.3 12.3321533203 15.5081787109 16 250
0.3 13.1506347656 15.5081787109 16 235.754394531
0.3 13.5626220703 15.5081787109 16 194.555664062
0.3 14.3865966797 15.5081787109 16 112.158203125
0.3 14.7985839844 15.5081787109 16 70.9594726562
0.3 15.205078125 15.5081787109 16 30.3100585938
0.3 15.6170654297 15.5081787109 16 -10.888671875
0.3 15.6170654297 15.5081787109 16 -10.888671875
0.3 15.6170654297 15.5081787109 16 -10.888671875
0.3 15.6170654297 15.5081787109 16 -10.888671875
0.4 15.6170654297 19.6170654297 20 250
0.4 15.6170654297 19.6170654297 20 250
0.4 15.6170654297 19.6170654297 20 250
0.4 15.6170654297 19.6170654297 20 250
0.4 16.0290527344 19.6170654297 20 250
0.4 16.4410400391 19.6170654297 20 250
0.4 17.2595214844 19.6170654297 20 235.754394531
0.4 17.6715087891 19.6170654297 20 194.555664062
0.4 18.0834960938 19.6170654297 20 153.356933594
0.4 18.4954833984 19.6170654297 20 112.158203125
0.4 19.3139648438 19.6170654297 20 30.3100585938
0.4 19.7259521484 19.6170654297 20 -10.888671875
0.4 20.1379394531 19.6170654297 20 -52.0874023438
0.4 20.1379394531 19.6170654297 20 -52.0874023438
0.4 20.1379394531 19.6170654297 20 -52.0874023438
0.5 20.1379394531 16.1379394531 16 -250
0.5 20.1379394531 16.1379394531 16 -250
0.5 20.1379394531 16.1379394531 16 -250
0.5 20.1379394531 16.1379394531 16 -250
0.5 20.1379394531 16.1379394531 16 -250
0.5 20.1379394531 16.1379394531 16 -250
0.5 20.1379394531 16.1379394531 16 -250
0.5 20.1379394531 16.1379394531 16 -250
0.5 20.1379394531 16.1379394531 16 -250
0.5 19.7259521484 16.1379394531 16 -250
0.5 19.3139648438 16.1379394531 16 -250
0.5 18.9074707031 16.1379394531 16 -250
0.5 18.4954833984 16.1379394531 16 -235.754394531
0.5 18.0834960938 16.1379394531 16 -194.555664062
0.5 17.2595214844 16.1379394531 16 -112.158203125
0.6 16.8530273438 13.2595214844 12 -250
0.6 16.4410400391 13.2595214844 12 -250
0.6 16.0290527344 13.2595214844 12 -250
0.6 16.0290527344 13.2595214844 12 -250
0.6 15.6170654297 13.2595214844 12 -235.754394531
0.6 15.205078125 13.2595214844 12 -194.555664062
0.6 14.7985839844 13.2595214844 12 -153.90625
0.6 14.3865966797 13.2595214844 12 -112.707519531
0.6 13.974609375 13.2595214844 12 -71.5087890625
0.6 13.5626220703 13.2595214844 12 -30.3100585938
0.6 13.1506347656 13.2595214844 12 10.888671875
0.6 13.1506347656 13.2595214844 12 10.888671875
0.6 13.1506347656 13.2595214844 12 10.888671875
0.6 13.1506347656 13.2595214844 12 10.888671875
0.6 13.1506347656 13.2595214844 12 10.888671875
0.7 13.1506347656 9.15063476562 8 -250
0.7 13.1506347656 9.15063476562 8 -250
0.7 13.1506347656 9.15063476562 8 -250
0.7 13.1506347656 9.15063476562 8 -250
0.7 12.7386474609 9.15063476562 8 -250
0.7 12.3321533203 9.15063476562 8 -250
0.7 11.9201660156 9.15063476562 8 -250
0.7 11.0961914062 9.15063476562 8 -194.555664062
0.7 10.6842041016 9.15063476562 8 -153.356933594
0.7 10.2777099609 9.15063476562 8 -112.707519531
0.7 9.86572265625 9.15063476562 8 -71.5087890625
0.7 9.45373535156 9.15063476562 8 -30.3100585938
0.7 9.04174804688 9.15063476562 8 10.888671875
0.7 8.62976074219 9.15063476562 8 52.0874023438
0.7 8.62976074219 9.15063476562 8 52.0874023438
0.8 8.62976074219 4.62976074219 4 -250
0.8 8.62976074219 4.62976074219 4 -250
0.8 8.62976074219 4.62976074219 4 -250
0.8 8.62976074219 4.62976074219 4 -250
0.8 8.22326660156 4.62976074219 4 -250
0.8 7.39929199219 4.62976074219 4 -250
0.8 6.9873046875 4.62976074219 4 -235.754394531
0.8 6.57531738281 4.62976074219 4 -194.555664062
0.8 6.16333007812 4.62976074219 4 -153.356933594
0.8 5.7568359375 4.62976074219 4 -112.707519531
0.8 5.34484863281 4.62976074219 4 -71.5087890625
0.8 4.93286132812 4.62976074219 4 -30.3100585938
0.8 4.52087402344 4.62976074219 4 10.888671875
0.8 4.52087402344 4.62976074219 4 10.888671875
0.8 4.52087402344 4.62976074219 4 10.888671875
0.9 4.52087402344 0.520874023438 0 -250
0.9 4.52087402344 0.520874023438 0 -250
0.9 4.52087402344 0.520874023438 0 -250
0.9 4.52087402344 0.520874023438 0 -250
0.9 4.10888671875 0.520874023438 0 -250
0.9 3.70239257812 0.520874023438 0 -250
0.9 3.29040527344 0.520874023438 0 -250
0.9 2.46643066406 0.520874023438 0 -194.555664062
0.9 2.05444335938 0.520874023438 0 -153.356933594
0.9 1.64794921875 0.520874023438 0 -112.707519531
0.9 1.23596191406 0.520874023438 0 -71.5087890625
0.9 0.823974609375 0.520874023438 0 -30.3100585938
0.9 0.411987304688 0.520874023438 0 10.888671875
0.9 0.411987304688 0.520874023438 0 10.888671875
0.9 0.411987304688 0.520874023438 0 10.888671875
1.0 0.411987304688 4.41198730469 4 250
1.0 0.411987304688 4.41198730469 4 250
1.0 0.411987304688 4.41198730469 4 250
1.0 0.411987304688 4.41198730469 4 250
1.0 0.411987304688 4.41198730469 4 250
1.0 0.823974609375 4.41198730469 4 250
1.0 0.823974609375 4.41198730469 4 250
1.0 0.823974609375 4.41198730469 4 250
1.0 1.23596191406 4.41198730469 4 250
1.0 1.64794921875 4.41198730469 4 250
1.0 2.05444335938 4.41198730469 4 235.754394531
1.0 2.46643066406 4.41198730469 4 194.555664062
1.0 2.87841796875 4.41198730469 4 153.356933594
1.0 3.29040527344 4.41198730469 4 112.158203125
1.0 3.70239257812 4.41198730469 4 70.9594726562
1.1 4.10888671875 7.70239257812 8 250
1.1 4.10888671875 7.70239257812 8 250
1.1 4.52087402344 7.70239257812 8 250
1.1 4.52087402344 7.70239257812 8 250
1.1 4.93286132812 7.70239257812 8 250
1.1 5.34484863281 7.70239257812 8 235.754394531
1.1 5.34484863281 7.70239257812 8 235.754394531
1.1 6.57531738281 7.70239257812 8 112.707519531
1.1 6.9873046875 7.70239257812 8 71.5087890625
1.1 7.39929199219 7.70239257812 8 30.3100585938
1.1 7.39929199219 7.70239257812 8 30.3100585938
1.1 7.81127929688 7.70239257812 8 -10.888671875
1.1 7.81127929688 7.70239257812 8 -10.888671875
1.1 7.81127929688 7.70239257812 8 -10.888671875
1.1 7.81127929688 7.70239257812 8 -10.888671875
1.2 7.81127929688 11.8112792969 12 250
1.2 7.81127929688 11.8112792969 12 250
1.2 7.81127929688 11.8112792969 12 250
1.2 8.22326660156 11.8112792969 12 250
1.2 8.22326660156 11.8112792969 12 250
1.2 9.04174804688 11.8112792969 12 250
1.2 9.45373535156 11.8112792969 12 235.754394531
1.2 10.2777099609 11.8112792969 12 153.356933594
1.2 10.6842041016 11.8112792969 12 112.707519531
1.2 10.6842041016 11.8112792969 12 112.707519531
1.2 11.5081787109 11.8112792969 12 30.3100585938
1.2 11.9201660156 11.8112792969 12 -10.888671875
1.2 11.9201660156 11.8112792969 12 -10.888671875
1.2 11.9201660156 11.8112792969 12 -10.888671875
1.2 11.9201660156 11.8112792969 12 -10.888671875
1.3 11.9201660156 15.9201660156 16 250
1.3 11.9201660156 15.9201660156 16 250
1.3 11.9201660156 15.9201660156 16 250
1.3 11.9201660156 15.9201660156 16 250
1.3 12.3321533203 15.9201660156 16 250
1.3 12.7386474609 15.9201660156 16 250
1.3 13.5626220703 15.9201660156 16 235.754394531
1.3 13.974609375 15.9201660156 16 194.555664062
1.3 14.3865966797 15.9201660156 16 153.356933594
1.3 14.7985839844 15.9201660156 16 112.158203125
1.3 15.205078125 15.9201660156 16 71.5087890625
1.3 16.0290527344 15.9201660156 16 -10.888671875
1.3 16.0290527344 15.9201660156 16 -10.888671875
1.3 16.4410400391 15.9201660156 16 -52.0874023438
1.3 16.4410400391 15.9201660156 16 -52.0874023438
1.4 16.4410400391 20.4410400391 20 250
1.4 16.4410400391 20.4410400391 20 250
1.4 16.4410400391 20.4410400391 20 250
1.4 16.4410400391 20.4410400391 20 250
1.4 16.8530273438 20.4410400391 20 250
1.4 17.2595214844 20.4410400391 20 250
1.4 17.6715087891 20.4410400391 20 250
1.4 18.4954833984 20.4410400391 20 194.555664062
1.4 18.9074707031 20.4410400391 20 153.356933594
1.4 19.3139648438 20.4410400391 20 112.707519531
1.4 19.7259521484 20.4410400391 20 71.5087890625
1.4 20.1379394531 20.4410400391 20 30.3100585938
1.4 20.5499267578 20.4410400391 20 -10.888671875
1.4 20.9619140625 20.4410400391 20 -52.0874023438
1.4 20.5499267578 20.4410400391 20 -10.888671875
