0.0 0.0 4.0 4 250
0.0 0.0 4.0 4 250
0.0 0.0 4.0 4 250
0.0 0.0 4.0 4 250
0.0 0.0 4.0 4 250
0.0 0.0 4.0 4 250
0.0 0.0 4.0 4 250
0.0 0.0 4.0 4 250
0.0 0.411987304688 4.0 4 250
0.0 0.823974609375 4.0 4 250
0.0 1.23596191406 4.0 4 250
0.0 1.23596191406 4.0 4 250
0.0 2.46643066406 4.0 4 153.356933594
0.0 2.87841796875 4.0 4 112.158203125
0.0 2.87841796875 4.0 4 112.158203125
0.0 3.29040527344 4.0 4 70.9594726562
0.0 3.69689941406 4.0 4 30.3100585938
0.0 3.69689941406 4.0 4 30.3100585938
0.0 4.10888671875 4.0 4 -10.888671875
0.0 4.10888671875 4.0 4 -10.888671875
0.1 4.10888671875 8.10888671875 8 250
0.1 4.10888671875 8.10888671875 8 250
0.1 4.10888671875 8.10888671875 8 250
0.1 4.10888671875 8.10888671875 8 250
0.1 4.10888671875 8.10888671875 8 250
0.1 4.93286132812 8.10888671875 8 250
0.1 5.34484863281 8.10888671875 8 250
0.1 5.34484863281 8.10888671875 8 250
0.1 6.16333007812 8.10888671875 8 194.555664062
0.1 7.39929199219 8.10888671875 8 70.9594726562
0.1 7.81127929688 8.10888671875 8 29.7607421875
0.1 7.81127929688 8.10888671875 8 29.7607421875
0.1 8.62976074219 8.10888671875 8 -52.0874023438
0.1 8.62976074219 8.10888671875 8 -52.0874023438
0.1 8.62976074219 8.10888671875 8 -52.0874023438
0.1 8.62976074219 8.10888671875 8 -52.0874023438
0.1 8.62976074219 8.10888671875 8 -52.0874023438
0.1 8.62976074219 8.10888671875 8 -52.0874023438
0.1 8.62976074219 8.10888671875 8 -52.0874023438
0.1 8.62976074219 8.10888671875 8 -52.0874023438
0.2 8.62976074219 12.6297607422 12 250
0.2 8.62976074219 12.6297607422 12 250
0.2 8.62976074219 12.6297607422 12 250
0.2 8.62976074219 12.6297607422 12 250
0.2 9.04174804688 12.6297607422 12 250
0.2 9.86572265625 12.6297607422 12 250
0.2 10.2722167969 12.6297607422 12 235.754394531
0.2 10.2722167969 12.6297607422 12 235.754394531
0.2 11.0961914062 12.6297607422 12 153.356933594
0.2 11.9201660156 12.6297607422 12 70.9594726562
0.2 12.3266601562 12.6297607422 12 30.3100585938
0.2 12.7386474609 12.6297607422 12 -10.888671875
0.2 13.1506347656 12.6297607422 12 -52.0874023438
0.2 13.1506347656 12.6297607422 12 -52.0874023438
0.2 13.1506347656 12.6297607422 12 -52.0874023438
0.2 13.1506347656 12.6297607422 12 -52.0874023438
0.2 13.1506347656 12.6297607422 12 -52.0874023438
0.2 13.1506347656 12.6297607422 12 -52.0874023438
0.2 13.1506347656 12.6297607422 12 -52.0874023438
0.2 13.1506347656 12.6297607422 12 -52.0874023438
0.3 13.1506347656 17.1506347656 16 250
0.3 13.1506347656 17.1506347656 16 250
0.3 13.1506347656 17.1506347656 16 250
0.3 13.1506347656 17.1506347656 16 250
0.3 13.5626220703 17.1506347656 16 250
0.3 13.974609375 17.1506347656 16 250
0.3 14.7930908203 17.1506347656 16 235.754394531
0.3 15.205078125 17.1506347656 16 194.555664062
0.3 15.6170654297 17.1506347656 16 153.356933594
0.3 16.0290527344 17.1506347656 16 112.158203125
0.3 16.4410400391 17.1506347656 16 70.9594726562
0.3 16.8475341797 17.1506347656 16 30.3100585938
0.3 17.2595214844 17.1506347656 16 -10.888671875
0.3 17.2595214844 17.1506347656 16 -10.888671875
0.3 17.2595214844 17.1506347656 16 -10.888671875
0.3 17.2595214844 17.1506347656 16 -10.888671875
0.3 17.2595214844 17.1506347656 16 -10.888671875
0.3 17.2595214844 17.1506347656 16 -10.888671875
0.3 17.2595214844 17.1506347656 16 -10.888671875
0.3 17.2595214844 17.1506347656 16 -10.888671875
0.4 17.2595214844 21.2595214844 20 250
0.4 17.2595214844 21.2595214844 20 250
0.4 17.6715087891 21.2595214844 20 250
0.4 17.6715087891 21.2595214844 20 250
0.4 17.6715087891 21.2595214844 20 250
0.4 18.0834960938 21.2595214844 20 250
0.4 18.9019775391 21.2595214844 20 235.754394531
0.4 19.3139648438 21.2595214844 20 194.555664062
0.4 19.7259521484 21.2595214844 20 153.356933594
0.4 20.1379394531 21.2595214844 20 112.158203125
0.4 20.5499267578 21.2595214844 20 70.9594726562
0.4 20.9619140625 21.2595214844 20 29.7607421875
0.4 21.3684082031 21.2595214844 20 -10.888671875
0.4 21.7803955078 21.2595214844 20 -52.0874023438
0.4 21.7803955078 21.2595214844 20 -52.0874023438
0.4 21.7803955078 21.2595214844 20 -52.0874023438
0.4 21.7803955078 21.2595214844 20 -52.0874023438
0.4 21.7803955078 21.2595214844 20 -52.0874023438
0.4 21.7803955078 21.2595214844 20 -52.0874023438
0.4 21.7803955078 21.2595214844 20 -52.0874023438
