0.0 0.0 2.0 2 200.0
0.0 0.0 2.0 2 200.0
0.0 0.0 2.0 2 200.0
0.0 0.0 2.0 2 200.0
0.0 0.0 2.0 2 200.0
0.0 0.0 2.0 2 200.0
0.0 0.0 2.0 2 200.0
0.0 0.0 2.0 2 200.0
0.0 0.0 2.0 2 200.0
0.0 0.0 2.0 2 200.0
0.0 0.411987304688 2.0 2 158.801269531
0.0 0.411987304688 2.0 2 158.801269531
0.0 0.823974609375 2.0 2 117.602539062
0.0 1.23596191406 2.0 2 76.4038085938
0.0 1.64794921875 2.0 2 35.205078125
0.0 2.05444335938 2.0 2 -5.4443359375
0.0 2.05444335938 2.0 2 -5.4443359375
0.0 2.05444335938 2.0 2 -5.4443359375
0.0 2.05444335938 2.0 2 -5.4443359375
0.0 2.05444335938 2.0 2 -5.4443359375
0.1 2.05444335938 4.05444335938 4 200.0
0.1 2.05444335938 4.05444335938 4 200.0
0.1 2.05444335938 4.05444335938 4 200.0
0.1 2.05444335938 4.05444335938 4 200.0
0.1 2.46643066406 4.05444335938 4 158.801269531
0.1 2.87841796875 4.05444335938 4 117.602539062
0.1 3.29040527344 4.05444335938 4 76.4038085938
0.1 3.29040527344 4.05444335938 4 76.4038085938
0.1 3.29040527344 4.05444335938 4 76.4038085938
0.1 3.70239257812 4.05444335938 4 35.205078125
0.1 3.70239257812 4.05444335938 4 35.205078125
0.1 3.70239257812 4.05444335938 4 35.205078125
0.1 3.70239257812 4.05444335938 4 35.205078125
0.1 3.70239257812 4.05444335938 4 35.205078125
0.1 3.70239257812 4.05444335938 4 35.205078125
0.1 3.70239257812 4.05444335938 4 35.205078125
0.1 3.70239257812 4.05444335938 4 35.205078125
0.1 3.70239257812 4.05444335938 4 35.205078125
0.1 3.70239257812 4.05444335938 4 35.205078125
0.1 3.70239257812 4.05444335938 4 35.205078125
0.2 3.70239257812 5.70239257812 6 200.0
0.2 3.70239257812 5.70239257812 6 200.0
0.2 3.70239257812 5.70239257812 6 200.0
0.2 4.10888671875 5.70239257812 6 159.350585938
0.2 4.10888671875 5.70239257812 6 159.350585938
0.2 4.52087402344 5.70239257812 6 118.151855469
0.2 4.93286132812 5.70239257812 6 76.953125
0.2 5.34484863281 5.70239257812 6 35.7543945312
0.2 5.34484863281 5.70239257812 6 35.7543945312
0.2 5.34484863281 5.70239257812 6 35.7543945312
0.2 5.7568359375 5.70239257812 6 -5.4443359375
0.2 5.7568359375 5.70239257812 6 -5.4443359375
0.2 5.7568359375 5.70239257812 6 -5.4443359375
0.2 5.7568359375 5.70239257812 6 -5.4443359375
0.2 5.7568359375 5.70239257812 6 -5.4443359375
0.2 5.7568359375 5.70239257812 6 -5.4443359375
0.2 5.7568359375 5.70239257812 6 -5.4443359375
0.2 5.7568359375 5.70239257812 6 -5.4443359375
0.2 5.7568359375 5.70239257812 6 -5.4443359375
0.2 5.7568359375 5.70239257812 6 -5.4443359375
0.3 5.7568359375 7.7568359375 8 200.0
0.3 5.7568359375 7.7568359375 8 200.0
0.3 5.7568359375 7.7568359375 8 200.0
0.3 5.7568359375 7.7568359375 8 200.0
0.3 6.16333007812 7.7568359375 8 159.350585938
0.3 6.57531738281 7.7568359375 8 118.151855469
0.3 7.39929199219 7.7568359375 8 35.7543945312
0.3 7.39929199219 7.7568359375 8 35.7543945312
0.3 7.39929199219 7.7568359375 8 35.7543945312
0.3 7.81127929688 7.7568359375 8 -5.4443359375
0.3 7.81127929688 7.7568359375 8 -5.4443359375
0.3 7.81127929688 7.7568359375 8 -5.4443359375
0.3 7.81127929688 7.7568359375 8 -5.4443359375
0.3 7.81127929688 7.7568359375 8 -5.4443359375
0.3 7.81127929688 7.7568359375 8 -5.4443359375
0.3 7.81127929688 7.7568359375 8 -5.4443359375
0.3 7.81127929688 7.7568359375 8 -5.4443359375
0.3 7.81127929688 7.7568359375 8 -5.4443359375
0.3 7.81127929688 7.7568359375 8 -5.4443359375
0.3 7.81127929688 7.7568359375 8 -5.4443359375
0.4 7.81127929688 9.81127929688 10 200.0
0.4 7.81127929688 9.81127929688 10 200.0
0.4 7.81127929688 9.81127929688 10 200.0
0.4 7.81127929688 9.81127929688 10 200.0
0.4 8.22326660156 9.81127929688 10 158.801269531
0.4 8.62976074219 9.81127929688 10 118.151855469
0.4 9.04174804688 9.81127929688 10 76.953125
0.4 9.45373535156 9.81127929688 10 35.7543945312
0.4 9.45373535156 9.81127929688 10 35.7543945312
0.4 9.45373535156 9.81127929688 10 35.7543945312
0.4 9.45373535156 9.81127929688 10 35.7543945312
0.4 9.45373535156 9.81127929688 10 35.7543945312
0.4 9.86572265625 9.81127929688 10 -5.4443359375
0.4 9.86572265625 9.81127929688 10 -5.4443359375
0.4 9.86572265625 9.81127929688 10 -5.4443359375
0.4 9.86572265625 9.81127929688 10 -5.4443359375
0.4 9.86572265625 9.81127929688 10 -5.4443359375
0.4 9.86572265625 9.81127929688 10 -5.4443359375
0.4 9.86572265625 9.81127929688 10 -5.4443359375
0.4 9.86572265625 9.81127929688 10 -5.4443359375
0.5 9.86572265625 7.86572265625 8 -200.0
0.5 9.86572265625 7.86572265625 8 -200.0
0.5 9.86572265625 7.86572265625 8 -200.0
0.5 9.86572265625 7.86572265625 8 -200.0
0.5 9.86572265625 7.86572265625 8 -200.0
0.5 9.86572265625 7.86572265625 8 -200.0
0.5 9.86572265625 7.86572265625 8 -200.0
0.5 9.86572265625 7.86572265625 8 -200.0
0.5 9.86572265625 7.86572265625 8 -200.0
0.5 9.45373535156 7.86572265625 8 -158.801269531
0.5 9.45373535156 7.86572265625 8 -158.801269531
0.5 9.04174804688 7.86572265625 8 -117.602539062
0.5 8.62976074219 7.86572265625 8 -76.4038085938
0.5 8.22326660156 7.86572265625 8 -35.7543945312
0.5 8.22326660156 7.86572265625 8 -35.7543945312
0.5 7.81127929688 7.86572265625 8 5.4443359375
0.5 7.81127929688 7.86572265625 8 5.4443359375
0.5 7.81127929688 7.86572265625 8 5.4443359375
0.5 7.81127929688 7.86572265625 8 5.4443359375
0.5 7.81127929688 7.86572265625 8 5.4443359375
0.6 7.81127929688 5.81127929688 6 -200.0
0.6 7.81127929688 5.81127929688 6 -200.0
0.6 7.81127929688 5.81127929688 6 -200.0
0.6 7.81127929688 5.81127929688 6 -200.0
0.6 7.81127929688 5.81127929688 6 -200.0
0.6 7.39929199219 5.81127929688 6 -158.801269531
0.6 6.9873046875 5.81127929688 6 -117.602539062
0.6 6.57531738281 5.81127929688 6 -76.4038085938
0.6 6.57531738281 5.81127929688 6 -76.4038085938
0.6 6.16333007812 5.81127929688 6 -35.205078125
0.6 6.16333007812 5.81127929688 6 -35.205078125
0.6 5.7568359375 5.81127929688 6 5.4443359375
0.6 5.7568359375 5.81127929688 6 5.4443359375
0.6 5.7568359375 5.81127929688 6 5.4443359375
0.6 5.7568359375 5.81127929688 6 5.4443359375
0.6 5.7568359375 5.81127929688 6 5.4443359375
0.6 5.7568359375 5.81127929688 6 5.4443359375
0.6 5.7568359375 5.81127929688 6 5.4443359375
0.6 5.7568359375 5.81127929688 6 5.4443359375
0.6 5.7568359375 5.81127929688 6 5.4443359375
0.7 5.7568359375 3.7568359375 4 -200.0
0.7 5.7568359375 3.7568359375 4 -200.0
0.7 5.7568359375 3.7568359375 4 -200.0
0.7 5.7568359375 3.7568359375 4 -200.0
0.7 5.7568359375 3.7568359375 4 -200.0
0.7 5.34484863281 3.7568359375 4 -158.801269531
0.7 5.34484863281 3.7568359375 4 -158.801269531
0.7 4.52087402344 3.7568359375 4 -76.4038085938
0.7 4.52087402344 3.7568359375 4 -76.4038085938
0.7 4.10888671875 3.7568359375 4 -35.205078125
0.7 3.70239257812 3.7568359375 4 5.4443359375
0.7 3.70239257812 3.7568359375 4 5.4443359375
0.7 3.70239257812 3.7568359375 4 5.4443359375
0.7 3.70239257812 3.7568359375 4 5.4443359375
0.7 3.70239257812 3.7568359375 4 5.4443359375
0.7 3.70239257812 3.7568359375 4 5.4443359375
0.7 3.70239257812 3.7568359375 4 5.4443359375
0.7 3.70239257812 3.7568359375 4 5.4443359375
0.7 3.70239257812 3.7568359375 4 5.4443359375
0.7 3.70239257812 3.7568359375 4 5.4443359375
0.8 3.70239257812 1.70239257812 2 -200.0
0.8 3.70239257812 1.70239257812 2 -200.0
0.8 3.70239257812 1.70239257812 2 -200.0
0.8 3.29040527344 1.70239257812 2 -158.801269531
0.8 3.29040527344 1.70239257812 2 -158.801269531
0.8 2.87841796875 1.70239257812 2 -117.602539062
0.8 2.87841796875 1.70239257812 2 -117.602539062
0.8 2.05444335938 1.70239257812 2 -35.205078125
0.8 2.05444335938 1.70239257812 2 -35.205078125
0.8 2.05444335938 1.70239257812 2 -35.205078125
0.8 2.05444335938 1.70239257812 2 -35.205078125
0.8 2.05444335938 1.70239257812 2 -35.205078125
0.8 2.05444335938 1.70239257812 2 -35.205078125
0.8 2.05444335938 1.70239257812 2 -35.205078125
0.8 2.05444335938 1.70239257812 2 -35.205078125
0.8 2.05444335938 1.70239257812 2 -35.205078125
0.8 2.05444335938 1.70239257812 2 -35.205078125
0.8 2.05444335938 1.70239257812 2 -35.205078125
0.8 2.05444335938 1.70239257812 2 -35.205078125
0.8 2.05444335938 1.70239257812 2 -35.205078125
0.9 2.05444335938 0.054443359375 0 -200.0
0.9 2.05444335938 0.054443359375 0 -200.0
0.9 2.05444335938 0.054443359375 0 -200.0
0.9 2.05444335938 0.054443359375 0 -200.0
0.9 1.64794921875 0.054443359375 0 -159.350585938
0.9 1.23596191406 0.054443359375 0 -118.151855469
0.9 0.823974609375 0.054443359375 0 -76.953125
0.9 0.411987304688 0.054443359375 0 -35.7543945312
0.9 0.411987304688 0.054443359375 0 -35.7543945312
0.9 0.411987304688 0.054443359375 0 -35.7543945312
0.9 0.411987304688 0.054443359375 0 -35.7543945312
0.9 0.411987304688 0.054443359375 0 -35.7543945312
0.9 0.411987304688 0.054443359375 0 -35.7543945312
0.9 0.411987304688 0.054443359375 0 -35.7543945312
0.9 0.411987304688 0.054443359375 0 -35.7543945312
0.9 0.411987304688 0.054443359375 0 -35.7543945312
0.9 0.411987304688 0.054443359375 0 -35.7543945312
0.9 0.411987304688 0.054443359375 0 -35.7543945312
0.9 0.411987304688 0.054443359375 0 -35.7543945312
0.9 0.411987304688 0.054443359375 0 -35.7543945312
1.0 0.411987304688 2.41198730469 2 200.0
1.0 0.411987304688 2.41198730469 2 200.0
1.0 0.411987304688 2.41198730469 2 200.0
1.0 0.411987304688 2.41198730469 2 200.0
1.0 0.411987304688 2.41198730469 2 200.0
1.0 0.411987304688 2.41198730469 2 200.0
1.0 0.411987304688 2.41198730469 2 200.0
1.0 0.411987304688 2.41198730469 2 200.0
1.0 0.411987304688 2.41198730469 2 200.0
1.0 0.823974609375 2.41198730469 2 158.801269531
1.0 0.823974609375 2.41198730469 2 158.801269531
1.0 1.23596191406 2.41198730469 2 117.602539062
1.0 1.64794921875 2.41198730469 2 76.4038085938
1.0 1.64794921875 2.41198730469 2 76.4038085938
1.0 2.05444335938 2.41198730469 2 35.7543945312
1.0 2.05444335938 2.41198730469 2 35.7543945312
1.0 2.05444335938 2.41198730469 2 35.7543945312
1.0 2.05444335938 2.41198730469 2 35.7543945312
1.0 2.05444335938 2.41198730469 2 35.7543945312
1.0 2.05444335938 2.41198730469 2 35.7543945312
1.1 2.05444335938 4.05444335938 4 200.0
1.1 2.05444335938 4.05444335938 4 200.0
1.1 2.05444335938 4.05444335938 4 200.0
1.1 2.05444335938 4.05444335938 4 200.0
1.1 2.46643066406 4.05444335938 4 158.801269531
1.1 2.87841796875 4.05444335938 4 117.602539062
1.1 2.87841796875 4.05444335938 4 117.602539062
1.1 3.29040527344 4.05444335938 4 76.4038085938
1.1 3.70239257812 4.05444335938 4 35.205078125
1.1 4.10888671875 4.05444335938 4 -5.4443359375
1.1 4.10888671875 4.05444335938 4 -5.4443359375
1.1 4.10888671875 4.05444335938 4 -5.4443359375
1.1 4.10888671875 4.05444335938 4 -5.4443359375
1.1 4.10888671875 4.05444335938 4 -5.4443359375
1.1 4.10888671875 4.05444335938 4 -5.4443359375
1.1 4.10888671875 4.05444335938 4 -5.4443359375
1.1 4.10888671875 4.05444335938 4 -5.4443359375
1.1 4.10888671875 4.05444335938 4 -5.4443359375
1.1 4.10888671875 4.05444335938 4 -5.4443359375
1.1 4.10888671875 4.05444335938 4 -5.4443359375
1.2 4.10888671875 6.10888671875 6 200.0
1.2 4.10888671875 6.10888671875 6 200.0
1.2 4.10888671875 6.10888671875 6 200.0
1.2 4.10888671875 6.10888671875 6 200.0
1.2 4.52087402344 6.10888671875 6 158.801269531
1.2 4.93286132812 6.10888671875 6 117.602539062
1.2 5.34484863281 6.10888671875 6 76.4038085938
1.2 5.7568359375 6.10888671875 6 35.205078125
1.2 6.16333007812 6.10888671875 6 -5.4443359375
1.2 6.16333007812 6.10888671875 6 -5.4443359375
1.2 6.16333007812 6.10888671875 6 -5.4443359375
1.2 6.16333007812 6.10888671875 6 -5.4443359375
1.2 6.16333007812 6.10888671875 6 -5.4443359375
1.2 6.16333007812 6.10888671875 6 -5.4443359375
1.2 6.16333007812 6.10888671875 6 -5.4443359375
1.2 6.16333007812 6.10888671875 6 -5.4443359375
1.2 6.16333007812 6.10888671875 6 -5.4443359375
1.2 6.16333007812 6.10888671875 6 -5.4443359375
1.2 6.16333007812 6.10888671875 6 -5.4443359375
1.2 6.16333007812 6.10888671875 6 -5.4443359375
1.3 6.16333007812 8.16333007812 8 200.0
1.3 6.16333007812 8.16333007812 8 200.0
1.3 6.16333007812 8.16333007812 8 200.0
1.3 6.57531738281 8.16333007812 8 158.801269531
1.3 6.9873046875 8.16333007812 8 117.602539062
1.3 6.9873046875 8.16333007812 8 117.602539062
1.3 7.39929199219 8.16333007812 8 76.4038085938
1.3 7.81127929688 8.16333007812 8 35.205078125
1.3 7.81127929688 8.16333007812 8 35.205078125
1.3 7.81127929688 8.16333007812 8 35.205078125
1.3 7.81127929688 8.16333007812 8 35.205078125
1.3 8.22326660156 8.16333007812 8 -5.99365234375
1.3 8.22326660156 8.16333007812 8 -5.99365234375
1.3 8.22326660156 8.16333007812 8 -5.99365234375
1.3 8.22326660156 8.16333007812 8 -5.99365234375
1.3 8.22326660156 8.16333007812 8 -5.99365234375
1.3 8.22326660156 8.16333007812 8 -5.99365234375
1.3 8.22326660156 8.16333007812 8 -5.99365234375
1.3 8.22326660156 8.16333007812 8 -5.99365234375
1.3 8.22326660156 8.16333007812 8 -5.99365234375
1.4 8.22326660156 10.2232666016 10 200.0
1.4 8.22326660156 10.2232666016 10 200.0
1.4 8.22326660156 10.2232666016 10 200.0
1.4 8.22326660156 10.2232666016 10 200.0
1.4 8.62976074219 10.2232666016 10 159.350585938
1.4 8.62976074219 10.2232666016 10 159.350585938
1.4 9.04174804688 10.2232666016 10 118.151855469
1.4 9.45373535156 10.2232666016 10 76.953125
1.4 9.86572265625 10.2232666016 10 35.7543945312
1.4 9.86572265625 10.2232666016 10 35.7543945312
1.4 10.2777099609 10.2232666016 10 -5.4443359375
1.4 10.2777099609 10.2232666016 10 -5.4443359375
1.4 10.2777099609 10.2232666016 10 -5.4443359375
1.4 10.2777099609 10.2232666016 10 -5.4443359375
1.4 10.2777099609 10.2232666016 10 -5.4443359375
1.4 10.2777099609 10.2232666016 10 -5.4443359375
1.4 10.2777099609 10.2232666016 10 -5.4443359375
1.4 10.2777099609 10.2232666016 10 -5.4443359375
1.4 10.2777099609 10.2232666016 10 -5.4443359375
1.4 10.2777099609 10.2232666016 10 -5.4443359375
