0.0 0.0 2.0 2 200.0
0.0 0.0 2.0 2 200.0
0.0 0.0 2.0 2 200.0
0.0 0.0 2.0 2 200.0
0.0 0.0 2.0 2 200.0
0.0 0.411987304688 2.0 2 158.801269531
0.0 0.823974609375 2.0 2 117.602539062
0.0 1.23046875 2.0 2 76.953125
0.0 1.23046875 2.0 2 76.953125
0.0 1.64245605469 2.0 2 35.7543945312
0.0 1.64245605469 2.0 2 35.7543945312
0.0 1.64245605469 2.0 2 35.7543945312
0.0 1.64245605469 2.0 2 35.7543945312
0.0 2.05444335938 2.0 2 -5.4443359375
0.0 2.05444335938 2.0 2 -5.4443359375
0.1 2.05444335938 4.05444335938 4 200.0
0.1 2.05444335938 4.05444335938 4 200.0
0.1 2.05444335938 4.05444335938 4 200.0
0.1 2.05444335938 4.05444335938 4 200.0
0.1 2.46643066406 4.05444335938 4 158.801269531
0.1 2.87841796875 4.05444335938 4 117.602539062
0.1 3.28491210938 4.05444335938 4 76.953125
0.1 3.28491210938 4.05444335938 4 76.953125
0.1 3.69689941406 4.05444335938 4 35.7543945312
0.1 3.69689941406 4.05444335938 4 35.7543945312
0.1 3.69689941406 4.05444335938 4 35.7543945312
0.1 3.69689941406 4.05444335938 4 35.7543945312
0.1 3.69689941406 4.05444335938 4 35.7543945312
0.1 3.69689941406 4.05444335938 4 35.7543945312
0.1 3.69689941406 4.05444335938 4 35.7543945312
0.2 3.69689941406 5.69689941406 6 200.0
0.2 3.69689941406 5.69689941406 6 200.0
0.2 3.69689941406 5.69689941406 6 200.0
0.2 4.10888671875 5.69689941406 6 158.801269531
0.2 4.10888671875 5.69689941406 6 158.801269531
0.2 4.52087402344 5.69689941406 6 117.602539062
0.2 4.93286132812 5.69689941406 6 76.4038085938
0.2 5.33935546875 5.69689941406 6 35.7543945312
0.2 5.33935546875 5.69689941406 6 35.7543945312
0.2 5.33935546875 5.69689941406 6 35.7543945312
0.2 5.75134277344 5.69689941406 6 -5.4443359375
0.2 5.75134277344 5.69689941406 6 -5.4443359375
0.2 5.75134277344 5.69689941406 6 -5.4443359375
0.2 5.75134277344 5.69689941406 6 -5.4443359375
0.2 5.75134277344 5.69689941406 6 -5.4443359375
0.3 5.75134277344 7.75134277344 8 200.0
0.3 5.75134277344 7.75134277344 8 200.0
0.3 5.75134277344 7.75134277344 8 200.0
0.3 5.75134277344 7.75134277344 8 200.0
0.3 5.75134277344 7.75134277344 8 200.0
0.3 6.16333007812 7.75134277344 8 158.801269531
0.3 6.57531738281 7.75134277344 8 117.602539062
0.3 6.9873046875 7.75134277344 8 76.4038085938
0.3 7.39929199219 7.75134277344 8 35.205078125
0.3 7.80578613281 7.75134277344 8 -5.4443359375
0.3 7.80578613281 7.75134277344 8 -5.4443359375
0.3 7.80578613281 7.75134277344 8 -5.4443359375
0.3 7.80578613281 7.75134277344 8 -5.4443359375
0.3 8.2177734375 7.75134277344 8 -46.6430664062
0.3 7.80578613281 7.75134277344 8 -5.4443359375
0.4 7.80578613281 9.80578613281 10 200.0
0.4 8.2177734375 9.80578613281 10 158.801269531
0.4 8.2177734375 9.80578613281 10 158.801269531
0.4 7.80578613281 9.80578613281 10 200.0
0.4 8.2177734375 9.80578613281 10 158.801269531
0.4 8.2177734375 9.80578613281 10 158.801269531
0.4 8.62976074219 9.80578613281 10 117.602539062
0.4 9.04174804688 9.80578613281 10 76.4038085938
0.4 9.45373535156 9.80578613281 10 35.205078125
0.4 9.45373535156 9.80578613281 10 35.205078125
0.4 9.86022949219 9.80578613281 10 -5.4443359375
0.4 9.86022949219 9.80578613281 10 -5.4443359375
0.4 9.86022949219 9.80578613281 10 -5.4443359375
0.4 9.86022949219 9.80578613281 10 -5.4443359375
0.4 9.86022949219 9.80578613281 10 -5.4443359375
0.5 9.86022949219 11.8602294922 12 200.0
0.5 9.86022949219 11.8602294922 12 200.0
0.5 9.86022949219 11.8602294922 12 200.0
0.5 9.86022949219 11.8602294922 12 200.0
0.5 9.86022949219 11.8602294922 12 200.0
0.5 10.6842041016 11.8602294922 12 117.602539062
0.5 11.0961914062 11.8602294922 12 76.4038085938
0.5 11.5081787109 11.8602294922 12 35.205078125
0.5 11.9146728516 11.8602294922 12 -5.4443359375
0.5 11.9146728516 11.8602294922 12 -5.4443359375
0.5 11.9146728516 11.8602294922 12 -5.4443359375
0.5 11.9146728516 11.8602294922 12 -5.4443359375
0.5 11.9146728516 11.8602294922 12 -5.4443359375
0.5 11.9146728516 11.8602294922 12 -5.4443359375
0.5 11.9146728516 11.8602294922 12 -5.4443359375
0.6 11.9146728516 13.9146728516 14 200.0
0.6 11.9146728516 13.9146728516 14 200.0
0.6 11.9146728516 13.9146728516 14 200.0
0.6 11.9146728516 13.9146728516 14 200.0
0.6 12.3266601562 13.9146728516 14 158.801269531
0.6 12.7386474609 13.9146728516 14 117.602539062
0.6 13.1506347656 13.9146728516 14 76.4038085938
0.6 13.5626220703 13.9146728516 14 35.205078125
0.6 13.5626220703 13.9146728516 14 35.205078125
0.6 13.974609375 13.9146728516 14 -5.99365234375
0.6 13.974609375 13.9146728516 14 -5.99365234375
0.6 13.974609375 13.9146728516 14 -5.99365234375
0.6 13.974609375 13.9146728516 14 -5.99365234375
0.6 13.974609375 13.9146728516 14 -5.99365234375
0.6 13.974609375 13.9146728516 14 -5.99365234375
0.7 13.974609375 15.974609375 16 200.0
0.7 13.974609375 15.974609375 16 200.0
0.7 13.974609375 15.974609375 16 200.0
0.7 13.974609375 15.974609375 16 200.0
0.7 14.3811035156 15.974609375 16 159.350585938
0.7 14.3811035156 15.974609375 16 159.350585938
0.7 15.6170654297 15.974609375 16 35.7543945312
0.7 15.6170654297 15.974609375 16 35.7543945312
0.7 15.6170654297 15.974609375 16 35.7543945312
0.7 16.0290527344 15.974609375 16 -5.4443359375
0.7 16.0290527344 15.974609375 16 -5.4443359375
0.7 16.0290527344 15.974609375 16 -5.4443359375
0.7 16.0290527344 15.974609375 16 -5.4443359375
0.7 16.0290527344 15.974609375 16 -5.4443359375
0.7 16.0290527344 15.974609375 16 -5.4443359375
0.8 16.0290527344 18.0290527344 18 200.0
0.8 16.0290527344 18.0290527344 18 200.0
0.8 16.0290527344 18.0290527344 18 200.0
0.8 16.0290527344 18.0290527344 18 200.0
0.8 16.0290527344 18.0290527344 18 200.0
0.8 16.8475341797 18.0290527344 18 118.151855469
0.8 17.2595214844 18.0290527344 18 76.953125
0.8 17.6715087891 18.0290527344 18 35.7543945312
0.8 18.0834960938 18.0290527344 18 -5.4443359375
0.8 18.0834960938 18.0290527344 18 -5.4443359375
0.8 18.0834960938 18.0290527344 18 -5.4443359375
0.8 18.0834960938 18.0290527344 18 -5.4443359375
0.8 18.0834960938 18.0290527344 18 -5.4443359375
0.8 18.0834960938 18.0290527344 18 -5.4443359375
0.8 18.0834960938 18.0290527344 18 -5.4443359375
0.9 18.0834960938 20.0834960938 20 200.0
0.9 18.0834960938 20.0834960938 20 200.0
0.9 18.0834960938 20.0834960938 20 200.0
0.9 18.0834960938 20.0834960938 20 200.0
0.9 18.4899902344 20.0834960938 20 159.350585938
0.9 18.4899902344 20.0834960938 20 159.350585938
0.9 19.3139648438 20.0834960938 20 76.953125
0.9 19.7259521484 20.0834960938 20 35.7543945312
0.9 19.7259521484 20.0834960938 20 35.7543945312
0.9 19.7259521484 20.0834960938 20 35.7543945312
0.9 20.1379394531 20.0834960938 20 -5.4443359375
0.9 20.1379394531 20.0834960938 20 -5.4443359375
0.9 20.1379394531 20.0834960938 20 -5.4443359375
0.9 20.1379394531 20.0834960938 20 -5.4443359375
0.9 20.1379394531 20.0834960938 20 -5.4443359375
