nrollouts: 10
# HEADER 1
0.817691606653 0.476429968113 2.83358916022 0.585245632175 0.756477186893 0.0 0.0 0.552555754081 0.0749335884175 3.43002567192 0.0 2.05845179608 133.0 247.0 255.0 0 0 0.162079660662 -0.108177887769 0.0 
0.0 0.0 0.575449073554 0.101728780624 0.0 0.0637273014936 0.0 0.158282227222 0.0777102096745 0.972634563766 0.0 0.243649502302 133.0 250.0 255.0 0.162079660662 -0.108177887769 -0.0614172402544 -0.120680224621 0.0 
0.0 0.0 0.534849565258 0.209142409949 0.0 1.4121160891 0.310096628772 0.0 0.0 0.0 0.0 0.0 125.0 251.0 255.0 0.100662420408 -0.22885811239 -0.00451813619699 -0.0433679675201 0.0 
0.0 0.0 0.0 0.0 0.0 0.0 0.479059144145 0.0 0.0 0.0 0.513477887502 0.143803217782 119.0 251.0 255.0 0.0961442842105 -0.27222607991 -0.134586866656 0.0448423151656 0.0 
0.0854988581772 0.229439355834 1.60704808261 0.150616298854 0.0 0.842455995852 0.104209404763 0.0148806229369 0.440115139258 1.39326747959 0.0 1.63507384662 118.0 252.0 255.0 -0.0384425824454 -0.227383764745 -0.176604404399 -0.115936650003 0.0 
0.0 0.0 1.27383471841 0.0 0.0 0.6201066121 1.31797579611 1.35991477198 0.0 0.0 0.0766376149859 0.889974591421 117.0 253.0 255.0 -0.215046986845 -0.333333333333 -0.131297033854 -0.0391566725101 0.0 
0.0 0.0 0.0 0.0 0.0 0.0 0.521815393015 0.0 0.152081925118 0.0 0.0 0.0 118.0 252.0 255.0 -0.333333333333 -0.333333333333 0.128633973367 0.0812245730714 0.0 
0.0 0.0 0.0 0.0 0.0 0.13992078785 1.10001486442 0.721125344215 0.0 0.0 0.526896304122 0.0 131.0 251.0 255.0 -0.204699359966 -0.252108760262 0.0492282395648 -0.0214219598554 0.0 
0.522845161301 0.758144126416 1.65841113721 3.08716253609 0.0 1.17549624285 0.0 0.638980964861 0.0954142640972 2.90316591927 0.357220965316 0.278834547916 146.0 251.0 255.0 -0.155471120401 -0.273530720117 -0.0956680219916 -0.101619041084 0.0 
0.0 0.558739702282 1.34547083967 0.0 0.0510084755702 1.67657145689 0.0 0.642368625937 1.22952324053 0.119779736667 0.313544977033 0.15114851863 162.0 251.0 255.0 -0.251139142393 -0.333333333333 -0.230208252091 -0.0908637336239 0.0 
0.0 1.15560397407 0.0312797464949 0.0 0.336779169764 0.509669715002 0.0 1.97705282888 1.07304297667 0.0 0.0 0.599648342966 178.0 251.0 255.0 -0.333333333333 -0.333333333333 -0.0433027076384 -0.0570386195864 0.0 
0.0 0.865182409054 0.0 0.595396174422 1.2851898903 0.833909752654 0.825065132589 0.920217248077 0.0 1.60860962789 0.502526988858 0.154035037145 194.0 251.0 255.0 -0.333333333333 -0.333333333333 0.0750569622333 0.103191245974 0.0 
0.0 0.0 0.0 0.0 0.0 0.0219755088844 2.34158980987 0.0 0.0 0.0 0.286949431333 0.0 211.0 249.0 255.0 -0.2582763711 -0.23014208736 -0.00712190977741 0.107529884638 0.0 
0.0 0.0 0.0 0.0 0.87311355258 1.1419384393 0.976127181755 0.94164533887 0.0 0.0 0.301626685494 0.479145055764 227.0 246.0 255.0 -0.265398280877 -0.122612202722 -0.0345606184071 0.0127857799365 0.0 
0.512989079352 0.477775488557 1.83436150852 0.151930607553 0.10217232547 0.369123768461 0.0 0.0752168933968 0.250409761714 2.280306283 0.948396100071 0.0 232.0 244.0 255.0 -0.299958899285 -0.109826422785 -0.0529101482289 -0.059375570904 0.0 
1.33961727481 1.73805416118 0.428692641116 0.0 0.106628783984 0.0 0.0 3.65174396163 0.860068119655 1.62153637137 0.256606319174 0.313951291573 235.0 243.0 255.0 -0.333333333333 -0.169201993689 -0.00411363811919 -0.0755556587354 0.0 
0.565940096822 0.82900505165 1.72800283885 0.461011282138 0.812862957136 0.240583048635 0.0 0.0 0.0 0.0 0.0 1.00015002205 237.0 242.0 254.0 -0.333333333333 -0.244757652424 0.032984969444 0.00500273676487 0.0 
0.471477737498 0.0 0.305229451409 0.00863293872912 0.107882494322 0.0 1.77360128914 0.0 0.0 0.0 0.0 0.0 237.0 242.0 254.0 -0.300348363889 -0.23975491566 -0.0411014353647 -0.037010225031 0.0 
1.09605594077 0.0 1.16967540734 0.0 0.633613349452 0.0 0.0 0.0 1.26407950366 2.52711957184 0.272028637391 1.39072132182 237.0 242.0 254.0 -0.333333333333 -0.276765140691 -0.0127057145571 -0.0627175138141 0.0 
0.0 0.546109147682 0.0 0.0 0.106936521297 0.286160393711 0.0 0.0 0.0 0.0 0.0 0.0 237.0 242.0 254.0 -0.333333333333 -0.333333333333 -0.210365262408 -0.136522983868 0.0 
0.0 0.0 0.0 0.0 0.578758910019 0.176857635203 1.40780215585 0.0 0.0 0.0 0.0 0.0 237.0 242.0 254.0 -0.333333333333 -0.333333333333 0.052357175073 -0.121733246524 0.0 
0.185813184874 0.522535142556 0.409246310845 0.363655582357 0.614878012722 1.41041249528 0.0 0.670997341923 0.0 1.72294548106 0.468254599327 0.0431910516159 237.0 242.0 254.0 -0.28097615826 -0.333333333333 0.0133273373608 -0.117925322752 0.0 
0.719930645427 1.93248523204 0.687766967175 0.0 0.770243882292 0.934629096485 0.0 0.335748207075 1.6795300911 0.756328887183 0.38872751551 0.940656167212 238.0 242.0 254.0 -0.2676488209 -0.333333333333 0.0133919597748 -0.0343120589967 0.0 
0.396304055279 1.24099761644 0.855130459707 0.363961396812 0.420360822493 1.72901247396 0.0 0.0 0.944812974523 0.127107179004 0.958104436484 0.612541388146 238.0 243.0 254.0 -0.254256861125 -0.333333333333 0.106908715998 0.158868396321 0.0 
0.104502156647 0.0 0.42479528023 0.534132219217 0.0 0.0 0.283013564007 0.0 0.0 0.0 1.03230499015 0.0 238.0 242.0 254.0 -0.147348145126 -0.174464937012 0.0893083619639 -0.123809828114 0.0 
0.0 0.0 0.0 0.0 0.0 0.0 0.660579907803 0.0 0.0 0.0 0.188454771087 0.0 238.0 242.0 254.0 -0.0580397831625 -0.298274765127 0.081916823713 -0.0975826553388 0.0 
0.0 0.0 0.36472371548 0.0 0.0934742907117 0.0 0.498234190223 0.0 0.0 0.0 0.706126036361 0.0 238.0 243.0 254.0 0.0238770405505 -0.333333333333 0.0249180379575 -0.167996381275 0.0 
0.554762846622 0.672051197299 1.04978564425 0.31890608016 0.0 0.0 0.0 0.838683261698 0.442578934117 0.0 0.0 0.0 238.0 243.0 254.0 0.048795078508 -0.333333333333 0.00255315077991 -0.0566112520179 0.0 
0.0 0.0 0.324999378874 0.275615112438 0.0 0.0 0.757424855347 1.60387224757 0.0 0.0 0.507820716583 0.0 238.0 242.0 254.0 0.0513482292879 -0.333333333333 -0.027346396661 -0.111027699243 0.0 
0.0 0.0 0.0 0.561494504289 0.0 0.0 0.283161911811 0.0 0.0 0.0 0.0 0.0 238.0 243.0 254.0 0.0240018326269 -0.333333333333 0.0125504662653 0.0232457833021 0.0 
0.0 1.55117492422 0.656535926125 0.160475786635 0.812773880379 0.97169104799 0.0 1.0808587471 0.456061800231 1.91605360787 0.00221953415278 0.937761172036 237.0 242.0 254.0 0.0365522988922 -0.310087550031 -0.047150172688 0.063364772584 0.0 
0.0221786326664 2.04025788546 0.166236323928 0.521529180576 0.00710133674505 2.95230899593 0.0 1.41626192971 2.03812213301 3.46582292708 0.0 1.33989048906 237.0 242.0 254.0 -0.0105978737958 -0.246722777447 0.0626409666121 0.100871244247 0.0 
0.0 0.0 0.0 0.128621932972 0.0 0.0 1.20820839565 0.0 0.0 0.0 1.76350327634 0.0 235.0 243.0 254.0 0.0520430928164 -0.145851533201 0.0202482419346 -0.107903767194 0.0 
0.0488198710122 1.33945322217 1.65654300811 0.467342608595 0.903013455932 0.0 0.0 0.788933210924 1.22458605212 2.67011791493 0.497068953682 0.0 231.0 245.0 254.0 0.072291334751 -0.253755300395 -0.0919644181686 0.0964994655077 0.0 
0.127164513231 0.775114072621 0.665033159069 0.901892796014 0.593204232748 1.05758824452 0.0 0.0 0.121838372729 2.37459104075 0.0 0.654375842425 230.0 246.0 254.0 -0.0196730834176 -0.157255834887 0.0521071082905 0.0879121135608 0.0 
0.0 0.0 0.0 0.0 0.0 0.0 0.0 0.0 0.0969331218752 2.43031325771 0.0 0.0 224.0 249.0 255.0 0.0324340248728 -0.0693437213265 -0.0127924167706 0.0496492533724 0.0 
0.0 0.0 0.0 0.0 0.329673492911 0.0 0.0 0.0 0.0 0.0 0.0 0.0 220.0 250.0 255.0 0.0196416081023 -0.0196944679541 0.264825534537 0.0647819836207 0.0 
0.0 0.0 0.0 0.0 0.0 0.0817045750341 0.532785705779 0.0 0.0 0.0 0.0 0.150766759348 207.0 249.0 255.0 0.28446714264 0.0450875156665 0.107221428527 0.0499974460168 0.0 
0.0 0.0 0.0 0.0 0.0 0.0 0.0 2.11647536988 2.65066318002 3.30738527057 0.247841905792 1.02522239102 191.0 248.0 255.0 0.333333333333 0.0950849616833 -0.18867108792 -0.0653304455265 0.0 
0.0 0.0960231103551 0.653413127378 0.0 0.0 0.0 0.0 0.592547892863 0.796524097315 3.1281777922 0.0 0.0 170.0 245.0 255.0 0.144662245413 0.0297545161568 0.0449073203534 -0.113651852315 0.0 
0.0 0.0 0.0 0.0 0.0806960776253 0.0 0.236198217907 0.0 0.0 0.0 0.0 0.0 157.0 251.0 255.0 0.189569565767 -0.0838973361583 0.0390511862286 0.0229558612015 0.0 
0.0 0.0 0.0 0.0 0.0 0.0 1.15381553664 0.0 0.0 0.0 0.0 0.0 143.0 251.0 255.0 0.228620751995 -0.0609414749568 0.0309978987604 -0.0289020044967 0.0 
1.71631500506 2.12608493315 1.09564462408 0.594154964937 0.784481305364 2.29984071926 0.0 0.750581777427 0.0 1.72253841677 0.433578214386 1.22223990544 127.0 251.0 255.0 0.259618650756 -0.0898434794535 0.0474385052087 0.0200821432399 0.0 
0.0 0.0 0.133031076954 0.0 0.0 0.0 0.95388841592 0.0 0.0 0.0 0.0 0.0 119.0 251.0 255.0 0.307057155964 -0.0697613362136 -0.0746707536177 -0.215096295303 0.0 
0.0 0.0 0.0 0.0 0.0 0.0 0.503805632901 0.0 0.0 0.0 0.0 0.0 117.0 253.0 255.0 0.232386402347 -0.284857631517 0.0448235065621 0.152500433366 0.0 
0.0 0.504499320514 0.0 0.0 0.0 0.0593787883453 0.430109295112 0.0 0.0 0.0 0.969186192349 1.74108001483 115.0 254.0 255.0 0.277209908909 -0.132357198151 0.01591476128 -0.0734145871377 0.0 
0.0 0.915849195106 0.0 0.0 0.0 1.23995811133 1.32386614952 0.539757742789 0.0 0.0 1.59522863049 0.319028738338 112.0 254.0 255.0 0.293124670189 -0.205771785289 0.0316521863295 0.108396256156 0.0 
1.06941138301 3.22414838086 2.71698005407 0.0 0.0 2.22830345892 0.0 1.89592650464 1.3862682073 1.78774082068 2.4989821596 1.0784620069 110.0 255.0 255.0 0.324776856518 -0.0973755291323 -0.0107116007873 -0.0978673892549 0.0 
0.0 1.61525577763 3.23568105385 0.0 0.0 0.0 0.0953405747029 0.0 0.418639575871 0.116806667435 4.6992035677 3.9336255772 109.0 255.0 255.0 0.314065255731 -0.195242918387 -0.093506478047 -0.0882172710979 0.0205207221876 
0.0 3.99797131065 2.64301969173 0.0 0.0 0.0 1.2241828717 0.0 0.0 0.0 3.82661247505 1.73196282683 108.0 255.0 255.0 0.220558777684 -0.283460189485 0.137816121083 0.000639164800216 0.0 
0.0 2.6880305692 2.96318072304 0.0 0.0 2.10739144827 0.34819890249 0.0 0.0819837309853 0.0 4.27512490333 2.75472425015 107.0 255.0 255.0 0.333333333333 -0.282821024685 -0.0297578215162 0.00663890851981 0.0103178425964 
0.168727349373 9.15623300412 4.20707341095 1.54107553317 0.0 4.14830752118 0.0 2.21913095974 1.13568780885 1.83860192134 4.18230648862 4.96096466834 107.0 255.0 255.0 0.303575511817 -0.276182116165 0.0620055658552 0.129243639016 -0.0103178425964 
0.0 4.44085531687 7.46551297611 0.0 0.0 0.912595024166 0.0 3.14032712988 0.0 0.0 5.58449610119 4.38391276778 106.0 255.0 255.0 0.333333333333 -0.146938477149 -0.0710362726955 0.0326971121337 0.0103178425964 
0.0 3.2969188498 2.49511980436 0.0 0.0 0.0 2.26142293908 0.752010359589 0.0 0.0 3.76320554951 3.2740206454 106.0 255.0 255.0 0.262297060638 -0.114241365015 -0.000520287894316 0.0814963339359 0.0 
0.0 4.19208013039 4.57389188375 0.0 0.0 0.0 1.21538661502 3.56134931678 0.0 0.0 5.01108483611 3.28653037143 105.0 255.0 255.0 0.261776772743 -0.0327450310792 0.118225269507 -0.0919030230518 0.0 
0.0 4.90284639093 3.95536313533 0.0 0.0 0.0 0.570923042664 2.71213983422 0.0 0.0 3.62039730465 2.34950771841 105.0 255.0 255.0 0.333333333333 -0.124648054131 -0.116618247974 0.0071081341985 0.0 
0.0 7.29846691432 8.71674157512 0.0 0.0 1.34398431682 0.0 4.87445171866 0.0 0.0472827071853 6.23715629538 6.35066004057 104.0 255.0 255.0 0.21671508536 -0.117539919933 -0.104864177348 -0.0637704040218 0.0 
0.0 6.28134596893 7.71805978102 0.0 0.0 2.01572089632 0.0 3.76279921972 0.0 2.97539766979 4.11284879679 5.07406385438 104.0 255.0 255.0 0.111850908012 -0.181310323954 -0.192488141971 0.141735697557 0.0 
0.0 5.18968736585 5.53992118871 0.0 0.0 2.11364675907 0.225032489978 2.60014658968 0.0 0.0 5.69937963349 4.6696892864 105.0 255.0 255.0 -0.0806372339592 -0.039574626397 -0.0605889367333 0.00763449564407 0.0 
0.0 6.12275340269 7.22677256441 0.0 0.747069799032 1.56476840488 0.0 2.42455758337 0.887163607603 3.44110564559 4.55454937736 1.89682706295 108.0 255.0 255.0 -0.141226170692 -0.031940130753 -0.0237500798734 -0.132927417033 0.0 
0.0 2.54723715417 1.65143047369 0.0 0.0 0.362804571104 0.224948784254 0.66823774275 0.879865465343 0.56912820408 3.73739635169 0.0 111.0 255.0 255.0 -0.164976250566 -0.164867547786 -0.0140754288902 0.113884363183 0.0 
0.0 0.0 0.431895144224 1.23327371313 0.0279022237636 0.502557057521 1.03533115995 0.0 0.0 0.0 1.39450747171 1.33950660775 115.0 254.0 255.0 -0.179051679456 -0.0509831846022 -0.240990919709 0.124326619681 -0.030838564784 
0.0 0.432167068877 1.3019396049 0.397538006646 0.0 0.807477118922 0.0 0.551495413201 0.913530680887 4.1378685546 1.4616014804 1.92147576514 124.0 253.0 255.0 -0.333333333333 0.0733434350787 -0.0164788215632 0.0559492263684 0.0 
0.0 1.86860497362 2.03506304246 0.0 0.0 0.0 0.41536485504 0.0 0.0 0.0 0.0 0.0 141.0 253.0 255.0 -0.333333333333 0.129292661447 0.0817165587362 -0.0549991158571 0.030838564784 
0.206890132952 1.34273295106 0.481354794464 0.544819110781 0.830045719272 1.26282352872 0.0499789569588 0.0250028301816 0.0 0.184584521463 0.0584071036612 0.62721583333 151.0 239.0 255.0 -0.251616774597 0.07429354559 0.138785260774 0.132018079594 0.0 
0.0 1.14518948163 0.0 0.419568113151 0.0 1.29849925433 0.0 0.563639602307 0.826328119354 2.17703372944 0.483260004281 1.90137433903 166.0 200.0 253.0 -0.112831513823 0.206311625184 -0.128844252949 0.0779658932847 0.0 
0.0 0.0 0.0 0.342439495038 0.0 0.0 0.490644951612 1.11519585012 0.133351161567 0.0 2.00693489741 0.0 176.0 175.0 242.0 -0.241675766772 0.284277518469 0.123906318207 0.152355087409 0.0 
0.0 2.61637643992 0.698286565388 0.0 0.555632415756 0.985255996641 0.0 1.33635056793 0.81218659907 1.93385648346 0.582396383062 1.06374975421 192.0 165.0 205.0 -0.117769448565 0.333333333333 -0.111330259483 -0.02532456549 0.0 
0.0 0.0945857834246 0.0 0.0 0.0 0.0 1.23954776685 0.0 0.0 0.0 0.0 0.536254531444 207.0 156.0 165.0 -0.229099708048 0.308008767843 -0.154273928365 0.113100022632 0.0917183146217 
0.0 0.0 0.0 0.0 0.0 0.0 4.16206759643 0.0 0.0 0.0 0.452193315525 0.0 222.0 143.0 128.0 -0.333333333333 0.333333333333 0.0621094198529 0.0759300039477 0.127108189269 
0.0 0.0 0.0 0.0 0.0 0.0 3.71664178057 0.345763008426 0.0 0.0 0.0 0.0 230.0 130.0 91.0 -0.27122391348 0.333333333333 -0.0323339913301 0.0804480585881 0.148711537749 
0.0 0.0 0.113556186428 0.0 0.0245693669435 0.999581985841 1.53983890848 0.0 0.0144264656987 0.0 0.0 1.22560642241 231.0 123.0 60.0 -0.303557904811 0.333333333333 -0.0625243049953 -0.0636838755952 0.156673973046 
0.0 0.0 0.0 0.357470552151 0.866979155983 0.0 0.693651949818 0.0 0.0 0.0 0.25045133212 0.0 232.0 96.0 52.0 -0.333333333333 0.269649457738 -0.124066933766 -0.0258170808011 0.17526784135 
1.79576291153 1.16991600301 0.097097297372 0.0 0.788065395501 0.889803424876 0.0 0.523118330868 0.301384660613 1.47673913663 0.0 0.259100389131 232.0 67.0 52.0 -0.333333333333 0.243832376937 -0.0542800325421 0.0413644633562 0.224970377789 
0.885975538956 0.75242559275 0.0 0.0 0.833319218741 0.0393081343067 0.0 0.0 0.358655229578 0.0 0.31170748099 0.345409825114 232.0 47.0 50.0 -0.333333333333 0.285196840293 -0.0198252054402 0.0234117112551 0.168526141494 
0.38681361571 1.39508511559 1.06178994577 1.0047657344 1.2127835922 1.62836524753 0.0 0.726667843663 0.854369656892 1.24847313075 0.0 1.5405482481 232.0 36.0 44.0 -0.333333333333 0.308608551548 0.124216746763 0.0238378011171 0.0 
1.75748244237 0.0 0.0702807649441 1.4677079071 0.812657318361 0.68557502318 0.0 0.56269148235 0.870470799 3.53049934291 0.23209550387 1.36964421897 232.0 34.0 39.0 -0.209116586571 0.332446352665 0.110972918016 -0.0531285652214 0.0 
# HEADER 2
0.830701283082 0.183740242915 0.0669000928219 0.174565106213 0.0 0.370916266717 0.0 0.162121865675 0.67262290406 0.0 0.464789691579 0.284242647847 131.0 248.0 255.0 0 0 0.0921810724052 0.111634107908 0.0 
0.0 0.0 0.0 0.519855048789 0.0 0.460843145035 0.521487916776 0.0 0.830375626123 0.0 0.478098424898 0.251642222899 131.0 238.0 255.0 0.0921810724052 0.111634107908 -0.0574463695008 -0.0198882570794 0.0 
0.0 1.46968813864 0.0 0.583757358999 0.484052859907 0.30162623869 0.475850686996 0.593967808904 0.34416722721 0.0 0.0 0.585504072062 132.0 235.0 245.0 0.0347347029044 0.0917458508286 0.103178901358 0.116224094608 0.0 
0.0 0.0 0.0 0.0 0.0 0.0 1.51800905234 0.0 0.0 0.0 0.57826087816 0.0 133.0 239.0 222.0 0.137913604262 0.207969945436 0.180522958901 0.0130978767243 0.0 
0.0 0.0 3.27757599675 0.0 0.0 0.431238431267 0.700929802669 2.56124573645 0.0 0.0 2.35498662613 0.0 134.0 246.0 186.0 0.318436563163 0.22106782216 -0.0885983403589 -0.0440678179675 0.0 
0.0 0.0 5.13755933758 0.706338479938 0.0 6.33173438519 0.0 5.49411124021 0.0 0.0 3.41422140407 0.805502085454 135.0 247.0 164.0 0.229838222804 0.177000004193 -0.228005989487 -0.043600836236 0.0 
0.0 0.0 2.39115139677 0.0 0.0 6.69657348826 1.63156084843 5.72646631053 0.0 0.0 2.72443829621 0.0 135.0 248.0 150.0 0.0018322333173 0.133399167957 0.0206552832568 0.138585433866 0.0 
0.0 0.0 2.62209183005 0.0 0.434211567905 6.49033166768 3.64021644305 6.56078629512 0.0 0.0 0.99712647693 0.0 136.0 251.0 132.0 0.0224875165741 0.271984601823 0.0669623343376 0.0554077946234 0.0 
0.0 0.0 0.0 0.0 0.0 5.56546216371 9.10618712386 2.95529663765 0.0 0.0 1.34919819731 0.0 139.0 252.0 107.0 0.0894498509117 0.327392396446 -0.0573203268962 -0.147367789354 0.0 
0.0 0.0 0.0 0.0 0.0 0.0 15.098712707 3.48663862554 0.0 0.0 0.0 0.0 140.0 253.0 89.0 0.0321295240155 0.180024607092 0.112127182962 0.00245921884224 0.0 
0.0 0.0 0.0 0.0 0.0 0.0 16.9008194375 0.0 0.0 0.0 0.738353561946 0.0 142.0 255.0 71.0 0.144256706978 0.182483825934 0.00862976857943 -0.166931852521 0.0 
0.0 0.0 0.0 0.0 0.0 0.0 18.4174207719 0.0 0.0 0.0 0.0 0.0 142.0 255.0 65.0 0.152886475557 0.0155519734131 0.000654139184458 0.0346329242383 0.0 
0.0 0.0 0.0 0.0 0.0 0.0 16.4606581409 0.0 0.0 0.0 0.0 0.0 142.0 255.0 64.0 0.153540614742 0.0501848976514 -0.0215375719342 -0.161330418361 0.0 
0.0 0.0 0.0 0.0 0.0 0.0 17.3280445118 0.0 0.0 0.0 0.0 0.0 139.0 255.0 84.0 0.132003042807 -0.11114552071 -0.000520618560433 -0.0662007722913 0.0 
# HEADER 3
0.0 0.0 0.0 0.404588217357 0.0 1.1100251798 0.0 1.32772072167 2.01178887875 2.32293246922 0.474664892191 0.798799614994 134.0 250.0 255.0 0 0 0.0731882228399 0.00766831515628 0.427056988497 
0.0 0.520782192807 0.467543988132 0.0 0.839847774093 0.0 0.0 0.545812818154 1.06731902565 0.0 0.0 0.187004951175 134.0 249.0 255.0 0.0731882228399 0.00766831515628 -0.105637966652 -0.103566125894 0.0 
0.0 0.229673543672 0.0 0.592050329896 0.110245559143 1.14851972123 0.301414242024 1.40690412731 0.0 0.0 0.0 0.0 134.0 251.0 255.0 -0.0324497438122 -0.0958978107378 0.0242109856286 -0.127112175987 0.0 
0.0 0.0 0.69591635909 0.0 1.85667790446 0.0 2.05929323044 0.0 0.0 0.0 0.0 0.0 134.0 251.0 255.0 -0.00823875818363 -0.223009986725 -0.010426875079 -0.0327839495468 0.0 
0.989968722039 2.26954642882 2.34763361298 0.457148802005 0.683110891285 1.04977686824 0.0 0.0 1.12961552108 2.12636802413 0.0 0.0 134.0 251.0 255.0 -0.0186656332627 -0.255793936272 0.002692773782 0.0332562991025 0.0 
0.0 0.0 0.0 0.0 0.0 0.620678876649 0.414293269521 0.0 0.0 0.0 0.458704056493 0.79381133535 134.0 251.0 255.0 -0.0159728594807 -0.222537637169 0.0517141522306 0.0228025291862 0.0 
0.0562160914511 0.395382243528 0.0 0.0 0.0 1.45428423658 0.340786389707 0.573125048782 0.357073667116 0.0 0.398913396461 0.0 133.0 251.0 255.0 0.0357412927499 -0.199735107983 -0.0637629507897 0.17146920016 0.0 
0.0 0.0 0.518840640923 0.0 0.0 0.0 0.422421700895 0.0 0.0 0.0 0.336752205485 0.0 128.0 251.0 255.0 -0.0280216580398 -0.0282659078231 0.0336533730209 -0.167110384504 0.0 
0.0 0.0 0.0 0.0 0.0 0.782027053521 1.04330491088 1.07246128486 0.39350214066 0.0 0.089746065553 0.6641479993 124.0 252.0 255.0 0.00563171498115 -0.195376292328 0.0483784944564 0.0655226566439 0.0 
0.0 0.0 0.0 0.0 0.0 0.0 0.884891721243 0.0 0.0 0.0 0.0 0.0 120.0 252.0 255.0 0.0540102094375 -0.129853635684 -0.0365586025416 0.0524738324815 0.0 
0.0 0.0 0.0 0.421426621518 0.0 0.0 0.0 0.0 0.0 0.46257608736 0.0 0.0 119.0 252.0 255.0 0.017451606896 -0.0773798032022 -0.00100847388436 0.0319388226658 0.0 
0.0 0.0 0.0 0.0 0.0 0.0 0.0 0.0 0.0 0.0 0.0 0.0 119.0 252.0 255.0 0.0164431330116 -0.0454409805364 -0.048161374146 0.0305395748385 0.0 
0.0 0.0 0.0 0.0 0.0 0.0 0.489056205839 0.0 0.0 0.0 0.0 0.117609468225 119.0 252.0 255.0 -0.0317182411344 -0.0149014056979 -0.140337187447 -0.0711095611142 0.0 
0.0 0.0 0.0 0.480470585128 0.0 0.0 0.551634829009 0.430071766791 0.0 0.0 0.0 0.0 120.0 252.0 255.0 -0.172055428581 -0.0860109668121 0.00310311234752 -0.0560484524155 -0.0169106130124 
0.0 0.672812488202 0.0 0.0 0.0 0.0 0.0 0.310633608716 0.88937897048 1.58576633912 0.0175202591902 0.510248528513 132.0 252.0 255.0 -0.168952316234 -0.142059419228 -0.0165877003703 0.0878550965702 0.0169106130124 
0.0 0.165905794667 1.68085590807 1.41115295094 1.67071934053 1.12101713833 0.0 0.487088244011 1.01487184171 3.07179182792 0.0 1.27840404811 145.0 252.0 255.0 -0.185540016604 -0.0542043226574 0.0866591845576 -0.0745992830822 0.0 
0.0 0.0 0.0 0.0 0.0 0.0 1.17731264276 0.0 0.0 0.0 0.0 0.0 157.0 252.0 255.0 -0.0988808320465 -0.12880360574 -0.028016879135 -0.0674999749203 0.0 
0.0 0.192117163918 0.507521291934 0.0 0.0 0.0 0.431740132681 0.428309076883 0.0 0.0 0.0 0.0 168.0 251.0 255.0 -0.126897711182 -0.19630358066 0.0321095021721 -0.0780236239611 0.0 
0.0 0.0 0.0 0.0 0.0 0.0 0.409206737584 0.491233429656 0.0 0.0 0.0 0.0 177.0 251.0 255.0 -0.0947882090094 -0.274327204621 0.0265326904948 0.150413913303 0.0 
0.0 0.0 0.0 0.0 0.0 0.957576259291 1.23779111677 0.0 0.247391397917 0.0 0.0 0.0 186.0 251.0 255.0 -0.0682555185145 -0.123913291317 0.0379914977748 -0.0532951584096 0.0 
0.0 0.178978434994 0.0 0.657853206088 0.795848878048 0.0 2.25229990911 0.0 0.141174544007 0.0 1.31206304454 0.0 194.0 251.0 255.0 -0.0302640207397 -0.177208449727 0.0848125037416 -0.1028260272 0.0 
0.0 0.0 0.0 0.164908722806 0.0 0.0 1.32571912907 0.0694596570151 0.0 0.0 0.0 0.0 204.0 251.0 255.0 0.0545484830019 -0.280034476927 -0.00703171290298 0.0500124154666 0.0 
0.466355229364 0.831004900463 0.179754929137 0.721240807474 0.0666924279824 2.00476026864 0.0 0.0387815693505 0.24445355641 0.0 0.0 0.403030690357 206.0 251.0 255.0 0.0475167700989 -0.230022061461 -0.132950255869 0.0377042696923 0.0 
0.0 0.0 0.0 0.0 0.115828334227 0.0 1.73790360189 0.0 0.0 0.0 0.893741173247 0.138268392396 200.0 252.0 255.0 -0.0854334857696 -0.192317791769 0.056452411498 0.0332729484128 0.0 
0.43695400339 1.22708938485 2.10440647168 0.209008297606 0.456146032014 0.175406150723 0.154023790885 0.0 1.2349783686 1.48163787787 0.646936097382 0.0 198.0 252.0 255.0 -0.0289810742717 -0.159044843356 -0.140926133355 -0.143624108064 0.0 
0.0 0.0 0.0 0.0 0.0466787799163 0.0 1.3037468173 0.0 0.0 0.0 0.0 0.0 200.0 251.0 255.0 -0.169907207626 -0.30266895142 0.131939715127 -0.156851739772 0.0 
0.0 1.30958000319 1.40015935259 1.16095039506 0.0 0.727958840082 0.0 0.362594653865 2.66987367408 0.809581369666 0.963403012187 0.633075566273 205.0 251.0 255.0 -0.0379674924992 -0.333333333333 -0.0929871132892 -0.145732104551 0.0 
0.0 0.0 0.0 0.0 0.0 0.0 1.22792739278 0.0 0.0 0.0 0.0989615819784 0.0 213.0 251.0 255.0 -0.130954605788 -0.333333333333 -0.00547490019 -0.0349377585634 0.0 
0.0 0.0 0.065151346772 0.0 0.141852365934 1.13772457285 0.677566099231 0.121302030118 0.490037090985 0.0 0.249866117433 0.0 222.0 248.0 254.0 -0.136429505978 -0.333333333333 -0.15497432568 -0.0932854624363 0.0 
0.0 0.0 0.0 0.0 0.166478820947 0.0 0.375561783297 0.961517970562 0.320395696172 0.0 0.468080885296 0.0 230.0 245.0 254.0 -0.291403831658 -0.333333333333 0.0832762931071 0.0497225957861 0.0 
0.0 0.0 0.792928436458 0.0 0.0 0.152520679774 1.20105318437 0.0 0.0 0.0 0.422933503426 0.0 231.0 245.0 254.0 -0.208127538551 -0.283610737547 -0.0508352396083 -0.109625311825 0.0 
0.0 0.973867710842 0.641046778085 0.436802084306 0.0 0.0 0.628747383741 1.55032679284 0.0 0.0 0.469152510494 0.314928663419 232.0 245.0 254.0 -0.25896277816 -0.333333333333 -0.0278326846573 0.0566530691387 0.0 
0.0 0.0 1.0080192775 0.539539457051 0.7039065115 0.0 0.482059879558 0.444747172218 0.0 0.0 0.0 0.0 234.0 244.0 254.0 -0.286795462817 -0.276680264195 -0.105098709525 0.000570189220798 0.0 
0.219026027561 2.24425517644 0.0871298986907 1.40980333652 1.45162062642 0.0 0.0 1.53294872641 1.69817969031 3.61665662646 0.219508357781 2.0255246421 236.0 243.0 254.0 -0.333333333333 -0.276110074974 -0.0591412620312 0.097908690263 0.0 
0.0 0.101511034439 0.0 0.515387553486 0.883550295595 0.357446772646 0.489252353458 0.618519222791 0.0 0.0 0.0 0.0 236.0 243.0 254.0 -0.333333333333 -0.178201384711 -0.220668804076 -0.0753005047465 0.0 
0.220718456054 0.928810915316 0.0953559375457 1.3858793746 0.0 0.934133131462 0.0 0.563994203779 0.0 2.2182295851 0.871339497292 1.56524289399 237.0 244.0 254.0 -0.333333333333 -0.253501889457 0.0777123565141 -0.103763194144 0.0 
1.44803198384 1.89770132047 1.45158938488 0.716026886294 1.57127913863 2.05749839874 0.0 0.439070584238 0.0 2.00987493758 0.0 1.83793531495 237.0 244.0 254.0 -0.255620976819 -0.333333333333 -0.038674474971 -0.23587852037 0.0 
1.40269250701 1.56740639466 2.05068155239 0.899716063971 0.128656934245 1.86714295081 0.0 0.609101449271 1.35717373898 0.696241495324 0.0417614004749 0.33254716759 237.0 244.0 255.0 -0.29429545179 -0.333333333333 0.130829100913 0.147747388156 0.0 
0.0 0.0 0.0 0.723721894938 0.0 0.0 0.513160117078 1.19324832555 0.0 0.0 1.15483833388 0.055776975647 237.0 244.0 255.0 -0.163466350877 -0.185585945178 -0.0234368072407 -0.101337776745 0.0 
0.0 0.648691235935 0.11057633512 0.0 0.115552539395 0.0965964871785 0.28962529628 0.0 0.624986912057 1.25673419866 1.33456032158 0.708192897537 237.0 243.0 254.0 -0.186903158118 -0.286923721922 -0.0295759560143 -0.037654810289 0.0 
0.0 0.0790816771873 0.867644824492 0.555097151557 0.795873302859 0.0 0.476333393591 0.418899871262 0.128560698011 0.044175634435 0.139103879692 0.772044651564 237.0 243.0 254.0 -0.216479114132 -0.324578532211 -0.0171724636919 0.0351965622974 0.0 
0.0 0.0 0.0 0.0 0.0 0.0 2.01117387614 0.0 0.0 0.0 0.0 0.0 237.0 243.0 254.0 -0.233651577824 -0.289381969914 -0.0784545037984 -0.145093064475 0.0 
0.640886253974 0.0 0.133842666884 0.0 0.0 0.771040831731 0.442048848035 0.054328919154 0.0 0.0 0.892382571253 0.0 237.0 243.0 254.0 -0.312106081622 -0.333333333333 -0.0153201836362 -0.00507502506729 0.0 
0.0 0.0 0.0 0.0 0.344409051824 0.0 0.924023398222 0.0 0.0 0.0 0.0 0.0 237.0 243.0 254.0 -0.327426265258 -0.333333333333 -0.00229036201426 -0.0545212575181 0.0 
0.0 0.718276213377 0.117476353383 0.500314847844 0.0 0.363133377677 0.37434934199 1.18204698207 0.0 0.153853888372 0.375099217343 0.749069140175 237.0 243.0 254.0 -0.329716627273 -0.333333333333 -0.0382670891879 0.0397318943881 0.0 
0.0 0.0 0.0 0.656377800609 0.0 0.0 1.35214949842 0.936380826453 0.0784438941662 0.0 0.0 0.0 237.0 243.0 254.0 -0.333333333333 -0.293601438945 0.0384273916916 -0.0464829684577 0.0 
0.0 0.0 0.0 0.0 0.0 0.0 0.655721445849 0.0 0.0 0.0 0.0 0.0 237.0 243.0 254.0 -0.294905941642 -0.333333333333 -0.0314898343788 0.0186621860494 0.0 
0.0 0.0 0.0 0.158003211342 0.407935167922 0.350586893164 0.469208788003 0.0 0.0 0.0 0.0 0.0 237.0 243.0 254.0 -0.326395776021 -0.314671147284 0.134912800668 -0.084832277021 0.0 
0.0 0.12800919217 0.0 0.0 0.0 0.082127090268 0.421540350744 0.530756662477 0.0 0.0 0.456769501659 0.0 237.0 244.0 255.0 -0.191482975352 -0.333333333333 -0.0508139999719 0.00731786595985 0.0 
0.0 0.0 0.0 0.0 0.0 0.803917461414 0.858211088693 0.093106574031 0.0 0.0 0.0 0.0 237.0 243.0 255.0 -0.242296975324 -0.326015467373 0.0043802561001 0.0112067604341 0.0 
0.0371099285978 0.0 0.0 0.0156883149983 0.0 0.0 0.705523248274 0.0 0.0 0.0 0.0 0.506136333247 237.0 244.0 255.0 -0.237916719224 -0.314808706939 0.122400341494 -0.0057187197628 0.0 
0.771658793963 0.519627808247 0.0 0.0 0.0 0.0 0.0425873523646 1.02203508818 0.0 0.0 0.0153745384728 0.0 237.0 244.0 255.0 -0.11551637773 -0.320527426702 -0.0702664234082 0.0470662771194 0.0 
0.0 0.0 0.744998533324 0.0 0.0 0.0 0.793418051528 0.0 0.0 0.0 0.0 0.0 237.0 243.0 254.0 -0.185782801138 -0.273461149583 -0.0394428244972 0.0560161085146 0.0 
2.30402349228 2.6558018527 1.60942752217 0.254407650577 1.77936849912 1.444607603 0.0 1.07111181464 1.62416688901 2.17312862524 0.0 1.26688225942 237.0 244.0 255.0 -0.225225625635 -0.217445041068 -0.0135253949478 -0.0713673936723 0.0 
0.0 0.0 0.100753027287 0.523520459659 1.48641183263 0.80852387855 0.352007811884 0.0 0.3351438778 0.0 0.218168601328 0.0 237.0 243.0 254.0 -0.238751020583 -0.28881243474 0.109290367611 0.0376768907623 0.0 
0.972794550051 1.64220130968 0.766367882361 0.156192802323 0.931745019889 1.41980305454 0.0 0.621768057353 0.0 3.09702941261 0.0 0.207485304206 237.0 243.0 254.0 -0.129460652972 -0.251135543978 -0.0107757127325 0.196309589918 0.0 
0.0 0.0 0.228576617217 0.0 0.91865411925 0.0 0.732891637448 0.0 0.0 0.0 0.397133181529 0.0 237.0 243.0 254.0 -0.140236365705 -0.0548259540597 -0.0212005487108 0.148304644221 0.0 
0.429824870855 0.0 1.75015018603 1.28519825436 0.637234955044 1.63382266938 0.0 1.13491785841 0.0 2.25628577112 0.517306543316 0.0 237.0 235.0 254.0 -0.161436914415 0.0934786901614 0.133463883767 -0.0610393673438 0.0 
0.456370837536 1.13857780461 0.193542219231 0.157309904716 0.479682108327 1.69517667522 0.0 0.15584537761 1.15874755997 0.957143161925 0.0 0.0 237.0 221.0 254.0 -0.0279730306488 0.0324393228175 0.0216055327571 0.0216869602889 0.0 
0.0 0.613745234099 0.617076870888 0.0 0.0 0.0 1.03114212574 0.0 0.0 0.0 1.23871985614 0.0 237.0 206.0 253.0 -0.00636749789169 0.0541262831064 0.0168761599346 -0.0895624117867 0.0 
0.0 0.0 0.0 0.0 1.44074432868 0.0 2.62893579956 1.40008712428 0.0 0.0 1.20415873807 0.0 237.0 211.0 254.0 0.0105086620429 -0.0354361286803 0.0875350693431 0.0451325983238 0.0 
1.19428286909 3.02813538497 0.932503200909 0.0 0.0 1.66515317947 0.0 0.591908851299 0.90768765275 2.175855638 0.343051329131 0.43073121625 237.0 214.0 254.0 0.098043731386 0.00969646964349 0.268785022998 -0.00862981318429 0.0 
0.901268943262 0.0 0.551769797488 0.0 0.886161139063 0.194868284653 0.944057335802 0.0 0.0 0.0 1.41452133274 0.0 232.0 215.0 254.0 0.333333333333 0.0010666564592 -0.0998328774319 0.143497395489 0.0 
0.0 0.0 0.0 0.0 0.756489903714 0.0 0.48681692389 0.0 0.0 0.0 0.0 0.0 223.0 207.0 254.0 0.233500455901 0.144564051948 -0.00777582403514 0.0222107647742 0.0 
0.0 0.0 0.0 0.168971407423 0.0 0.0 1.19187133847 1.54621899748 0.0 0.0 0.197386140216 0.0056386753092 207.0 193.0 253.0 0.225724631866 0.166774816722 -0.0144287971491 -0.0772319169505 0.0 
0.0 0.0 0.0 0.0 0.751471020611 0.0 1.52283976342 0.240566130586 0.0 0.0 0.0 0.0 191.0 185.0 251.0 0.211295834717 0.0895428997714 -0.181101752104 0.0745904012436 0.0 
0.146509294561 1.46601901162 1.04522954909 0.63020472648 0.898381789893 0.174729685235 0.0 0.784686339615 0.177180744294 1.69385916073 0.0 1.5542966953 181.0 172.0 246.0 0.0301940826135 0.164133301015 0.145777692928 -0.042397107116 0.0 
0.231173593485 0.0 0.0 0.0 0.0393589782559 0.198068015575 0.0 0.0900711117492 0.378664409895 0.0 0.0 0.0297825219433 177.0 181.0 223.0 0.175971775542 0.121736193899 0.0824382454402 -0.00107262269279 0.0 
0.0 0.0 1.23083620553 0.0 0.290027901815 2.94236108749 0.925696246873 1.22501478715 0.0 0.0 0.457002306677 0.0 167.0 204.0 189.0 0.258410020982 0.120663571206 0.00857004306986 0.0125985087605 0.0 
1.30647623971 1.41527123307 1.90369610868 0.581901559303 0.761414161694 2.8400715438 0.0 3.5848358114 1.00785725833 2.85812769307 0.907692153358 2.96258048658 160.0 222.0 158.0 0.266980064052 0.133262079967 0.0360645190556 0.056667565736 0.0 
0.0 0.0 0.13465724308 0.0418484480456 0.0 1.5560059977 1.40223384132 4.8423216472 0.0 0.0 0.20756414851 0.33008010649 152.0 241.0 121.0 0.303044583108 0.189929645703 -0.00231948786442 -0.11611712352 0.0624609307072 
0.0 0.0 0.0 0.0 0.0 0.356364367444 1.77124390053 1.70973610461 0.0 0.0 0.968447604171 0.0 148.0 247.0 103.0 0.300725095243 0.0738125221824 -0.0395075094729 -0.0114271125371 0.0789830542338 
0.0 0.0 0.0 0.0 0.0 0.0 7.85288313964 2.03153038472 0.0 0.0 0.105810590374 0.0 147.0 248.0 98.0 0.26121758577 0.0623854096453 -0.109892812047 -0.0012343088938 0.0776311304089 
0.0 0.0 0.0 0.0 0.0 0.0 9.98585863454 2.49527460461 0.0 0.0 0.0 0.0 145.0 249.0 96.0 0.151324773723 0.0611511007515 0.00949717094179 0.0593777976841 0.0186089032391 
0.0 0.0 0.0 0.0 0.0 0.0 11.2503357236 1.34672698841 0.0 0.0 0.0 0.0 144.0 251.0 89.0 0.160821944665 0.120528898436 -0.133205059608 -0.100724431603 0.0 
0.0 0.0 0.0 0.0 0.0 0.0 12.9053689931 0.0 0.0 0.0 0.038091799432 0.0 144.0 251.0 86.0 0.0276168850567 0.0198044668322 -0.0810486721936 -0.00890014005607 0.0379058265617 
0.0 0.0 0.0 0.0 0.0 0.0 11.4372068982 2.42206419924 0.0 0.0 0.466709253996 0.0 146.0 250.0 85.0 -0.0534317871369 0.0109043267762 -0.00444955545874 -0.0139491109343 0.0 
0.0 0.0 0.0 0.0 0.0 0.0 9.53500520859 1.49670023199 0.0 0.0 0.0 0.0 148.0 248.0 87.0 -0.0578813425957 -0.00304478415812 0.161657605549 -0.0036415873548 0.0 
0.0 0.0 0.0 0.0 0.0 0.0 7.5350008009 0.70302694803 0.0 0.0 0.80656996707 0.0 150.0 246.0 99.0 0.103776262954 -0.00668637151291 0.0223266934017 -0.105572362042 0.0 
0.0242202290821 0.0 0.0 0.0 0.0 1.35152827789 3.83900539372 4.12818124835 0.551272959717 0.0 0.362208697271 0.0 146.0 244.0 131.0 0.126102956355 -0.112258733555 0.0191274059064 -0.0990804495086 -0.0379058265617 
0.459761954075 0.0 0.664186256029 0.180845608485 0.972895289305 0.366518340836 2.76610716795 2.47660344945 0.267929611239 0.0 1.46913982448 0.0 134.0 246.0 181.0 0.145230362262 -0.211339183064 -0.0401103050127 -0.0321419444476 -0.157509652631 
0.0 0.0 1.15094484039 0.0 0.445921884117 0.500033172521 0.903180883034 0.0 0.0703033111577 0.0 2.35558775638 0.0 122.0 248.0 231.0 0.105120057249 -0.243481127511 -0.156388379704 0.0981887836999 -0.159947531643 
0.0 0.0 0.0 0.0 0.486669095834 0.211373169717 1.92656357129 0.0 0.811496551685 0.0 0.0 0.571547957584 118.0 249.0 254.0 -0.0512683224545 -0.145292343811 0.0645449009754 0.0351231065925 -0.111742591825 
0.468843240995 1.41483064382 0.712161303955 0.432296162716 0.305689621369 2.24869448115 0.146263877769 0.659099299408 1.57404818905 0.784037131229 0.270537877978 1.7058877556 119.0 250.0 255.0 0.0132765785208 -0.110169237219 0.0137851109165 0.0753185860834 -0.014640119404 
0.0 0.0 0.713171342275 0.0 1.21299759572 0.0 1.0970927352 0.0 0.0 0.0 0.0 0.0 125.0 250.0 255.0 0.0270616894373 -0.0348506511354 0.15684782285 0.0867274211769 0.0 
0.0 0.0 0.0 0.0 0.0 0.277986247541 1.42390351546 0.0 0.349816399697 0.0 0.367615730296 0.178461346319 124.0 251.0 255.0 0.183909512287 0.0518767700415 -0.221278269608 -0.0815281434113 0.0 
0.0 0.0 0.410053594032 1.01412534706 0.162049222069 0.256691907947 0.382079349906 1.07795796216 0.0 0.0 0.0 0.0 120.0 251.0 255.0 -0.0373687573211 -0.0296513733698 0.0559180484344 -0.100778212694 0.0 
0.0 0.0 0.0 0.0 0.613500464355 0.0 1.27207353708 0.0 0.852392388753 0.0 0.343196717374 0.0 120.0 251.0 255.0 0.0185492911133 -0.130429586064 0.0096478464107 -0.115734144596 0.0 
0.0 0.0 0.0 0.0 0.0 0.0 1.12998332738 0.0 0.0 0.0 1.21694249523 0.0 120.0 251.0 255.0 0.028197137524 -0.24616373066 0.0252475717318 -0.135038331776 0.0 
0.0 0.0 0.149036552104 0.0 0.694665688111 0.0 1.39324839922 0.429520457269 0.0 0.0 0.56642589206 1.86765635623 119.0 251.0 255.0 0.0534447092558 -0.333333333333 0.0930888271583 -0.084029159085 0.0 
0.0 0.0 0.0 0.0 0.0 0.0 0.90594487565 0.0 0.609246566067 0.0 0.0804251494946 0.0 119.0 252.0 255.0 0.146533536414 -0.333333333333 -0.106131064148 0.0806697968725 0.0 
0.0684327412299 1.1690218143 0.0 0.095349221468 0.305551025734 1.49294947765 0.272813743696 0.191383042535 0.0 1.68272737218 0.0 0.740920463788 118.0 252.0 255.0 0.0404024722661 -0.252663536461 -0.098423777544 0.0447774184714 0.0 
0.0 0.0 0.0 0.138684182769 0.0 0.0 1.34962581782 0.0240895861443 0.0 0.0 0.464704871244 0.242661884073 118.0 252.0 255.0 -0.0580213052779 -0.207886117989 0.00989085868405 -0.0775898358414 0.0 
0.0 0.0 0.0 0.0 0.0 0.0 1.25950500945 0.0 0.0 0.256535190284 0.0 0.0 121.0 252.0 255.0 -0.0481304465939 -0.285475953831 -0.0348605682768 0.0506847451134 0.0 
0.0 0.0 0.0351208163214 0.469774808979 0.777338692852 1.16180803155 0.562481222591 0.0 0.143576806427 0.0 0.0 1.96691474517 127.0 251.0 255.0 -0.0829910148707 -0.234791208717 -0.0164528669943 -0.0112804243522 0.0 
0.0 0.0 0.0 0.0 0.0391546024258 0.299899334052 1.14181659519 0.405086201962 0.767656602621 0.0 0.581558946675 0.0 133.0 251.0 255.0 -0.099443881865 -0.24607163307 -0.0638808511731 0.0520944955845 0.0 
0.0 0.0 0.0 0.632619138387 0.0 0.0 1.17795882429 0.625630080966 0.0 0.0 1.36590324331 0.0 142.0 251.0 255.0 -0.163324733038 -0.193977137485 -0.0279790183858 0.0440868674937 0.0 
0.0 0.681676590205 0.0 0.0 0.0 0.0 1.88912190459 0.821988844222 0.0 0.0 0.0 1.07542091554 155.0 251.0 255.0 -0.191303751424 -0.149890269991 -0.0900741770483 -0.0961289485744 0.0 
0.0 0.0586170305115 0.0 0.350940899059 0.0 0.0 2.38473103953 0.464071293679 0.142977574497 0.0 0.342963381282 0.0880330112852 170.0 251.0 255.0 -0.281377928472 -0.246019218566 -0.053896474023 0.149290911923 0.0 
0.0 0.0 0.0 0.0 0.69995028404 0.0 0.403682176255 0.0 0.0446492046415 0.0 0.464862833412 0.189146261269 188.0 250.0 255.0 -0.333333333333 -0.0967283066433 0.0488123842078 -0.0220644524299 0.0 
0.0 0.0 0.0 0.0 0.0 0.0 0.481486814879 0.0 0.924157870201 0.0 0.344823212582 0.0 204.0 250.0 255.0 -0.284520949126 -0.118792759073 0.0495713484109 -0.0393530061247 0.0 
0.0 0.0 0.173470744406 0.0 0.0 0.0 1.09157591643 0.329524259753 0.0 0.0 0.0276698726698 0.296041018689 218.0 249.0 255.0 -0.234949600715 -0.158145765198 0.0183683946696 -0.116905330944 0.0 
0.727885967909 1.79359506608 2.84982391757 0.0 0.0 0.0 0.0 0.527709945641 1.13303869433 2.25247492295 0.0 1.09518519333 231.0 245.0 254.0 -0.216581206045 -0.275051096142 -0.0571828189138 0.10416546986 0.0 
0.0 1.58576650056 0.132163340208 0.451774533492 1.18922205372 0.916103193724 0.0 0.532028050593 0.0 1.79077108514 0.969343528554 0.636692123965 232.0 245.0 254.0 -0.273764024959 -0.170885626282 0.0429475820618 -0.0912747383132 0.0 
0.0865115858657 0.0 0.0 0.0 0.0 0.0 0.298333508746 0.0 0.0 0.0 0.0 0.0 233.0 245.0 254.0 -0.230816442897 -0.262160364595 -0.0141482295413 0.180747225457 0.0 
0.0 1.91351114434 0.0 0.567068198943 0.0 1.21415723459 0.0 0.0876863469079 0.884649221589 1.34419701157 0.0 0.788632434473 237.0 243.0 254.0 -0.244964672438 -0.0814131391384 -0.137764094203 0.108029772222 0.0 
0.0 0.0 0.0 0.0 0.0 0.60355759705 0.773760232205 0.0485484715981 0.852570536972 0.0 0.0 0.0 237.0 240.0 254.0 -0.333333333333 0.0266166330834 -0.213822564414 -0.0322218635292 0.0 
0.0 0.0 0.0 0.0 0.0 0.0 1.10597524176 0.270742398716 0.0 0.0 0.0 0.0 237.0 239.0 254.0 -0.333333333333 -0.00560523044577 -0.0205301208414 0.0112601249249 0.0 
0.0 0.0 0.0 0.0 0.0 0.0 1.09828816341 0.0 0.0330543616569 0.0 0.481749759152 0.0 237.0 239.0 254.0 -0.333333333333 0.0056548944791 -0.0801678304074 -0.0293731468633 0.0 
0.0 0.0 0.0 0.0 0.0 0.0 0.0744770528172 0.0 0.396799620259 0.0 0.0 0.0 237.0 242.0 254.0 -0.333333333333 -0.0237182523842 -0.0854766214737 0.00531866573804 0.0 
0.0 0.0 0.0 0.0 0.0 0.0 1.20759931247 0.355869768162 0.0 0.0 0.477905195221 0.0 237.0 242.0 254.0 -0.333333333333 -0.0183995866462 0.0526557986127 -0.0223810282134 0.0 
0.0 0.0 0.049116284785 0.0 0.0 0.0 1.24487677461 0.0 0.0 0.0 0.234912932372 0.0 237.0 242.0 254.0 -0.280677534721 -0.0407806148596 -0.173821988673 -0.145335865907 0.0 
0.0 0.0 0.0 0.0 0.111378057787 1.39290762746 2.42643606655 0.0 0.0 0.0 0.444673928461 0.0 237.0 242.0 254.0 -0.333333333333 -0.186116480767 -0.0195325445636 -0.101139986247 0.0 
0.0 0.229927275793 0.0 0.0 0.0 0.0 0.840703592745 0.0 0.0 0.0 0.140388991151 0.0 237.0 242.0 254.0 -0.333333333333 -0.287256467014 -0.00603512451965 -0.100270989428 0.0 
0.0 0.0 0.0336691078499 0.0 0.0 0.455061340036 0.734111781355 0.0 0.0 0.0 0.0 0.0 238.0 243.0 255.0 -0.333333333333 -0.333333333333 0.0339687064676 -0.126108107575 0.0 
0.0 0.0 0.904571175578 0.0 0.0 0.0 1.13781692074 1.05889075084 0.0 0.0 0.913521568364 0.0 238.0 243.0 255.0 -0.299364626866 -0.333333333333 0.0560571408027 -0.000605575695983 0.0 
0.465855184852 0.295864756663 0.0 1.08549750445 0.427561304633 0.903018754785 0.381923590179 0.0 0.742885149488 0.0 0.0 0.336521117043 238.0 243.0 255.0 -0.243307486063 -0.333333333333 -0.0165090394163 0.0829849296448 0.0 
0.3517483225 0.0139295288346 0.133461613247 0.0 0.316942904321 0.0 0.0 1.2496499089 0.997099066302 0.49761736622 0.0709538687933 0.332807169886 238.0 242.0 255.0 -0.259816525479 -0.250348403688 0.0573094403712 0.0763157024643 0.0 
0.189423497063 0.520297701051 0.226140672443 0.717413097259 0.478373376451 0.0 1.14915682543 0.0868688923698 0.952820213534 1.08536710155 0.0 0.0 238.0 242.0 255.0 -0.202507085108 -0.174032701224 -0.0579324490847 0.0167547299108 0.0 
0.0 0.0 0.0 0.0 0.0 0.0 0.506213280841 0.0 0.0 0.0 1.21892069066 0.0 238.0 242.0 255.0 -0.260439534193 -0.157277971313 0.0393775335219 -0.0762540268514 0.0 
0.0 0.0 0.0 0.0 0.0 0.0 1.41585869381 0.02927585046 0.0 0.0 0.0 0.0 238.0 243.0 255.0 -0.221062000671 -0.233531998165 -0.260604118164 -0.0267003507046 0.0 
1.10410159121 1.18347233028 0.0 0.570271576432 0.293067474752 0.567976805743 0.0246356466364 0.794977010226 1.15419337583 0.0 0.0 0.377655887018 237.0 242.0 254.0 -0.333333333333 -0.260232348869 0.099571851473 0.0165055290799 0.0 
0.0 0.0 1.0306055078 0.0 0.369926439214 0.0 0.427509182736 0.0 0.0 0.0 0.465095066068 0.0 237.0 242.0 254.0 -0.23376148186 -0.243726819789 -0.077271915039 7.90595387257e-05 0.0 
0.0 0.0 0.0 0.242566053769 0.0 0.0 1.91430926781 0.598077985306 0.0 0.0 0.469536199174 0.0 237.0 242.0 254.0 -0.311033396899 -0.243647760251 0.0232894012135 -0.227113324345 0.0 
1.37264771523 2.09488221881 0.985659438996 0.691424503275 1.2430600853 0.943532310194 0.0 1.06542248521 1.28276750225 3.47068889001 0.0946626904911 2.13598762249 237.0 242.0 254.0 -0.287743995686 -0.333333333333 -0.111278109878 -0.019482225455 0.0 
0.441293064109 0.45029277424 0.0 0.147684921155 0.887174071501 0.339032922507 0.0 0.0646531890595 0.235620416435 1.05885498024 0.370214336976 0.0 237.0 242.0 254.0 -0.333333333333 -0.333333333333 0.010478550082 -0.0633199242444 0.0 
0.0 0.0 0.0 0.45176242593 0.0 0.0 0.587122526534 0.0963997726901 0.0 0.0 0.218070393363 0.0539702052354 237.0 242.0 254.0 -0.322854783251 -0.333333333333 -0.094386468814 -0.0886696713021 0.0 
0.0 0.0 0.0 0.0 0.0 0.191441665895 0.575959124587 0.355276811929 0.0 0.0 0.274243789727 0.0 237.0 242.0 254.0 -0.333333333333 -0.333333333333 0.0566991608128 -0.126587445469 0.0 
0.0 0.0 0.0 0.202950537606 0.0 0.322001797035 0.976504356654 0.0 0.0 0.0 0.0 0.0 238.0 243.0 255.0 -0.27663417252 -0.333333333333 -0.0174576446058 0.0353756830857 0.0 
0.0 0.0 0.0 0.503326779984 0.0 0.0 0.479168758158 0.403137764713 0.0 0.0 0.438659355493 0.199299676296 238.0 243.0 255.0 -0.294091817126 -0.297957650248 -0.137397876427 0.0604427225407 0.0 
1.2377030998 1.67558063788 1.12725889082 0.197955950409 0.299937279463 1.43719049106 0.0 0.170973240468 1.91054622965 3.28623122424 0.0 1.5935474641 238.0 243.0 255.0 -0.333333333333 -0.237514927707 0.0806091664602 0.0223660434892 0.0 
0.0 0.0 0.0 0.503376599617 0.0 0.588136641244 1.31951742208 0.0 0.0 0.0 0.0 0.0 238.0 243.0 255.0 -0.252724166873 -0.215148884218 0.100171526324 -0.015216261395 0.0 
0.0 0.0 0.0 0.0 0.0 0.0 0.774300293338 0.0 0.374370515989 0.0 0.465979198257 0.0 238.0 243.0 255.0 -0.152552640549 -0.230365145613 0.0250343550298 -0.178631768394 0.0 
0.76087151844 0.0 0.0 0.0 0.0 0.313642356249 0.593273154073 0.0 0.0 0.0 0.0 0.0 238.0 243.0 255.0 -0.12751828552 -0.333333333333 0.019582328171 -0.0133739833007 0.0 
# HEADER 4
0.559151062035 1.41541203982 0.16957174422 0.45649957631 0.709538949353 0.0199697418144 0.0 0.0 1.05866057666 1.44304162233 0.0 0.711878081739 131.0 247.0 254.0 0 0 0.0265464775849 0.0653468349527 0.0 
0.0 0.0 0.0 0.0 0.0 1.1401789225 1.23481850137 0.533004351623 0.0 0.0 0.380650186698 0.0 128.0 240.0 254.0 0.0265464775849 0.0653468349527 -0.0297359724729 -0.0593140652359 0.0 
0.0 0.0 0.0 0.0 0.0 0.0 0.489255914704 0.0 0.0 0.0 0.0 0.0 128.0 238.0 252.0 -0.00318949488798 0.00603276971685 -0.0252088503981 0.138208124223 0.0 
0.0 0.0 1.30320180633 0.0 0.0272692843696 0.0 1.1584701589 0.0 0.0 0.0 0.0 0.0 128.0 238.0 244.0 -0.0283983452861 0.14424089394 -0.201510938833 -0.102548826409 0.0 
0.0 0.0 0.0 0.0 0.0 0.144769494252 1.31477842184 0.462489879186 0.014894671491 0.0 1.49468246549 0.0 139.0 227.0 233.0 -0.229909284119 0.0416920675307 0.0581104778707 -0.204146880056 0.0 
1.25621759096 0.0964109054142 0.979003205501 0.0939208229471 0.4834197751 0.284325292748 0.0 0.0 1.97203317715 0.487064328654 3.01085352613 0.814825879887 150.0 207.0 253.0 -0.171798806248 -0.162454812525 -0.0436453981812 0.0685304987363 0.0631332540206 
0.882433845798 2.64009933044 1.99780479886 0.883742053777 1.62961623317 1.56268575202 0.0 2.11544343145 1.02670868986 0.0 0.0 1.29597789577 165.0 221.0 255.0 -0.215444204429 -0.0939243137889 -0.231147211105 -0.0739935601199 -0.0151303486027 
0.0 0.0 0.0523868445298 0.5625711437 0.0 0.0 1.22990942401 0.0 0.0 0.0 0.441812667637 0.0 183.0 239.0 255.0 -0.333333333333 -0.167917873909 -0.161801617649 -0.056384300114 0.0151303486027 
0.0 0.0 0.638999178136 0.0 0.147184584123 0.0 1.56927636565 0.311862956071 0.523288523485 0.0 0.408687130421 0.0 199.0 250.0 255.0 -0.333333333333 -0.224302174023 -0.0316790871071 0.0338941975008 0.0 
1.57716113488 0.273033915927 0.207456523734 0.0 0.0 0.0 0.0 2.03631174662 2.04864797375 3.33353547882 0.303878619541 0.318012351644 215.0 250.0 255.0 -0.333333333333 -0.190407976522 -0.134000426714 0.110930211979 0.0 
1.26224820702 0.364421477951 0.0 0.422976648744 0.0 0.216845606083 0.0 0.0 1.97853524657 0.357044361858 0.478280971482 0.868651289972 231.0 247.0 254.0 -0.333333333333 -0.0794777645436 0.0661689368091 -0.104707554664 0.0 
0.844599295902 0.0 0.243618061897 0.0 0.0 0.0 0.399525198082 0.0 0.0 0.0 0.0 0.0 233.0 246.0 254.0 -0.267164396524 -0.184185319208 -0.117973586243 -0.0269312974399 0.0 
0.0 0.0 0.0 0.0 0.0 0.0 0.858077546235 0.427906542152 0.0 0.0 0.683645463263 0.0 236.0 244.0 254.0 -0.333333333333 -0.211116616648 0.0243843619377 -0.0696806022218 0.0 
0.058953506825 0.0 1.14129331195 0.0 0.0286267080332 0.50935286304 0.283491745444 0.0 1.05960775481 0.0 0.0 0.0 237.0 244.0 254.0 -0.308948971396 -0.280797218869 0.183129682442 0.0268310785448 0.0 
0.0 0.0 0.0210686664696 0.188459866928 0.0 0.0 0.763728124551 0.0 0.34767103982 0.0 0.324649588785 0.0 237.0 244.0 254.0 -0.125819288953 -0.253966140325 -0.00822308185528 0.0218331545279 0.0 
0.0 0.0 0.0 0.0 0.0 0.0 2.14463838199 0.0 0.0 0.0 0.0 0.0 237.0 244.0 254.0 -0.134042370809 -0.232132985797 0.0651584183046 -0.0272280735214 0.0 
0.0 0.0 0.712741164269 0.0 0.169718405461 0.0 0.369282976069 0.528398322998 0.0987561903459 0.0 0.0 0.0 237.0 244.0 254.0 -0.0688839525041 -0.259361059318 -0.0747718663452 -0.0220221120647 0.0 
0.0 0.0 0.0 0.0 0.0 0.060785240001 0.966207587893 0.0993574623762 0.0 0.0 0.419028146217 0.0 237.0 244.0 254.0 -0.143655818849 -0.281383171383 -0.0304448724878 0.0396846288719 0.0 
0.0 0.0 0.215430827691 0.0 0.65088846535 0.0 0.384567068297 0.0 0.755567646247 0.0 0.0 0.00235218032087 237.0 244.0 254.0 -0.174100691337 -0.241698542511 0.0344790602888 -0.0457173347496 0.0 
0.0 0.0 0.0 0.0 0.0 0.0 1.80923825008 0.0 0.0 0.0 0.869042401119 0.0 238.0 245.0 254.0 -0.139621631048 -0.28741587726 -0.042528400956 0.0244152494469 0.0 
0.0353755943717 0.0 0.0 0.323003552407 0.0 0.0499240858027 1.28878418304 0.0 0.109330654414 0.0 0.108080875507 0.0 238.0 245.0 254.0 -0.182150032004 -0.263000627814 -0.00560426695716 0.0683266961953 0.0 
0.797590517272 0.0 0.341569488512 1.26447537756 0.847654122011 2.44946999986 0.0650519073739 1.43733334864 0.784203479656 1.72682725009 0.0 0.315723236972 238.0 245.0 254.0 -0.187754298962 -0.194673931618 0.022822714437 0.0378989510096 0.0 
0.474547459828 0.786922020436 0.0 1.51256507204 0.0 0.0 1.34564037389 1.70669306696 0.0 0.0 0.0 0.0 238.0 245.0 254.0 -0.164931584524 -0.156774980609 -0.13382365983 0.000726944434482 0.0 
0.0 0.0 0.102238708433 0.0 0.0 0.0 0.619438362565 1.95031050515 0.0 0.0 0.0 0.140977121965 237.0 245.0 254.0 -0.298755244355 -0.156048036174 0.223864854944 -0.00475577621842 0.0 
0.0 0.0 0.0 0.203116712392 0.169453890374 0.419214765703 0.37173432805 0.0 0.0 0.0 0.862907287192 0.0 237.0 245.0 254.0 -0.0748903894114 -0.160803812393 0.11184320324 0.0233917964557 0.0 
0.0 1.69909495066 0.0 0.0 0.0 0.0726546558365 2.05780232083 0.50270855801 0.0 0.0 0.0512590160006 0.0 237.0 244.0 254.0 0.0369528138288 -0.137412015937 -0.191232147821 -0.100344219812 0.0 
0.990593420549 0.739796210831 0.760429726266 0.0 0.0 0.0 0.0 0.581743001695 0.806390139306 0.328460497246 0.0 0.869218963587 237.0 244.0 254.0 -0.154279333992 -0.237756235749 -0.136227363938 0.146732609925 0.0 
0.0 0.0 0.0 0.695222383891 0.0 0.200170972034 0.605636441375 1.64083941718 0.0 0.0 0.0 0.0 237.0 244.0 254.0 -0.29050669793 -0.0910236258238 0.171851309108 -0.112149170351 0.0 
0.0 0.621895575411 0.818417896535 0.0 0.0 1.26990389157 0.0 0.0 0.0 0.0509991466775 0.0 0.0399555960755 237.0 244.0 254.0 -0.118655388822 -0.203172796175 -0.049725544357 -0.00894362163598 0.0 
1.73415978257 2.26959888082 1.41867273296 1.05875659192 0.799970697077 0.824445853318 0.0 0.42568800242 0.871281862919 3.27010032269 0.0 2.45873512375 237.0 244.0 254.0 -0.168380933179 -0.212116417811 0.000811408515858 0.159934219962 0.0 
0.0 0.0 0.0 0.0 0.0 0.0 0.695041844267 0.161742547676 0.396192309252 0.0 0.947651515943 0.0 237.0 244.0 254.0 -0.167569524664 -0.0521821978488 -0.0443152583124 -0.0372599721669 0.0 
0.0 0.0 0.318706125088 0.19437293583 1.92057520648 0.661915882392 0.0 0.0 0.140433294687 0.321832585493 0.172825612292 0.356400532204 237.0 244.0 254.0 -0.211884782976 -0.0894421700157 -0.0901863705105 -0.105851733956 0.0 
1.33214482688 1.1574185157 0.0 0.106318516736 0.368074533725 0.344786188631 0.0 0.0 0.0 0.523589853244 0.0 0.206509752836 238.0 245.0 254.0 -0.302071153486 -0.195293903972 0.0404627478344 0.104083404067 0.0 
0.00153237766728 0.0 0.0 0.0 0.0448574384023 0.78739722571 0.119184628073 0.0 0.882177620962 0.0 1.2139503029 0.0 237.0 245.0 254.0 -0.261608405652 -0.0912104999052 0.0050262046984 0.124924720666 0.0 
0.0 0.0 0.0 0.0 0.0 0.0 1.8535999934 0.0 0.384912934689 0.0 0.915832687191 0.0 238.0 240.0 254.0 -0.256582200954 0.0337142207607 0.0350762564327 -0.0609481263113 0.0 
0.433367321522 1.37629984981 0.0 0.501954404615 1.48809701767 1.69056200322 0.0 0.448668824543 0.0 2.00139492935 0.290523580174 0.25588404619 238.0 242.0 255.0 -0.221505944521 -0.0272339055506 -0.0114488670685 -0.0146299627133 0.0 
0.0 0.0 0.0 0.0 0.0 0.0 0.0 0.0 0.0 0.0 0.0 0.0 238.0 244.0 254.0 -0.23295481159 -0.0418638682639 0.0231415983946 -0.108581688589 0.0 
0.0 0.0 0.0 0.0 0.0 0.0 0.0 0.0 0.0 0.0 0.0 0.0 237.0 244.0 254.0 -0.209813213195 -0.150445556853 0.0572841825429 -0.144620361112 0.0 
0.0 0.0 0.0 0.0 0.0 0.0 0.0 0.0 0.0 0.0 0.0 0.0 237.0 243.0 254.0 -0.152529030652 -0.295065917964 -0.0775606538853 -0.0179857871278 0.0 
0.0 0.0 0.0 0.0 0.0 0.0 0.0 0.0 0.0 0.0 0.0 0.0 237.0 243.0 254.0 -0.230089684537 -0.313051705092 -0.0533333424087 0.0242394002758 0.0 
0.0 0.0 0.0 0.0 0.0 0.0 0.0 0.0 0.0 0.0 0.0 0.0 237.0 243.0 254.0 -0.283423026946 -0.288812304816 0.00198526554365 -0.0445749786405 0.0 
0.0 0.0 0.0 0.0 0.0 0.0 0.0 0.0 0.0 0.0 0.0 0.0 237.0 243.0 254.0 -0.281437761402 -0.333333333333 0.0181440547241 -0.130201170287 0.0 
0.0 0.0 0.0 0.0 0.0 0.0 0.0 0.0 0.0 0.0 0.0 0.0 237.0 243.0 254.0 -0.263293706678 -0.333333333333 0.0975475507396 0.0707513641837 0.0 
0.0 0.0 0.0 0.0 0.0 0.0 0.0 0.0 0.0 0.0 0.0 0.0 237.0 243.0 254.0 -0.165746155939 -0.26258196915 -0.099371221026 -0.0247466652674 0.0 
0.0 0.0 0.0 0.0 0.0 0.0 0.0 0.0 0.0 0.0 0.0 0.0 237.0 243.0 254.0 -0.265117376965 -0.287328634417 -0.159602711834 0.066603533137 0.0 
0.0 0.0 0.0 0.0 0.0 0.0 0.0 0.0 0.0 0.266303632574 0.0 0.0 238.0 244.0 255.0 -0.333333333333 -0.22072510128 0.0919064328227 -0.16234446547 0.0 
0.0 0.0 0.0 0.0 0.0 0.0 0.0 0.0 0.0 0.0 0.0 0.0 238.0 244.0 254.0 -0.241426900511 -0.333333333333 -0.0581489200034 -0.0474226011215 0.0 
0.0 0.0 0.0 0.0 0.0 0.0 0.0 0.0 0.0 0.0 0.0 0.0 238.0 244.0 255.0 -0.299575820514 -0.333333333333 -0.00254528434166 -0.217183973726 0.0 
0.0 0.0 0.0 0.0 0.0 0.0 0.0 0.0 0.0 0.0 0.0 0.0 238.0 244.0 255.0 -0.302121104856 -0.333333333333 -0.021630690266 0.166715164564 0.0 
0.0 0.0 0.0 0.0 0.0 0.0 0.0 0.0 0.0 0.0 0.0 0.0 238.0 244.0 255.0 -0.323751795122 -0.166618168769 0.108298197963 -0.051118601705 0.0 
0.0 0.0 0.0 0.0 0.0 0.0 0.0 0.0 0.0 0.0 0.0 0.0 238.0 244.0 255.0 -0.215453597158 -0.217736770474 -0.0794505791112 0.0999066751046 0.0 
0.0 0.0 0.0 0.0 0.0 0.0 0.0 0.0 0.0 0.0207765346857 0.0 0.0 237.0 243.0 254.0 -0.29490417627 -0.11783009537 -0.0158762231737 -0.0857067837409 0.0 
0.0 0.0 0.0 0.0 0.0 0.0 0.0 0.0 0.0 0.0 0.0 0.0 237.0 243.0 254.0 -0.310780399443 -0.203536879111 -0.0643601971475 0.0995545572403 0.0 
0.0 0.0 0.0 0.0 0.0 0.0 0.0 0.0 0.0 0.777682336117 0.0 0.0 237.0 243.0 254.0 -0.333333333333 -0.10398232187 -0.0175687370806 -0.100760119901 0.0 
0.0 0.0 0.0 0.0 0.0 0.0 0.0 0.0 0.0 0.0 0.0 0.0 237.0 243.0 254.0 -0.333333333333 -0.204742441771 0.0149782313499 -0.10204441222 0.0 
0.0 0.0 0.0 0.0 0.0 0.0 0.0 0.0 0.0 0.0 0.0 0.0 237.0 243.0 254.0 -0.318355101983 -0.306786853991 -0.0296243827875 -0.0962940563658 0.0 
0.0 0.0 0.0 0.0 0.0 0.0 0.0 0.0 0.0 0.0 0.0 0.0 237.0 243.0 254.0 -0.333333333333 -0.333333333333 -0.166017869468 0.00384053032966 0.0 
0.0 0.0 0.0 0.0 0.0 0.0 0.0 0.0 0.0 0.0 0.0 0.0 237.0 243.0 254.0 -0.333333333333 -0.329492803004 -0.0952579485551 0.123358122237 0.0 
0.0 0.0 0.0 0.0 0.0 0.0 0.0 0.0 0.0 0.0 0.0 0.0 238.0 244.0 255.0 -0.333333333333 -0.206134680766 -0.0930906847027 -0.0527028368899 0.0 
0.0 0.0 0.0 0.0 0.0 0.0 0.0 0.0 0.0 0.0 0.0 0.0 238.0 244.0 255.0 -0.333333333333 -0.258837517656 0.134041870676 0.0201089723417 0.0 
0.0 0.0 0.0 0.0 0.0 0.0 0.0 0.0 0.0 0.0 0.0 0.0 238.0 244.0 255.0 -0.199291462657 -0.238728545315 -0.064986003785 -0.178669261167 0.0 
0.0 0.0 0.0 0.0 0.0 0.0 0.0 0.0 0.0 0.0 0.0 0.0 238.0 244.0 255.0 -0.264277466442 -0.333333333333 -0.100349506562 -0.0392415153901 0.0 
0.0 0.0 0.0 0.0 0.0 0.0 0.0 0.0 0.0 0.0 0.0 0.0 238.0 244.0 255.0 -0.333333333333 -0.333333333333 0.175491387178 0.0343351363851 0.0 
0.0 0.0 0.0 0.0 0.0 0.0 0.0 0.0 0.0 0.0 0.0 0.0 238.0 244.0 255.0 -0.157841946155 -0.298998196948 -0.149524740716 -0.114208816691 0.0 
0.0 0.0 0.0 0.0 0.0 0.0 0.0 0.0 0.0 0.0 0.0 0.0 238.0 244.0 255.0 -0.307366686871 -0.333333333333 -0.174389908331 -0.0312285183892 0.0 
0.0 0.0 0.0 0.0 0.0 0.0 0.0 0.0 0.0 0.0 0.0 0.0 237.0 243.0 254.0 -0.333333333333 -0.333333333333 -0.0238487734029 0.111956599564 0.0 
# HEADER 5
0.0 0.0 0.0 0.0 0.0 0.0 0.0 0.0 0.0 0.0 0.0 0.0 132.0 247.0 254.0 0 0 -0.0797628153929 -0.0334952892165 0.0 
0.0 0.0 0.0 0.0 0.0 0.0 0.0 0.0 0.0 0.0 0.0 0.0 132.0 250.0 255.0 -0.0797628153929 -0.0334952892165 0.0787448327342 0.0350802636847 0.0 
0.0 0.0 0.0 0.0653955122212 0.0 0.0 0.649109945101 0.0 0.0 0.0 0.0 0.0 132.0 251.0 255.0 -0.00101798265871 0.00158497446822 0.0696845429181 0.0561603188207 0.0 
0.0 0.0 0.0 0.0 0.0 0.0 0.473724450046 0.71856623565 0.130067352321 0.0 0.202252389255 0.0 127.0 250.0 255.0 0.0686665602594 0.0577452932889 -0.0437253092291 0.0920717578191 0.0 
0.0 0.0 0.0 0.0 0.0 0.0 0.0 0.0 0.0 0.0 0.0 0.0 121.0 247.0 252.0 0.0249412510303 0.149817051108 -0.117759657709 -0.0460074377153 0.0 
0.0 0.0 0.0 0.0 0.0 0.0 0.0 0.0 0.0 0.0 0.0 0.0 121.0 249.0 238.0 -0.0928184066791 0.103809613393 -0.169329603246 0.0351024041544 -0.0151303486027 
0.0 0.0 0.809982334707 0.194843229852 0.0 0.0 2.65645776489 0.935017528158 0.319796251724 0.0 0.0 0.0 128.0 246.0 217.0 -0.262148009925 0.138912017547 0.000709094606135 0.0187277440544 0.0151303486027 
0.0 0.0 0.131321106045 0.0 0.0 0.0 0.0 0.236909975345 0.0 0.0 2.35470000297 0.0 142.0 235.0 193.0 -0.261438915319 0.157639761602 0.00794309139124 0.0741508760464 0.0632494572087 
0.0 0.0 1.10356963149 0.0345986900866 0.664066858272 1.54382040869 0.961027963386 1.9790023965 0.0 0.0 0.722703816328 0.282000842669 159.0 222.0 166.0 -0.253495823928 0.231790637648 0.0268811236366 0.155603005447 0.0628625526727 
0.0 0.0 0.0 0.0 0.526847122229 2.21070443967 1.02564824 1.08849911024 0.0 0.0 0.791245758712 0.0 174.0 213.0 132.0 -0.226614700291 0.333333333333 0.116752385057 -0.0369892000703 0.0970849789703 
# HEADER 6
0.0 0.0 0.0 0.0 0.0 0.0 1.95208332315 2.28925367132 0.0 0.0 0.0 0.0 132.0 249.0 255.0 0 0 -0.0370582427818 -0.0174011475454 0.544523852025 
0.0 0.0 0.0 0.0 0.611734467019 0.0 2.16459027297 0.428915302809 0.0 0.0 0.479069214628 0.0 132.0 250.0 255.0 -0.0370582427818 -0.0174011475454 0.0116366864186 -0.0934287330617 0.0 
1.13820625223 0.0 1.40905682858 0.0 0.0 0.630864742633 1.27010749752 1.88988080572 0.0 0.0 0.0 0.636091288079 133.0 251.0 255.0 -0.0254215563632 -0.110829880607 -0.047746398184 0.0670081968208 0.0 
0.0 0.664355705697 2.07584916649 0.731896431213 0.0 1.58726223862 0.0942430826643 0.239323130719 0.126053405921 0.0 0.92326439676 0.770561874111 139.0 251.0 255.0 -0.0731679545472 -0.0438216837863 -0.121602300911 0.0340778597971 0.0 
0.0 0.0 0.0 0.0 0.0 0.0 0.60971531373 0.572161742904 0.0 0.0 0.0 0.0 152.0 251.0 255.0 -0.194770255458 -0.0097438239892 -0.0996860970246 -0.0788740526456 0.0 
0.0 0.0 1.47011694107 1.32068670437 0.545863587422 1.21501829012 0.19003863777 0.848247025606 0.442793390452 0.0 0.413143808223 0.0141189081731 168.0 251.0 255.0 -0.294456352482 -0.0886178766349 -0.115140134294 -0.168298940717 0.0 
0.0 0.415497979935 1.30040919211 0.828560134154 0.0 1.03570296587 0.515839198443 0.0 1.33634342893 0.0557458916384 0.0 1.17407069425 190.0 251.0 255.0 -0.333333333333 -0.256916817351 -0.154441275706 -0.14746654483 0.0 
0.0 0.0 0.0 0.0 0.0 0.107964418897 0.591040959028 0.399429077176 0.913769101065 0.0 0.0 0.0 208.0 250.0 255.0 -0.333333333333 -0.333333333333 -0.0333626044742 -0.197389867191 0.0 
0.0 0.0 0.0 0.0 0.0 0.0 0.0 0.0 0.0 0.0 0.0 0.0 226.0 245.0 254.0 -0.333333333333 -0.333333333333 0.0755386479448 -0.0690914007826 0.0 
0.0 0.0 0.0 0.0 0.0 0.0 0.0 0.0 0.0 0.0 0.0 0.0 231.0 243.0 254.0 -0.257794685389 -0.333333333333 -0.107098179756 0.127441631237 0.0 
0.0 0.0 0.0 0.0 0.0 0.0 0.0 0.0 0.0 1.7509295342 0.0 0.0 236.0 241.0 254.0 -0.333333333333 -0.205891702096 -0.0496453963731 -0.0887195190897 0.0 
0.0 0.0 0.0 0.0 0.0 0.0 0.0 0.0 0.0 0.151550530233 0.0 0.0 237.0 241.0 254.0 -0.333333333333 -0.294611221186 0.0415576234436 0.0999688572561 0.0 
0.0 0.0 0.0 0.0 0.0 0.0 0.0 0.0 0.0 0.0 0.0 0.0 237.0 241.0 254.0 -0.29177570989 -0.19464236393 -0.0346673363889 -0.0638227633849 0.0 
0.0 0.0 0.0 0.0 0.0 0.0 0.0 0.0 0.0 0.0 0.0 0.0 237.0 241.0 254.0 -0.326443046279 -0.258465127315 0.0133707417778 -0.269935139226 0.0 
0.0 0.0 0.0 0.0 0.0 0.0 0.0 0.0 0.0 0.262666858458 0.0 0.0 237.0 241.0 254.0 -0.313072304501 -0.333333333333 -0.0574834459075 -0.0749283726312 0.0 
0.0 0.0 0.0 0.0 0.0 0.0 0.0 0.0 0.0 0.0 0.0 0.0 238.0 241.0 254.0 -0.333333333333 -0.333333333333 -0.132590734738 -0.0781349847558 0.0 
0.0 0.0 0.0 0.0 0.0 0.0 0.0 0.0 0.0 0.0 0.0 0.0 238.0 241.0 254.0 -0.333333333333 -0.333333333333 -0.147316479857 -0.00837047282371 0.0 
0.0 0.0 0.0 0.0 0.0 0.0 0.0 0.0 0.0 0.0 0.0 0.0 238.0 241.0 254.0 -0.333333333333 -0.333333333333 0.14349581808 0.0130049640302 0.0 
0.0 0.0 0.0 0.0 0.0 0.0 0.0 0.0 0.0 0.0 0.0 0.0 238.0 241.0 254.0 -0.189837515254 -0.320328369303 -0.122887005034 0.0913094164402 0.0 
0.0 0.0 0.0 0.0 0.0 0.0 0.0 0.0 0.0 0.0 0.0 0.0 238.0 241.0 254.0 -0.312724520288 -0.229018952863 0.0278116718177 0.0585237033235 0.0 
0.0 0.0 0.0 0.0 0.0 0.0 0.0 0.0 0.0 0.0 0.0 0.0 238.0 241.0 254.0 -0.28491284847 -0.170495249539 0.046556250713 -0.0203333923452 0.0 
0.0 0.0 0.0 0.0 0.0 0.0 0.0 0.0 0.0 0.135932704497 0.0 0.0 237.0 241.0 254.0 -0.238356597757 -0.190828641885 -0.0365228700718 0.0751767520201 0.0 
0.0 0.0 0.0 0.0 0.0 0.0 0.0 0.0 0.0 0.0 0.0 0.0 237.0 241.0 254.0 -0.274879467829 -0.115651889865 -0.110010194065 -0.0252864241879 0.0 
0.0 0.0 0.0 0.0 0.0 0.0 0.0 0.0 0.0 0.0 0.0 0.0 237.0 241.0 254.0 -0.333333333333 -0.140938314052 -0.0544909646227 0.00127393664258 0.0 
0.0 0.0 0.0 0.0 0.0 0.0 0.0 0.0 0.0 0.0 0.0 0.0 237.0 241.0 254.0 -0.333333333333 -0.13966437741 0.0671193113571 0.129870908189 0.0 
0.0 0.0 0.0 0.0 0.0 0.0 0.0 0.0 0.0 0.0 0.0 0.0 237.0 241.0 254.0 -0.266214021976 -0.00979346922103 0.00148316191646 0.0612858886195 0.0 
0.0 0.0 0.0 0.0 0.0 0.0 0.0 0.0 0.0 0.0 0.0 0.0 237.0 236.0 254.0 -0.26473086006 0.0514924193985 0.137411741077 -0.138079677013 0.0 
0.0 0.0 1.54179497974 0.0 0.0 0.641981208172 0.406631790638 0.355235488704 0.0 0.0 0.0 0.117182522328 237.0 241.0 254.0 -0.127319118983 -0.0865872576142 -0.0300335192128 -0.0101363622882 0.0 
0.907414024021 1.33179983235 1.45172621375 0.0 0.879632595035 2.16729554398 0.0 1.06565120846 1.36169080447 1.6397241672 0.0 1.95084121141 238.0 243.0 255.0 -0.157352638196 -0.0967236199024 0.102957083347 0.0864298364173 0.0 
0.0 0.0 0.0 0.0485246885953 0.0 0.105775886799 0.757679329629 0.0 0.0 0.0 0.0 0.0 238.0 243.0 255.0 -0.0543955548493 -0.0102937834851 0.0874750931945 0.186460679706 0.0 
0.0 0.0 0.0 0.0 0.021816378534 0.0 1.37532466309 0.0 0.0 0.0 0.0 0.618289804514 238.0 231.0 254.0 0.0330795383452 0.176166896221 -0.0605210220297 -0.0701432025699 0.0 
0.0 0.544823654065 0.986185104317 1.0460385457 1.11259979371 0.877467259845 0.0 0.143300559701 1.27679444801 0.0 0.0 0.648353887366 238.0 207.0 253.0 -0.0274414836845 0.106023693651 -0.0308089259785 -0.089244463881 0.0 
1.68327600408 0.0 1.47844134331 1.26717065539 0.131888434253 0.0 2.93285650718 0.322281629606 0.0 0.0 0.404373392704 0.0 238.0 194.0 252.0 -0.058250409663 0.0167792297702 -0.0469544051982 0.213870841604 0.0 
0.0 0.902319145139 0.0 0.0 0.0 1.52095633777 0.760618918292 1.15671872303 0.0 0.0 0.0 0.0 238.0 173.0 248.0 -0.105204814861 0.230650071374 0.0051125979344 -0.119766610943 0.0 
0.30511297202 1.31976355969 1.02027942347 0.0 0.219347173308 0.0 0.661781278777 1.13142107668 0.0 0.0 0.718511153101 0.0 237.0 156.0 237.0 -0.100092216927 0.110883460431 0.00485380367712 0.114344531814 0.0 
0.7982765326 2.06081460387 0.0 0.471063795427 1.08561577037 1.44588483409 0.0 1.88019772747 1.38783761054 1.61652216217 0.0 1.68107054291 237.0 143.0 225.0 -0.0952384132497 0.225227992245 0.199597504199 -0.0694642502537 0.0 
2.84257882892 2.13552594466 2.2929893256 0.816627182381 0.994345864161 1.57705386922 0.0 1.10476462527 1.197851555 2.29843795391 0.0 2.37520481348 234.0 128.0 209.0 0.104359090949 0.155763741992 -0.0567770913208 -0.0794772912189 0.0 
0.00248801270142 0.288697317329 1.83419563704 0.817590091879 0.61866317151 0.979538727801 0.0 1.0074224881 0.947248283855 1.06748276254 0.183469997794 0.659552806328 231.0 121.0 195.0 0.0475819996281 0.0762864507727 0.0344107030783 0.0668525248966 0.0 
0.0 0.0 0.0 0.843766353823 0.14213985502 0.0 1.38210936559 1.90796253697 0.0 0.0 0.0 0.0 230.0 119.0 178.0 0.0819927027064 0.143138975669 0.0242686897991 -0.0798206591412 0.0 
0.0 0.0 0.0 0.101234212268 0.0 0.0 2.57993803917 2.90657262753 0.561040149214 0.0 0.0 0.781442810794 224.0 132.0 150.0 0.106261392506 0.0633183165281 0.00161597592588 -0.0227299968567 0.070909517567 
0.0 0.0 0.0 0.0 0.0 0.0 3.3633416648 0.0 0.0 0.0 0.0 0.0 219.0 143.0 134.0 0.107877368431 0.0405883196714 -0.0681018325586 0.119858853137 0.017257488616 
0.0 0.0 0.0 0.0 0.0 0.0 5.56661808696 0.0 0.0 0.0 0.0 0.0 211.0 160.0 107.0 0.0397755358728 0.160447172808 0.0555036820506 0.159907037102 0.0170549287218 
0.0 0.0 0.0 0.0 0.0 0.0 6.47865912848 0.119312419767 0.0 0.0 0.0 0.0 205.0 174.0 70.0 0.0952792179235 0.320354209911 -0.0121599243671 0.102193523469 0.056654928802 
1.60257284745 1.46377768666 0.811726244185 0.0 0.0 0.151455005126 1.13140100249 1.41849204549 0.539851419165 0.451685464187 0.0 1.94635120711 203.0 172.0 48.0 0.0831192935563 0.333333333333 -0.176146705874 0.00847584778203 0.0811550558114 
0.326972207086 0.0 0.630979989609 0.0 0.0181963823175 1.7466469098 2.40138409201 0.298218556603 0.305948165153 0.0 0.0 0.0 206.0 144.0 42.0 -0.0930274123179 0.333333333333 0.0339247588311 0.107015249909 0.157528997839 
0.0 0.0 0.0 0.816438047633 0.851969251072 0.0 1.55874541509 0.0 0.0 0.0 0.0 1.31871734136 206.0 90.0 48.0 -0.0591026534868 0.333333333333 -0.145698271751 -0.0481545686178 0.190929066285 
0.425744591201 0.777515742489 0.731617883732 0.668127412929 1.49578996886 1.23779536455 0.0 1.29990914382 0.415118239498 0.0 0.0 0.724599204264 197.0 63.0 50.0 -0.204800925238 0.285178764716 0.0475288919723 -0.228634258127 0.320496917913 
0.0 0.0 0.372779587168 0.0 0.0 0.0 1.46001084086 1.83587163198 0.0 0.0 0.0 0.0 199.0 50.0 50.0 -0.157272033266 0.056544506589 0.0115486351911 -0.0739572067233 0.175927860625 
0.0 0.284750524456 0.229214619794 0.0508762362427 1.00037665382 0.552787805833 1.83102857928 0.0 0.0 0.0 0.68537315028 0.0 210.0 48.0 50.0 -0.145723398075 -0.0174127001344 0.0876091975465 -0.0750122167932 0.0911112698425 
1.18448089568 2.12144380229 0.484879183366 1.09794384203 1.02148231762 0.757316789448 0.0 1.74837472822 0.258188599198 2.39253098693 0.0 0.594319965719 217.0 53.0 64.0 -0.0581142005282 -0.0924249169276 -0.00550768720968 0.0162232956091 0.0 
1.31564318709 1.2209556155 1.57159295522 0.0 0.364528549053 0.703389106005 0.13667999893 0.236621377637 1.00223062424 1.3590018088 0.572019870613 1.71329039497 226.0 54.0 77.0 -0.0636218877379 -0.0762016213186 -0.0490994878845 0.0950087395575 0.0 
0.0 0.0 0.0 0.0 0.0 0.700204697696 1.53895266041 1.7518616449 0.0 0.0 0.0 0.0 230.0 55.0 80.0 -0.112721375622 0.0188071182389 -0.121883824328 0.0329710351363 -0.0637007891989 
0.0 0.0 0.0 1.56149703251 1.23980384909 1.10711261593 1.19972588317 2.07576775123 0.0 0.0 0.920205234221 0.0 231.0 55.0 74.0 -0.234605199951 0.0517781533752 -0.0265147776015 0.0378483437929 -0.0309547339255 
0.0 0.0 0.0 0.0 0.0 0.0 1.38025204017 1.07918758101 0.0 0.0 0.494655343301 1.62868337273 231.0 55.0 61.0 -0.261119977552 0.0896264971681 -0.0856839792653 -0.0245059410526 0.0 
0.426931247175 0.0333836338729 1.52768807128 0.311188391658 0.609190179955 1.34021282273 0.729023480999 0.719513642486 0.0 1.28449198587 1.5348998177 1.9804277991 232.0 52.0 51.0 -0.333333333333 0.0651205561155 -0.043170491539 0.0428837463518 0.0340505228037 
1.7401751994 0.995331768083 0.135115000672 0.410234965718 0.704724900949 1.37108407599 0.0 2.8637115228 2.31682395752 3.68767756916 0.0216076943423 1.77022787092 232.0 44.0 49.0 -0.333333333333 0.108004302467 -0.048431463883 -0.110727283665 0.0 
0.0 0.0 0.567148438192 0.377523095366 0.0703401362554 0.0 1.89480277168 0.0 0.0 0.0 1.96432252033 0.0 233.0 43.0 50.0 -0.333333333333 -0.00272298119809 0.176188851218 -0.109569653712 -0.0305062695218 
0.0 0.0 0.0 0.0 0.434903572105 0.292714883882 0.538108426651 0.0 0.0 0.0 0.588259774675 0.0 233.0 52.0 64.0 -0.157144482116 -0.11229263491 -0.0956682009231 0.00164149489375 0.0305062695218 
0.0 0.0 0.0 0.0 0.0 0.00344168098343 2.27019108587 0.0 0.0 0.0 0.745843012866 0.0 237.0 54.0 82.0 -0.252812683039 -0.110651140016 0.0921637502713 -0.0750017827832 -0.0305062695218 
1.08574325862 1.9363679001 1.15751220326 1.24912033206 1.45263861819 1.84505291854 0.0 1.08602439305 2.01858738013 2.29553963295 0.0 1.59892795151 237.0 57.0 91.0 -0.160648932767 -0.185652922799 0.138091707043 0.0719419713795 -0.0345551610949 
0.0 0.0 0.00247118607766 0.0 0.677613105199 0.0 1.86440095451 0.0 0.0 0.0 0.728241277169 0.0 238.0 65.0 90.0 -0.0225572257239 -0.11371095142 -0.0819284722807 0.0772163363039 -0.0669402250747 
0.0 0.689004373564 0.0890542059651 0.0 0.0 1.10290710834 0.994631765197 0.0 0.0 0.0 0.0 0.0 237.0 116.0 114.0 -0.104485698005 -0.0364946151159 -0.0797015920512 -0.0140885545178 -0.0368119126041 
0.122866054308 0.0 0.484706650255 0.0 0.0 0.663915186064 2.34327711784 0.0181336780331 0.213431041292 0.0 2.51322260553 0.0 237.0 122.0 138.0 -0.184187290056 -0.0505831696337 -0.0647756798609 0.171219690363 -0.549046546049 
0.0 0.0 0.0 0.0 0.0 0.0 2.34204039874 0.122345785763 0.0 0.0 0.0264763017216 0.0 237.0 120.0 141.0 -0.248962969917 0.120636520729 0.0262665385068 -0.0103774913546 -0.295338982452 
0.0 0.0 0.0 0.0 0.110791845193 0.0 2.4837588448 0.787261169434 0.335460323293 0.0 0.500169124379 0.0 237.0 121.0 118.0 -0.22269643141 0.110259029375 0.0534804269664 0.003678555981 0.0168461707008 
0.0 0.0 0.458776540927 0.0 0.487640417041 0.0 3.35957290085 0.437680987072 0.844500396063 0.0 0.913545315628 0.574827899505 237.0 122.0 95.0 -0.169216004444 0.113937585356 -0.131982388433 -0.00739129390043 0.105239312535 
1.00499589246 0.0 0.40806225103 0.828507291353 0.0 0.0 1.52824192054 0.290934744381 0.383188219921 0.0 0.841243273113 0.0 237.0 120.0 76.0 -0.301198392876 0.106546291455 0.0965717767161 -0.134836444169 0.0877192181907 
1.4321921591 0.0476232303213 0.28230431057 0.591483790057 0.0672061647568 0.312640500543 1.56167004289 0.0 0.141160055748 0.0 0.527309803269 0.421425356487 237.0 119.0 83.0 -0.20462661616 -0.0282901527137 0.0666319469596 0.0284106950586 0.0992621367081 
0.0950217248035 0.523512039346 0.389813281285 0.0 0.0 0.0 0.514750998724 0.0935561186049 0.434099364249 0.0 0.0 0.0 238.0 120.0 90.0 -0.137994669201 0.000120542344864 0.0175327841967 0.0482717319189 -0.0137278556824 
1.00895931758 2.14252463276 1.58470083867 0.0 0.581084393817 0.447596333148 0.235177004559 1.26569715981 0.442597534165 0.0 0.0263718582162 1.99594018953 237.0 120.0 86.0 -0.120461885004 0.0483922742638 -0.219790385296 0.0948353533783 -0.056188040675 
0.0 0.0 0.354384699558 0.679189746663 0.115667598725 1.04189294446 1.4474641001 0.504533903257 0.0 0.0 0.676783206087 0.0 237.0 117.0 70.0 -0.333333333333 0.143227627642 0.019191193371 -0.0624022878649 0.0142581138499 
0.150517442019 0.0 0.368484878466 0.0373577917472 0.111936087568 0.0 1.46390145865 1.95874146624 0.287280562895 0.0 0.0 0.618488861207 237.0 109.0 58.0 -0.314142139962 0.0808253397772 -0.236719182646 -0.0523587025738 0.124170705045 
1.01322575278 0.394312317024 2.09527205701 0.938254289008 0.60032145314 0.443027458537 0.0 0.00952914404987 0.0 0.180232348985 0.413033280713 0.0 237.0 99.0 56.0 -0.333333333333 0.0284666372034 -0.0863760959906 -0.246298064129 0.108688288065 
0.183337799303 0.727757909222 0.521008755381 0.959990792546 1.10721176754 0.0 1.45123015662 0.0 0.0 0.0 2.44424024789 0.0 237.0 104.0 67.0 -0.333333333333 -0.217831426925 -0.109001208994 0.184213230693 0.0633240336946 
0.0 0.901982180022 0.141841518303 0.0606710156551 0.0 0.0 1.55520513056 0.0 0.0 0.0 0.29651243939 1.33892911642 237.0 118.0 92.0 -0.333333333333 -0.0336181962323 0.0200094217367 0.0224220443117 -0.105479167799 
0.0 2.05047259808 0.0 0.0 0.958686018006 0.0 1.83993118326 1.90484591457 0.817871925546 0.0 0.776095837177 0.0 237.0 119.0 113.0 -0.313323911597 -0.0111961519206 0.0611640119666 0.133088187944 -0.204961972856 
0.596562777259 0.0 0.0 0.498984705601 0.242065098503 0.847953690172 1.58781240669 0.0 0.943044029038 0.0 0.0 0.0 237.0 120.0 106.0 -0.25215989963 0.121892036023 0.0323196409289 0.0154465272698 -0.101340957164 
0.0 0.0 1.63570204162 0.838714739454 0.0 0.779856700063 2.26454916296 0.105462457695 0.0 0.0 0.068438462424 0.0 237.0 119.0 83.0 -0.219840258701 0.137338563293 -0.181727174665 0.164109692733 0.030676628313 
0.242493210651 1.64130928664 0.442956414921 1.03674288963 0.607003468856 1.73602249769 0.195151850802 0.0 0.0 1.03861023007 0.0 0.0 237.0 110.0 59.0 -0.333333333333 0.301448256026 0.141630402358 -0.0574545633783 0.112619416291 
0.416168315976 0.0 0.761970591652 1.38335412552 0.0 1.46417597671 0.0 0.299492055806 1.1683385289 0.791891301459 0.789407751396 0.352486334953 236.0 78.0 57.0 -0.191702930975 0.243993692648 -0.0380124135355 0.0113924847045 0.20516201952 
0.0 0.0 0.32925207528 0.0 0.106933002604 0.827055817718 0.336271247507 0.728047581604 0.0 0.0 1.17149612625 0.351728745555 235.0 57.0 51.0 -0.229715344511 0.255386177352 -0.0921165115609 -0.163539317977 0.203669308478 
# HEADER 7
0.0 0.0 1.49105297033 0.0 0.104717079682 0.0 0.482407782186 0.0 0.300406028215 0.0 0.0 0.0 131.0 250.0 255.0 0 0 -0.0197116374354 0.146448178508 0.0 
2.25994430731 0.280040728096 2.60447924143 0.0 0.0 0.0 0.0 0.0 0.950450143688 2.64001905169 0.255501422831 2.27108436738 131.0 239.0 255.0 -0.0197116374354 0.146448178508 0.0814068087781 -0.097470407348 0.0 
0.0 0.0 0.0 0.0 0.012573395694 0.331060724495 0.868065220386 0.0 0.0 0.0 0.221945431797 0.162752280906 133.0 231.0 249.0 0.0616951713427 0.0489777711598 -0.065162610133 -0.0756179816616 0.0 
1.75949609021 0.0 1.77221059567 0.63487872056 0.0 0.626775854554 0.183903195226 0.198942502445 0.814404216903 0.0 0.895208324848 0.363003551579 135.0 228.0 252.0 -0.0034674387903 -0.0266402105017 0.122292746563 -0.00121230119274 0.0 
0.0 0.0 0.0 0.909692514604 0.0 0.0 0.898241528326 1.01803896616 0.0 0.0 0.0 0.0 133.0 238.0 255.0 0.118825307773 -0.0278525116945 -0.00315695579982 -0.102602865502 0.0 
0.850349265599 0.0 0.0 0.0 0.0 0.0 0.179623842934 0.0 0.0 0.0 0.0 0.0 127.0 250.0 255.0 0.115668351973 -0.130455377197 -0.0886290295128 -0.168796976495 0.0 
1.52961767566 0.0482333213927 1.10016798908 1.22921355328 0.854824686933 1.86875699414 0.0 0.0 1.60015426069 2.33244465612 0.958090752788 0.0 122.0 250.0 255.0 0.0270393224599 -0.299252353691 -0.0467279691457 -0.100745913012 0.0 
0.277683819578 0.0 0.599519633019 0.0 0.0168789960228 0.0 1.38278452354 1.18896290349 0.582815341202 0.0 0.623244211891 0.0 120.0 251.0 255.0 -0.0196886466857 -0.333333333333 0.208105943466 0.041265526123 0.0 
0.0 0.0480331455995 0.0 0.0 0.0 0.720936134916 1.07130821288 1.81301911938 0.0 0.0 0.30907766069 0.0 118.0 252.0 255.0 0.18841729678 -0.29206780721 -0.0459420064613 0.0613923123907 0.0 
0.0 1.67336438423 0.0 0.0 0.0 0.0 1.03762657537 0.0 0.0 0.0 0.68661864602 0.0 117.0 253.0 255.0 0.142475290319 -0.23067549482 0.0776731468797 0.0152527436469 0.0 
0.351917824994 2.39259527298 1.25617258829 0.0 0.0 1.43318957869 0.0 1.44455688837 0.0 0.887390835767 0.671863203705 0.930108403949 115.0 254.0 255.0 0.220148437198 -0.215422751173 -0.0804312889258 -0.111052660647 0.0 
0.0 1.18699934213 1.07090816989 0.445793432977 0.216786347716 0.837656085368 0.0 0.0814645215118 0.354256018458 0.888291587318 1.2809949491 3.65202469642 114.0 255.0 255.0 0.139717148273 -0.326475411819 0.0253500253119 -0.00229190294324 0.0 
0.0 2.11990000036 0.500173006847 0.0 1.0541104313 0.0 0.0 0.587043580509 0.0109270529691 0.426307304439 3.24445281411 2.68266780297 112.0 255.0 255.0 0.165067173585 -0.328767314763 -0.105789740589 0.0953649607629 0.0 
0.864690001019 4.1332781506 3.3143437012 0.277944358158 0.0 1.30273707534 0.0 0.379112050375 2.32081050135 2.5945692513 5.54656381738 3.18882217723 112.0 255.0 255.0 0.0592774329954 -0.233402354 -0.211334516003 -0.282314472377 0.0 
0.0 3.85084007621 2.06016942805 0.899675808978 0.0 1.01835168755 2.49294846687 0.0 0.0 0.0 2.82025103238 3.63643197462 111.0 255.0 255.0 -0.152057083008 -0.333333333333 0.0808735299511 0.0634015748193 0.0 
0.787808553589 5.65672155619 3.81320186263 0.0 0.0 2.17733715491 0.0 0.0 1.76383661017 0.0 2.3190609202 5.17433746205 111.0 255.0 255.0 -0.071183553057 -0.269931758514 0.0371537846474 0.121198328417 0.0 
0.0 1.39513260634 2.24781709995 0.143967902369 0.0 0.554711113731 0.221385753541 1.05989380279 0.0 0.0 4.70022383931 3.50015136004 112.0 255.0 255.0 -0.0340297684096 -0.148733430097 0.0652696173519 0.0877570275888 0.0 
0.0 1.15782030612 0.0 0.0 0.291970499146 0.109335513865 0.685112293997 1.84178747553 0.765051666597 0.0 3.90793462941 0.989828565806 113.0 255.0 255.0 0.0312398489423 -0.0609764025077 -0.110029184893 -0.0215088237653 0.0 
0.0 1.55074890022 0.692977612483 0.0 0.0 0.564419450055 0.834407976091 0.388466632491 0.723725201819 0.0 2.33816111869 1.24179329938 115.0 254.0 255.0 -0.0787893359505 -0.082485226273 -0.0884362254414 0.0731870230085 0.0 
0.0 0.0 0.743745337634 0.0279480323297 0.166404007751 0.0 0.0 0.453955416787 0.0 0.0 0.0 1.06004609332 116.0 253.0 255.0 -0.167225561392 -0.00929820326454 -0.0964184537268 0.0771689612663 0.0 
0.0 0.0871632577869 1.46567057545 0.0841914256329 0.82913733516 0.0 0.242188440232 0.631883993597 0.0 0.0 0.28045954623 0.202436451475 120.0 252.0 255.0 -0.263644015119 0.0678707580018 0.148709219645 -0.0946387512521 0.0 
0.804070681411 0.716881639794 2.19268764542 0.355662273557 2.36375780016 3.23270723213 0.0 0.951801806809 2.26943969378 1.87817455158 0.0118653525153 1.60157896341 132.0 252.0 255.0 -0.114934795474 -0.0267679932504 0.0314546821538 0.0766736356012 0.0 
# HEADER 8
0.0 0.0 0.552583142184 0.513130385499 0.101091926781 1.09599919261 0.527920289041 0.334578429328 0.807901019378 1.29162646762 0.0 0.0 132.0 247.0 255.0 0 0 0.0292769773464 -0.0648435103132 0.0 
0.0 0.0 0.0 0.0 0.604406062589 0.0 0.945797987388 0.0 0.0 0.0 0.742125839802 0.0 131.0 251.0 255.0 0.0292769773464 -0.0648435103132 0.0629613504872 0.198799430307 0.0 
0.0 0.0 0.476941299054 0.102642420352 0.0 1.08263021691 0.251798702066 1.01577685263 0.0 0.0 0.0 0.790686041212 126.0 251.0 255.0 0.0922383278336 0.133955919994 0.00109956528011 0.025195461108 0.0 
0.855414583443 1.77268751795 0.0 0.0 0.0 0.0 0.237162569831 0.37288897473 0.0 0.0 0.0 1.66700882298 120.0 247.0 251.0 0.0933378931137 0.159151381102 -0.0781373503832 0.113146541234 0.0 
0.0 1.69887511623 3.96688609599 0.209945161925 0.340212535091 1.26192380893 0.0 1.12422964747 2.42556910338 3.66285702319 3.26516667962 3.46134266934 122.0 249.0 229.0 0.0152005427305 0.272297922336 0.064743628603 -0.00158460199503 -0.00752671862259 
0.461459055022 0.0 2.88946232448 0.0 2.62118851575 0.664066606719 0.496625996845 1.02771138902 0.0 0.0 3.94809458381 1.00544657822 126.0 249.0 203.0 0.0799441713335 0.270713320341 0.038629210487 0.0839385844862 0.0464876561297 
0.0 0.0 3.65433402167 0.0 0.0 4.6285234988 0.434046304544 3.97808823055 0.287233931114 0.0 3.96687272336 1.56568536674 131.0 250.0 171.0 0.118573381821 0.333333333333 -0.0613927227552 0.125343599905 0.0472970568992 
0.701385941739 0.143423659926 2.32131546012 0.132565411559 1.01908352506 5.7652639565 0.941697925991 6.12241954815 0.736643858184 1.37097231924 3.31345780576 0.0 135.0 249.0 141.0 0.0571806590654 0.333333333333 -0.128281017089 -0.0468465174223 0.0855257331054 
0.0 0.0 0.0 0.0 0.20168593518 3.01372275706 6.26125994974 6.65651769241 0.0 0.0 0.905982968413 0.0 138.0 250.0 115.0 -0.0711003580233 0.286486815911 -0.024342961648 -0.254514937336 0.0591962684838 
0.0 0.0 0.0 0.0 0.0 0.0 10.2927304789 1.22082640909 0.0 0.0 1.17333148972 0.0 143.0 248.0 101.0 -0.0954433196713 0.0319718785752 0.0136339829545 -0.120612031526 0.109885943642 
0.0 0.0 0.0 0.184363881059 0.0 0.0 6.68607485284 2.0424161373 0.0 0.0 1.34281700422 0.0 144.0 247.0 115.0 -0.0818093367168 -0.0886401529507 0.0235893546635 -0.0510219204208 0.0625194370314 
0.0 0.247005992599 0.633438471074 0.0 0.540918251241 3.71324788781 0.0 1.180082423 0.152076021516 0.0 0.435495884827 0.0 144.0 237.0 162.0 -0.0582199820533 -0.139662073372 -0.0144746321066 -0.0864132534364 -0.0625194370314 
0.123819006215 0.0 2.53341636287 0.0 1.42383796915 0.0657933780215 2.18947558442 0.925251627612 0.0433208969446 0.0 0.884514228967 0.0 145.0 219.0 226.0 -0.0726946141599 -0.226075326808 -0.144418128384 -0.0698683518798 -0.158381674552 
0.0 0.0 0.414715268953 0.0 0.0 1.27882911452 2.33022102567 0.958472673643 0.02168784139 0.0 0.792378655177 0.0 152.0 215.0 253.0 -0.217112742544 -0.295943678688 0.0762724351547 -0.02887267234 -0.0962262706798 
0.0 0.0 0.0 0.10652700418 1.03251606992 0.0942483948611 0.627677711077 0.434800063662 0.406063121381 0.0 0.689621210336 0.0 166.0 239.0 255.0 -0.140840307389 -0.324816351028 -0.00135167872646 -0.0978177056902 0.0 
1.706997079 0.0 0.0 0.0 0.0 0.0 0.0 0.0 0.0 0.0 0.649826074864 0.0 179.0 250.0 255.0 -0.142191986115 -0.333333333333 -0.0495028455711 -0.0367246119966 0.0 
0.0326102246352 0.598681609667 0.402312261546 0.0 0.0 0.788165782062 1.16439852028 0.291941448365 1.53865570398 0.0 0.0 0.0 193.0 251.0 255.0 -0.191694831686 -0.333333333333 0.0551362037845 -0.141672509663 0.0 
0.0 0.0 0.0 0.0 0.0 0.0 3.64908135304 0.274504412981 0.0 0.0 0.0 0.0 205.0 250.0 255.0 -0.136558627902 -0.333333333333 0.0101735634688 -0.0656550667066 0.0 
1.04437833676 3.98546127204 2.62020357521 0.766756946482 0.843966062046 2.69050002515 0.0 1.98516553932 1.37587022673 3.70006458616 0.737535189427 3.25042938501 216.0 250.0 255.0 -0.126385064433 -0.333333333333 0.11997971034 -0.0127985906906 0.0 
0.0 0.0 0.0 0.0 0.167033754007 0.10652211273 1.8610842028 1.06748127021 0.0 0.0 1.14952709981 0.703869545564 228.0 248.0 255.0 -0.00640535409282 -0.333333333333 -0.022459650697 0.0126316735792 0.0 
0.0 0.0 0.0 0.750551360261 0.0523742709598 0.146805304565 0.30697559221 0.0 0.0 0.0 0.0 2.16486343179 231.0 246.0 254.0 -0.0288650047898 -0.320701659754 -0.0349366607555 -0.0439218033156 0.0 
3.22859818396 1.48964475084 3.50375678343 0.874158380152 0.85646005081 0.615509039848 0.0 1.5483306 0.941111034701 1.35181529593 0.511055318284 0.521171216033 232.0 246.0 254.0 -0.0638016655453 -0.333333333333 0.124858801358 -0.00717381828595 0.0 
0.0 0.0 0.0 0.0 0.0427685516985 0.0 0.485570142073 0.0 0.0 0.0 0.0 0.0 234.0 245.0 254.0 0.0610571358131 -0.333333333333 -0.0412974687894 0.00508189681078 0.0 
0.0 0.0 0.0 0.0 0.0431484248136 0.324431486141 0.921960583694 0.0637814491877 0.0 0.0 0.0 0.0 236.0 244.0 254.0 0.0197596670237 -0.328251436523 -0.0376385140539 -0.134295388358 0.0 
0.0 0.0 0.0 0.0 0.0 0.0 2.20105113801 0.0522554928166 0.0 0.0 0.0 0.0 237.0 244.0 254.0 -0.0178788470302 -0.333333333333 0.0281351768848 0.00808466475119 0.0 
0.27979634552 0.454740150275 0.0 0.545584925856 0.492956903087 1.02461023651 0.0 0.0 0.251526360817 0.262299387798 0.0218140060147 1.38755891645 237.0 244.0 254.0 0.0102563298546 -0.325248668582 -0.0869681026535 -0.0840959564305 0.0 
0.0 0.0 0.0 0.0 0.0 0.0 0.453360563906 0.0973209578076 0.0 0.0 0.292662805128 0.0 237.0 244.0 254.0 -0.0767117727989 -0.333333333333 0.0618459611313 0.0465293170904 0.0 
0.0748335309566 0.0 0.0 0.673407646742 1.03740379855 0.0 1.91993716902 1.55184055104 0.0 0.0 0.0 0.417391418476 237.0 245.0 254.0 -0.0148658116676 -0.286804016243 -0.002949119753 -0.0288965116923 0.0 
0.0638927240437 1.75054703392 1.05265608691 1.42969945971 1.32281166165 0.200820761894 0.0 0.306194702576 0.0396107329115 2.06979586073 0.466081753364 0.308199641062 237.0 245.0 255.0 -0.0178149314206 -0.315700527935 -0.1604362587 -0.0365357045114 0.0 
0.259008770628 0.0 0.0 0.0 0.13567050065 0.0 1.35759376455 0.171667115261 0.0 0.0 0.649481958659 0.654785145213 237.0 245.0 254.0 -0.17825119012 -0.333333333333 -0.182046788313 -0.0172389327012 0.0 
1.24804364267 0.885691425782 1.24745046616 1.67222592042 0.357919528806 0.0 0.0 1.81579543423 0.847481738308 0.471926346143 0.2434148371 1.20347322893 237.0 245.0 254.0 -0.333333333333 -0.333333333333 0.107960661708 -0.00700317979211 0.0 
# HEADER 9
0.0 0.0 0.0 0.0 0.0 0.0 0.0 0.0 0.0 0.0 0.0 0.0 132.0 247.0 255.0 0 0 0.0167483983977 0.0197428076196 0.0 
0.0 0.0 0.0 0.0 0.0 0.0 0.0 0.0 0.0 0.343567611822 0.0 0.0 130.0 244.0 254.0 0.0167483983977 0.0197428076196 0.0249795007547 -0.111173667948 0.0 
0.0 0.0 0.0 0.0 0.106790920563 0.0 0.840189740411 0.0544618949978 0.0 0.0 0.0 0.0 126.0 250.0 255.0 0.0417278991524 -0.0914308603288 0.0199306457305 0.0545558729071 0.0 
# HEADER 10
2.21259107024 0.79392116701 2.87688000856 0.0224902575366 1.0943267235 1.8641977867 0.0 1.53994112316 1.00413101489 2.89680015739 0.759383561579 2.29386248232 133.0 247.0 255.0 0 0 -0.150782870507 0.00551572891818 0.0 
0.175385004955 0.0 0.0 0.0 0.0 0.956371335068 0.561666011302 0.743810426925 0.225654671404 0.0 2.04422634282 0.0 133.0 246.0 254.0 -0.150782870507 0.00551572891818 0.0133528422236 0.0513613302876 0.0 
0.0 0.0 0.0 0.46165195072 0.871832805835 0.651729910956 0.0 0.0 1.03856577712 0.0 0.0 0.0 139.0 234.0 255.0 -0.137430028284 0.0568770592058 -0.0865437440906 -0.0466855215499 0.0 
0.0 0.0 0.0 0.00277370389521 0.0 0.0 0.266964528417 0.0 0.0 0.0 0.0 0.0 150.0 218.0 254.0 -0.223973772374 0.0101915376559 0.0906292912439 0.128146792655 0.0 
1.06064916254 2.58046900461 1.11719304286 1.46730864523 0.340097134969 1.86367115632 0.0763389494536 1.31624168323 1.24419917695 1.81943418809 0.00695073719141 0.331889297827 160.0 195.0 253.0 -0.133344481131 0.138338330311 -0.120059360645 0.0607165757774 0.0 
1.92646476247 2.3482093559 3.13502700234 1.69880861983 0.0292077508782 1.62256989623 0.0 1.87392433064 1.26816697182 2.45807514406 0.0 2.49876582253 174.0 181.0 233.0 -0.253403841776 0.199054906088 -0.0379169816406 -0.0756127908602 0.0 
0.0777327281267 0.608375701128 0.0 0.0 1.13312228585 0.871091599091 0.93288143503 0.505053614821 0.0 0.0 0.409112497721 0.276587123352 192.0 164.0 210.0 -0.291320823417 0.123442115228 -0.0633349275559 -0.0864486100303 0.0 
0.0 0.0 0.143544226374 0.464363223038 0.175712652925 1.01594158849 1.71255184188 1.61360668766 0.0 0.0 1.72209645008 0.0 207.0 147.0 199.0 -0.333333333333 0.0369935051974 0.00852793627682 0.0627085058837 0.144722001589 
0.780335039888 0.0 0.0 0.440030059696 0.0743772155363 0.902224816384 1.82592046121 0.193245933436 0.0 0.0 0.0 0.0 223.0 130.0 183.0 -0.324805397057 0.0997020110811 0.108238126836 0.0663321439234 0.109885943642 
0.0 0.0865254910719 1.07452188796 0.0 0.0 0.0 1.56764025884 1.61711003037 0.0 0.0 0.0 0.0 231.0 122.0 157.0 -0.21656727022 0.166034155004 -0.0413278630656 -0.0548227235751 0.125652691052 
0.0 0.0 0.0 0.0 0.0 0.0 4.11189735465 0.637239269758 0.0 0.0 0.538008247406 0.0 232.0 124.0 131.0 -0.257895133286 0.111211431429 -0.116560620961 -0.127031354372 0.126112009881 
0.0 0.0 0.0 0.0 0.0 1.08270514675 4.18484596316 0.0 0.0 0.0 0.598499707927 0.0 234.0 124.0 132.0 -0.333333333333 -0.0158199229427 0.086527144705 -0.0310809028394 0.0970849789703 
0.0 0.0 0.563123553985 0.220793224147 0.0 0.0762953298823 1.71544386773 0.166976981459 0.0 0.0 0.544896504195 0.0 237.0 122.0 156.0 -0.246806188628 -0.0469008257821 0.0988309007936 -0.0191518091518 0.0 
0.0 0.0 0.629585654696 0.0 0.121421776913 1.01800814141 2.36603195798 0.976468939964 0.0 0.0 0.434852028073 0.0 237.0 123.0 187.0 -0.147975287835 -0.066052634934 0.0726737927164 -0.0260966482221 -0.0177134352507 
0.0 0.0 1.3940025407 0.357161919211 0.0 0.937628465492 0.417625325929 0.919769223622 0.0 0.0 0.786412001077 0.820591499168 237.0 130.0 211.0 -0.0753014951183 -0.092149283156 0.0842417844435 0.0193605130156 0.0 
1.7296177549 1.11543827341 1.08747608177 0.884158529441 0.861539623807 0.0 0.0 0.308871155887 0.991575558481 0.848134176718 0.491082674711 0.0 238.0 143.0 230.0 0.00894028932523 -0.0727887701405 -0.0619304355885 -0.12855919399 0.0 
0.759458529129 2.19645416996 1.974850721 1.45821233735 0.573671628749 0.514518132108 0.395970879637 0.600277101166 1.02029727002 1.03794862227 0.0 1.61094916943 238.0 160.0 246.0 -0.0529901462633 -0.201347964131 0.00520366370086 0.0563996852204 0.0 
0.983429756029 1.51984002483 2.30039202053 1.79410438206 0.99807313589 2.4951825717 0.0 1.89168210131 0.442990538372 3.22477089902 0.0 0.0 238.0 188.0 253.0 -0.0477864825624 -0.14494827891 -0.0921169801338 0.00719043935912 0.0 
0.0 0.0 0.870205823449 0.557220530213 1.00012617455 1.52008681395 0.421008639428 0.728740777762 0.0 0.0 0.0 0.0 238.0 220.0 254.0 -0.139903462696 -0.137757839551 0.185441264487 0.0385594506644 0.0 
0.0 0.0 0.0 0.0 0.0 0.0 0.0 0.0 0.0 0.290441656082 0.0 0.0 238.0 242.0 255.0 0.0455378017908 -0.0991983888869 -0.0114472987356 -0.0296020387371 0.0 
0.0 0.0 0.0 0.0 0.0 0.0 0.0 0.0 0.0 0.712645671715 0.0 0.0 237.0 242.0 255.0 0.0340905030552 -0.128800427624 -0.0125267442601 -0.108580691062 0.0 
0.0 1.17092989516 0.0781042394612 0.0 0.033245246093 0.0 0.861718996589 0.0917511016421 0.0 0.0 0.0 0.266485859182 232.0 244.0 254.0 0.021563758795 -0.237381118686 0.0113150799057 -0.0236597682732 0.0 
0.0 0.0 0.0 0.0 0.0 0.0 0.549915206669 0.0 0.0 0.0 0.0 0.0 231.0 245.0 254.0 0.0328788387008 -0.261040886959 -0.119480131204 0.0967462151131 0.0 
1.41544962685 3.32586928604 1.50267358646 0.0 1.29509452226 1.09039659411 0.0 1.07135959094 1.72207556069 3.82771527582 0.0 1.27164934389 229.0 246.0 254.0 -0.0866012925032 -0.164294671846 0.0201069491271 0.0148049535676 -0.0275450748131 
1.18079358137 2.36222883476 1.39008524501 0.699464464776 0.977593684648 1.75346817023 0.0 0.979126473221 0.0 3.35115796185 0.885774444875 1.62770143339 228.0 247.0 254.0 -0.0664943433761 -0.149489718279 -0.0472242913446 -0.0896406240866 0.0275450748131 
0.0 0.0 0.0 0.0 0.248876721749 0.0 1.30275250916 0.165106783855 0.0 0.0 0.186481922737 0.0 231.0 245.0 254.0 -0.113718634721 -0.239130342365 -0.219658887213 -0.0962576599137 0.0 
0.396868801397 0.799180837218 0.674072061196 0.0870914768958 0.62478744455 1.88759526361 0.343984504707 0.719867569077 0.530211670838 0.0 0.234415277654 0.0 236.0 244.0 254.0 -0.333333333333 -0.333333333333 0.158236452848 -0.131766327412 0.0 
0.812812673271 3.05455263815 1.84252178627 0.754458420696 1.81697453861 2.03895290591 0.0 2.00619606507 0.0 1.94026165531 0.0389422894726 1.29313154793 238.0 244.0 255.0 -0.175096880485 -0.333333333333 0.0279542573275 0.214817775719 0.0 
0.0 0.0 0.829588615518 0.0 0.0 0.0 2.10550971203 0.57604023587 0.0 0.0 0.0 0.0204785535062 238.0 244.0 255.0 -0.147142623158 -0.118515557614 0.0938992173972 0.0388889380092 0.0 
0.0 0.501701336403 0.0 0.0 0.0 1.62391366968 2.18284518826 0.933168121761 0.0 0.0 0.0 0.0 238.0 244.0 254.0 -0.0532434057606 -0.0796266196046 -0.0172357261769 0.0341400768678 0.0 
0.424292245958 0.740581260273 0.931200127305 0.0 0.385455681985 1.77181840582 0.0 0.754832361233 1.25804229929 0.837866552609 0.920579628691 0.771935447439 238.0 244.0 255.0 -0.0704791319375 -0.0454865427368 -0.164733307579 0.211423380771 0.0 
0.0 0.0 0.0 0.0 0.0 0.0 0.421094929882 0.174034387629 0.0 0.0 0.0 0.0 238.0 231.0 254.0 -0.235212439517 0.165936838034 -0.00488916000143 -0.0496743841346 0.0 
0.927959279251 1.81684395081 2.15221208283 2.07119930503 1.6866536293 1.51359031834 0.0 0.122918824387 1.82099217034 2.60596040779 0.0 2.87486289877 237.0 201.0 253.0 -0.240101599518 0.116262453899 0.097231648064 0.0458494825527 0.0 
1.23396557503 3.31127923535 1.34851718527 1.66397326856 1.21763380296 1.64486101322 0.0 1.02376199548 1.36741123911 2.60993394941 1.69271750276 2.51745565114 237.0 179.0 249.0 -0.142869951454 0.162111936452 0.0463406782242 0.064416183933 0.0 
0.0 0.0 0.0 0.691709450376 0.0 0.0 1.64947857125 0.233570272783 0.0 0.0 0.91719939837 0.0 237.0 156.0 238.0 -0.0965292732301 0.226528120385 -0.0410115198945 -0.100839527107 0.0 
0.38255087995 0.422822371787 1.1651399667 1.00356632629 0.228975336377 0.931998131314 0.32037282797 0.620951815216 1.54893072365 1.25216783184 2.21377358806 1.81978775527 237.0 141.0 224.0 -0.137540793125 0.125688593278 0.0303494396716 -0.196838306628 0.0 
0.0 0.0 1.33092431047 0.0 0.0 0.52794231511 1.03750924858 0.258958002709 0.0 0.0 1.25369775742 0.184098142598 237.0 141.0 232.0 -0.107191353453 -0.0711497133499 0.0481381080874 -0.0508177173081 0.0 
0.272167544282 0.0 0.0 0.8797680584 0.0 0.0 0.649006662964 0.0 2.15855939149 0.0 0.0 0.0 237.0 160.0 245.0 -0.0590532453656 -0.121967430658 0.134983492941 -0.0396604288121 0.0 
0.488531079818 0.0 0.606554127266 0.280553834432 0.130743147694 0.113045412158 1.26000998097 0.0242747986894 0.0 0.0 0.0 0.02645851855 237.0 187.0 253.0 0.0759302475756 -0.16162785947 -0.106626452825 -0.126161204412 0.0 
1.49389563677 2.39714204775 0.0383984940812 2.39213662816 0.0 1.82350506114 0.0 1.11689854445 0.920895951525 0.0815587516123 0.0 2.48384084559 238.0 229.0 255.0 -0.0306962052499 -0.287789063882 0.214776112475 -0.0211849665658 0.0 
0.0777934778667 0.0 1.30872665634 0.0 0.114223474106 0.644321886876 1.18638039944 0.0416964334701 0.0 0.0 0.0 0.0 237.0 244.0 254.0 0.184079907225 -0.308974030448 0.019702564766 -0.0436440949738 0.0 
1.30127724557 1.34748419684 3.42459375374 0.908815336774 0.12200902635 0.892146562992 0.0 0.474041838056 0.0 1.1851260424 0.0 0.0994131128077 232.0 247.0 255.0 0.203782471991 -0.333333333333 -0.0763075032758 0.0375642721817 0.0 
0.364449870437 0.0 0.06372247501 0.0 0.512518225714 0.384706378611 0.422485564192 0.131496778461 0.0 0.0 1.18942250411 0.561390247032 228.0 249.0 255.0 0.127474968715 -0.295769061152 0.149325828255 0.0284096285669 0.0 
0.622156958529 0.221339961975 1.30799829424 0.0 0.123204144598 1.21021177271 0.666904064356 0.11831129705 0.0 0.0487979210992 0.0 0.0 213.0 250.0 255.0 0.27680079697 -0.267359432585 -0.0106099769731 -0.183626036686 0.0 
0.0 0.0 0.929608824473 0.438684334345 0.984916825892 0.0 1.43826510295 0.820760462766 0.0 0.0 0.189850194561 0.0 196.0 251.0 255.0 0.266190819997 -0.333333333333 0.0646965694307 -0.0053067586777 0.0 
0.0 0.157907552701 0.0 0.0 0.136150773019 2.16337327766 1.95073975819 0.771379117202 0.0 0.0 0.339874535968 0.0 179.0 251.0 255.0 0.330887389428 -0.333333333333 -0.0987298785622 -0.113482874083 0.0 
0.420242678487 1.0371048211 0.0 0.0 0.0 0.289734822811 1.43201317764 0.0 0.0 0.0 1.3517801758 0.0 162.0 251.0 255.0 0.232157510865 -0.333333333333 -0.0818627518031 0.236252471092 0.0 
2.28348664749 0.599381799933 0.0 0.299386004062 0.0 0.0 1.4212305794 0.428135135046 0.0 0.0 0.359333585096 0.0 145.0 251.0 255.0 0.150294759062 -0.0970808622415 -0.12011057672 -0.164735918219 0.0177134352507 
1.57117806775 0.0 0.0 0.0 0.0 0.0 1.9829579569 0.681369692373 0.0 0.0 0.0 0.0 131.0 250.0 255.0 0.0301841823425 -0.26181678046 -0.0586407334193 0.00798301346273 -0.0177134352507 
1.6108516039 1.77368942102 1.15536872299 1.43892077458 0.917760077289 1.77010060625 0.0 0.937831337115 2.56356373828 0.288795866543 0.126578296992 2.00221575981 127.0 251.0 255.0 -0.0284565510768 -0.253833766997 0.0574072133008 -0.0996183561988 0.0 
0.0 0.0 0.0 0.0 0.0 0.143662163253 1.53271751553 0.141088886694 0.58684836744 0.0 0.694712798722 0.0 129.0 251.0 255.0 0.028950662224 -0.333333333333 -0.0455023462814 0.0134958739183 0.0 
0.170277924761 0.222682728069 0.155959729199 0.0 0.0 0.12936510583 1.81090223517 0.855323404645 0.52890613272 0.0 0.306113000604 0.0 132.0 251.0 255.0 -0.0165516840575 -0.319837459415 -0.0228038071334 0.0877537099062 0.0 
0.312060500199 0.0 2.05679631227 0.309505336909 0.583989785525 0.0 0.320589636013 0.516534917553 0.700234061269 0.587221693263 0.693071053323 0.78247957839 134.0 251.0 255.0 -0.0393554911909 -0.232083749509 -0.058371416325 -0.139422620988 0.0 
0.0 0.0 0.0 0.545378381138 0.52572738304 0.544889681599 1.79750195432 1.16026800712 0.175931920779 0.0 0.0 0.341334185241 142.0 251.0 255.0 -0.0977269075159 -0.333333333333 0.0592167516297 -0.111102365187 0.0 
0.0494015716563 0.0 3.30306459887 0.0 0.0686070818364 0.0 1.36882834772 1.49681442636 0.0 0.0 0.386529865409 0.0 150.0 251.0 255.0 -0.0385101558862 -0.333333333333 0.00866780192906 -0.0104161618149 0.0 
1.99124496617 0.251724313153 3.05059911244 0.0 0.121401936248 1.63485535282 0.112347375158 0.735559299203 1.98099607809 2.63372832676 0.0 2.91573854493 155.0 251.0 255.0 -0.0298423539572 -0.333333333333 -0.0394011982516 -0.0541653263143 0.0 
1.64627869558 1.51478013165 0.332212316962 0.580368003719 0.308803954194 2.39721860316 0.0 1.0508881875 1.71013518296 2.77231085377 0.790789030656 0.768989384456 162.0 251.0 255.0 -0.0692435522088 -0.333333333333 0.0687273322045 -0.10918441747 0.0 
0.0910276015831 0.0 0.530318661108 0.0 0.145071001498 0.1305558301 0.433965952009 0.865512610304 0.265231426638 0.0 0.548871225886 0.0 165.0 251.0 255.0 -0.000516220004292 -0.333333333333 0.117367473128 0.0833035602124 0.0 
0.0 0.0 0.312342394823 0.0 0.0 0.696504092565 1.32961828611 0.863473660553 0.0 0.0 0.414000774 0.0196518818798 165.0 251.0 255.0 0.116851253124 -0.250029773121 0.0937934153999 -0.18893050884 0.0 
0.0 0.736617325935 0.0 1.4571051621 0.136914333752 0.18488383992 1.80467892787 0.183489983568 0.0 0.0 0.788903362666 0.0 165.0 251.0 255.0 0.210644668523 -0.333333333333 0.152013347848 0.0500246044033 0.0 
0.0 1.04203586038 0.0 0.0 0.0667277685601 0.774001199144 0.666591368313 1.4193847935 0.0 0.0 1.21952563104 0.0 164.0 251.0 255.0 0.333333333333 -0.28330872893 -0.00436758222336 -0.234204560427 0.0 
0.0485544681908 0.0 0.203322862143 0.0 0.144170316093 0.0 1.40598343778 0.0 0.0407499641934 0.0 0.52965184659 0.0 165.0 251.0 255.0 0.32896575111 -0.333333333333 -0.0620189899076 -0.0951790393364 -0.0275450748131 
0.0 0.0 1.94200569492 0.126780958622 0.0 0.0 0.529055979825 0.0 0.0 0.0 0.732776321814 1.27180848358 164.0 251.0 255.0 0.266946761202 -0.333333333333 0.0715454845639 0.0450805528355 0.0275450748131 
2.29931258823 1.93535250005 0.660829737741 0.931443407402 0.120231111426 1.16503466871 0.0 0.0755834722088 1.77427595641 2.73435518631 0.0387448276244 1.12639703343 159.0 251.0 255.0 0.333333333333 -0.288252780498 -0.173204731914 0.0712786340519 0.0 
1.38347861535 0.0 0.016696029285 0.0 0.0 0.0 0.890780850276 0.104605993098 0.213575165419 0.0 0.540962450424 1.29490687302 140.0 251.0 255.0 0.160128601419 -0.216974146446 -0.0405128169953 0.057918524427 0.0 
0.621908822237 0.0 0.0 0.0 1.06542937877 1.17216801899 1.16203397654 0.104721878261 0.452568213089 0.0 1.29568744875 0.211517944388 123.0 251.0 255.0 0.119615784424 -0.159055622019 -0.0273134370423 -0.0312276730912 0.0 
