nrollouts: 10
# HEADER 1
0.893364423012 3.76210721259 0.0 1.22870985693 0.0 1.13696788589 0.0 0.377685120836 0.208012390927 1.07656307075 0.115619983575 0.0 133.0 248.0 255.0 0 0 0.00262945864141 -0.0714753894132 0.0 
1.36308026173 1.27766302138 0.192998957686 0.412807858276 0.256071351192 1.49952786359 0.0 0.738099129365 0.0 2.35724954124 0.0 1.95841743442 133.0 250.0 255.0 0.00262945864141 -0.0714753894132 0.0964911452578 -0.0391032167103 0.0 
0.20765335755 2.88694874523 2.75227769028 0.39664697221 0.855277050274 1.29297820033 0.0 0.0 1.49033387177 0.0 0.0 0.328525685936 132.0 250.0 255.0 0.0991206038992 -0.110578606123 -0.111262918549 -0.0916865182116 0.0 
0.970042893028 0.0 0.0 0.0 0.410392682508 0.0 0.44831139209 0.0 0.0 0.0 0.0 0.0 129.0 251.0 255.0 -0.0121423146494 -0.202265124335 -0.0634889682309 0.0579466566137 0.0 
0.0 0.0 0.0 1.03531755905 0.0 0.0 0.327897825444 0.0 0.0 0.0 2.9439136384 0.0 132.0 251.0 255.0 -0.0756312828803 -0.144318467721 -0.141758457996 -0.0391411977736 0.0 
0.582090669575 0.0 0.519526050863 1.458342862 0.0 0.0 0.0 2.21854845465 0.400281501759 3.31787091105 0.61948850075 0.674173274678 148.0 251.0 255.0 -0.217389740876 -0.183459665495 -0.0607630234114 -0.130729033544 0.0 
0.736467350566 1.52810793788 1.15736618564 0.0 0.287685235299 0.0 0.0 1.17941167529 0.788996580705 2.42457636931 0.0 2.14355899873 165.0 251.0 255.0 -0.278152764287 -0.314188699039 -0.0839134104479 0.0856603406477 0.0 
0.0 0.0 0.0 0.0 0.19513576717 0.808151027195 0.354542401204 0.945333251654 1.11606241466 1.04167886509 0.0 0.0 184.0 251.0 255.0 -0.333333333333 -0.228528358391 -0.00177628910245 -0.112948642495 0.0 
0.0 0.242556398784 0.0 0.0 0.0 0.0 0.0 0.0 0.0 0.0 0.0 0.0 204.0 250.0 255.0 -0.333333333333 -0.333333333333 -0.0737028068655 -0.0523264718718 0.0 
0.0 0.0 0.0 0.0 0.0 0.0 0.158286016916 0.131525521687 0.0 0.0 8.49316550462e-05 0.528180245344 223.0 247.0 255.0 -0.333333333333 -0.333333333333 -0.152060589319 0.0458432405489 0.0 
0.0 0.0 0.0 0.0 0.0 0.0 1.17750490533 0.0 0.0 0.0 1.45757359375 0.0 232.0 244.0 254.0 -0.333333333333 -0.287490092784 0.10181284066 0.0180293194679 0.0 
0.580717381014 0.0 0.0 1.03384910289 1.19817736215 3.15220485735 0.0 0.983224453038 0.0 0.79836836689 0.587314704576 2.18867813578 237.0 242.0 254.0 -0.231520492673 -0.269460773317 -0.104867157021 0.22932672491 0.0 
0.0 0.0 0.0 0.0 0.0 0.0 0.0 0.0 0.0 0.0 0.0 0.0 238.0 242.0 254.0 -0.333333333333 -0.0401340484066 -0.0856217477644 0.0979154413231 0.0 
0.0 0.0 0.0 0.0 0.0 0.0 0.0 0.0 0.435997153065 3.26291954447 0.0 0.0 237.0 234.0 253.0 -0.333333333333 0.0577813929165 -0.104706777326 0.164248041858 0.0 
0.0 0.0 0.0 0.0 0.0 0.0 0.256767500501 0.0732594351859 0.0 0.0 0.500108542122 0.0 237.0 206.0 253.0 -0.333333333333 0.222029434774 -0.0548135700543 0.0240232976001 0.0 
0.0 0.635884687316 0.0307023173969 1.01575639047 0.024015537508 0.0 0.270529882685 0.126971547308 0.724488271124 0.513767963433 0.0194690635669 0.00622311309049 237.0 175.0 249.0 -0.333333333333 0.246052732374 0.208338888137 0.0147114166514 0.0 
0.0 0.656915398506 1.68021655589 0.0 0.201575313739 0.391417308376 0.0 0.0 1.19808358502 2.05238014373 0.0 0.0 237.0 153.0 236.0 -0.124994445196 0.260764149026 0.140643812755 0.0105180773198 0.0 
0.711502725482 1.45577661569 1.18139150479 0.0 0.0 0.792232383283 0.0 0.604935850189 1.11665507988 0.87197911922 0.0 1.50130375434 237.0 133.0 217.0 0.015649367559 0.271282226345 -0.0616656285441 -0.247044015224 0.0 
0.0 0.0 1.54246117502 0.0 0.773850951235 0.0 0.0 0.0 0.544476904661 0.0 0.0 0.0 237.0 125.0 208.0 -0.0460162609851 0.024238211121 -0.00990639702442 0.0551050086549 0.0 
0.0 0.0 0.474008216608 0.0 0.0 0.0 0.0 0.0 0.843018597928 0.0 0.534019660188 0.0 237.0 120.0 197.0 -0.0559226580095 0.079343219776 0.0677648875271 0.0359144688954 0.0 
1.01187433672 0.812987219998 0.0 0.167438675003 0.162380657707 1.45246775457 0.0 0.0 0.0067901090129 0.0 0.0375591473417 0.813872193368 237.0 114.0 180.0 0.0118422295176 0.115257688671 -0.104842959112 -0.031053456347 0.0 
0.0 0.0 0.0 0.0 0.0 0.0 2.13610502796 0.0 0.0 0.0 1.14193405335 0.0 237.0 116.0 158.0 -0.0930007295946 0.0842042323243 0.126709917252 -0.0993161087368 0.0 
0.0 0.0 0.0 0.0 0.182703571238 0.0 1.64641903146 0.0 0.0 0.0 0.0 0.0 234.0 118.0 162.0 0.0337091876573 -0.0151118764125 -0.00345981168301 -0.09370823802 0.0795532856895 
0.0 0.0 0.0 0.0 0.0 0.0 0.730754930499 0.57234162753 0.0 0.0 0.0 1.31403454268 232.0 118.0 195.0 0.0302493759743 -0.108820114433 0.0325348394571 0.0103379153003 -0.0182836667064 
0.991215334444 0.0 0.0 0.0 0.0546541011634 1.37990851669 1.35562289459 0.0 0.655551478645 0.0 0.348424825219 0.34237936625 232.0 131.0 220.0 0.0627842154313 -0.0984821991322 -0.0639930719118 0.104632299845 -0.0612696189831 
0.89751370883 1.59388570654 2.06765619156 0.166599165243 1.03111951589 3.27910902341 0.0 0.509702687941 1.32110268252 0.49379780944 0.862318089921 0.193525861527 231.0 136.0 227.0 -0.00120885648052 0.00615010071316 -0.109009783541 -0.0538105985922 0.0 
0.0 0.0 0.0 0.0 0.0 0.0 0.369361210608 0.0 0.0 0.0 0.0 0.0 231.0 142.0 235.0 -0.110218640022 -0.0476604978791 0.0299360705716 0.10676953618 0.0 
0.570394337918 0.875585443379 1.07574203653 0.0 0.984842823975 0.0 0.0 0.040035550785 1.14495521432 1.52818146882 0.798012545829 2.13338870651 232.0 145.0 231.0 -0.0802825694502 0.0591090383014 0.017970395397 -0.193405309921 0.0 
0.0 1.61095493754 1.23448849672 0.0 0.720310999205 0.718660814778 0.0 0.0 0.798993000089 2.31963559482 0.414845264219 0.136317546341 234.0 148.0 241.0 -0.0623121740533 -0.134296271619 9.76608319929e-05 -0.105065206974 0.0 
0.0 0.0 0.0 1.56030218018 0.0 0.0 0.290046121919 0.0 0.0 0.0 0.764692712607 0.0 236.0 173.0 253.0 -0.0622145132213 -0.239361478593 -0.0680062619725 0.00112494840254 0.0 
0.378511290068 0.504884890121 0.733374471561 0.0 0.0 0.0 0.0 0.894360117878 0.33258864282 0.259547422388 0.0 0.0 237.0 213.0 254.0 -0.130220775194 -0.23823653019 0.0425510814693 0.014873364373 0.0 
0.816236976595 1.08846689809 0.842574379884 0.0 2.40823895537 0.282683511257 0.0 1.77698868401 0.225890676914 2.29324286015 0.0780371248056 0.0 237.0 243.0 255.0 -0.0876696937245 -0.223363165817 0.176975943501 -0.192481357592 0.0 
0.0 0.0 0.0 0.0 0.0 0.0 0.0455102986925 0.0 0.0 0.0 0.62679992759 0.316032346371 237.0 243.0 255.0 0.0893062497766 -0.333333333333 0.0451150669148 0.0847134384655 0.0 
0.0 0.693109172936 0.0 0.688076965628 1.01688406646 0.564160566668 0.0 0.0 0.904450418375 1.52519109036 0.0 1.73942595395 232.0 245.0 255.0 0.134421316691 -0.248619894868 0.022256332915 0.0799816546961 0.0 
0.0 0.0 0.0 0.443596151646 0.701988484736 0.0 0.0 1.80645455013 2.1549861516 2.19527368542 0.0 0.0 227.0 249.0 255.0 0.156677649606 -0.168638240172 -0.117704601071 0.045541429401 0.0 
0.0 0.0 0.0 0.0 0.0 0.0 0.0 0.0 0.0 0.0 0.0 0.0 220.0 250.0 255.0 0.0389730485358 -0.123096810771 0.10432007305 0.0470825995605 0.0 
0.0 0.0 0.0 0.0 0.784685269179 0.0 0.0 0.0 0.0 0.958203005426 0.0 0.0 215.0 251.0 255.0 0.143293121585 -0.0760142112103 0.000487371286409 0.130969699951 0.0 
0.0 0.673753071962 0.151031344912 0.0 0.0 0.0 0.0 0.255483304723 1.1471311035 3.39184049103 0.0 2.03098069697 203.0 250.0 255.0 0.143780492872 0.0549554887411 -0.0540567496682 -0.12940864298 0.0 
0.0 0.0 0.0 0.149453763241 0.0 0.237530958953 0.0 0.0 0.0 0.0 0.100070140139 0.0 190.0 251.0 255.0 0.0897237432036 -0.0744531542385 0.0788304597286 -0.155294330476 0.0 
0.0 0.0 0.0 0.0 0.0 0.0 0.461109135587 0.0 0.0 0.0 0.0 0.0 176.0 251.0 255.0 0.168554202932 -0.229747484714 0.0421254605745 0.0609622915861 0.0 
0.0 1.78882486197 0.0 0.0 0.319532625788 2.4789872697 0.0 0.0 2.83194046284 0.994940132508 0.0 1.45210440731 162.0 251.0 255.0 0.210679663507 -0.168785193128 -0.0654314408976 -0.0665196710369 0.0 
0.0410364320776 0.0 0.0 0.205286067524 0.0 0.618809171107 0.476780836719 0.677258780732 0.0 1.0340011431 0.565476662438 0.0 147.0 251.0 255.0 0.145248222609 -0.235304864165 0.0687918541685 0.0550084266415 0.0 
0.549329056167 1.02608655053 0.0 0.223795135916 0.961227340888 0.0 0.0 0.0 0.658310564848 2.47590964459 0.0 4.27597993129 132.0 251.0 255.0 0.214040076778 -0.180296437524 0.260777147421 0.0801497943233 0.0 
0.0 0.210677382845 0.39132220182 0.0 0.710211922904 0.192345633661 0.049989286241 0.0 0.0 0.266370513259 0.0 0.0 120.0 252.0 255.0 0.333333333333 -0.1001466432 0.118982676479 -0.0234482441152 0.0 
0.0 0.186240105925 1.3889585679 0.613314260805 0.0 0.0 0.0 0.0 0.192044188183 1.73964471368 0.0 0.0 118.0 254.0 255.0 0.333333333333 -0.123594887315 -0.123658323343 -0.0299692196429 0.0 
0.0 0.0 0.0 0.0 0.295342455763 0.0 1.23136222053 0.0 0.0 0.0 0.0 1.43060477779 115.0 255.0 255.0 0.20967500999 -0.153564106958 -0.134762749441 -0.122034251013 0.0 
0.0 0.840077496239 2.65966771974 0.0 0.0 0.185639691112 0.0 0.403145221446 0.575723022118 2.31801116336 0.985390058478 4.14744151253 113.0 255.0 255.0 0.0749122605487 -0.275598357971 0.107952018774 0.0831086678179 0.0 
0.0 3.60702401144 2.7450182987 0.221449125013 0.0 1.23756154353 0.0 0.914453104995 0.904740663393 0.632340754892 0.0 4.52572374282 110.0 255.0 255.0 0.182864279323 -0.192489690153 0.110694873338 -0.102785361649 0.0 
0.0 2.39957258822 2.93758214832 0.0 0.0 0.0 0.150260166557 1.15987049789 0.0 0.25907507776 4.42481241971 2.45506876723 108.0 255.0 255.0 0.29355915266 -0.295275051802 -0.051912985563 -0.0242094279082 0.0 
0.0 3.70166108394 3.42568330826 0.0 0.0 0.0 0.0 0.0118334643609 0.0 0.0 4.58875531122 2.64823903214 106.0 255.0 255.0 0.241646167097 -0.31948447971 0.0925912191915 0.0381652326936 0.0 
0.0 4.95141903907 5.90134413379 0.0 0.0 0.0 0.0 2.62308089892 0.0 2.30427623289 6.21953315905 4.81777526098 105.0 255.0 255.0 0.333333333333 -0.281319247016 0.0643836335493 -0.0939517433955 0.0 
0.0 4.00753080028 7.37802292487 0.302755748452 0.50791902529 0.390360817632 0.0 3.74808375513 0.954501234225 1.61906940572 5.14694981173 3.67803923743 104.0 255.0 255.0 0.333333333333 -0.333333333333 -0.086690285999 0.147879672428 0.0 
0.0 2.12498989407 4.54138540848 0.0 0.278985060961 2.04200573427 0.272013621446 0.1370234717 0.0 0.0 10.5496259206 3.80584159792 103.0 255.0 255.0 0.246643047334 -0.185453660906 -0.116105904576 -0.13715234755 0.0 
0.0 1.77943173565 5.91493973628 0.0 0.0 0.918384808998 0.0 1.32354759812 0.0 0.0 7.11533648021 3.84948157426 103.0 255.0 255.0 0.130537142758 -0.322606008456 0.0291567055862 -0.00275466408901 0.0 
0.0 1.90466593827 6.10489107975 0.0 0.0 1.11753351815 2.16019707946 0.900098633588 0.0 0.0 7.10820103551 4.95688080408 103.0 255.0 255.0 0.159693848344 -0.325360672545 -0.137749352963 0.020572731705 0.0 
0.0 6.47347258991 7.40796582441 0.528006299778 0.0 2.49846964496 0.0 2.17769451685 0.0 1.44679899616 5.73903989644 6.086999687 103.0 255.0 255.0 0.0219444953814 -0.30478794084 -0.0275358987306 -0.107635288019 0.0 
0.0 2.94827279077 6.40292774677 0.0280301635414 0.0 1.57166457977 0.0 3.2630091962 0.0 0.0 7.37456643981 3.91101439124 103.0 255.0 255.0 -0.00559140334923 -0.333333333333 0.13790938887 0.0559369637136 0.0 
0.0 1.98885063378 4.93728598486 0.0 0.0 1.9222225548 1.99267310518 3.04260600883 0.0 0.0 8.60127016169 3.77766915797 103.0 255.0 255.0 0.132317985521 -0.27739636962 0.140903063425 -0.0037379220514 0.0 
0.0 6.12664984474 6.07530611326 0.0 0.0760976551148 3.5071713391 0.0 4.73374570834 1.77687523535 2.35555848667 10.2672385221 5.9633391229 103.0 255.0 255.0 0.273221048946 -0.281134291671 0.0238419529774 0.0247146397009 0.0 
0.0 4.93610364187 7.7789171043 0.0 0.0 2.70918181233 0.0 1.31113407566 0.0 2.83232814906 8.98016676398 5.76033982484 102.0 255.0 255.0 0.297063001924 -0.25641965197 0.0822235316446 0.0393250854078 0.0 
0.0 2.17764715163 6.51958674405 0.0 0.0 0.157710712764 0.415158450602 2.21843870532 0.0 0.0 8.36994118297 7.39880277807 102.0 255.0 255.0 0.333333333333 -0.217094566562 -0.115667056704 -0.0361442893563 0.0 
0.0 3.61337893677 7.88487776438 0.0 0.0 2.77543577194 0.0 5.202218868 0.0 4.12878905489 8.20373687232 5.49853587277 102.0 255.0 255.0 0.21766627663 -0.253238855919 -0.0114116207504 0.0345805814169 0.0 
0.0 6.97922519049 8.96915578498 1.23847664644 0.0 2.46747889253 0.0 2.76513126706 0.815496958638 2.10823654263 8.43231781698 8.42436207084 101.0 255.0 255.0 0.206254655879 -0.218658274502 -0.0687735769245 -0.0016962983598 0.0 
0.0 7.73351443951 8.03296159732 0.0 0.0 4.5884441506 0.0 2.38069971578 0.824328695889 2.02843178641 9.22545552904 6.39889837919 101.0 255.0 255.0 0.137481078955 -0.220354572862 -0.0313395164454 -0.0705118042394 0.0 
0.0 7.37594072277 9.07918238694 0.0 0.0962733764248 3.21062875463 0.0 3.28305374116 0.0 2.36259359613 6.89875561781 5.83892160523 101.0 255.0 255.0 0.106141562509 -0.290866377101 0.0276480113887 -0.0336424848014 0.0 
0.0 2.64515236116 6.30800769295 0.0 0.0 3.38899699498 2.18445540715 0.311601988629 0.0 0.0 10.3782626012 4.35893404969 101.0 255.0 255.0 0.133789573898 -0.324508861902 0.0587563954488 0.0117304432161 0.0 
0.0 3.4694553023 6.12159143273 0.0 0.0 0.0516783040668 2.30336980226 2.40041954032 0.0 0.0 8.12046616423 5.18951744926 101.0 255.0 255.0 0.192545969347 -0.312778418686 0.0361428672126 -0.0521168041708 0.0 
0.0 4.04844835858 6.24825910261 0.0 0.0 0.925035721335 0.0 1.7429220765 0.0 0.0835870372133 9.0766127185 7.80913319492 101.0 255.0 255.0 0.228688836559 -0.333333333333 0.0293183967008 -0.181368233104 0.0 
0.0 3.96112747662 6.97985920104 0.0 0.0 0.0 0.347939009921 2.07374714452 0.0 0.0 8.83465487424 4.83252784684 101.0 255.0 255.0 0.25800723326 -0.333333333333 -0.0946082564471 0.0930842892893 0.0 
0.0 4.33101408507 8.59890632588 0.0 0.0 3.67670495954 0.0 4.82472958436 0.0 3.29583824897 8.0614113262 6.21081952916 101.0 255.0 255.0 0.163398976813 -0.240249044044 0.0506520683476 -0.193730829772 0.0 
0.0 5.89168927002 6.72832281079 0.0 0.0 2.16006559627 0.0 3.18782365739 0.264811145975 2.59927994724 8.92491491715 7.24885844379 101.0 255.0 255.0 0.214051045161 -0.333333333333 -0.0325695462949 -0.0091008017168 0.0 
0.0 6.16609609301 9.16022207528 0.104554988105 0.0 1.64843497943 0.0 2.87714587531 0.0 1.25949070635 8.6124516949 7.03191935093 101.0 255.0 255.0 0.181481498866 -0.333333333333 0.061989303023 0.0185620903117 0.0 
0.0 2.30833774732 6.0740553408 1.04744679794 0.0 4.49914513885 0.500550392558 2.93867114876 0.0 0.0 9.48331307829 7.41177500503 101.0 255.0 255.0 0.243470801889 -0.314771243022 -0.0276436910274 -0.223625617282 0.0 
0.0 5.03866116082 7.36814015821 0.0 0.0 1.04238051989 0.0 3.06444030551 0.0 0.0 8.76655197262 5.80906595143 101.0 255.0 255.0 0.215827110861 -0.333333333333 0.111416808412 0.0287701487592 0.0 
0.0 3.93263609605 7.77989096078 0.0 0.0 1.38286864673 0.0 4.5030469784 0.0 1.43474230616 7.5983865853 7.44010518237 101.0 255.0 255.0 0.327243919273 -0.304563184574 0.160111007607 -0.0334629820087 0.0 
0.0 7.09927347852 8.92791977501 0.779477238999 0.0 3.7917296618 0.0 3.71181213996 0.0 3.69076399856 9.77143510982 8.00901114928 101.0 255.0 255.0 0.333333333333 -0.333333333333 -0.0117055683783 -0.0219344146035 0.0 
0.0 5.77417017427 8.10673684243 0.0 0.0 1.73154274182 0.0 3.77915698591 0.0 3.37047188278 9.49730356974 6.31813635802 101.0 255.0 255.0 0.321627764955 -0.333333333333 -0.067229787313 0.155401733453 0.0 
# HEADER 2
0.0 0.0 0.0 0.0 0.0 0.957212700021 1.37287793376 0.0 0.0 0.0 1.67552980634 0.0 133.0 247.0 254.0 0 0 -0.0693611440453 0.112443649149 0.547178049334 
0.0 0.0 0.967578529285 0.00621847958562 1.10784601571 0.0 0.0 0.0 0.114180861163 0.0 0.543695456273 1.12268294556 133.0 236.0 254.0 -0.0693611440453 0.112443649149 -0.0860543818318 0.0266811781547 0.00576606236696 
1.44328785516 3.30553902583 1.96242012122 0.560006754204 0.0 0.667537209254 0.0 0.771879922683 0.0 2.88060072931 0.0 1.24381527144 134.0 234.0 241.0 -0.155415525877 0.139124827304 -0.0382965761986 0.071696171511 0.0 
0.0 0.0 2.06235980086 0.508197845086 0.207940127276 1.05668197362 0.0 0.181919917115 2.96511240179 3.04142899494 1.56659962201 2.54291774992 145.0 228.0 214.0 -0.193712102076 0.210820998815 0.0522374714808 0.1241739514 0.0190508124169 
0.521426022587 1.31792254739 1.1549881211 0.0817684047917 0.249688997435 2.15914900958 0.0 0.835179574544 1.04311163519 3.45879712595 2.90019745796 1.71890930801 162.0 218.0 174.0 -0.141474630595 0.333333333333 -0.102122314238 -0.0564154745071 0.0753880407745 
0.0 1.02438119334 0.0 0.0 0.0 3.09101129431 1.369277242 1.76987526701 0.225344848783 0.0 0.626105483696 0.0 179.0 206.0 135.0 -0.243596944833 0.276917858826 0.019247578927 0.0438878958471 0.10930666974 
0.0 0.0 0.0 0.0 0.0 0.0 3.96469137915 0.69001298441 0.0 0.0 0.0 0.0 196.0 189.0 97.0 -0.224349365906 0.320805754673 0.120679676428 -0.145610215818 0.175512476846 
0.0 0.0 0.0 0.0 0.0 0.0 4.21066436276 0.0 0.0 0.0 0.0 0.0 209.0 169.0 74.0 -0.103669689478 0.175195538855 -0.00702551793768 0.072443860889 0.18923363381 
0.0 0.0 0.0 0.0 0.0 1.95338677139 1.36716616591 2.69139662741 0.0 0.0 0.00222615707005 0.0 222.0 144.0 56.0 -0.110695207416 0.247639399744 -0.0800231628891 -0.0717591263601 0.148773932181 
0.0 1.16830574114 0.0 0.0 0.0 0.0 1.37110921009 0.0 0.0 0.0 2.20410797268 0.0 230.0 109.0 51.0 -0.190718370305 0.175880273384 0.0498137031744 0.0197664279195 0.19719748242 
0.0 0.0 0.345694061108 0.0 0.0 0.0 0.398063973083 0.0 0.0 0.0 0.0 0.0 230.0 78.0 52.0 -0.140904667131 0.195646701303 -0.0449175466592 -0.0449650129379 0.203075131448 
0.0 0.0 0.690679305165 0.0 0.0 0.0 0.147718277144 0.0 0.516622947531 0.676111247573 0.00970372291791 0.187261288897 230.0 58.0 51.0 -0.18582221379 0.150681688365 -0.0748966460498 0.000444077889938 0.168813568296 
0.0 0.0 0.0 0.0 0.0 0.0 0.209424296522 0.523763141731 0.0 0.0 0.660835234414 0.0 230.0 43.0 49.0 -0.26071885984 0.151125766255 0.114679789727 -0.0630421027473 0.0627365850121 
0.0 0.645470688219 0.0 0.0 0.710148639098 0.0 0.0 0.0 0.0 0.0 0.29225302509 1.2742623398 231.0 39.0 46.0 -0.146039070113 0.088083663508 -0.127401459546 0.175824720224 0.0 
# HEADER 3
0.0 0.517067012358 0.0647751192038 0.0 0.0 1.19972791249 0.0 0.0 0.680225775708 2.44192183174 0.0 0.0 131.0 249.0 255.0 0 0 -0.197516180356 0.00870523518705 0.0 
0.0 0.0 0.0 0.0 1.10740512057 0.0 1.38707983961 0.0 0.0 0.0 1.29839369699 0.0 131.0 248.0 255.0 -0.197516180356 0.00870523518705 -0.217178769634 0.0795411398754 0.0 
0.0 0.0 0.0 0.0 0.0 0.0 0.672309938378 0.32353400406 0.0309264811791 0.0 0.891459319046 0.0 144.0 225.0 254.0 -0.333333333333 0.0882463750625 -0.0491701497933 -0.111167649171 0.0 
0.0 0.997514343924 2.03575185071 0.0 0.0792459111679 0.0 0.0 1.60175009395 0.0 2.24856971474 0.52560738252 1.9800392829 165.0 212.0 254.0 -0.333333333333 -0.022921274109 0.00860879103017 -0.127535568318 0.0 
0.0 3.45638341433 1.21978938498 1.11005500951 0.0 0.789191643599 0.0 1.36143342581 0.86067541603 3.26963198006 1.07685059001 3.30576169729 186.0 224.0 255.0 -0.324724542303 -0.150456842427 -0.201758843017 0.0419895502627 0.0 
0.0 0.0 0.0 0.0 0.0 0.0 1.4262925202 0.810126377493 0.0 0.0 1.10885903038 0.0 206.0 238.0 255.0 -0.333333333333 -0.108467292164 -0.0429792431996 -0.029404690849 0.0 
0.0 0.0 0.0 0.0 0.0 0.0 0.0 0.0 0.35324790049 0.197727860174 0.0 0.0 226.0 247.0 255.0 -0.333333333333 -0.137871983013 -0.0203367494709 -0.00937530650245 0.0 
0.352891894706 0.444891782433 0.0 0.0 0.0 0.00618537054918 0.0 0.0 1.26374012768 3.61668305835 0.0 0.0 233.0 245.0 254.0 -0.333333333333 -0.147247289516 -0.0455653025388 -0.0960569035067 0.0 
0.703686593708 0.694127641059 0.0 0.64313542989 0.471236287591 0.852155111978 0.0 0.989141747609 0.224166073392 3.17208089534 0.0 0.0 237.0 244.0 254.0 -0.333333333333 -0.243304193023 -0.0420085914949 0.0862368125838 0.0 
0.0 0.0 0.0 0.0 0.0 0.0 0.401707871284 0.69526438753 0.137228812986 0.0 0.0 0.0 237.0 243.0 254.0 -0.333333333333 -0.157067380439 0.187046571118 0.113340303918 0.0 
0.248139161014 1.71746545379 0.0 0.0 0.529554213637 2.2728070921 0.0 0.0 1.62089116362 1.77049405022 0.0 0.0 238.0 244.0 255.0 -0.146286762215 -0.0437270765212 -0.0315248762299 -0.0637302162957 0.0 
0.507622342841 1.74122048988 0.523707769079 0.0 1.5058534596 1.55085753967 0.0 0.0 1.19616271241 1.15230312525 0.0 1.54578842329 238.0 244.0 255.0 -0.177811638445 -0.107457292817 0.0904747242254 0.00649301709523 0.0 
0.438839355435 0.0 0.0 0.0 0.0 0.0 0.485055898449 2.36415574789 0.116910656716 0.0 4.92300657186 0.0 238.0 244.0 255.0 -0.0873369142199 -0.100964275722 -0.0279554479832 -0.0638810004045 0.0 
0.0 1.18147201925 1.91438350921 0.0 0.853350510835 0.968620862469 0.0 0.374495330629 1.39942630685 1.78159316578 0.164933641593 1.21645278902 238.0 244.0 255.0 -0.115292362203 -0.164845276126 0.00955145454628 0.15320552304 0.0 
0.0 0.247681929047 0.0877364825449 0.0 0.0 0.0 0.0 0.0 0.055916944227 0.0 0.0 0.0 238.0 244.0 255.0 -0.105740907657 -0.0116397530864 0.0770760183383 -0.0615235448814 0.0 
0.0 0.914453741998 0.663947588359 0.418601900676 0.907863388229 0.396274417837 0.0 0.0 0.961200489551 3.24083324105 0.327268144489 0.0 238.0 244.0 255.0 -0.0286648893185 -0.0731632979678 -0.183079588222 0.0184567212536 0.0 
0.0188267889191 0.0 0.0 0.0 0.0 0.225396074422 0.2206284191 0.550157437237 0.0 0.160475681122 0.272839012756 0.0 238.0 244.0 254.0 -0.21174447754 -0.0547065767142 -0.0282519975681 -0.0428867303315 0.0 
0.0 0.687242590552 0.556736991295 0.440873608205 0.323901650188 0.0 0.0 0.541833042524 1.22219598176 2.9163783972 0.528017564871 0.932297942484 238.0 244.0 254.0 -0.239996475108 -0.0975933070456 -0.0647769451309 -0.0428599608741 0.0 
0.0 0.0 0.0 0.0 0.0 0.249034346449 0.0 0.680967192102 0.0 0.0 0.522220402924 0.284472033008 238.0 244.0 254.0 -0.304773420239 -0.14045326792 0.07215426097 -0.0612164036673 0.0 
0.0 0.0 0.0 0.0 0.0 0.0 0.435042396031 0.0 0.0 0.0 0.334473197817 0.0 238.0 244.0 254.0 -0.232619159269 -0.201669671587 -0.200378625524 -0.0170951552788 0.0 
0.0 0.0 0.0 0.0 0.0282748896103 0.0 0.220699300869 0.0 0.0 0.0 0.0 0.0 238.0 244.0 254.0 -0.333333333333 -0.218764826866 -0.0261528644137 -0.0509668079716 0.0 
0.0 0.0 0.0 0.0 0.697866238733 0.0 2.14147033763 0.0 0.0 0.0 0.951054455564 0.0 238.0 244.0 255.0 -0.333333333333 -0.269731634838 0.0349577193038 0.111713913332 0.0 
0.0 0.668890397153 0.0 0.0 0.0 0.844812614968 0.0 0.23792492732 0.787324521553 0.0 0.0 0.0 238.0 244.0 255.0 -0.29837561403 -0.158017721506 0.0583907964752 -0.0704303542101 0.0 
0.0 0.0 0.0 0.0 0.0 0.0 0.383861264622 0.0 0.0 0.0 1.21697515904 0.0 238.0 244.0 255.0 -0.239984817554 -0.228448075716 -0.00247272117847 -0.163092499423 0.0 
0.595635416537 0.59966436477 0.631259358974 0.0 1.00532202431 0.0 0.0 0.749979285415 0.449861107098 1.65352374073 0.0 0.0 238.0 244.0 255.0 -0.242457538733 -0.333333333333 -0.0148451160853 -0.0514791406045 0.0 
0.0 0.0 0.0 0.0 0.0 0.251003044619 0.589050384851 1.11925838185 1.56993210016 0.0 0.0 0.162301796475 238.0 244.0 255.0 -0.257302654818 -0.333333333333 -0.168015566074 0.0333373218501 0.0 
1.52096631571 0.693466041272 0.98156963641 1.451819346 0.0 1.51730227178 0.0 0.0 2.10206899558 4.50773158928 0.0 1.26161466667 238.0 244.0 255.0 -0.333333333333 -0.299996011483 -0.112956803792 -0.0149432590921 0.0 
0.0 0.0 0.159961018251 0.7385678088 0.0 0.0 0.0 0.0 1.06562714366 0.757314678513 0.0 0.258394893616 238.0 244.0 254.0 -0.333333333333 -0.314939270575 0.0822951482004 -0.131782840619 0.0 
0.0 0.0472339494293 0.37711551562 0.0 0.159580870867 0.0 0.0330071939088 0.0 0.0 0.0 0.0 0.0 238.0 244.0 254.0 -0.251038185133 -0.333333333333 -0.0656555665621 -0.0787594751432 0.0 
0.0410703970618 0.403629299382 0.0 0.0 0.0 0.0 0.0 0.296530030531 0.0 0.0883930601082 0.56778953037 0.267734395958 237.0 243.0 254.0 -0.316693751695 -0.333333333333 -0.142816455522 0.0151270002271 0.0 
0.0 0.0 0.0 0.0 0.0 0.0 1.34133806783 0.0 1.05626350169 0.0 0.0 0.151879082818 238.0 244.0 254.0 -0.333333333333 -0.318206333106 0.0848589010836 -0.0578598690512 0.0 
0.0 0.0 1.36224036494 0.0 0.0 0.0 1.18682789799 0.560645169686 0.0 0.0 0.0 0.0 238.0 244.0 254.0 -0.24847443225 -0.333333333333 -0.145647590182 0.00662863333486 0.0 
0.0 0.286453768995 0.0 0.0 0.0 0.0 1.02170555251 0.0 0.0 0.0 1.52632844401 0.224799981901 237.0 244.0 254.0 -0.333333333333 -0.326704699998 0.191264586562 -0.0929170153019 0.0 
0.0 0.0 0.0 0.116331052196 0.0 0.300506625237 0.525236880305 0.727792502147 0.0 0.481667293489 0.796311365917 0.789683584715 238.0 244.0 255.0 -0.142068746772 -0.333333333333 0.135507698619 0.0538302575218 0.0 
0.622169364471 3.13287356604 2.86064862002 0.530729252725 0.0 2.80438202393 0.0 0.0 1.12472007408 1.68944339145 0.0 1.35463286812 238.0 244.0 255.0 -0.00656104815305 -0.279503075812 0.0583363095046 0.16332403443 0.0 
1.21826012141 0.397103595095 0.0 0.477120367062 0.357127905662 0.468037052187 0.0 0.735482180423 0.436334993359 3.61961953113 0.0 1.27586841412 238.0 244.0 255.0 0.0517752613516 -0.116179041382 -0.0275982556977 0.0473224426969 0.0 
0.678131671352 0.219562099728 0.0 0.560553158566 0.0 0.0 0.0 0.0 3.80652456539 0.0 0.0 1.38401738271 237.0 244.0 255.0 0.0241770056539 -0.0688565986851 0.0320725321971 0.0710892955798 0.0 
0.0 0.0 0.104753046562 0.615954212192 0.0 0.0 0.227108348891 1.09130929196 0.0 0.0 2.1493701657 0.0 234.0 245.0 255.0 0.056249537851 0.00223269689479 0.0444172909805 -0.0847727564773 0.0 
0.0 0.413178814357 0.0 0.0611813498793 0.0 0.149908989497 0.0 0.0 1.25121666679 3.04389259099 0.0 0.0 231.0 245.0 254.0 0.100666828831 -0.0825400595825 0.0179555939739 -0.116880173407 0.0 
0.0 0.0 0.514283698385 0.215038121357 0.891050994704 0.951810622897 0.0 0.0 0.0 1.87490651342 0.0 0.0 230.0 246.0 254.0 0.118622422805 -0.19942023299 -0.0510606670854 -0.0393717846211 0.0 
0.0 0.0 0.0 0.0 0.0 0.0 0.0 0.0 0.075025170038 1.16255162502 0.0 0.0 219.0 250.0 255.0 0.0675617557199 -0.238792017611 -0.0413540093853 -0.0214598977524 0.0 
0.0 0.0 0.0 0.0 0.0 0.0 0.0 0.0 0.155543658076 2.45311461572 0.0 0.0 213.0 250.0 255.0 0.0262077463346 -0.260251915363 0.0885948478959 -0.0828454100904 0.0 
0.0 0.0 0.0 0.0 0.0 0.0 0.0 0.0 0.0 1.25164166269 0.0 0.0 204.0 251.0 255.0 0.114802594231 -0.333333333333 0.0828493537095 -0.0847226850361 0.0 
0.0 0.0 0.0 0.0 0.0 0.0 0.0 0.0 0.220178504589 1.49194594733 0.0 0.0 192.0 251.0 255.0 0.19765194794 -0.333333333333 -0.0208712929946 0.0505122955449 0.0 
0.0 0.0 0.0 0.0 0.0 0.0 0.0 0.0 0.0 0.267744679443 0.0 0.0 180.0 252.0 255.0 0.176780654945 -0.282821037788 0.089222490204 -0.0461269657029 0.0 
0.0 0.0 0.0 0.0 0.0 0.0 0.0 0.0 0.0 0.0 0.0 0.0 163.0 252.0 255.0 0.266003145149 -0.328948003491 0.141116569758 -0.128985542555 0.0 
0.0 0.0 0.0 0.0 0.0 0.0 0.0 0.0 0.0 0.0 0.0 0.0 142.0 252.0 255.0 0.333333333333 -0.333333333333 -0.0366173797069 0.0183738015534 0.0 
0.0 0.0 0.0 0.0 0.0 0.0 0.0 0.0 0.0 0.0 0.0 0.0 123.0 251.0 255.0 0.296715953626 -0.31495953178 -0.164780049546 0.0656457816976 0.0 
0.0 0.0 0.256757817601 0.442064226322 0.0 0.293191188432 0.0 0.0 1.15574929142 2.1840653781 0.0 1.2708066015 117.0 253.0 255.0 0.13193590408 -0.249313750082 -0.143843052546 -0.192282060977 0.0 
0.591554273019 1.58645167076 0.474858004659 0.0 0.928927087348 2.08382491394 0.0 0.575477235651 0.935015369048 1.93974860346 0.52415170364 1.67490689368 116.0 254.0 255.0 -0.0119071484656 -0.333333333333 -0.107514582633 0.00552926630545 0.0 
0.854491896214 0.0 0.0 0.0 0.0 0.0 0.0 0.0 0.553401165017 1.62002878356 0.553409722834 0.0 117.0 253.0 255.0 -0.119421731098 -0.327804067028 0.081146551858 -0.056106540554 0.0 
0.0 0.0 0.0891788488717 0.255080392235 0.0 0.858013105374 0.0148734948058 0.182786199587 0.0 1.14696734036 0.566459924193 0.0 124.0 252.0 255.0 -0.0382751792403 -0.333333333333 0.0394794002608 0.092623644516 0.0 
0.0 0.161680228573 0.0 0.0 0.164005737108 0.0 3.23140830123 0.0 1.89284228231 0.0 0.0 0.0 130.0 252.0 255.0 0.00120422102042 -0.240709688817 -0.0469361930121 0.0901394516101 0.0 
0.0 0.0 0.0 0.0 0.0 0.0 1.96357584397 0.0 0.0 0.0 0.357632516513 0.0 137.0 252.0 255.0 -0.0457319719917 -0.150570237207 -0.0497821416611 -0.0595904869068 0.0 
0.0 0.0 0.0 0.0 0.0 0.0 0.00909743678811 0.570177654805 0.0 0.0 0.599480879478 0.0 147.0 252.0 255.0 -0.0955141136528 -0.210160724114 0.00230182673916 -0.145269810364 0.0 
1.23133835757 2.48168446873 0.647655332041 0.0 2.29093785393 2.85239257656 0.0 2.27948509748 1.71454036926 3.15285719515 0.00605147688997 0.806724943247 160.0 253.0 255.0 -0.0932122869136 -0.333333333333 -0.0260002732039 -0.0293019436323 0.0 
1.78044230041 1.51029667559 0.265895157483 0.736677334083 0.36331712549 0.0827634411468 0.0 0.0 0.264916768827 1.86423194325 1.39726956697 2.15402167201 173.0 253.0 255.0 -0.119212560118 -0.333333333333 -0.0185043430502 -0.0276558468185 0.0 
0.22465805192 0.068606415146 0.223845190841 0.0 0.0809913977092 0.0 0.0 0.881167799687 1.08091287448 2.28672246455 0.499246839883 0.265089400877 186.0 252.0 255.0 -0.137716903168 -0.333333333333 -0.00989409634143 0.110236810783 0.0 
0.0 0.0 0.0 0.0 0.0 0.0 0.0 0.0 0.250053386387 1.73744355066 0.0 0.0 200.0 251.0 255.0 -0.147610999509 -0.22309652255 -0.104014805033 -0.127146110655 0.0 
0.0 0.380304427946 0.0 0.0 0.0 0.0 0.0 0.0 0.0 0.0 0.0 0.0 213.0 250.0 255.0 -0.251625804543 -0.333333333333 -0.054314593007 -0.0146858197351 0.0 
0.0 0.0 0.0 0.0 0.0 0.0 0.0 0.0 0.0 1.73699776646 0.0 0.0 226.0 245.0 255.0 -0.30594039755 -0.333333333333 -0.0757729666368 -0.120035638445 0.0 
0.389847548874 0.0398221161028 0.953872538682 0.0 0.0 1.05934429798 0.0 0.0 0.282687856082 0.845846461104 0.710288868396 1.17921638426 232.0 242.0 254.0 -0.333333333333 -0.333333333333 -0.0182648577131 -0.0775843237996 0.0 
0.172725171091 0.643288597259 0.0 0.0 0.778252725283 0.255395734585 0.0 0.010496513676 0.750645485069 2.69110160788 0.481073954804 0.80641954952 236.0 240.0 254.0 -0.333333333333 -0.333333333333 -0.144530617608 -0.116075798997 0.0 
0.0 0.0 0.0 0.0 0.0 0.0 1.48338773296 0.0 0.0 0.0 0.28116993539 0.0 237.0 240.0 254.0 -0.333333333333 -0.333333333333 0.0685792889475 -0.0784018810643 0.0 
0.0 0.0 0.0 0.0 0.0 0.0 0.656484237937 0.0 0.0 0.0 0.368587637665 0.584318554207 237.0 240.0 254.0 -0.264754044386 -0.333333333333 0.0556342846181 -0.113492039709 0.0 
0.0 0.0 0.0 0.0 0.763679535654 0.0 1.15073848018 0.376275252671 0.0 0.0 0.0 0.0 237.0 240.0 254.0 -0.209119759768 -0.333333333333 -0.12380169766 -0.0380650366778 0.0 
0.735270967409 1.75792714269 0.991780893352 0.0 0.0 1.40736534617 0.0 0.689849516023 0.0 3.44649902949 0.399406907005 1.34462112026 237.0 240.0 254.0 -0.332921457427 -0.333333333333 0.0438978172479 0.0536147643575 0.0 
0.0 0.0 0.0 0.0 0.0 0.0 0.674550709079 0.0 0.0 0.355340428253 0.0140178278893 0.0 238.0 240.0 254.0 -0.289023640179 -0.279718568976 0.1292914495 -0.10080337144 0.0 
0.0 0.0 0.0 0.0 0.0 0.0 0.580864428486 0.0 0.0 0.0 0.74229152443 0.0 238.0 240.0 254.0 -0.15973219068 -0.333333333333 0.0735187749063 -0.04163253922 0.0 
0.0 0.0 0.0 0.0 0.0 0.901162709957 0.15804958891 0.0 0.0 0.0 0.0 0.0 238.0 240.0 254.0 -0.0862134157736 -0.333333333333 -0.133220621111 0.0395970369807 0.0 
1.73812640825 1.3240078052 0.229079311548 0.0 0.633223905674 0.490314322862 0.0 1.61137426704 0.0 4.08318116384 1.2960567933 0.545507594542 238.0 240.0 254.0 -0.219434036885 -0.293736296353 -0.0655038021697 0.0258056987801 0.0 
1.37805130785 1.76965726603 0.825419744386 0.0 0.0 1.25095287118 0.0 0.525821749525 1.20183042162 2.10699544675 1.21804059299 1.30146490107 238.0 240.0 254.0 -0.284937839055 -0.267930597573 0.185556766987 -0.039570125326 0.0 
0.0 0.0 0.0 0.0207570892479 0.354265630505 0.0 0.0224057563976 0.0 1.53718076913 0.0 0.0 0.0 237.0 240.0 254.0 -0.0993810720676 -0.307500722899 0.0813175139991 -0.00290298358039 0.0 
0.0 0.0 0.617130308845 0.0 0.845268522996 0.0 0.101431834658 0.642376145341 1.40394309177 0.994691501582 1.75071069627 0.0 237.0 240.0 254.0 -0.0180635580685 -0.310403706479 0.00778848607661 -0.0258015365367 0.0 
0.950156673567 0.0 0.781573632981 0.164796423125 0.0 0.224293392644 0.0 0.204672163641 0.598637460083 1.33490485342 0.0 0.0 237.0 240.0 254.0 -0.0102750719919 -0.333333333333 -0.10347861048 -0.00491419597831 0.0 
0.584637109939 2.23260566912 0.354802176425 0.0 0.0 0.0 0.272281847441 0.13598744356 0.0 0.0 0.0 0.0 237.0 240.0 254.0 -0.113753682472 -0.333333333333 -0.0522479438703 -0.142969128785 0.0 
0.0 0.0 0.0 0.0 0.0 0.0 0.12294053709 0.0 0.0 0.0 0.0 0.0 237.0 240.0 254.0 -0.166001626342 -0.333333333333 -0.0810653281797 -0.108296410581 0.0 
0.0 0.587163727675 1.27947287887 0.0 0.0 0.0 0.0 0.844355431796 1.17360001824 2.64601106179 0.463604066211 0.0 237.0 240.0 254.0 -0.247066954522 -0.333333333333 0.0672212464787 0.0126122690288 0.0 
0.0 0.0 0.0 0.0 0.0 0.0 0.782251988274 0.0 0.0 0.0 0.0 0.0 238.0 241.0 255.0 -0.179845708043 -0.320721064305 0.0200268329508 0.00513928838192 0.0 
1.54718573615 0.614200196719 0.410925670345 0.695658463065 0.0 1.63617330757 0.0 1.3024617752 0.274446128536 2.0765069752 0.0 0.411936174712 238.0 241.0 254.0 -0.159818875092 -0.315581775923 0.0928223190045 0.0627067676912 0.0 
0.0 0.0 0.0 0.0 0.0 1.37593928954 0.543382809444 1.90212612765 0.0 0.0 0.0 0.0 238.0 241.0 254.0 -0.066996556088 -0.252875008231 -0.0795044528053 -0.0468687537757 0.0 
0.0 0.0102897500327 0.0 0.0 0.0 0.0 0.351489235487 0.0 1.14391064015 0.0 0.0 0.366305905081 238.0 240.0 254.0 -0.146501008893 -0.299743762007 -0.0114467468423 -0.0972802664937 0.0 
0.205227499351 0.0599717881801 0.248814442664 0.179858786944 0.288200140739 0.0 0.0 0.0 0.732482902466 2.27663731029 0.0 1.72853410622 238.0 241.0 254.0 -0.157947755736 -0.333333333333 -0.217045772165 -0.04955819971 0.0 
0.0 0.0 0.0 0.0 0.0 0.0 0.645165560321 0.0 0.0 0.0 0.554681484056 0.0 238.0 241.0 254.0 -0.333333333333 -0.333333333333 -0.0322306051371 -0.0745418374631 0.0 
0.0 0.0 0.0 0.0 0.0 0.0 0.453305263911 0.0 0.0 0.0 0.561558084838 0.0 237.0 240.0 254.0 -0.333333333333 -0.333333333333 0.0528091344664 -0.0713823096524 0.0 
0.620512720512 0.779580500753 0.0 1.04172241065 0.0 0.653070323021 0.0 0.455460516948 0.70546455117 1.24724593644 0.797768109188 0.0 237.0 240.0 254.0 -0.280524198867 -0.333333333333 -0.0692427353646 -0.118621141857 0.0 
0.826284265921 1.58728523644 0.265048830657 0.0 0.170652476766 0.105124189935 0.0 0.720431741993 0.730700499679 2.35960924595 1.07390214305 1.12361575178 237.0 240.0 254.0 -0.333333333333 -0.333333333333 -0.00411048207917 0.0819768010044 0.0 
0.0765323216468 0.862584221318 0.0 0.756789303622 1.12160450052 1.09065733885 0.0 0.0 2.56164558301 2.76065610531 0.0 1.38749706605 238.0 240.0 254.0 -0.333333333333 -0.251356532329 -0.0874186054175 -0.179343632626 0.0 
0.0 1.66112833096 1.3763129589 0.0 0.0 0.169561216778 0.0 0.0 1.18636905308 2.66407323045 0.0629408405543 0.271138321419 237.0 240.0 254.0 -0.333333333333 -0.333333333333 0.0623673548275 -0.0565412645977 0.0 
0.275883860767 0.48715114419 0.21783068212 0.0 0.832531137966 0.810229190248 0.0 0.283790062586 1.08547757435 2.32661081882 1.12136914377 0.270711592238 238.0 240.0 254.0 -0.270965978506 -0.333333333333 -0.0355471513698 -0.0987037805015 0.0 
0.0 0.0 0.0 0.0 0.0 0.0 1.28640365417 0.786135602218 0.0 0.0 0.626867004252 0.114211848289 238.0 241.0 254.0 -0.306513129876 -0.333333333333 -0.0317475324181 0.0882277841824 0.0 
0.0 0.0 0.0 0.0 0.0 0.0 1.19030019216 0.0 0.0 0.0 0.06013422472 0.0 238.0 241.0 254.0 -0.333333333333 -0.245105549151 0.000604216562583 -0.0137332003342 0.0 
0.0 0.0 0.783015112978 0.0 0.466376168614 0.057292172068 0.358699329542 0.0 0.0 0.0 0.0 0.0 238.0 241.0 255.0 -0.332729116771 -0.258838749485 0.0556184093344 -0.127987532876 0.0 
0.424927213584 1.84139627234 1.48105459938 0.0 0.606955373127 0.872739443076 0.0 0.0 0.584271921684 1.67616231316 0.0 0.4708298662 238.0 241.0 254.0 -0.277110707436 -0.333333333333 0.061315933138 0.102964237404 0.0 
0.0 0.0 0.0 0.134766296946 0.333096604194 0.0 0.613844796711 0.0 1.17757627733 0.384638783518 0.0323564756711 0.0 238.0 241.0 254.0 -0.215794774298 -0.230369095929 0.00523150679237 -0.174851739856 0.0 
0.0 0.0155026831972 1.00323608212 0.715800721208 0.084833117935 1.55642794422 0.0 0.0 0.198704394124 3.21752313394 0.0 0.266870961314 238.0 241.0 255.0 -0.210563267506 -0.333333333333 -0.161028484721 -0.0879290291583 0.0 
0.298116216588 0.260548446941 1.49571330232 1.0045425884 0.0 0.0 0.0 1.25661960808 0.0 0.628372516182 1.55696526161 0.119478654625 237.0 240.0 254.0 -0.333333333333 -0.333333333333 0.0239480566498 0.0547648859423 0.0 
0.0 0.0 0.0 0.338215486145 0.94971580844 1.84775330936 0.0 0.0 0.773974520574 1.10828933532 0.0 0.695752672887 237.0 240.0 254.0 -0.309385276684 -0.278568447391 -0.0680935839914 0.0173069065801 0.0 
0.0 0.0 1.02064584479 0.525635726913 0.0 0.830192762238 0.128496746362 1.78974074548 0.275734395006 0.0 1.04651125531 0.0 237.0 240.0 254.0 -0.333333333333 -0.261261540811 -0.0620056323385 -0.0376741337206 0.0 
0.28199921836 0.0 0.0 0.790844710975 0.0 0.0 0.0187115954057 0.0 0.0 0.677179300088 0.480453169082 2.18371910178 237.0 240.0 254.0 -0.333333333333 -0.298935674532 -0.0579921143323 -0.050200537248 0.0 
0.654834561663 2.23057803542 0.196059165121 0.0 0.181465182684 0.0 0.0 1.73419824741 0.0 2.37923814555 0.0 0.996281563277 237.0 240.0 254.0 -0.333333333333 -0.333333333333 -0.00627809177098 0.0799539431399 0.0 
0.0 0.48113475296 0.732963284648 0.239849203012 0.650441682534 0.0 0.0 0.0 0.0 0.841883837556 0.56809394179 0.390818767604 238.0 240.0 254.0 -0.333333333333 -0.253379390193 0.000592083877676 0.0567540547349 0.0 
0.0 0.0 0.0 0.0 0.0 0.0 0.459272969465 0.0 0.0 0.0 1.06035106691 0.0 238.0 241.0 255.0 -0.332741249456 -0.196625335459 -0.00797920903484 -0.048489803316 0.0 
0.0 0.0 0.225994381009 0.111819350528 0.0 0.0 1.08407304851 0.0 0.0 0.0 0.698511487799 0.0 238.0 241.0 254.0 -0.333333333333 -0.245115138775 0.079439117104 -0.036014302635 0.0 
0.0 0.0 0.0 0.0 0.391822905626 0.0 0.0243024901779 0.0 0.530333277742 0.73594823767 0.0365464756445 0.0 238.0 241.0 254.0 -0.253894216229 -0.28112944141 -0.221007895975 -0.0945966218763 0.0 
0.343564130901 0.0 0.0 0.0 0.0 0.0 0.00749106630903 0.344304966598 0.354863988141 0.71955088431 0.0 0.0 238.0 241.0 254.0 -0.333333333333 -0.333333333333 -0.0589390504863 -0.0283762239623 0.0 
0.0 0.784303166568 0.811328305721 0.366510182466 0.209369986258 0.525127661153 0.0 1.50673347705 1.87996282241 1.03906204863 2.05334578556 1.78498630373 238.0 241.0 254.0 -0.333333333333 -0.333333333333 -0.0568165700133 0.0616049431253 0.0 
0.0 0.187135938362 0.063060824484 1.49461517035 0.202257352385 0.905698811254 0.0 0.0 2.13485727426 0.0 0.0 0.621148254622 238.0 241.0 254.0 -0.333333333333 -0.271728390208 -0.0290658642386 0.0689397807355 0.0 
1.09459978948 0.238561466987 0.0562293398074 0.0 0.0 2.55389233881 0.0 1.73527335478 1.37683203056 2.58230619879 0.0669937644645 1.22960165349 237.0 240.0 254.0 -0.333333333333 -0.202788609473 -0.0131038589656 0.116781514795 0.0 
0.0 0.480589262586 0.0 0.386884163378 0.494536732567 0.187972108507 1.01873306481 0.405946872691 0.0 0.0 0.435256950081 0.0 237.0 240.0 254.0 -0.333333333333 -0.0860070946778 0.0493845398448 -0.00671283050135 0.0 
0.0 0.535016835052 2.15309935738 0.0 1.14836708013 0.750792658624 0.0 0.0123907069272 0.0 1.94986703008 0.156187810719 1.17872843311 237.0 240.0 254.0 -0.283948793489 -0.0927199251791 0.0604874962354 -0.11234521966 0.0 
0.0 1.61390252091 2.36693088221 0.0 0.416654470842 0.00529707305103 0.0 0.0 0.985482262056 2.34877629229 1.14151369235 0.754995151204 238.0 240.0 254.0 -0.223461297253 -0.205065144839 0.0478085588417 -0.108837036061 0.0 
0.0 0.0 0.0 0.590872080593 0.909252552692 0.0 0.504114593328 0.0 0.0 0.0 0.0 0.0 237.0 240.0 254.0 -0.175652738411 -0.3139021809 -0.157116812014 -0.0867400109473 0.0 
0.0 0.0 0.0 0.316895286884 0.0 0.0 0.576699257442 0.766465010355 0.0 0.0 1.18584815961 0.0 237.0 240.0 254.0 -0.332769550426 -0.333333333333 -0.00420533752241 0.0364841262244 0.0 
1.06364516961 1.58432003385 0.0 0.0 0.0 0.0 0.0 0.474335471286 1.17321840976 2.44023630007 0.0 0.861919530801 238.0 240.0 254.0 -0.333333333333 -0.296849207109 0.0911374756918 0.158014667325 0.0 
0.0 0.0 0.0 0.0 0.0 0.0 2.42850874838 0.0 0.0 0.0 0.454824624477 0.0 238.0 241.0 254.0 -0.242195857642 -0.138834539784 -0.0416599682262 0.0514629736536 0.0 
1.38666227311 1.4754693644 0.0 0.720528984359 0.711478253809 2.53409633644 0.0 0.934265871244 1.19401142212 2.38645874187 0.0 0.0505676403654 238.0 241.0 254.0 -0.283855825868 -0.0873715661302 0.0131752920447 0.0238792256855 0.0 
0.334529599166 0.0 0.0 0.0 0.0 0.0 0.238518271843 0.11375439585 1.28003553319 0.0 1.49404035371 0.0 238.0 241.0 254.0 -0.270680533823 -0.0634923404448 -0.0189521771073 -0.0860758170839 0.0 
0.727912366171 1.37481043596 1.64173038051 1.6438229599 0.0 3.23208241281 0.0 2.4140746599 4.06983611339 2.46525469317 0.564803188456 0.212365683702 238.0 241.0 254.0 -0.28963271093 -0.149568157529 -0.060917733415 0.101794201638 0.0 
0.0 1.62022110723 1.63273550779 0.546345771105 0.254914131267 1.49041631929 0.0 0.344143426897 0.662253509522 1.60501956263 0.0 0.238735150363 238.0 241.0 254.0 -0.333333333333 -0.0477739558904 -0.0744562064585 0.0875443382953 0.0 
0.0 0.203234162267 0.475447475458 0.0 0.0 0.10057477742 0.0 0.132199308213 1.7000228839 2.58568763403 0.0 0.558908551153 237.0 234.0 254.0 -0.333333333333 0.0397703824049 -0.209838915411 -0.0469719428679 0.0 
0.0 0.0 0.0 0.151900898164 0.0 0.0 1.24777669644 0.0 0.0 0.0 0.216449057743 0.0 237.0 232.0 254.0 -0.333333333333 -0.00720156046304 -0.161381465105 -0.0864481262208 0.0 
0.0 0.0 0.0 0.0 0.0 0.0 0.381835114949 0.0 0.0 0.0 0.0 0.0 237.0 241.0 254.0 -0.333333333333 -0.0936496866838 -0.056866740601 -0.0659805151516 0.0 
0.0 0.0 0.738361735085 0.0 0.400421081679 0.385484896388 0.433364385642 0.385966465012 0.0 0.314428563673 0.55616727817 1.33425508239 237.0 241.0 254.0 -0.333333333333 -0.159630201835 0.0701261351848 -0.00681122009387 0.0 
0.0 0.0 0.0 0.0 0.537173333126 0.0 1.02712230087 2.94773294088 0.0 0.0 0.0 0.0 237.0 241.0 254.0 -0.263207198149 -0.166441421929 0.12998878313 -0.0209525942112 0.0 
0.579090735293 1.58315473377 0.0 0.0 1.34574001871 0.262219750483 0.0 2.11498030244 1.4523207647 2.99804425799 0.0 0.0 237.0 241.0 254.0 -0.133218415018 -0.187394016141 -0.0679098810803 -0.0802999507218 0.0 
0.0 0.0 0.0 0.0 0.0 0.422013059808 0.461175410829 0.0 0.0 0.0 0.0 0.0410102783246 238.0 242.0 255.0 -0.201128296098 -0.267693966862 -0.0249500548945 -0.053111249765 0.0 
0.0 0.0 0.0 0.580489038529 0.0 0.0 1.08565999507 0.0173739606454 0.0 0.0 1.9999325656 0.0 238.0 242.0 255.0 -0.226078350993 -0.320805216627 0.0642241349655 -0.00682405191663 0.0 
0.178259582862 0.0 0.0 0.353164400733 0.0 1.13866441888 0.0 0.58698118417 0.0 0.150843049983 0.0 0.0 238.0 242.0 255.0 -0.161854216027 -0.327629268544 -0.108564854702 0.106762635091 0.0 
0.208080234436 0.0258310285157 0.0 0.20299267553 0.0 0.348936698936 0.0 1.32349661251 0.380160717684 2.64242122463 0.0525291652909 1.18545743674 238.0 242.0 255.0 -0.27041907073 -0.220866633453 0.0495069042995 0.0315371143226 0.0 
0.0 0.0 0.0 0.503280255974 0.0 0.0 0.854483741534 0.0 0.0 0.0 0.0 0.0 238.0 242.0 255.0 -0.22091216643 -0.18932951913 -0.144561594621 -0.186393552169 0.0 
0.0 0.436650304736 1.70586574768 0.194990352216 0.0 0.144250497812 0.0 0.0 0.240097649229 5.03588007404 1.03759934496 2.03967896899 238.0 242.0 255.0 -0.333333333333 -0.333333333333 0.0017373131222 -0.11805781855 0.0 
0.0 1.23405342389 0.0504221136508 0.0 0.250928008514 0.597100551103 0.0 0.72902063392 1.78749125466 2.12893060113 0.0 2.81387914206 237.0 241.0 254.0 -0.331596020211 -0.333333333333 0.106053874491 -0.0351863678574 0.0 
0.0 0.0 0.844668631637 0.0 0.0 0.0 1.19555018251 0.245334441055 0.0 0.0 0.279886398364 0.0 237.0 241.0 254.0 -0.22554214572 -0.333333333333 -0.00744676140483 -0.0366482389287 0.0 
# HEADER 4
0.863317750726 1.68132447929 0.0 0.0 0.427874528576 1.0999363226 0.0 0.846187861783 0.0 3.41043169838 1.48084643994 0.422027828166 132.0 247.0 254.0 0 0 0.0585917077167 -0.0692069443587 0.0 
0.0 0.0 0.0 0.0 0.0 0.0 0.0 0.0 0.0 0.146393559799 0.0 0.0 128.0 251.0 255.0 0.0585917077167 -0.0692069443587 -0.00920592015345 0.00738087986812 0.0 
0.0 0.0 0.0 0.0 0.0 0.0 0.0 0.0 0.0 0.0 0.0 0.0 122.0 251.0 255.0 0.0493857875632 -0.0618260644906 -0.0970028486544 -0.0388198371328 0.0 
0.0 0.0 0.0 0.0 0.0 0.0 0.0 0.0 0.0 0.0 0.0 0.0 118.0 252.0 255.0 -0.0476170610912 -0.100645901623 -0.163427738187 0.110280196595 0.0 
0.455541924438 0.0368470013493 1.38755472375 0.0 0.0 1.95000830924 0.0 1.3555566218 2.52710624179 3.44481216826 0.0 0.103089832476 117.0 253.0 255.0 -0.211044799278 0.00963429497148 0.121840995282 0.104483861016 0.0 
0.0 0.787973112126 0.449419568638 1.19590543583 0.810430907762 0.509039935476 0.0 0.0 0.0 0.609230684112 0.168947725635 1.68154837171 118.0 253.0 255.0 -0.0892038039967 0.114118155988 0.00606689902975 0.0886183505557 -0.00589565771914 
0.0 0.0 0.0 0.0 0.0 0.0 0.0 0.0 0.0 0.0 0.0 0.0 123.0 250.0 255.0 -0.0831369049669 0.202736506543 -0.0427514019242 0.0713856309264 0.0173232804458 
0.0 0.0 0.0 0.0 0.125360174195 0.0 1.90237081093 0.0 0.0 0.698522561574 0.0 0.0 134.0 229.0 249.0 -0.125888306891 0.27412213747 -0.0965727095638 -0.1304978095 -0.0173232804458 
0.0 0.0 0.337410011786 0.0 0.0514260133335 0.0 0.561232687895 1.00529322946 0.0 0.0 1.05123675776 0.0 147.0 219.0 226.0 -0.222461016455 0.14362432797 0.036380962494 -0.0663406908394 0.0500845065461 
0.0 0.0 0.0 0.0 0.0 1.2612704495 0.274827730986 0.997511470676 0.0 0.0 0.911621620728 0.0 161.0 206.0 207.0 -0.186080053961 0.0772836371305 0.0258673151728 -0.0471370304687 0.058916981389 
0.0942074335526 0.0 0.961410840374 0.210963827637 0.0 1.53770819648 0.0595444284705 1.45221926359 0.0 0.561517252692 0.230547758951 0.0 171.0 194.0 202.0 -0.160212738788 0.0301466066618 -0.3 -0.171443966304 0.0621566238949 
0.156415386425 1.86589263989 0.306913216267 0.195438227368 0.329644858597 0.0 0.0 1.97264299705 0.125401878871 2.44917192314 0.0 1.19850514141 185.0 172.0 231.0 -0.333333333333 -0.141297359643 0.0645712529358 0.0997428162068 0.0413706256348 
0.148364493496 1.20887833365 1.002571804 1.40958829057 0.626396868443 2.50046469838 0.0 1.38255019628 1.2545606235 3.4821780409 0.0 2.89225196065 205.0 173.0 242.0 -0.268762080398 -0.0415545434359 -0.0124301349321 0.222049496693 -0.00914875648212 
0.410447243721 0.0 2.85713495558 1.30453816941 0.439581514779 0.0 0.0 1.51218376336 0.797870940742 2.19742129366 1.55554878369 0.0 220.0 155.0 235.0 -0.28119221533 0.180494953257 0.00214447749439 0.0153039738753 0.0 
0.0 0.0 0.0 0.0 0.0 0.0 0.432764817078 1.03037419443 0.0 0.0 0.0 0.782224143046 231.0 134.0 215.0 -0.279047737835 0.195798927132 -0.113864418967 -0.0317662162108 0.0238928154244 
0.0 0.0 0.0 0.0 0.0 0.0 0.571974000555 0.0 1.75547400697 0.0289721560588 1.83535233942 0.0 232.0 119.0 197.0 -0.333333333333 0.164032710921 0.0962256341711 -0.100888706996 -0.0238928154244 
0.451276101194 0.0165870281481 0.0 0.576065937551 0.213057195687 2.48348572364 0.00744098570759 1.5636971426 0.855395555027 2.4685251714 0.0 0.00530871148097 234.0 115.0 179.0 -0.237107699162 0.0631440039257 0.0764772643712 -0.0572443538339 0.0 
0.510964118758 0.447732888345 0.0 0.0 0.0 0.0 1.54941012668 0.0 0.0 0.0 0.0 0.0 236.0 115.0 171.0 -0.160630434791 0.00589965009182 -0.0342434468834 -0.0619737742061 0.0502594470801 
0.0 0.0 0.10226782366 0.0 0.0 0.752098562129 0.0 0.847492254199 0.0 0.808163432092 0.484238863562 0.0 237.0 116.0 188.0 -0.194873881674 -0.0560741241143 -0.0385267948293 -0.192326558908 0.0327971004497 
0.0 0.570984906419 0.715993257401 0.206641247399 0.0 1.33829596041 0.0 0.0 1.14514908744 2.77809620424 0.0 1.25799248954 238.0 132.0 219.0 -0.233400676504 -0.248400683022 -0.115783887634 -0.12331446873 0.0176548537434 
0.0 0.0 0.0 0.0 0.250537141838 0.0 0.671356868173 0.0 0.0 0.0 1.48443538316 0.0 238.0 155.0 243.0 -0.333333333333 -0.333333333333 -0.0496895192396 -0.109123943056 0.0 
0.242718961059 1.15848892199 0.0 1.09284244482 0.70002026523 0.37022595582 0.0 1.23440459168 0.956325320823 1.82296886306 0.0 1.36477903759 237.0 193.0 253.0 -0.333333333333 -0.333333333333 0.0198473878458 -0.0466811779829 0.0 
0.0 0.0 0.823354051984 0.0 0.0 0.0 0.0 0.0 0.923302282283 1.10782865471 0.376476291256 0.368596965622 237.0 234.0 254.0 -0.313485945488 -0.333333333333 -0.0125997136578 -0.0418888683979 0.0 
0.0 0.940903932106 0.986584258197 0.696309118186 0.253720846242 0.0 0.0 0.0 0.03655017273 2.25372307945 0.616401082628 1.56627704901 237.0 242.0 254.0 -0.326085659145 -0.333333333333 -0.0522525804153 -0.0466660535256 0.0 
0.620252161085 1.06535074815 0.0532771819209 0.663124334626 0.0 0.00276161476684 0.0 0.470949553504 0.805014484569 1.22033831346 0.0 0.310507883464 238.0 242.0 254.0 -0.333333333333 -0.333333333333 -0.124440906898 0.0234380318705 0.0 
0.0 1.88647871584 0.341964491392 0.791568329262 0.38488928898 0.839072870899 0.0 0.878125414948 0.324506139952 2.57638953074 0.0 1.32767000751 238.0 242.0 254.0 -0.333333333333 -0.309895301463 0.000244248537555 0.0814646986194 -0.0258034550769 
0.0 0.0 0.452850442897 0.0 0.442591631316 0.0 0.0 0.582417638074 1.27755086798 0.122185055274 0.504151003464 0.0390847736236 238.0 242.0 254.0 -0.333089084796 -0.228430602843 -0.0826288282098 0.0169206867724 0.0258034550769 
0.0 0.0 0.0 0.0 0.426264424892 0.433780650433 0.506772345637 0.475665036732 0.0 0.0 0.45863599911 0.0 238.0 242.0 255.0 -0.333333333333 -0.211509916071 -0.0459675343041 0.0394781127385 0.0 
0.0 0.90585583107 0.0 0.0 0.0 0.0 1.36391968321 0.0964400766384 0.0 0.0 1.487553918 0.0 238.0 243.0 255.0 -0.333333333333 -0.172031803332 -0.0278963473662 -0.133504396482 0.0 
0.0 0.0 0.0 0.0 0.0 0.0 0.4604872617 0.0 0.0 0.0 1.37890817657 0.0 238.0 243.0 255.0 -0.333333333333 -0.305536199815 -0.0994289133238 0.0456455606112 0.0 
1.27184326131 0.569708962179 1.77722062959 0.308240534617 0.816677451523 1.38872039048 0.0 0.0 1.03497905577 2.51298248088 0.960078734912 1.28850346635 238.0 242.0 255.0 -0.333333333333 -0.259890639203 -0.0119081236767 -0.037296940965 0.0 
2.36576131728 1.98696335489 2.84369826141 0.0 0.0417722916536 0.872856207885 0.0 0.820494592655 1.01334102326 1.71427254294 0.0 2.83030385196 238.0 243.0 255.0 -0.333333333333 -0.297187580169 0.077582431996 -0.21644463757 0.0 
0.0 0.0 0.0 0.2093687373 0.0551569258416 0.224065355896 0.321271842681 0.086015274253 0.0 0.0 0.187954950425 0.0 238.0 243.0 255.0 -0.255750901337 -0.333333333333 -0.0228794031687 0.12520622749 0.0 
0.0 0.0 0.346015636085 0.0 0.925467683852 2.33334436412 0.0695244038704 0.457605992784 0.0 1.19518088141 0.628041967453 0.0 238.0 242.0 254.0 -0.278630304506 -0.208127105843 -0.130525941168 0.182197254504 0.0 
0.026717087873 1.65285431314 1.44474357593 1.47661222215 0.442945630965 2.71267261243 0.0 0.781914897513 0.707822547989 3.6125197317 0.521872479792 1.33906590001 238.0 242.0 254.0 -0.333333333333 -0.0259298513395 -0.01349549805 -0.0851607655141 0.0 
0.0 0.0 0.0 0.0 0.0 0.0 0.446811096645 0.0 0.0 0.0 0.0 0.0 238.0 242.0 254.0 -0.333333333333 -0.111090616854 0.0511954467852 -0.0335451976006 0.0 
0.0 0.0 0.381934066254 0.00347510483397 0.0 0.0 0.876135269744 0.0 0.0 0.0 0.0 0.0 238.0 242.0 254.0 -0.282137886548 -0.144635814454 0.0961726478094 -0.0399559740464 0.0 
0.967296184711 0.709009129518 0.0 0.0 1.18530127433 0.729242780404 0.0 0.0 1.52758487332 0.0 2.32519332824 0.743558904635 238.0 242.0 254.0 -0.185965238739 -0.184591788501 -0.096902661225 0.00798846019801 0.0 
0.430143503864 0.0 1.39172300931 0.372779815321 0.0 0.725221155196 0.167338137254 0.345757090878 0.20756393593 0.0 0.131829995135 0.413528619028 238.0 242.0 254.0 -0.282867899964 -0.176603328303 -0.0183935121824 0.0701057142064 0.0 
1.69471088931 0.132106253373 0.0 0.0 0.78557072546 0.283457207196 0.0 0.0 0.528316730572 1.53689994122 0.0 2.12942294429 238.0 243.0 255.0 -0.301261412146 -0.106497614096 0.0226969052911 0.157249299976 0.0 
0.0 2.85410469982 0.056399956106 0.0 0.0 1.91351481292 0.0 0.0 0.0 2.85124606211 0.0 0.0 238.0 236.0 255.0 -0.278564506855 0.0507516858793 0.123997446633 0.0183143114734 0.0 
0.485912370244 1.82087353787 0.352146206126 0.0 1.54928701799 1.26424218778 0.0 0.526442615894 1.13526930216 2.28485805097 0.974695623875 0.61013878401 238.0 216.0 254.0 -0.154567060222 0.0690659973527 0.0342080271827 -0.0749500027458 0.0 
0.0 0.0 0.0 0.0 0.0 0.0 0.0 0.0 0.343123743024 0.0 0.388646397291 0.0 238.0 214.0 254.0 -0.120359033039 -0.00588400539307 -0.11970196981 0.0117228750625 0.0 
0.0 0.595713190856 0.0 0.0 0.629506641413 0.97250648142 0.0916947754128 0.0 0.0 0.0 0.587019365589 0.0 238.0 215.0 254.0 -0.240061002849 0.00583886966942 -0.0883593853911 -0.134604960304 0.0 
0.592642600819 1.24310722217 1.28230681395 0.725846142471 1.12791794495 0.0414956512229 0.0 0.0 5.55217061598 2.32703132548 0.771749882706 1.90352866845 238.0 232.0 255.0 -0.32842038824 -0.128766090635 0.13117257409 -0.0933205651359 0.0 
0.0 1.09352451729 0.57124886193 0.553300748395 0.0 0.0 0.0 0.801178459221 2.05133886232 1.66038289557 0.0 0.0 238.0 242.0 254.0 -0.19724781415 -0.222086655771 -0.0618590052158 0.0999991005391 0.0 
0.0 0.0 0.0 0.0 0.0 0.0 1.39794373338 0.0 0.0 0.0 0.0 0.0 237.0 242.0 254.0 -0.259106819366 -0.122087555232 -0.0513981187154 -0.0606281765269 0.0 
0.0 0.0 0.0 0.0 0.0 0.0 0.339398893838 0.00635774846203 0.0 0.0 0.0 0.0 238.0 243.0 254.0 -0.310504938081 -0.182715731759 -0.0791732695315 0.0473133073176 0.0 
0.548098804556 1.30132587118 0.0 0.607609839973 1.28165930633 1.79970210163 0.0 0.0 0.0 0.0 0.0 1.05714632439 238.0 243.0 254.0 -0.333333333333 -0.135402424441 -0.138542457968 0.155575029343 0.0 
1.78787736682 0.898186251789 1.71002721104 0.333388204498 0.0 0.0 0.0 0.0 1.11326075011 2.89903061916 0.0 1.4206383248 238.0 238.0 254.0 -0.333333333333 0.0201726049023 -0.0139898536166 0.00183880497971 0.0 
0.444428195479 0.328986800659 0.405274111445 1.31129066001 0.0 0.0 0.0 0.0 0.774820186887 2.33708436381 0.0 2.75610437027 237.0 229.0 254.0 -0.333333333333 0.022011409882 -0.00620470370444 -0.0911976099482 0.0 
1.79413975328 1.51034736595 0.970838794541 0.77532822962 0.329658065699 0.682039801512 0.0 2.45811927649 1.53442119314 2.4398949104 0.0 1.15123812551 238.0 238.0 254.0 -0.333333333333 -0.0691862000662 0.141719997045 -0.189731144998 0.0 
0.0 0.0 0.0 0.0 0.0 0.0 0.0 0.0 0.0 0.0 0.0 0.0 238.0 242.0 255.0 -0.191613336288 -0.258917345064 -0.108301932784 0.157367200898 0.0 
0.0 0.0 0.0 0.0 0.0 0.0 0.0 0.0 0.0 0.261022179199 0.0 0.0 238.0 242.0 255.0 -0.299915269072 -0.101550144166 0.110514285998 -0.0534657580424 0.0 
0.0 0.0 0.0 0.0 0.0 0.0 0.0 0.0 0.0 0.0 0.0 0.0 238.0 242.0 255.0 -0.189400983074 -0.155015902208 -0.00604335033693 -0.0513521124309 0.0 
0.0 0.0 0.0 0.0 0.0 0.0 0.0 0.0 0.0 0.0 0.0 0.0 238.0 242.0 255.0 -0.195444333411 -0.206368014639 -0.0215348439025 -0.000827000714496 0.0 
0.0 0.0 0.0 0.0 0.0 0.0 0.0 0.0 0.0 0.0 0.0 0.0 238.0 242.0 255.0 -0.216979177313 -0.207195015354 0.0496333238726 -0.0669037707323 0.0 
0.0 0.0 0.0 0.0 0.0 0.0 0.0 0.0 0.0 0.0 0.0 0.0 238.0 242.0 254.0 -0.167345853441 -0.274098786086 0.14440387408 0.123551810807 0.0 
0.0 0.0 0.0 0.0 0.0 0.0 0.0 0.0 0.0 0.0 0.0 0.0 237.0 242.0 254.0 -0.0229419793602 -0.150546975278 0.0166661606689 0.0711983795399 0.0 
0.0 0.0 0.0 0.0 0.0 0.0 0.0 0.0 0.0 0.0 0.0 0.0 237.0 242.0 254.0 -0.00627581869137 -0.0793485957386 0.0746633339917 -0.173448889157 0.0 
0.0 0.0 0.0 0.0 0.0 0.0 0.0 0.0 0.0 0.0 0.0 0.0 237.0 242.0 254.0 0.0683875153003 -0.252797484895 -0.080895435702 -0.0213168628125 0.0 
0.0 0.0 0.0 0.0 0.0 0.0 0.0 0.0 0.0 2.6628230447 0.0 0.0 238.0 242.0 254.0 -0.0125079204017 -0.274114347708 -0.00884482802057 -0.199160020503 0.0 
0.0 0.0 0.0 0.0 0.0 0.0 0.0 0.0 0.0 1.04784386895 0.0 0.0 238.0 242.0 254.0 -0.0213527484222 -0.333333333333 -0.0674582456941 -0.0693566233252 0.0 
0.0 0.0 0.0 0.0 0.0 0.0 0.0 0.0 0.0 0.0 0.0 0.0 238.0 242.0 255.0 -0.0888109941163 -0.333333333333 -0.0241833100392 -0.100678673398 0.0 
0.0 0.0 0.0 0.0 0.0 0.0 0.0 0.0 0.0 0.0 0.0 0.0 238.0 242.0 255.0 -0.112994304156 -0.333333333333 -0.186831597193 0.090471522366 0.0 
0.0 0.0 0.0 0.0 0.0 0.0 0.0 0.0 0.0 0.0 0.0 0.0 238.0 242.0 255.0 -0.299825901348 -0.242861810967 -0.0380880226174 0.0514374761837 0.0 
# HEADER 5
0.0 0.0 1.39096233935 0.0 0.409649823989 0.0 0.711785040963 0.13400439989 0.177049797912 0.0 0.0 0.0 132.0 247.0 255.0 0 0 -0.0439912072251 0.0233562562798 -0.0258034550769 
0.0 0.916534689506 0.947569563785 0.0 0.487317805446 0.994280611797 0.313186710764 0.994789870115 0.0 0.913872704657 1.99997853267 0.0 132.0 242.0 255.0 -0.0439912072251 0.0233562562798 -0.157225012026 -0.105695299826 0.0258034550769 
1.02864340044 0.83724861063 0.0 0.0 0.510546685148 0.0 0.0 0.0 0.0 0.0 0.939864741713 0.0 144.0 244.0 255.0 -0.201216219252 -0.0823390435462 0.12575479284 -0.110689313133 -0.0258034550769 
0.0 0.0 0.0 0.396459918589 0.0 0.0 0.203155355638 0.0 0.0 0.0 0.0 0.0 161.0 251.0 255.0 -0.0754614264111 -0.193028356679 -0.0687176560202 0.00880703004302 0.0 
0.0 0.0 0.716599995309 0.0 0.261438674961 0.0856982332085 0.624883687055 0.34754543475 0.0 0.0 1.35243192067 0.0 177.0 251.0 255.0 -0.144179082431 -0.184221326636 -0.116311803477 -0.0282831397651 0.0258034550769 
0.0 3.18568857484 1.23334857541 0.0 0.0 2.01165979533 0.0 2.60711364185 2.7564275582 2.64392673518 0.0 1.48706835921 195.0 251.0 255.0 -0.260490885908 -0.212504466401 0.0051035541673 0.140924394819 0.0 
0.0 0.0 0.0 2.20373588463 0.0 0.0 0.160909989014 0.500984582376 0.0 0.0 0.0 0.539798246946 210.0 250.0 255.0 -0.255387331741 -0.0715800715827 -0.0326792132132 0.0357380174248 -0.0258034550769 
0.0 0.0 0.0 0.995641364238 0.055774003944 0.0 0.549245688368 1.02735403382 0.38377032577 1.15616272318 0.175992729616 0.535615149858 227.0 245.0 254.0 -0.288066544954 -0.0358420541579 -0.0682227688855 -0.185137368977 0.0258034550769 
0.0 0.0 0.0 0.0 0.0 0.0 0.649903937869 0.0 0.0 0.0 0.0 0.0 233.0 243.0 255.0 -0.333333333333 -0.220979423134 0.00987558791001 -0.0571277927416 -0.0258034550769 
0.0 0.0 0.0 0.0 0.519426109356 0.0 0.0 0.0 0.0 3.06697242188 0.0 0.0 237.0 241.0 254.0 -0.323457745423 -0.278107215876 -0.00676845880756 -0.0209824691599 0.0 
# HEADER 6
1.0236294235 1.81719049374 0.740908821807 1.2276928738 0.411267796611 0.939328088461 0.0 2.06023175822 0.711988617186 0.800960310394 0.0 1.22282277845 131.0 247.0 254.0 0 0 -0.14759160827 -0.193590704323 -0.0258034550769 
0.601692255034 1.3324860337 1.42371301448 0.543544785924 0.572358632489 1.14288840398 0.0 0.27482966445 1.30237059396 1.81614298038 0.193684714436 1.11838767174 132.0 251.0 255.0 -0.14759160827 -0.193590704323 0.0262962887567 -0.049833285804 0.0258034550769 
0.0968576626791 1.81502662681 2.23766547302 0.0 0.297582207038 1.06148913927 0.0 1.99548159213 0.965220875081 2.5441585537 0.632689153475 1.51468393588 132.0 251.0 255.0 -0.121295319513 -0.243423990127 -0.0235939206923 0.0979876141662 0.0 
0.261668351773 0.0 0.724432340859 0.512813562163 0.520547759403 0.0 0.0 0.0 0.377096739329 1.96939263353 0.0 0.0 137.0 251.0 255.0 -0.144889240206 -0.145436375961 0.01965108873 -0.225555278154 -0.0258034550769 
0.0 0.0 0.0 0.0 0.0 0.0 0.0 0.0 0.327783228678 1.38917497072 0.0 0.0 151.0 251.0 255.0 -0.125238151476 -0.333333333333 0.170337837307 0.0859245108075 0.0 
0.0 0.0 0.0 0.0 0.0 0.0 0.391751509733 0.0 0.0 0.0 0.0 0.0 156.0 252.0 255.0 0.0450996858317 -0.247408822526 0.112046370435 0.0427051305506 0.0258034550769 
0.0 0.0 0.0 0.0 0.0 1.02296604883 0.671921065711 1.76543319821 0.0 0.0 0.0 0.0 145.0 252.0 255.0 0.157146056267 -0.204703691975 -0.0121935072531 -0.159152135729 -0.0258034550769 
0.01355092987 1.11493401765 1.97625630688 0.840696595965 1.1979027122 1.71158994524 0.0 0.915605637421 0.747928213616 3.41459161078 1.22468290024 0.563828257892 132.0 252.0 255.0 0.144952549014 -0.333333333333 -0.123521977005 -0.0413177777764 0.0258034550769 
1.24868882087 0.0 0.0 0.0 0.0 0.0 0.0 0.0 0.0 0.371794157882 0.14167748017 0.0 119.0 252.0 255.0 0.0214305720086 -0.333333333333 0.0322718434774 0.0104846152523 0.0 
0.0 0.0 0.0 0.0 0.0 0.0 0.178245171245 0.0 0.972025638862 0.231225462214 0.808467192713 0.0 117.0 254.0 255.0 0.053702415486 -0.322848718081 -0.0336089740901 -0.000956867058251 -0.0258034550769 
0.0 0.0 0.0 0.0 0.188855691229 0.104635010766 0.815918948411 0.0 0.0 0.0 0.302992549288 0.0 117.0 254.0 255.0 0.0200934413959 -0.323805585139 -0.153000100998 -0.103320510343 0.00814860133346 
0.0 2.68712345863 1.43974797066 0.47629632196 0.0 1.20534129851 0.0 0.0 1.79370159813 2.16102301619 0.282175058071 2.72693407636 116.0 254.0 255.0 -0.132906659602 -0.333333333333 -0.00752434025971 0.0710104430189 0.00791889647512 
0.0 0.0 0.0 0.0 0.0 0.0 1.11954979719 0.0 0.0 0.0 0.0 0.0 118.0 253.0 255.0 -0.140430999862 -0.262322890314 -0.0632178219512 -0.0188979950548 0.0 
0.0 0.0 0.0 0.0 0.0 0.00911969989056 0.0 0.0 0.0 0.0 0.0 0.0 129.0 252.0 255.0 -0.203648821813 -0.281220885369 -0.0263106347076 0.0277442272044 0.0176900695922 
1.33720406849 2.00327849294 0.0 1.26793004656 0.0 0.0 0.0 0.157794489907 1.19041028865 1.89042213142 0.234209459115 0.941477557202 145.0 252.0 255.0 -0.229959456521 -0.253476658165 0.0990469462546 0.0610988084915 -0.0256089660673 
0.0 0.146936340203 0.0 0.513842525012 0.319360171346 0.656169001615 0.0 0.910284135077 0.76333623821 1.06969820148 0.809508815103 0.874958972109 161.0 252.0 255.0 -0.130912510266 -0.192377849673 -0.0425726634344 0.0562952193336 0.0 
0.0 0.0 1.20150261242 0.0 0.0 0.0 0.377457305707 0.0 0.0 0.0 0.0 0.0 176.0 252.0 255.0 -0.173485173701 -0.13608263034 -0.097166183911 0.00801949492789 0.0176548537434 
0.0 0.0 1.27276145157 0.0 0.325576868857 0.210768686942 0.477600696903 0.0634736580316 0.0 0.0 0.0 0.0 194.0 252.0 255.0 -0.270651357612 -0.128063135412 -0.0796329148441 0.106930786445 -0.0176548537434 
0.0 0.0 0.0 0.0 0.0 0.0 0.208486818374 0.0 0.0 0.0 1.4204550123 0.0 212.0 250.0 255.0 -0.333333333333 -0.0211323489674 -0.0039056852939 0.057041736604 0.0 
0.0 0.0 0.0 0.0 0.0 0.0 0.210967151945 0.0 0.0 0.0 0.0 0.0 228.0 238.0 254.0 -0.333333333333 0.0359093876366 0.0714681976529 -0.0577457358955 0.0176548537434 
0.678310228188 1.38974170816 2.89739282303 0.812927103577 1.20358389364 0.0 0.0 0.0 0.0 3.01345836522 0.781281197198 1.15419835407 232.0 239.0 255.0 -0.26186513568 -0.0218363482588 -0.123191600923 -0.024740233844 -0.0176548537434 
0.0 0.0 0.0 0.0 0.0 0.0 0.0 0.0 0.0 0.0 0.0 0.0 237.0 239.0 255.0 -0.333333333333 -0.0465765821028 -0.14424311648 -0.0597334127795 0.0 
0.0 0.0 0.0 0.0 0.0 0.0 0.0 0.0 0.0 0.0 0.0 0.0 237.0 239.0 254.0 -0.333333333333 -0.106309994882 -0.0250529048789 -0.105667867224 0.0176548537434 
0.0 0.0 0.0 0.0 0.0 0.0 0.0 0.0 0.0 0.0 0.0 0.0 237.0 238.0 254.0 -0.333333333333 -0.211977862106 0.0618899687388 -0.159477105841 0.0 
0.0 0.0 0.0 0.0 0.0 0.0 0.0 0.0 0.0 0.0 0.0 0.0 237.0 238.0 254.0 -0.271443364595 -0.333333333333 0.0166434975285 -0.011755602657 -0.0176548537434 
0.0 0.0 0.0 0.0 0.0 0.0 0.0 0.0 0.0 0.0 0.0 0.0 237.0 239.0 254.0 -0.254799867066 -0.333333333333 0.0430505117058 -0.0104567338176 0.0176548537434 
0.0 0.0 0.0 0.0 0.0 0.0 0.0 0.0 0.0 0.237711797005 0.0 0.0 237.0 239.0 254.0 -0.21174935536 -0.333333333333 -0.0228561018069 -0.147653513747 -0.0176548537434 
0.0 0.0 0.0 0.0 0.0 0.0 0.0 0.0 0.0 1.26603707569 0.0 0.0 237.0 239.0 254.0 -0.234605457167 -0.333333333333 -0.100691848172 -0.0682807287693 0.0 
0.0 0.0 0.0 0.0 0.0 0.0 0.0 0.0 0.0 0.0 0.0 0.0 237.0 239.0 254.0 -0.333333333333 -0.333333333333 0.00379782641885 -0.13949664234 0.0 
0.0 0.0 0.0 0.0 0.0 0.0 0.0 0.0 0.0 2.46342568626 0.0 0.0 237.0 239.0 254.0 -0.329535506914 -0.333333333333 0.0252803746498 -0.0899316370648 0.0176548537434 
0.0 0.0 0.0 0.0 0.0 0.0 0.0 0.0 0.0 0.0 0.0 0.0 238.0 239.0 254.0 -0.304255132265 -0.333333333333 0.115365245563 -0.07906166987 -0.0176548537434 
0.0 0.0 0.0 0.0 0.0 0.0 0.0 0.0 0.0 0.0 0.0 0.0 238.0 239.0 254.0 -0.188889886702 -0.333333333333 0.0516227911781 0.0736280315985 0.0176548537434 
0.0 0.0 0.0 0.0 0.0 0.0 0.0 0.0 0.0 0.0 0.0 0.0 238.0 239.0 254.0 -0.137267095524 -0.259705301735 0.0193037301727 -0.0837572815364 0.0 
0.0 0.0 0.0 0.0 0.0 0.0 0.0 0.0 0.0 0.0 0.0 0.0 238.0 239.0 254.0 -0.117963365351 -0.333333333333 0.000163667967871 -0.0570660537106 -0.0176548537434 
0.0 0.0 0.0 0.0 0.0 0.0 0.0 0.0 0.0 0.0 0.0 0.0 238.0 239.0 254.0 -0.117799697384 -0.333333333333 -0.0203451645585 -0.106250314157 0.0 
0.0 0.0 0.0 0.0 0.0 0.0 0.0 0.0 0.0 0.0 0.0 0.0 237.0 239.0 254.0 -0.138144861942 -0.333333333333 0.0855857777593 0.0236355926024 0.0176548537434 
0.0 0.0 0.0 0.0 0.0 0.0 0.0 0.0 0.0 0.0 0.0 0.0 237.0 239.0 254.0 -0.0525590841828 -0.309697740731 0.0153809233154 -0.170931739534 0.0 
0.0 0.0 0.0 0.0 0.0 0.0 0.0 0.0 0.0 0.0 0.0 0.0 237.0 238.0 254.0 -0.0371781608673 -0.333333333333 0.0839643822669 -0.0457846555023 -0.0176548537434 
0.0 0.0 0.0 0.0 0.0 0.0 0.0 0.0 0.0 3.65046666015 0.0 0.0 237.0 239.0 254.0 0.0467862213996 -0.333333333333 0.0697769918688 -0.148969252936 0.0 
0.0 0.0 0.0 0.0 0.0 0.0 0.0 0.0 0.0 0.0 0.0 0.0 234.0 240.0 254.0 0.116563213268 -0.333333333333 0.0225608133875 -0.129766307829 0.0176548537434 
0.0 0.0 0.0 0.0 0.0 0.0 0.0 0.0 0.0 0.0 0.0 0.0 230.0 242.0 254.0 0.139124026656 -0.333333333333 -0.0832703180674 0.0513546688551 -0.0176548537434 
0.0 0.0 0.0 0.0 0.0 0.0 0.0 0.0 0.0 0.439593017388 0.0 0.0 220.0 249.0 255.0 0.0558537085885 -0.281978664478 -0.0641124608734 -0.117378471447 0.0 
0.0 0.0 0.463027165748 0.571042623829 0.102723905099 0.0 0.0 0.0 0.416868773456 1.30418377072 0.0 0.0 209.0 251.0 255.0 -0.00825875228496 -0.333333333333 -0.0067905717574 0.155764218241 0.0176548537434 
0.0 0.0850858249843 0.0 0.0 0.588210888908 0.0 0.559768737908 0.0 0.0 0.0 0.714823199873 0.0 205.0 251.0 255.0 -0.0150493240424 -0.177569115092 -0.0366409692597 0.0909213976702 -0.0176548537434 
0.0 0.0 0.0 0.0 0.0 0.0 1.54917518742 0.274162443235 0.0 0.0 0.0 0.0 207.0 251.0 255.0 -0.051690293302 -0.0866477174217 0.0923565766137 -0.202902403882 0.0 
0.0 0.0 0.0 0.0 0.0 0.0 0.693111673908 0.0 0.0 0.0 0.857280712773 0.0 209.0 251.0 255.0 0.0406662833117 -0.289550121304 -0.187014021575 -0.00143836597973 0.0176548537434 
1.12903064791 0.0 0.666785276769 0.88628123133 0.0 2.27460250834 0.0 0.0 0.585425555862 0.834150784701 0.693853397854 0.837696469621 211.0 251.0 255.0 -0.146347738264 -0.290988487283 0.00556565052734 0.12222416772 0.0 
0.0 0.927776458763 0.0 0.88444386532 0.455231582145 0.0 0.0 2.05654100788 0.260181238897 1.35020275796 0.0 1.19660626473 223.0 246.0 254.0 -0.140782087736 -0.168764319564 0.0030626935411 -0.106465070425 0.0 
0.0 0.0 0.0 0.0 0.0 0.0 0.0 0.0 0.0 2.03875708986 0.0 0.0 231.0 242.0 254.0 -0.137719394195 -0.275229389988 -0.125757783427 0.0253060445343 0.0 
0.0 0.0 0.0 0.0 0.0 0.0 0.0 0.0 0.0 0.0563023132268 0.0 0.0 233.0 241.0 254.0 -0.263477177623 -0.249923345454 0.0511646760824 0.0628758269953 0.0 
0.0 0.0 0.0 0.0 0.0 0.0 0.0 0.0 0.0 0.0 0.0 0.0 237.0 239.0 254.0 -0.21231250154 -0.187047518459 0.0351925830027 0.0523265791389 0.0 
0.0 0.0 0.0 0.0 0.0 0.0 0.687092892696 1.2593698447 0.0 0.0 0.0 0.0 237.0 239.0 254.0 -0.177119918538 -0.13472093932 -0.195914549356 -0.0830589738956 0.0 
0.509380373604 2.670194682 1.63269191804 0.0 0.508174237474 0.376017924463 0.0 1.88980663398 0.201435874642 2.11238019892 2.34463836275 0.0 237.0 239.0 254.0 -0.333333333333 -0.217779913215 0.0483926011141 -0.0337075698958 0.0 
1.39609544885 0.955248941275 0.752453876523 0.168041016257 0.541013535167 0.197472961148 0.0 0.567507498685 0.576566430486 1.81402605193 0.0 0.74503832177 238.0 240.0 254.0 -0.284940732219 -0.251487483111 -0.00569843728651 0.0716143435453 -0.0176548537434 
0.0 0.0 0.0 0.0 0.849593697033 0.12672218913 0.48536260449 0.749485736955 1.16859230047 0.0 0.0 0.688171564769 238.0 240.0 254.0 -0.290639169506 -0.179873139566 0.139450436798 0.022767010023 0.0176548537434 
0.0 0.0 1.14431204719 0.50392404877 0.533485741666 0.383546961755 0.0 0.370239797096 0.376706337405 0.0 0.0 0.698845357211 238.0 240.0 254.0 -0.151188732708 -0.157106129543 -0.0885231631594 0.0522664232923 0.0 
0.0 0.0 0.0 0.0 0.0820957885701 0.700379364059 0.174504205524 0.24722324418 0.0 0.0 0.0 0.104822835104 238.0 240.0 254.0 -0.239711895867 -0.104839706251 -0.00761148137513 0.143675078297 0.0 
0.858248981317 0.428504895966 0.437884786579 0.791021086525 0.346179031898 0.525376528353 0.0 0.0 0.0 0.0 1.01078537189 0.454372163032 238.0 234.0 254.0 -0.247323377242 0.038835372046 -0.165680720883 -0.0868043721318 0.0 
0.0 0.0 0.0 1.45650446437 0.0 0.0 0.0 0.0 0.0 1.10433234761 0.0 0.0 238.0 239.0 255.0 -0.333333333333 -0.0479690000857 -0.107557635925 -0.197586769352 0.0 
0.0 0.0 0.0 0.0259018896484 0.0 0.0 0.0210799006751 0.0 0.0 0.0 0.204929621838 0.0 237.0 239.0 254.0 -0.333333333333 -0.245555769437 -0.103732534176 0.114282955986 -0.0176548537434 
0.0 0.0 0.842662396052 0.26587795054 0.56621197331 0.0 0.493980598753 0.0 0.0 0.0 0.601980551446 0.0 237.0 239.0 254.0 -0.333333333333 -0.131272813451 -0.0596483445745 0.0773734951504 0.0176548537434 
0.953757670104 2.53883952389 1.18419514566 0.829363583435 0.529014190221 0.381869657859 0.0 1.17039055646 1.10273919099 2.23461298411 0.0 0.532351609371 237.0 239.0 254.0 -0.333333333333 -0.053899318301 0.0200861722998 -0.0647195500942 0.0 
0.950581493098 0.813684394834 1.64504875114 1.68286939246 0.216323979832 1.45079715059 0.0 0.398275020996 1.19352826366 3.20022117784 0.0 2.27809423207 237.0 240.0 254.0 -0.313247161034 -0.118618868395 -0.0375999769578 0.065090006981 0.0 
0.0 1.26369547572 1.72441919105 0.0 1.34345578032 0.0 0.0 1.16404216281 0.177817940353 0.855732194878 1.0596192676 1.63171430671 237.0 239.0 254.0 -0.333333333333 -0.0535288614142 0.067487363347 -0.10989864352 0.0 
1.32427759644 1.04696830089 1.75508530755 0.0 0.36516831313 0.242856210725 0.0 0.0 1.25384790778 0.678184689395 0.0 0.475480661295 237.0 239.0 254.0 -0.265845969986 -0.163427504934 0.0466164759565 0.149738018552 0.0 
0.0 0.0 0.0 0.0 0.0 0.0 1.03653703452 0.0 0.0 0.0 1.00243986408 0.0 238.0 240.0 255.0 -0.21922949403 -0.0136894863821 0.0419111597479 0.139516008004 0.0 
0.20857150419 2.45128207603 0.614057483666 0.0 0.0 0.274452764631 0.0 0.569618870959 0.451951936602 3.35544025494 0.0 1.56276847068 238.0 227.0 254.0 -0.177318334282 0.125826521622 0.0147530744364 -0.0320680166649 -0.0176548537434 
0.0 0.161858194759 0.276918839432 0.0 0.0 0.0 0.113018509825 1.93895076853 0.0 0.0 0.0 0.0 238.0 202.0 253.0 -0.162565259845 0.0937585049571 -0.0986225079555 -0.0886070742531 0.0176548537434 
0.0 0.0 0.0 0.0 0.0 0.136501555306 1.2025215577 0.0 0.0 0.0 0.0 0.0 238.0 194.0 253.0 -0.261187767801 0.00515143070402 0.084909349282 -0.162242331687 0.0 
0.0 0.0 0.307318372869 0.0 0.0 0.0 0.711463004988 0.0 0.0 0.0 0.614403141343 0.0 238.0 215.0 254.0 -0.176278418519 -0.157090900983 -0.0414618850062 -0.0400123555611 -0.0176548537434 
0.0 0.0 0.0 0.0 0.0 0.0 0.0 0.575269972815 0.873891141073 1.37391082967 0.0 0.0 238.0 242.0 255.0 -0.217740303525 -0.197103256544 0.00619598443215 0.0598871472742 0.0176548537434 
1.97050753008 0.94370071418 0.691797590239 0.832120685584 0.43096415918 1.1832017682 0.0 1.17002031144 0.322278930269 0.0 0.0 3.32597315384 237.0 241.0 254.0 -0.211544319093 -0.13721610927 0.0852336794744 0.0653838903724 -0.0176548537434 
0.0 0.571157210092 0.315688610738 0.445167340285 0.486122928857 0.0 0.192493766419 0.346622680937 1.61964649471 0.283057176357 0.0 0.632033480514 237.0 241.0 254.0 -0.126310639619 -0.0718322188976 -0.0617372649329 -0.0699654194783 0.0 
1.97250434153 2.24412767986 1.49347540168 1.54122883836 1.5317426382 0.153528720645 0.0 0.807195311488 0.470647609169 2.4298488291 0.402308104749 1.14706738871 237.0 241.0 254.0 -0.188047904552 -0.141797638376 -0.00941889334499 -0.0705625669339 0.0 
0.0 0.0 1.20034770571 0.0 0.0 0.841686172314 1.4280078758 1.04558897093 0.0 0.0 0.0 0.0 237.0 241.0 254.0 -0.197466797897 -0.21236020531 0.000972383309078 0.0230543044204 0.0176548537434 
0.0 1.32413661349 1.53820007388 0.0275335115607 0.546137855316 1.10345429849 0.0 0.883800640213 1.36892279716 2.38584276828 0.0 1.36743001073 237.0 241.0 254.0 -0.196494414587 -0.189305900889 0.0211599457148 -0.0166637050859 -0.0176548537434 
0.639421461711 0.590962515301 0.280453581406 0.0 0.208689950319 0.0 0.117930023737 0.932489296002 0.466219422854 0.0 0.926347555887 0.849427772889 237.0 241.0 254.0 -0.175334468873 -0.205969605975 -0.0855500744602 -0.170874505467 0.0 
0.0 0.0 0.0 0.0 0.0 0.0 0.557585963404 0.576304278209 0.0 0.0 0.0 0.0 237.0 241.0 254.0 -0.260884543333 -0.333333333333 -0.030509411591 0.0379224653284 0.0176548537434 
0.0 0.0 0.0 0.0 0.470552403859 0.0 1.54720389369 0.312716404511 0.0 0.0 2.37370192503 0.0 238.0 242.0 255.0 -0.291393954924 -0.295410868005 -0.160874282452 -0.0466231761092 0.0 
0.0 1.06487926478 0.493427247339 0.0 0.0 1.73017606408 0.0 0.870155828742 0.0 2.79012886007 0.710575922994 0.0863796954888 238.0 242.0 255.0 -0.333333333333 -0.333333333333 -0.00896786062074 -0.0340726347736 -0.0176548537434 
1.41553270911 0.642780915252 0.0 0.998409049816 0.0 0.0 0.0 2.06002105859 0.0 2.70093511937 0.0 1.2272539742 238.0 242.0 255.0 -0.333333333333 -0.333333333333 0.100524557312 -0.119854143791 0.0176548537434 
# HEADER 7
0.0 1.9176574065 0.0 0.596791641017 0.0 0.801376038423 0.486991262671 0.34576399653 0.0051927815836 0.0 0.029732226102 1.86972965236 132.0 247.0 254.0 0 0 0.150166226715 0.0643299850356 0.0 
0.0 0.0572830046661 0.1548264322 0.381408390874 1.18953021357 0.0 0.76032426658 3.13979220137 1.41119864112 0.391935272152 0.80991812019 0.721295174082 132.0 237.0 254.0 0.150166226715 0.0643299850356 -0.00707932558193 -0.0954903926572 -0.0176548537434 
0.0 0.0 2.6291483201 1.94775274437 0.0 0.0 0.0 0.0 0.0 0.0 0.0 0.0 124.0 245.0 254.0 0.143086901133 -0.0311604076215 0.0441085153645 -0.140434457169 0.0176548537434 
0.898574118998 0.841400120596 0.488336267275 0.33718359563 0.0 0.460282611082 0.139961769042 0.0 1.19731747303 0.0 0.0 1.00738619016 118.0 252.0 255.0 0.187195416497 -0.17159486479 -0.0859639557437 0.00627454650126 0.0 
0.0 0.0 0.0 0.0 0.0 0.0 0.647840979977 0.469139673114 0.456208196571 0.0 0.492930408573 0.0 117.0 254.0 255.0 0.101231460754 -0.165320318289 0.0329484014226 -0.105269926612 -0.0176548537434 
0.0 1.5623498509 2.14433949213 0.0 0.0 0.993884320972 0.453933747042 1.23971566132 0.0 2.54182247371 0.0585232881 1.28833008536 116.0 255.0 255.0 0.134179862176 -0.270590244901 -0.0450126638499 -0.0764220305754 0.0 
0.0 4.13719161309 1.22344342603 1.0386597777 0.808299035316 2.30941715827 0.0 0.0 1.82862362272 2.38089535141 0.806791579081 3.4248311316 115.0 255.0 255.0 0.0891671983262 -0.333333333333 -0.0690844487791 0.0195200453956 0.0 
1.85309695852 2.4315969307 0.0 2.39048215991 0.0 1.72347819906 0.0 1.5268270238 0.322924469914 2.94499062525 1.79719548287 3.81492128948 115.0 255.0 255.0 0.0200827495471 -0.313813287938 -0.0166530212916 -0.115988573511 0.00791889647512 
0.244431479097 2.0496821686 1.42520627641 0.261604865534 0.0 1.57876601498 0.0 0.408071233087 1.89354781227 2.90395929071 0.0 4.37837363235 114.0 255.0 255.0 0.00342972825553 -0.333333333333 -0.138034509229 0.00445237001422 0.0 
0.0 3.05859483709 0.60322931366 0.0 0.29365604938 0.901723616224 0.0 0.509606984065 0.0 2.54801875171 0.787433133153 3.91639967454 114.0 255.0 255.0 -0.134604780973 -0.328880963319 0.00606447694307 -0.0891654679995 -0.00791889647512 
0.0 0.0 0.0 0.0 0.0 0.0 0.706596460165 0.918660973312 0.0 0.0 1.27046805952 1.34968266859 114.0 254.0 255.0 -0.12854030403 -0.333333333333 -0.157024734286 0.13044256478 0.00791889647512 
0.0 1.92900852364 0.362221380425 0.783950280343 1.2210260596 2.04319417958 0.0 1.56406358758 1.09850012858 3.07095911351 2.45530283321 3.09423829112 114.0 254.0 255.0 -0.285565038316 -0.202890768554 0.035283308329 0.0209802817263 0.0 
0.0 3.63293620886 1.67921166674 0.0773493126226 0.477730849239 1.24615818676 0.0 1.27536579373 0.382140565362 3.01989430981 0.0123933638809 2.63810846043 114.0 255.0 255.0 -0.250281729987 -0.181910486827 -0.0597868352355 0.00840499894953 -0.00791889647512 
0.171656422155 2.85190832006 2.26891626143 1.40167863892 0.0 4.02150148462 0.0 3.08388178278 2.25373999377 3.82265528926 1.93161566074 2.34428084591 114.0 255.0 255.0 -0.310068565222 -0.173505487878 0.0613327984763 0.142013333566 0.00791889647512 
0.0 1.61618963125 0.0 1.13173510441 1.10350017288 0.316341866264 0.0 1.54247239326 1.05923951831 0.477323048542 1.41448636761 2.68055167688 114.0 255.0 255.0 -0.248735766746 -0.0314921543116 0.133757739934 -0.0823783716423 0.0 
1.04676482851 0.653449572551 1.60167435528 1.63438519124 0.304463707969 1.1651580878 0.0 0.753666673544 2.76473229074 2.31603865608 1.41955983948 5.7271004053 115.0 254.0 255.0 -0.114978026812 -0.113870525954 -0.147120828407 0.0382876023242 0.0 
0.187010649459 0.288382982925 0.0 0.631638197576 0.344599867068 1.54733354701 0.471594365756 2.11223059402 1.93872322675 1.08180944706 0.255529232426 0.203817710059 121.0 253.0 255.0 -0.262098855219 -0.0755829236297 0.0559468487875 0.195267470096 -0.00791889647512 
0.0 0.0 0.0 0.0 0.0 0.0 1.66902687358 0.390356698826 0.0 0.0 0.773045575741 0.0 137.0 253.0 255.0 -0.206152006431 0.119684546466 -0.0612401421105 0.147057735025 0.0176548537434 
0.0 0.0 0.0 0.0 0.508550172844 0.0 0.809482546666 0.0 0.0 0.0 0.362880638391 0.0 152.0 244.0 255.0 -0.267392148542 0.266742281491 0.018809113121 -0.236011366895 0.0 
0.068642187605 0.0 0.0 0.0 0.0 0.0 1.63353947999 1.55345497318 0.0 0.0 0.0 0.0 165.0 216.0 254.0 -0.248583035421 0.0307309145962 0.204820690957 0.0664653367778 0.0 
0.0 0.0 0.0 0.0 0.0 0.0 1.53089536584 0.176648182082 0.0 0.0 0.0 0.0 181.0 188.0 251.0 -0.0437623444638 0.097196251374 0.084856894627 0.0267131061342 0.0 
1.40656606455 0.923018393668 0.747802613173 1.03653044213 1.31668941721 1.68950295868 0.0 1.07203519503 0.492401647412 3.0555859595 0.0 1.81670889275 198.0 160.0 240.0 0.0410945501632 0.123909357508 -0.0776231784878 -0.0447784064408 0.0 
# HEADER 8
0.0 0.0 0.0 0.0589592638055 0.717926231698 0.0 0.180754821574 0.986371029453 1.26968256363 0.0 0.72140765785 0.0 131.0 249.0 255.0 0 0 0.0703706915587 0.229964038998 0.0 
1.55587821367 0.841021191224 0.0 0.0 0.107882042673 0.0 0.0 0.784913308994 0.779597092839 1.96402988956 0.358363519696 0.616563011489 126.0 241.0 254.0 0.0703706915587 0.229964038998 0.151353432571 0.0467346024501 0.0 
0.21300486005 1.78790532936 0.0 0.0 0.0 0.800060100679 0.0 1.53223290308 0.280467459343 1.71026918742 0.0 0.808002739904 125.0 248.0 226.0 0.221724124129 0.276698641448 -0.143151142042 0.00754978358728 -0.0176548537434 
0.839461207119 3.17197584229 3.44637262428 0.0 0.0 1.46293875196 0.0 3.07646166569 0.368618646884 1.20481151737 4.33103814006 0.577893538394 128.0 248.0 198.0 0.0785729820878 0.284248425035 -0.0251056081182 -0.0676126385014 0.0408292030898 
0.0 0.0 3.64692900715 0.0 0.0 3.3391870844 1.19645139795 5.54780810759 0.60195509166 0.0 4.61805284445 0.181425353437 131.0 249.0 172.0 0.0534673739696 0.216635786534 -0.0555778907324 0.0975017204133 0.0670792032858 
0.0 0.0 2.95549110182 0.0 0.0 3.46976538038 2.51363514045 6.42317108844 0.0 0.0 1.99450570594 0.0 134.0 250.0 145.0 -0.00211051676286 0.314137506947 -0.125850234865 -0.119397204301 0.0627422616717 
0.0 0.0 0.0 0.0 0.0 1.87816270972 4.80938823432 4.93934640661 0.0 0.0 0.195445376755 0.0 142.0 249.0 114.0 -0.127960751628 0.194740302646 -0.0988529586387 0.0130242730461 0.0699818534696 
0.0 0.0 0.0 0.0 0.0 0.0 8.41513660526 0.0 0.0 0.0 0.561972568706 0.0 151.0 247.0 78.0 -0.226813710266 0.207764575692 -0.122918137961 0.0623117679107 0.0989839039342 
0.0 0.0 0.0 0.0 0.0 0.0 6.56942683347 0.0 0.0 0.0 0.0 0.0 167.0 232.0 52.0 -0.333333333333 0.270076343603 -0.131133148806 0.0770552517202 0.13877288256 
0.0 0.0 0.0 0.0 0.0 0.0 2.76634661608 0.0 0.0 0.0 0.0 0.0 188.0 194.0 46.0 -0.333333333333 0.333333333333 0.170629565663 -0.0290422731715 0.183389199188 
0.0 2.45550979038 0.497556137858 0.0 0.0 1.81099134386 0.0 2.67726890878 0.0 1.90147307632 0.990946382044 2.83418034588 206.0 149.0 43.0 -0.162703767671 0.304291060162 -0.0637238563266 0.0492992702181 0.161916485495 
0.0 0.0 0.0 1.54761100551 1.1530442216 0.0 0.644109389936 0.145193190647 0.0 0.0 0.591994103882 0.0 210.0 88.0 49.0 -0.226427623997 0.333333333333 0.188336547364 -0.132385685725 0.27414913585 
0.0 0.0 0.313566439429 0.188087166312 0.0 1.33608344433 0.582724009642 0.868414545399 0.0 4.2580809911 1.11105126693 1.75627539237 202.0 61.0 50.0 -0.038091076633 0.200947647609 -0.14484020007 0.112206521836 0.507231354455 
1.61630641993 0.0 2.71301729463 0.490091834482 0.478261689457 1.45353982897 0.0 1.61652169977 1.81332079697 2.47494021513 0.825017822746 2.8120360047 199.0 42.0 48.0 -0.182931276703 0.313154169444 0.0273682796935 0.126515371767 0.234172732159 
0.284815224019 0.0 0.0 0.0 0.604723689283 1.21116238922 0.0 0.941585202965 0.893126740885 0.156313761384 0.335498513392 0.832445569622 198.0 35.0 40.0 -0.155562997009 0.333333333333 -0.0392320079785 -0.0850070409886 0.0947189763169 
0.0 0.0 0.0 0.430200814766 0.0 0.0 0.684134430333 1.23615371812 0.406820695452 0.0 1.34514101522 0.0 198.0 35.0 37.0 -0.194795004988 0.248326292345 0.000421500171745 -0.0936233645893 0.0 
0.0 0.227416826099 0.0 0.670103887616 0.0 0.0 1.29404954002 0.00522878647472 0.0 0.0 0.0 0.0 199.0 34.0 37.0 -0.194373504816 0.154702927755 0.0586243286497 0.231203797818 0.0 
0.0 0.0 0.641921256527 0.0 0.0 0.0 0.949460876316 0.615512164317 0.0 0.0 0.554693704156 0.0 200.0 34.0 36.0 -0.135749176166 0.333333333333 -0.042192334252 0.087890713589 0.0 
0.0 0.0 0.0 0.0 1.44880647343 0.0 0.735611000109 1.29797827592 0.130314227295 0.0 0.594863086813 0.57367074106 201.0 34.0 36.0 -0.177941510418 0.333333333333 0.0998002245462 0.164023900957 0.0 
0.0 0.0 0.0 0.0 0.0 0.0 0.663998114584 0.544983721838 2.04149413778 0.0 0.829206221624 2.25159185769 201.0 34.0 36.0 -0.0781412858723 0.333333333333 -0.137855246891 0.255466418677 0.0 
0.790606905488 0.376404565069 0.531796820257 0.0358639843881 0.0 0.355386141134 0.679513416398 0.287444324916 0.0 0.646199203327 0.231745265975 1.25611959069 201.0 34.0 36.0 -0.215996532763 0.333333333333 -0.0552071474455 0.125650411427 0.0 
0.0 0.0 0.0281819148314 0.800908815506 0.270521037736 0.0 0.811958570421 0.496833680377 0.366416729711 0.0 0.897445705516 0.0 202.0 34.0 36.0 -0.271203680208 0.333333333333 0.0114863789187 -0.163003369835 0.0 
0.500017017003 1.26659007782 0.0 1.14753239929 0.0 0.0 0.0973150398034 1.30128603935 1.17196666468 1.5937634756 0.0791516442177 1.24633343655 204.0 34.0 36.0 -0.25971730129 0.170329963498 -0.102633923867 0.0249926678734 0.0 
0.0 0.442350754453 0.193561056246 0.490633528081 0.521676172093 0.852623138997 0.175904284829 0.0 2.13804075984 1.1319874083 0.826868593078 0.0 205.0 34.0 36.0 -0.333333333333 0.195322631372 0.178475466996 -0.00476176848879 0.0 
0.0 0.0 0.0 0.0 0.0349363801665 0.0 1.74350300855 1.71705440388 0.0 0.0 0.0233398133671 0.0 206.0 34.0 36.0 -0.154857866337 0.190560862883 -0.0968086110721 0.00650553088683 0.0 
0.501718020721 1.46236742226 1.19543018658 1.76975972894 1.14990797869 0.0 0.131637829662 0.560767638423 0.919372818008 2.35198714967 1.5473069464 0.81102163918 207.0 34.0 36.0 -0.25166647741 0.19706639377 0.169785868857 0.1133335313 0.0 
2.076604278 1.10551538854 0.0 1.02760444011 0.0 2.3033473485 0.0 2.14903239327 0.399565272024 3.63446509582 0.0 1.51326602639 208.0 34.0 36.0 -0.0818806085522 0.31039992507 -0.24949150284 -0.0830421453348 0.0 
0.0 0.0 0.0390342183465 0.0 0.0 0.0 0.60064604076 0.366918533298 0.0 0.0 0.630477130524 0.0 208.0 34.0 36.0 -0.331372111393 0.227357779735 -0.0280077850663 0.0646214629512 0.0 
1.08428035762 0.374378016393 0.687958833474 0.170989340703 0.472309684532 1.20347751216 0.537747520241 0.0 0.0 1.30487028645 0.0 1.70868694335 209.0 34.0 36.0 -0.333333333333 0.291979242686 -0.0616285660765 -0.100535017163 0.0 
0.893322514978 4.13162350363 1.62494738223 0.472527860515 0.0 0.295366869612 0.0 2.04869878881 0.586961622357 2.59563530299 0.0 1.42468551703 209.0 34.0 36.0 -0.333333333333 0.191444225523 -0.101024080135 -0.0337171060058 0.0 
0.86696365003 1.77431118994 0.647250184801 1.8969074445 2.25033582193 2.86888438958 0.0 0.121104250157 0.396450751693 3.099089894 0.72995513786 2.38730358536 211.0 34.0 36.0 -0.333333333333 0.157727119517 -0.112604591038 0.086660945104 0.0 
# HEADER 9
0.0 0.278980963172 0.0 0.118611094605 0.0 0.0 0.478835197988 0.0 0.487399219429 0.0 0.0 0.0 132.0 247.0 255.0 0 0 0.0772779744594 0.105126528994 0.0 
0.0 0.0 0.470249876759 0.0 0.211832006975 2.01519279286 0.0 0.402946564346 0.960574998516 0.0 0.0 0.0 130.0 238.0 254.0 0.0772779744594 0.105126528994 -0.0557061106667 -0.0544078776424 0.0 
0.0 0.0 0.0 0.0 0.0 0.0 1.09490427692 0.315486413892 0.0 0.0 0.0 0.252301323081 127.0 239.0 247.0 0.0215718637927 0.0507186513519 0.043473977321 -0.0319986498651 0.0 
# HEADER 10
0.0 0.0 0.0 0.246391171346 0.0 0.0 0.84853740496 0.281554837107 0.0 0.0 0.0108542349396 0.0 133.0 249.0 255.0 0 0 0.0502774883142 0.15436925105 0.311691638019 
0.0 0.0 0.0 0.0645357066476 0.0 0.0 0.605753884095 0.0 1.3421307605 0.0 0.0 0.0 132.0 235.0 254.0 0.0502774883142 0.15436925105 0.146287974251 0.0221342174328 0.0 
0.0 1.41635094444 0.0 0.449476401332 0.0966759152109 0.0 0.0 1.79328688251 1.03005551743 1.2462194612 1.73349869193 3.21651552565 125.0 247.0 227.0 0.196565462566 0.176503468483 -0.0872544740953 -0.100833702384 0.0 
0.444352660921 0.510273780567 2.07825312191 0.0 0.0 1.59008671222 0.0 2.22932057952 0.673987058317 0.750454445408 4.3029364591 1.44311893017 126.0 247.0 211.0 0.10931098847 0.0756697660986 0.0526393932674 0.0784077275163 0.0403804367231 
0.0 0.0 2.64651314477 0.0573663552602 0.0 0.0 1.03548060112 5.0933789504 0.0 0.0 4.68411654099 0.778148511669 127.0 248.0 194.0 0.161950381738 0.154077493615 0.0657724013478 -0.0682043445964 -0.00646230207071 
0.0 0.0 6.29104492006 2.53595228107 0.55512564265 3.31630190447 0.672490877458 4.756058183 0.0 0.0 4.37860894858 0.0 127.0 249.0 184.0 0.227722783086 0.0858731490185 0.132091403874 0.0117062936316 0.0878745604499 
0.470293786608 1.38839096765 4.72959028581 1.21548017825 0.781607385144 7.05237153192 0.0 7.00922898007 0.465495142105 1.66051403293 4.2020538503 1.47559247536 127.0 249.0 176.0 0.333333333333 0.0975794426501 -0.176660243097 0.109620837138 -0.0174240460781 
0.0 0.0 0.320826073647 1.38922854158 0.0 5.66722216026 2.90892877421 6.18663984428 0.0 0.0 4.90515285481 0.0 128.0 251.0 164.0 0.156673090237 0.207200279788 0.11193024457 0.0938190868047 0.0530890012544 
0.0 0.0 3.59808917847 0.0 0.0 6.05795328667 3.4872062549 9.45708393326 1.71246824502 0.0 3.68583100635 0.0 129.0 252.0 146.0 0.268603334807 0.301019366593 -3.2285900493e-05 0.0791814692282 0.0376968015079 
0.0 0.0 0.0 0.0 0.0 4.7809181249 8.3255210853 5.82998765574 0.0 0.0 2.63955676089 0.0 130.0 254.0 123.0 0.268571048906 0.333333333333 -0.0922708932015 -0.150452191341 0.0610563027975 
0.0 0.0 0.0 0.0 0.0 3.83588222135 11.8352422805 7.10603510378 0.0 0.0 2.04716601978 0.0 131.0 255.0 107.0 0.176300155705 0.182881141992 -0.0680479466943 -0.0180446090858 0.0610262235111 
0.0 0.0 0.0 0.0 0.0 0.0 17.5950458789 3.78045483888 0.0 0.0 0.782684138294 0.0 131.0 255.0 98.0 0.108252209011 0.164836532907 -0.010754472179 0.106473912982 0.0595080388321 
0.0 0.0 0.0 0.0 0.0 0.0 18.7230138617 1.04992663217 0.0 0.0 1.5505464794 0.0 133.0 255.0 84.0 0.0974977368316 0.271310445889 0.0804257316056 0.00754603525579 0.0375828823084 
0.0 0.0 0.0 0.0 0.0 0.0 18.4813262366 0.0 0.0 0.0 1.24365448957 0.0 134.0 255.0 64.0 0.177923468437 0.278856481145 -0.00168007271183 -0.0531824048082 0.0663121513507 
0.0 0.0 0.0 0.0 0.0 0.0 17.228764178 0.0 0.0 0.0 2.17664565667 0.0 134.0 255.0 47.0 0.176243395725 0.225674076337 -0.093726231411 0.09090960952 0.0984658310289 
0.0 0.0 0.0 0.0 0.0 0.0 15.1551768238 0.0 0.0 0.0 1.39768343913 0.0 134.0 252.0 40.0 0.0825171643144 0.316583685857 0.0852384083143 -0.152887977003 0.0944380117423 
0.0 0.0 0.0 0.0 0.00657749500566 0.0 13.2486393732 0.0 0.0 0.0 2.30390983431 0.0 134.0 251.0 39.0 0.167755572629 0.163695708854 -0.0145297834235 0.0539707627281 0.0395743584977 
0.0 0.0 0.0 0.0 0.0 0.0 14.7294732113 0.0 0.0 0.0 1.55690839398 0.0 133.0 250.0 38.0 0.153225789205 0.217666471582 0.0551026975484 0.0634362659496 0.0068796462299 
0.0 0.0 0.0 0.0 0.0 0.0 13.1649452185 0.0 0.0 0.0 0.0 0.0 133.0 247.0 37.0 0.208328486754 0.281102737532 -0.0153087002037 0.173672554637 0.0 
0.0 0.0 0.0 0.0 0.0 0.0 13.709615031 0.0 0.0 0.0 0.0 0.0 132.0 247.0 37.0 0.19301978655 0.333333333333 -0.0715755233823 -0.0199770657722 0.0255980948091 
0.0 0.0 0.0 0.0 0.0 0.0 12.8250238975 0.0 0.0 0.0 0.25828999737 0.0 132.0 247.0 37.0 0.121444263167 0.313356267561 -0.086133883546 -0.140030360359 0.00645492591133 
0.0 0.0 0.0 0.0 0.0 0.0 15.3840684633 0.0 0.0 0.0 0.0 0.0 132.0 247.0 37.0 0.0353103796215 0.173325907202 -0.0480694562101 0.0738412475079 0.0 
0.0 0.0 0.0 0.0 0.0 0.0 14.7695256179 0.0 0.0 0.0 0.194130343294 0.0 132.0 247.0 37.0 -0.0127590765886 0.24716715471 -0.0703227878684 -0.00808231667524 0.0 
0.0 0.0 0.0 0.0 0.0 0.0 13.5301083174 0.0 0.0 0.0 0.34763911356 0.0 138.0 242.0 37.0 -0.083081864457 0.239084838035 0.0774950427948 0.00106047991666 0.0 
0.0 0.0 0.0 0.0 0.0 0.0 11.4727601994 0.0 0.0 0.0 0.0 0.0 143.0 237.0 37.0 -0.00558682166217 0.240145317951 -0.0977262894675 -0.164672839463 0.0201606103274 
0.0 0.0 0.0 0.0 0.0 0.0 11.7441279037 0.0484315897387 0.0 0.0 2.28164548142 0.0 151.0 229.0 37.0 -0.10331311113 0.0754724784882 -0.0469308391197 0.0655698335146 -0.0201606103274 
0.0 0.0 0.0 0.0 0.0 0.0 9.34722584817 0.171330638047 0.0 0.0 0.683152395102 0.0 162.0 216.0 37.0 -0.150243950249 0.141042312003 -0.0880546398655 -0.0354926251639 0.0263486562819 
0.30459437267 0.0 0.0 0.0 0.0 0.0 4.26112285296 0.0 0.0 0.0 0.0 0.0 176.0 194.0 39.0 -0.238298590115 0.105549686839 0.00990024824984 0.0428840076754 0.0557256663871 
0.0 0.0 0.0 0.0 0.0 0.0 3.53559835858 0.983561059805 0.0 0.0 0.782613263429 0.0 193.0 161.0 40.0 -0.228398341865 0.148433694514 0.00698920896325 0.0427323697607 0.0644344598247 
0.110267939679 0.0 0.0 0.0023208851252 0.497632968943 0.0 2.72347957606 0.0 0.0 0.0 0.769988449616 0.0 205.0 113.0 42.0 -0.221409132902 0.191166064275 -0.0216992913299 0.016968102762 0.134701029294 
0.0 0.0 0.47451520638 0.0 0.0 0.0 0.842750542562 1.71921769934 0.0 0.0 0.0 0.0 201.0 64.0 50.0 -0.243108424232 0.208134167037 -0.0250727407792 0.0116573597022 0.324087377301 
0.539483196954 0.0 0.235634005733 0.0 0.0 1.28752116769 0.760581151489 0.0 0.0 0.0 1.10898673711 0.81118998667 197.0 46.0 48.0 -0.268181165011 0.219791526739 -0.0486891838003 -0.199400182755 0.387722662858 
2.3175698395 0.573654736494 1.56176805183 0.0 2.04297124533 2.11342582941 0.0 1.73673512188 1.19322193565 0.64028133362 0.0 1.83135196724 199.0 41.0 46.0 -0.316870348811 0.0203913439839 -0.0335292227259 0.0559945060532 0.169082212126 
0.0 0.0 0.0 0.0 0.129619107703 0.0 0.636160796912 1.15766560062 0.0 0.0 0.232147101885 0.253466359501 209.0 37.0 43.0 -0.333333333333 0.0763858500371 -0.106463324851 0.0583720119666 0.0625194370314 
0.0 0.0 0.0 0.0 0.0 0.115327622039 2.32536488425 1.20629828251 0.0 0.0 1.61891297253 0.0 216.0 36.0 40.0 -0.333333333333 0.134757862004 0.0669125045969 0.00690889511312 0.0 
0.0512177892312 0.910629972523 0.0 1.02030245244 0.0 0.976210292637 0.0 1.85449546474 1.11381277572 0.0 1.89266731111 2.36720932661 220.0 35.0 38.0 -0.266420828736 0.141666757117 -0.117484763925 -0.0527529312685 0.0 
0.0 0.0 0.695455120566 0.0 0.0 0.0 1.10976136916 0.0 0.0 0.0 0.0 0.0 225.0 34.0 37.0 -0.333333333333 0.0889138258483 -0.030044284543 0.0174040495122 0.0 
0.0371153293953 0.565462318593 0.792479409778 0.634892292318 0.0 1.46788592721 0.0 0.0 2.51520164775 2.50156023475 0.0 1.10109598465 230.0 34.0 37.0 -0.333333333333 0.106317875361 0.0193441843495 -0.00362165916963 0.0 
0.0 0.0 0.280434621483 0.0 0.596315813317 0.0 1.15127045115 0.0 0.0 0.0 0.895311913718 0.551252969367 231.0 34.0 36.0 -0.313989148984 0.102696216191 0.0208217401241 -0.150616823557 0.0 
0.85281926668 0.0 0.0 0.0 0.189584458166 0.0 2.41934071052 0.73430564294 0.0 0.0 2.15219057876 0.719070502342 232.0 35.0 42.0 -0.29316740886 -0.0479206073658 0.00546355218754 0.0138409679953 0.0 
0.0 0.0 0.0 0.0 0.437687778011 0.0 0.462609766431 0.209896505827 0.204626923579 0.0 1.30507638888 0.164951564654 232.0 44.0 50.0 -0.287703856672 -0.0340796393705 -0.107394694697 0.115588468171 0.0 
0.0 0.0 0.0 0.0 0.0 0.741157871445 0.876073982249 0.0902125533517 0.238404776488 0.0 2.10173968051 0.0 232.0 45.0 49.0 -0.333333333333 0.0815088288008 0.00285948702589 -0.084650713165 0.0 
1.07054541836 0.128100311969 0.0 0.0 0.553435390116 0.0 1.48767576667 0.775631254845 0.221225175635 0.0 0.363680443729 0.0 232.0 44.0 50.0 -0.330473846307 -0.00314188436413 0.0264704793729 -0.0698238060471 0.0 
0.0 1.43678794021 1.83297929142 0.0 0.0 1.6603704836 0.0 1.01758807138 1.42492594149 1.40342391103 0.647702285336 0.0 232.0 51.0 63.0 -0.304003366935 -0.0729656904113 0.103642047764 -0.119708090093 0.0 
0.0 0.0 0.0 0.0 0.0 0.339621134572 1.80983766572 0.197588415573 0.0 0.0 0.0 0.0 236.0 51.0 79.0 -0.20036131917 -0.192673780505 0.0133588844745 -0.137369595367 0.0 
0.549768509136 0.770772924226 0.0 0.0 0.865797066804 1.13876864711 0.261072470956 0.901193453473 0.957410977554 0.0 1.16041064129 0.349443065404 237.0 52.0 87.0 -0.187002434696 -0.330043375871 0.102150485031 0.0826325586209 -0.0757788876722 
0.0 0.0 0.0 0.0 0.0 0.414524550952 1.59883165532 0.988338158519 0.0 0.0 0.0392408733289 0.0 237.0 52.0 88.0 -0.0848519496644 -0.24741081725 -0.0215030247645 -0.123595831961 -0.0481770837935 
0.0 0.0 0.0 0.0 0.0 0.0 0.540406849713 2.98089732626 0.0 0.0 0.878724119782 0.0 236.0 52.0 92.0 -0.106354974429 -0.333333333333 -0.108507604682 -0.0691923755162 0.0 
0.0 1.07311080219 0.0 1.0104292954 0.732371392373 0.0 0.352312560815 0.625567419899 0.858877817918 0.0 0.787654281283 0.61135801943 237.0 53.0 94.0 -0.214862579111 -0.333333333333 -0.0939322728583 0.0737639204469 -0.0122127203989 
0.0 0.0 0.760559732068 0.0 0.0 0.340072718277 0.433777871167 0.0 0.0 0.0 0.0 0.0 237.0 53.0 94.0 -0.308794851969 -0.259569412886 -0.0247807091448 0.0196028253579 0.0 
0.0 0.0 0.929719625262 1.86119394488 0.0 0.0 2.12457405774 0.41674378163 0.0 0.0 0.0 0.98674994448 237.0 53.0 95.0 -0.333333333333 -0.239966587529 -0.0412016065599 0.0779026096037 0.0 
0.0 0.409529441865 1.17148529525 1.5060117098 0.0694452524434 0.166338051115 0.17348874096 0.368118859674 1.42918852881 1.91685327573 0.0414727815924 0.0 237.0 53.0 95.0 -0.333333333333 -0.162063977925 -0.0242089367683 -0.0347168566951 0.0 
0.770664111504 0.0 0.0 0.0 0.530009950014 0.0 1.01707108044 0.0 1.39057602799 0.0 0.0 0.0 237.0 54.0 96.0 -0.333333333333 -0.19678083462 -0.00667917725192 -0.0477958449556 -0.0477201613321 
0.612672749546 0.0 0.0 0.0 0.0 0.989524549402 1.94181201935 0.0 0.0 0.0 0.162850762601 0.206704105495 237.0 54.0 96.0 -0.333333333333 -0.244576679576 0.132074300378 0.0478752904802 0.0 
0.0 1.3165101011 0.0 0.36213293901 0.525514809843 0.967341967167 0.0 0.470049005228 1.69629065277 2.79581307713 1.26194398485 0.0 236.0 54.0 97.0 -0.201259032955 -0.196701389095 0.101017427855 -0.0406063218587 0.0 
0.0 0.0 0.0 0.0 1.01229690457 0.0 1.03275667115 0.117658119358 0.0 0.0 1.08312762767 0.674331839615 236.0 54.0 97.0 -0.100241605101 -0.237307710954 -0.0767074929516 -0.0596491142356 0.0 
0.0 0.0 0.0 0.102718981543 1.3572980987 0.0 2.68869471149 0.0 2.22758121912 0.0 0.746123447958 0.0 236.0 55.0 98.0 -0.176949098052 -0.29695682519 -0.154917136918 -0.0703821771162 0.0 
1.12717405087 2.81294239521 1.86456443049 1.98292161595 2.28733709311 0.410161484548 0.0 0.0584871307184 2.17340438367 0.0 0.763943893602 0.69332516565 236.0 55.0 98.0 -0.33186623497 -0.333333333333 0.0770161567325 0.0530017939267 0.0 
0.0 0.0 0.0 0.56534403254 0.60962672514 0.0 0.715343805702 0.0 1.25814354302 0.0 0.103495842851 0.0 236.0 56.0 98.0 -0.254850078237 -0.280331539407 -0.107993914184 -0.0388182736197 0.0 
0.327294529788 2.07835145979 3.25882566894 0.139283030127 1.10839921576 0.0 0.0 0.462572603719 3.50232421972 1.8279529853 0.0 2.88779668373 236.0 56.0 97.0 -0.333333333333 -0.319149813026 -0.0638764023156 -0.111331866595 0.0 
0.36179487252 3.49028183973 4.18259732567 1.10572649276 3.19581609577 2.04873717924 0.0 0.231533640681 1.27991961991 1.39820846844 0.605818161179 0.766245846085 237.0 57.0 98.0 -0.333333333333 -0.333333333333 0.105707446355 0.0629916867957 0.0 
0.15557114818 0.0 0.0 0.745378661425 0.0 1.61212881999 0.143999453635 0.100807015492 0.312135580768 0.581500209138 1.54544385569 2.43159335692 237.0 58.0 97.0 -0.227625886979 -0.270341646538 0.103761809193 -0.0873992444339 0.0 
0.0 0.283209472629 1.33904340472 0.680018471166 0.582472975908 0.833443350359 0.0316023687392 0.0 1.48518843604 0.0 0.0 0.425435880191 237.0 58.0 97.0 -0.123864077786 -0.333333333333 0.124006206754 0.083832250313 -0.0477127959608 
1.97423162102 0.967919180208 1.73099100806 0.0736332074968 0.588956672948 1.00848175058 0.0 0.0 1.60465795414 2.81116471762 0.0 0.786404718769 237.0 58.0 97.0 0.000142128968242 -0.24950108302 0.0182824362274 0.146115805496 0.0 
0.0 2.05088190237 0.0 0.0 0.248006102251 0.0 0.0 0.0 0.994738126625 0.955072907981 0.0 0.64391051516 237.0 59.0 97.0 0.0184245651956 -0.103385277524 0.0435502515487 -0.0646182490238 0.0 
0.0 0.0 0.0 0.512428868472 1.38169334776 1.70873714269 1.178986951 0.255047005895 0.884247624758 0.0 0.0 1.05318390625 236.0 59.0 97.0 0.0619748167443 -0.168003526548 0.143007839508 0.0269572981504 0.0 
