0.0 0 33.6777001953
0.0 0.0 33.6777001953
0.1 0.411987304688 34.0896875
0.2 0.411987304688 34.0896875
0.3 0.823974609375 34.5016748047
0.4 1.23596191406 34.9136621094
0.5 2.05444335938 35.7321435547
0.6 2.87841796875 36.5561181641
0.7 4.11437988281 37.7920800781
0.8 4.93286132812 38.6105615234
0.9 5.7568359375 39.4345361328
1.0 6.57531738281 40.2530175781
1.1 7.39929199219 41.0769921875
1.2 8.22326660156 41.9009667969
1.3 9.04174804688 42.7194482422
1.4 10.2777099609 43.9554101562
1.5 11.0961914062 44.7738916016
1.6 11.9201660156 45.5978662109
1.7 12.744140625 46.4218408203
1.8 13.5626220703 47.2403222656
1.9 14.3865966797 48.064296875
2.0 15.205078125 48.8827783203
2.1 16.0290527344 49.7067529297
2.2 16.8530273438 50.5307275391
0.0 0 27.9263574219
0.0 0.0 27.9263574219
0.1 0.0 27.9263574219
0.2 0.0 27.9263574219
0.3 0.411987304688 28.3383447266
0.4 1.23046875 29.1568261719
0.5 1.23046875 29.1568261719
0.6 2.46643066406 30.3927880859
0.7 3.29040527344 31.2167626953
0.8 4.10888671875 32.0352441406
0.9 4.52087402344 32.4472314453
1.0 5.34484863281 33.2712060547
1.1 6.16333007812 34.0896875
1.2 6.9873046875 34.9136621094
1.3 6.9873046875 34.9136621094
1.4 8.62976074219 36.5561181641
1.5 9.45373535156 37.3800927734
1.6 10.2722167969 38.1985742187
1.7 11.0961914062 39.0225488281
1.8 12.3266601562 40.2530175781
1.9 13.1506347656 41.0769921875
2.0 13.974609375 41.9009667969
2.1 14.7930908203 42.7194482422
2.2 15.6170654297 43.5434228516
2.3 16.4410400391 44.3673974609
2.4 17.2595214844 45.1858789062
2.5 18.0834960938 46.0098535156
2.6 18.9019775391 46.8283349609
2.7 19.7259521484 47.6523095703
2.8 20.5499267578 48.4762841797
2.9 21.3684082031 49.294765625
3.0 22.6043701172 50.5307275391
