0.0 0 33.2712060547
0.0 0.0 33.2712060547
0.1 0.406494140625 33.6777001953
0.2 0.818481445312 34.0896875
0.3 0.818481445312 34.0896875
0.4 1.23046875 34.5016748047
0.5 1.64245605469 34.9136621094
0.6 2.05444335938 35.3256494141
0.7 2.4609375 35.7321435547
0.8 3.28491210938 36.5561181641
0.9 4.10888671875 37.3800927734
1.0 4.52087402344 37.7920800781
1.1 5.33935546875 38.6105615234
1.2 6.16333007812 39.4345361328
1.3 6.57531738281 39.8465234375
1.4 7.39379882812 40.6650048828
1.5 7.80578613281 41.0769921875
1.6 8.62976074219 41.9009667969
1.7 9.03625488281 42.3074609375
1.8 9.86022949219 43.1314355469
1.9 10.6842041016 43.9554101562
2.0 11.0961914062 44.3673974609
2.1 11.9146728516 45.1858789062
2.2 12.3266601562 45.5978662109
2.3 13.1506347656 46.4218408203
2.4 13.5571289062 46.8283349609
2.5 14.3811035156 47.6523095703
2.6 14.7930908203 48.064296875
2.7 15.6115722656 48.8827783203
2.8 16.0235595703 49.294765625
2.9 16.8475341797 50.1187402344
0.0 0 27.9263574219
0.0 0.0 27.9263574219
0.1 0.0 27.9263574219
0.2 0.0 27.9263574219
0.3 0.0 27.9263574219
0.4 0.411987304688 28.3383447266
0.5 0.823974609375 28.7503320312
0.6 1.64245605469 29.5688134766
0.7 2.05444335938 29.9808007812
0.8 3.29040527344 31.2167626953
0.9 3.29040527344 31.2167626953
1.0 3.69689941406 31.6232568359
1.1 4.93286132812 32.85921875
1.2 5.34484863281 33.2712060547
1.3 5.34484863281 33.2712060547
1.4 5.34484863281 33.2712060547
1.5 5.75134277344 33.6777001953
1.6 6.16333007812 34.0896875
1.7 6.9873046875 34.9136621094
1.8 8.2177734375 36.1441308594
1.9 8.2177734375 36.1441308594
2.0 9.45373535156 37.3800927734
2.1 10.2722167969 38.1985742187
2.2 10.6842041016 38.6105615234
2.3 11.5081787109 39.4345361328
2.4 11.9201660156 39.8465234375
2.5 12.7386474609 40.6650048828
2.6 13.1506347656 41.0769921875
2.7 13.974609375 41.9009667969
2.8 14.7930908203 42.7194482422
2.9 15.205078125 43.1314355469
3.0 16.0290527344 43.9554101562
3.1 16.4410400391 44.3673974609
3.2 17.2595214844 45.1858789062
3.3 17.6715087891 45.5978662109
3.4 17.6715087891 45.5978662109
3.5 18.9019775391 46.8283349609
3.6 19.7259521484 47.6523095703
3.7 19.7259521484 47.6523095703
3.8 20.5499267578 48.4762841797
3.9 21.3684082031 49.294765625
4.0 22.1923828125 50.1187402344
