nrollouts: 10
# HEADER 1
0.0 0.0 0.0 0.0 0.0 0.0 0.0 0.0 0.0 0.0 0.0 0.0 133.0 250.0 255.0 0 0 0.0461361931805 0.176711922701 0.0 
0.0 0.0 0.0 0.0 0.0 0.0 0.0 0.0 0.0 0.0 0.0 0.0 127.0 239.0 245.0 0.0461361931805 0.176711922701 0.33 -0.0502863127035 0.0 
0.0 0.0 0.0 0.0 0.0 0.0 0.0 0.0 0.0 0.0 0.0 0.0 119.0 248.0 255.0 0.33 -0.0502863127035 -0.131992059007 0.2007926711 0.0 
0.0 0.0 0.0 0.0 0.0 0.0 0.0 0.0 0.0 0.0 0.0 0.0 121.0 249.0 232.0 -0.131992059007 0.2007926711 -0.17993600319 -0.00985911173855 0.0 
0.0 0.0 0.0 0.0 0.0 0.0 0.0 0.0 0.0 0.0 0.0 0.0 129.0 238.0 240.0 -0.17993600319 -0.00985911173855 -0.0990208543194 0.226903462741 0.0 
0.0 0.0 0.0 0.0 0.0 0.0 0.0 0.0 0.0 0.0 0.0 0.0 152.0 222.0 193.0 -0.0990208543194 0.226903462741 -0.0889065129467 -0.0761929411063 0.0 
0.0 0.0 0.0 0.0 0.0 0.0 0.0 0.0 0.0 0.0 0.0 0.0 167.0 190.0 242.0 -0.0889065129467 -0.0761929411063 0.133769250758 -0.175501223386 0.0 
0.0 0.0 0.0 0.0 0.0 0.0 0.0 0.0 0.0 0.0 0.0 0.0 159.0 245.0 255.0 0.133769250758 -0.175501223386 -0.130659430663 0.120171678833 0.0 
0.0 0.0 0.0 0.0 0.0 0.0 0.0 0.0 0.0 0.0 0.0 0.0 135.0 233.0 255.0 -0.130659430663 0.120171678833 -0.145120733907 -0.0267137480472 0.0 
0.0 0.0 0.0 0.0 0.0 0.0 0.0 0.0 0.0 0.0 0.0 0.0 119.0 250.0 255.0 -0.145120733907 -0.0267137480472 0.125720254275 0.0842312970184 0.0 
0.0 0.0 0.0 0.0 0.0 0.0 0.0 0.0 0.0 0.0 0.0 0.0 117.0 251.0 250.0 0.125720254275 0.0842312970184 -0.143912828199 -0.0907062066561 0.0 
0.0 0.0 0.0 0.0 0.0 0.0 0.0 0.0 0.0 0.0 0.0 0.0 119.0 251.0 255.0 -0.143912828199 -0.0907062066561 -0.0114956745584 0.114677565454 0.0 
0.0 0.0 0.0 0.0 0.0 0.0 0.0 0.0 0.0 0.0 0.0 0.0 123.0 243.0 251.0 -0.0114956745584 0.114677565454 -0.103836215996 0.312409772736 0.0 
0.0 0.0 0.0 0.0 0.0 0.0 0.0 0.0 0.0 0.0 0.0 0.0 135.0 247.0 174.0 -0.103836215996 0.312409772736 0.128156088675 0.188980903379 0.0 
0.0 0.0 0.0 0.0 0.0 0.0 0.0 0.0 0.0 0.0 0.0 0.0 145.0 247.0 113.0 0.128156088675 0.188980903379 0.160601955373 -0.0676869906991 0.0 
0.0 0.0 0.0 0.0 0.0 0.0 0.0 0.0 0.0 0.0 0.0 0.0 144.0 243.0 147.0 0.160601955373 -0.0676869906991 -0.325555893541 -0.120303260465 0.109545539832 
0.0 0.0 0.0 0.0 0.0 0.0 0.0 0.0 0.0 0.0 0.0 0.0 139.0 221.0 251.0 -0.325555893541 -0.120303260465 -0.33 -0.00347601429691 0.0 
0.0 0.0 0.0 0.0 0.0 0.0 0.0 0.0 0.0 0.0 0.0 0.0 139.0 236.0 255.0 -0.33 -0.00347601429691 0.0946284312454 -0.0729630802494 0.0 
0.0 0.0 0.0 0.0 0.0 0.0 0.0 0.0 0.0 0.0 0.0 0.0 140.0 250.0 255.0 0.0946284312454 -0.0729630802494 0.224477676105 -0.0582962345582 0.0186839736005 
0.0 0.0 0.0 0.0 0.0 0.0 0.0 0.0 0.0 0.0 0.0 0.0 140.0 251.0 255.0 0.224477676105 -0.0582962345582 0.207182665976 0.105740204896 -0.0186839736005 
0.0 0.0 0.0 0.0 0.0 0.0 0.0 0.0 0.0 0.0 0.0 0.0 124.0 251.0 255.0 0.207182665976 0.105740204896 -0.0521494620084 0.190309729572 0.0 
0.0 0.0 0.0 0.0 0.0 0.0 0.0 0.0 0.0 0.0 0.0 0.0 124.0 242.0 239.0 -0.0521494620084 0.190309729572 -0.191138357894 0.300875700537 0.0 
0.0 0.0 0.0 0.0 0.0 0.0 0.0 0.0 0.0 0.0 0.0 0.0 149.0 234.0 153.0 -0.191138357894 0.300875700537 0.33 0.173783173057 0.0186839736005 
0.0 0.0 0.0 0.0 0.0 0.0 0.0 0.0 0.0 0.0 0.0 0.0 149.0 247.0 89.0 0.33 0.173783173057 -0.0248733429999 0.289666047624 0.0 
0.0 0.0 0.0 0.0 0.0 0.0 100.0 0.0 0.0 0.0 0.0 0.0 148.0 247.0 45.0 -0.0248733429999 0.289666047624 -0.149385696175 0.0312775172528 0.0499909138927 
0.0 0.0 0.0 0.0 0.0 0.0 100.0 0.0 0.0 0.0 0.0 0.0 144.0 249.0 41.0 -0.149385696175 0.0312775172528 -0.202180539345 -0.194893773974 0.165869349738 
0.0 0.0 0.0 0.0 0.0 0.0 100.0 0.0 0.0 0.0 0.0 0.0 140.0 255.0 55.0 -0.202180539345 -0.194893773974 -0.188725840908 0.130459675752 0.0183854010789 
0.0 0.0 0.0 0.0 0.0 0.0 100.0 0.0 0.0 0.0 0.0 0.0 147.0 250.0 49.0 -0.188725840908 0.130459675752 0.309242528659 0.171107193911 -0.0183854010789 
0.0 0.0 0.0 0.0 0.0 0.0 100.0 0.0 0.0 0.0 0.0 0.0 167.0 223.0 44.0 0.309242528659 0.171107193911 -0.33 -0.0585212993819 0.0233364894144 
0.0 0.0 0.0 0.0 0.0 0.0 0.0 0.0 0.0 0.0 0.0 0.0 187.0 195.0 68.0 -0.33 -0.0585212993819 0.00190468685329 0.33 0.0702222413935 
0.0 0.0 0.0 0.0 0.0 0.0 0.0 0.0 0.0 0.0 0.0 0.0 200.0 177.0 50.0 0.00190468685329 0.33 0.145272419795 0.000158258024781 0.0345816132063 
0.0 0.0 0.0 0.0 0.0 0.0 0.0 0.0 0.0 0.0 0.0 0.0 201.0 167.0 48.0 0.145272419795 0.000158258024781 -0.132033523855 -0.221274069028 0.0 
0.0 0.0 0.0 0.0 0.0 0.0 0.0 0.0 0.0 0.0 0.0 0.0 213.0 150.0 77.0 -0.132033523855 -0.221274069028 -0.115561649436 0.0387337023686 0.0677298719085 
0.0 0.0 0.0 0.0 0.0 0.0 0.0 0.0 0.0 0.0 0.0 0.0 228.0 126.0 101.0 -0.115561649436 0.0387337023686 0.0808383008081 -0.0606411377714 0.0 
0.0 0.0 0.0 0.0 0.0 0.0 0.0 0.0 0.0 0.0 0.0 0.0 234.0 114.0 122.0 0.0808383008081 -0.0606411377714 0.173390992214 0.272602113073 -0.0167320421476 
0.0 0.0 0.0 0.0 0.0 0.0 0.0 0.0 0.0 0.0 0.0 0.0 231.0 123.0 96.0 0.173390992214 0.272602113073 -0.206476133899 0.0834657755048 0.0167320421476 
0.0 0.0 0.0 0.0 0.0 0.0 0.0 0.0 0.0 0.0 0.0 0.0 231.0 125.0 52.0 -0.206476133899 0.0834657755048 -0.231772496045 0.200980643651 0.0 
0.0 0.0 0.0 0.0 0.0 0.0 0.0 0.0 0.0 0.0 0.0 0.0 231.0 66.0 50.0 -0.231772496045 0.200980643651 -0.277645489464 -0.207135845831 0.0 
0.0 0.0 0.0 0.0 0.0 0.0 0.0 0.0 0.0 0.0 0.0 0.0 235.0 52.0 82.0 -0.277645489464 -0.207135845831 -0.150452758434 0.0768781715574 0.0 
0.0 0.0 0.0 0.0 0.0 0.0 0.0 0.0 0.0 0.0 0.0 0.0 235.0 52.0 77.0 -0.150452758434 0.0768781715574 -0.126368675296 0.0929615703476 0.0 
0.0 0.0 0.0 0.0 0.0 0.0 0.0 0.0 0.0 0.0 0.0 0.0 232.0 45.0 49.0 -0.126368675296 0.0929615703476 -0.33 -0.0575004927064 -0.0167320421476 
0.0 0.0 0.0 0.0 0.0 0.0 0.0 0.0 0.0 0.0 0.0 0.0 233.0 50.0 76.0 -0.33 -0.0575004927064 0.045366854682 -0.195833265528 0.0 
0.0 0.0 0.0 0.0 0.0 0.0 0.0 0.0 0.0 0.0 0.0 0.0 235.0 47.0 91.0 0.045366854682 -0.195833265528 -0.265607879697 -0.203630615239 0.0 
0.0 0.0 0.0 0.0 0.0 0.0 0.0 0.0 0.0 0.0 0.0 0.0 235.0 46.0 94.0 -0.265607879697 -0.203630615239 -0.119375228301 0.33 0.0 
0.0 0.0 0.0 0.0 0.0 0.0 0.0 0.0 0.0 0.0 0.0 0.0 235.0 46.0 95.0 -0.119375228301 0.33 0.328167796456 0.0978370245979 0.0 
0.0 0.0 0.0 0.0 0.0 0.0 0.0 0.0 0.0 0.0 0.0 0.0 235.0 45.0 91.0 0.328167796456 0.0978370245979 0.111304515578 0.0923850550574 0.0 
0.0 0.0 0.0 0.0 0.0 0.0 0.0 0.0 0.0 0.0 0.0 0.0 227.0 50.0 55.0 0.111304515578 0.0923850550574 0.0823583542506 0.0337852601224 0.0 
0.0 0.0 0.0 0.0 0.0 0.0 0.0 0.0 0.0 0.0 0.0 0.0 207.0 47.0 50.0 0.0823583542506 0.0337852601224 -0.0551978010653 0.33 0.0 
0.0 0.0 0.0 0.0 0.0 0.0 0.0 0.0 0.0 0.0 0.0 0.0 197.0 34.0 37.0 -0.0551978010653 0.33 0.0213311255171 0.0785316041899 0.0 
0.0 0.0 0.0 0.0 0.0 0.0 0.0 0.0 0.0 0.0 0.0 0.0 189.0 34.0 37.0 0.0213311255171 0.0785316041899 0.00744305431672 0.268008306262 0.0167320421476 
0.0 0.0 0.0 0.0 0.0 0.0 0.0 0.0 0.0 0.0 0.0 0.0 175.0 34.0 36.0 0.00744305431672 0.268008306262 0.33 0.250912402525 -0.0167320421476 
0.0 0.0 0.0 0.0 0.0 0.0 0.0 0.0 0.0 0.0 0.0 0.0 147.0 33.0 36.0 0.33 0.250912402525 -0.33 -0.0625312650126 0.0167320421476 
0.0 0.0 0.0 0.0 0.0 0.0 0.0 0.0 0.0 0.0 0.0 0.0 155.0 34.0 58.0 -0.33 -0.0625312650126 -0.0545566891185 0.0768314789867 0.0 
0.0 0.0 0.0 0.0 0.0 0.0 0.0 0.0 0.0 0.0 0.0 0.0 160.0 34.0 43.0 -0.0545566891185 0.0768314789867 0.33 0.279469167472 0.0330173616573 
0.0 0.0 0.0 0.0 0.0 0.0 0.0 0.0 0.0 0.0 0.0 0.0 137.0 34.0 37.0 0.33 0.279469167472 0.0608078507914 0.0130860097357 0.0 
0.0 0.0 0.0 0.0 0.0 0.0 0.0 0.0 0.0 0.0 0.0 0.0 121.0 34.0 37.0 0.0608078507914 0.0130860097357 -0.329445562123 -0.321843111692 0.00267448451419 
0.0 0.0 0.0 0.0 0.0 0.0 0.0 0.0 0.0 0.0 0.0 0.0 128.0 34.0 111.0 -0.329445562123 -0.321843111692 0.33 -0.151464018082 0.0499788638583 
0.0 0.0 0.0 0.0 0.0 0.0 0.0 0.0 0.0 0.0 0.0 0.0 137.0 34.0 156.0 0.33 -0.151464018082 -0.33 -0.33 0.0114123986779 
0.0 0.0 0.0 0.0 0.0 0.0 0.0 0.0 0.0 0.0 0.0 0.0 145.0 35.0 152.0 -0.33 -0.33 0.0606150473252 0.181316171511 0.0 
0.0 0.0 0.0 0.0 0.0 0.0 0.0 0.0 0.0 0.0 0.0 0.0 151.0 35.0 146.0 0.0606150473252 0.181316171511 -0.33 -0.326731980524 -0.0477941337356 
0.0 0.0 0.0 0.0 0.0 0.0 0.0 0.0 0.0 0.0 0.0 0.0 159.0 35.0 137.0 -0.33 -0.326731980524 0.271533961917 -0.33 0.0 
0.0 0.0 0.0 0.0 0.0 0.0 0.0 0.0 0.0 0.0 0.0 0.0 152.0 35.0 149.0 0.271533961917 -0.33 -0.0120676397155 -0.261612986513 -0.0162716133148 
0.0 0.0 0.0 0.0 0.0 0.0 0.0 0.0 0.0 0.0 0.0 0.0 136.0 34.0 175.0 -0.0120676397155 -0.261612986513 -0.33 0.236496851674 0.0483099358771 
0.0 0.0 0.0 0.0 0.0 0.0 0.0 0.0 0.0 0.0 0.0 0.0 123.0 34.0 200.0 -0.33 0.236496851674 -0.178012548241 0.0437904750309 -0.015933115914 
0.0 0.0 0.0 0.0 0.0 0.0 0.0 0.0 0.0 0.0 0.0 0.0 95.0 36.0 247.0 -0.178012548241 0.0437904750309 0.3103160066 0.213829100049 0.0685297375666 
0.0 0.0 0.0 0.0 0.0 0.0 0.0 0.0 0.0 0.0 0.0 0.0 78.0 46.0 255.0 0.3103160066 0.213829100049 0.33 -0.145285746043 0.114752202816 
0.0 0.0 0.0 0.0 0.0 0.0 0.0 0.0 0.0 0.0 0.0 0.0 60.0 61.0 255.0 0.33 -0.145285746043 0.0680503152533 0.0526248819868 0.0567586102728 
0.0 0.0 0.0 0.0 0.0 0.0 0.0 0.0 0.0 0.0 0.0 0.0 37.0 90.0 255.0 0.0680503152533 0.0526248819868 -0.33 0.125453761985 0.065804587095 
0.0 0.0 0.0 0.0 0.0 0.0 0.0 0.0 0.0 0.0 0.0 0.0 18.0 135.0 255.0 -0.33 0.125453761985 0.088660671759 0.33 0.128089166559 
0.0 0.0 0.0 0.0 0.0 0.0 0.0 0.0 0.0 0.0 0.0 0.0 5.0 134.0 205.0 0.088660671759 0.33 0.0191632095967 -0.0408710819908 0.110596017259 
0.0 0.0 0.0 0.0 0.0 0.0 0.0 0.0 0.0 0.0 0.0 0.0 2.0 134.0 233.0 0.0191632095967 -0.0408710819908 -0.2358460271 -0.0672646409762 0.0482636447379 
0.0 0.0 0.0 0.0 0.0 0.0 0.0 0.0 0.0 0.0 0.0 0.0 3.0 161.0 255.0 -0.2358460271 -0.0672646409762 0.282856075391 0.219085046587 0.0 
0.0 0.0 0.0 0.0 0.0 0.0 0.0 0.0 0.0 0.0 0.0 0.0 2.0 144.0 235.0 0.282856075391 0.219085046587 -0.036038523932 -0.308380455326 0.0 
0.0 0.0 0.0 0.0 0.0 0.0 0.0 0.0 0.0 0.0 0.0 0.0 3.0 167.0 255.0 -0.036038523932 -0.308380455326 0.33 0.0307307779681 0.0 
0.0 0.0 0.0 0.0 0.0 0.0 0.0 0.0 0.0 0.0 0.0 0.0 3.0 168.0 255.0 0.33 0.0307307779681 0.158545103044 -0.149553322868 0.0 
0.0 0.0 0.0 0.0 0.0 0.0 0.0 0.0 0.0 0.0 0.0 0.0 3.0 171.0 255.0 0.158545103044 -0.149553322868 -0.33 0.179172781165 0.0 
0.0 0.0 0.0 0.0 0.0 0.0 0.0 0.0 0.0 0.0 0.0 0.0 2.0 168.0 255.0 -0.33 0.179172781165 -0.26994219319 0.0203536982793 0.0 
# HEADER 2
0.0 0.0 0.0 0.0 0.0 0.0 0.0 0.0 0.0 0.0 0.0 0.0 134.0 249.0 255.0 0 0 0.0474398090272 0.234404776438 0.0 
0.0 0.0 0.0 0.0 0.0 0.0 0.0 0.0 0.0 0.0 0.0 0.0 134.0 232.0 240.0 0.0474398090272 0.234404776438 0.0966316988591 -0.0159210861301 0.0 
0.0 0.0 0.0 0.0 0.0 0.0 0.0 0.0 0.0 0.0 0.0 0.0 134.0 230.0 249.0 0.0966316988591 -0.0159210861301 -0.203609026498 -0.0271156854826 0.0 
0.0 0.0 0.0 0.0 0.0 0.0 0.0 0.0 0.0 0.0 0.0 0.0 134.0 248.0 255.0 -0.203609026498 -0.0271156854826 0.270761692684 0.0717842037931 0.0 
0.0 0.0 0.0 0.0 0.0 0.0 0.0 0.0 0.0 0.0 0.0 0.0 134.0 229.0 254.0 0.270761692684 0.0717842037931 -0.191492043033 0.0259876999221 0.0 
0.0 0.0 0.0 0.0 0.0 0.0 0.0 0.0 0.0 0.0 0.0 0.0 149.0 213.0 237.0 -0.191492043033 0.0259876999221 -0.0751885512447 -0.171765598976 0.0 
0.0 0.0 0.0 0.0 0.0 0.0 0.0 0.0 0.0 0.0 0.0 0.0 166.0 226.0 255.0 -0.0751885512447 -0.171765598976 -0.0585125514842 0.0390695294692 0.0 
0.0 0.0 0.0 0.0 0.0 0.0 0.0 0.0 0.0 0.0 0.0 0.0 180.0 207.0 254.0 -0.0585125514842 0.0390695294692 0.00380181570787 0.0624231481542 0.0 
0.0 0.0 0.0 0.0 0.0 0.0 0.0 0.0 0.0 0.0 0.0 0.0 193.0 163.0 244.0 0.00380181570787 0.0624231481542 -0.148794969501 -0.099928783565 0.0 
0.0 0.0 0.0 0.0 0.0 0.0 0.0 0.0 0.0 0.0 0.0 0.0 213.0 179.0 255.0 -0.148794969501 -0.099928783565 0.16798436721 -0.273599706877 0.0 
0.0 0.0 0.0 0.0 0.0 0.0 0.0 0.0 0.0 0.0 0.0 0.0 232.0 240.0 255.0 0.16798436721 -0.273599706877 -0.199126473978 -0.211369711971 0.0 
0.0 0.0 0.0 0.0 0.0 0.0 0.0 0.0 0.0 0.0 0.0 0.0 236.0 243.0 255.0 -0.199126473978 -0.211369711971 -0.33 -0.0308270872763 0.0 
0.0 0.0 0.0 0.0 0.0 0.0 0.0 0.0 0.0 0.0 0.0 0.0 237.0 243.0 255.0 -0.33 -0.0308270872763 0.0551374847726 0.0247812271149 0.0 
0.0 0.0 0.0 0.0 0.0 0.0 0.0 0.0 0.0 0.0 0.0 0.0 237.0 230.0 255.0 0.0551374847726 0.0247812271149 -0.0632991643016 -0.257029238585 0.0 
# HEADER 3
0.0 0.0 0.0 0.0 0.0 0.0 0.0 0.0 0.0 0.0 0.0 0.0 132.0 247.0 255.0 0 0 0.146100912123 0.186645776401 0.0 
0.0 0.0 0.0 0.0 0.0 0.0 0.0 0.0 0.0 0.0 0.0 0.0 124.0 247.0 231.0 0.146100912123 0.186645776401 -0.141852330708 0.30448993316 0.0 
0.0 0.0 0.0 0.0 0.0 0.0 0.0 0.0 0.0 0.0 0.0 0.0 140.0 246.0 152.0 -0.141852330708 0.30448993316 -0.0678916934509 0.0314331699352 0.0 
0.0 0.0 0.0 0.0 0.0 0.0 0.0 0.0 0.0 0.0 0.0 0.0 157.0 232.0 129.0 -0.0678916934509 0.0314331699352 -0.227380483376 0.171232179733 0.0 
0.0 0.0 0.0 0.0 0.0 0.0 0.0 0.0 0.0 0.0 0.0 0.0 183.0 208.0 81.0 -0.227380483376 0.171232179733 -0.0512255939733 -0.33 0.0 
0.0 0.0 0.0 0.0 0.0 0.0 0.0 0.0 0.0 0.0 0.0 0.0 195.0 170.0 185.0 -0.0512255939733 -0.33 -0.267387859884 -0.0480893148345 0.0295707428887 
0.0 0.0 0.0 0.0 0.0 0.0 0.0 0.0 0.0 0.0 0.0 0.0 217.0 168.0 242.0 -0.267387859884 -0.0480893148345 -0.0992183083408 0.0180306208336 -0.0295707428887 
0.0 0.0 0.0 0.0 0.0 0.0 0.0 0.0 0.0 0.0 0.0 0.0 232.0 159.0 235.0 -0.0992183083408 0.0180306208336 -0.213231767071 0.0370551252566 0.0 
0.0 0.0 0.0 0.0 0.0 0.0 0.0 0.0 0.0 0.0 0.0 0.0 233.0 139.0 219.0 -0.213231767071 0.0370551252566 0.179787743764 0.263189357324 0.0 
0.0 0.0 0.0 0.0 0.0 0.0 0.0 0.0 0.0 0.0 0.0 0.0 227.0 131.0 150.0 0.179787743764 0.263189357324 0.0819958863259 0.149663545963 0.0 
0.0 0.0 0.0 0.0 0.0 0.0 0.0 0.0 0.0 0.0 0.0 0.0 208.0 171.0 71.0 0.0819958863259 0.149663545963 -0.0583987057765 0.13345287316 0.0 
0.0 0.0 0.0 0.0 0.0 0.0 0.0 0.0 0.0 0.0 0.0 0.0 213.0 158.0 47.0 -0.0583987057765 0.13345287316 -0.119228384792 -0.168762946138 0.0 
0.0 0.0 0.0 0.0 0.0 0.0 0.0 0.0 0.0 0.0 0.0 0.0 231.0 127.0 97.0 -0.119228384792 -0.168762946138 -0.28814343406 0.125895922014 0.0295707428887 
0.0 0.0 0.0 0.0 0.0 0.0 0.0 0.0 0.0 0.0 0.0 0.0 232.0 131.0 81.0 -0.28814343406 0.125895922014 0.33 -0.0227463964338 0.0088676901352 
0.0 0.0 0.0 0.0 0.0 0.0 0.0 0.0 0.0 0.0 0.0 0.0 236.0 125.0 101.0 0.33 -0.0227463964338 0.150238570976 -0.126317364669 0.0 
0.0 0.0 0.0 0.0 0.0 0.0 0.0 0.0 0.0 0.0 0.0 0.0 235.0 125.0 191.0 0.150238570976 -0.126317364669 0.240072304029 -0.049160042629 0.0 
0.0 0.0 0.0 0.0 0.0 0.0 0.0 0.0 0.0 0.0 0.0 0.0 225.0 153.0 239.0 0.240072304029 -0.049160042629 -0.293561301711 0.131238605064 0.0 
0.0 0.0 0.0 0.0 0.0 0.0 0.0 0.0 0.0 0.0 0.0 0.0 196.0 154.0 225.0 -0.293561301711 0.131238605064 0.195708597661 0.0853131722674 0.0 
0.0 0.0 0.0 0.0 0.0 0.0 0.0 0.0 0.0 0.0 0.0 0.0 176.0 203.0 148.0 0.195708597661 0.0853131722674 0.0610460397356 -0.196108134571 0.0 
0.0 0.0 0.0 0.0 0.0 0.0 0.0 0.0 0.0 0.0 0.0 0.0 152.0 212.0 224.0 0.0610460397356 -0.196108134571 0.178799728938 0.0989535054098 0.0 
0.0 0.0 0.0 0.0 0.0 0.0 0.0 0.0 0.0 0.0 0.0 0.0 135.0 243.0 191.0 0.178799728938 0.0989535054098 0.123134105339 -0.105558696287 0.0 
0.0 0.0 0.0 0.0 0.0 0.0 0.0 0.0 0.0 0.0 0.0 0.0 121.0 248.0 239.0 0.123134105339 -0.105558696287 0.0397810832379 0.178190164836 0.0 
0.0 0.0 0.0 0.0 0.0 0.0 0.0 0.0 0.0 0.0 0.0 0.0 122.0 250.0 218.0 0.0397810832379 0.178190164836 0.256759649969 -0.0684382725967 0.0 
0.0 0.0 0.0 0.0 0.0 0.0 0.0 0.0 0.0 0.0 0.0 0.0 112.0 252.0 249.0 0.256759649969 -0.0684382725967 0.212854052722 -0.101972151966 0.0 
0.0 0.0 0.0 0.0 0.0 0.0 0.0 0.0 0.0 0.0 0.0 0.0 109.0 255.0 255.0 0.212854052722 -0.101972151966 -0.0100320691881 -0.188114461384 0.0 
0.0 0.0 0.0 0.0 0.0 0.0 0.0 0.0 0.0 0.0 0.0 0.0 109.0 255.0 255.0 -0.0100320691881 -0.188114461384 -0.172485159514 0.33 0.0 
0.0 0.0 0.0 0.0 0.0 0.0 0.0 0.0 0.0 0.0 0.0 0.0 110.0 255.0 255.0 -0.172485159514 0.33 0.33 0.267672044288 0.0 
0.0 0.0 0.0 0.0 0.0 0.0 0.0 0.0 0.0 0.0 0.0 0.0 111.0 254.0 232.0 0.33 0.267672044288 0.136928721446 0.128571399245 0.0 
0.0 0.0 100.0 0.0 0.0 0.0 0.0 0.0 0.0 0.0 0.0 0.0 111.0 255.0 210.0 0.136928721446 0.128571399245 0.100566700135 0.0709967519929 0.0 
0.0 0.0 100.0 0.0 0.0 100.0 0.0 0.0 0.0 0.0 0.0 0.0 111.0 255.0 204.0 0.100566700135 0.0709967519929 -0.201127175764 0.0162494369264 0.0299396248563 
0.0 0.0 100.0 0.0 0.0 0.0 0.0 0.0 0.0 0.0 0.0 0.0 120.0 250.0 194.0 -0.201127175764 0.0162494369264 -0.137084908162 0.33 0.0305324620577 
0.0 0.0 0.0 0.0 0.0 0.0 0.0 0.0 0.0 0.0 0.0 0.0 140.0 246.0 116.0 -0.137084908162 0.33 -0.164930067394 0.235909905705 -0.0221694087069 
0.0 0.0 0.0 0.0 0.0 0.0 0.0 0.0 0.0 0.0 0.0 0.0 158.0 239.0 51.0 -0.164930067394 0.235909905705 -0.037702045883 -0.0965059922886 0.0757593496525 
0.0 0.0 0.0 0.0 0.0 0.0 0.0 0.0 0.0 0.0 0.0 0.0 170.0 221.0 83.0 -0.037702045883 -0.0965059922886 -0.0766163206528 0.121478997537 0.110024465583 
0.0 0.0 0.0 0.0 0.0 0.0 0.0 0.0 0.0 0.0 0.0 0.0 172.0 221.0 76.0 -0.0766163206528 0.121478997537 -0.0625662024602 -0.320867958547 0.0 
0.0 0.0 0.0 0.0 0.0 0.0 0.0 0.0 0.0 0.0 0.0 0.0 178.0 194.0 171.0 -0.0625662024602 -0.320867958547 0.0370561649597 -0.232099718621 0.00551125447077 
0.0 0.0 0.0 0.0 0.0 0.0 0.0 0.0 0.0 0.0 0.0 0.0 169.0 211.0 255.0 0.0370561649597 -0.232099718621 -0.0144966914773 0.102932869251 0.0 
0.0 0.0 0.0 0.0 0.0 0.0 0.0 0.0 0.0 0.0 0.0 0.0 155.0 199.0 254.0 -0.0144966914773 0.102932869251 0.0574795758008 -0.155744083881 0.0 
0.0 0.0 0.0 0.0 0.0 0.0 0.0 0.0 0.0 0.0 0.0 0.0 148.0 241.0 255.0 0.0574795758008 -0.155744083881 0.292828454797 0.00933092512609 0.0 
0.0 0.0 0.0 0.0 0.0 0.0 0.0 0.0 0.0 0.0 0.0 0.0 134.0 248.0 255.0 0.292828454797 0.00933092512609 -0.0751045018287 -0.329012732413 0.0 
0.0 0.0 0.0 0.0 0.0 0.0 0.0 0.0 0.0 0.0 0.0 0.0 123.0 250.0 255.0 -0.0751045018287 -0.329012732413 0.33 0.111056685293 0.0 
0.0 0.0 0.0 0.0 0.0 0.0 0.0 0.0 0.0 0.0 0.0 0.0 114.0 254.0 255.0 0.33 0.111056685293 -0.149349540174 0.0396549009736 0.0 
0.0 0.0 0.0 0.0 0.0 0.0 0.0 0.0 0.0 0.0 0.0 0.0 116.0 249.0 254.0 -0.149349540174 0.0396549009736 0.0111434739393 0.122479108301 0.0 
0.0 0.0 0.0 0.0 0.0 0.0 0.0 0.0 0.0 0.0 0.0 0.0 125.0 248.0 215.0 0.0111434739393 0.122479108301 0.196723797918 -0.158165495896 0.0 
0.0 0.0 0.0 0.0 0.0 0.0 0.0 0.0 0.0 0.0 0.0 0.0 114.0 252.0 255.0 0.196723797918 -0.158165495896 -0.0516275357698 -0.0621739427496 0.0 
0.0 0.0 0.0 0.0 0.0 0.0 0.0 0.0 0.0 0.0 0.0 0.0 115.0 252.0 255.0 -0.0516275357698 -0.0621739427496 -0.172068129915 0.119764202222 0.0 
0.0 0.0 0.0 0.0 0.0 0.0 0.0 0.0 0.0 0.0 0.0 0.0 117.0 249.0 255.0 -0.172068129915 0.119764202222 -0.235538918265 0.33 0.0 
0.0 0.0 0.0 0.0 0.0 0.0 0.0 0.0 0.0 0.0 0.0 0.0 140.0 232.0 205.0 -0.235538918265 0.33 0.211683918082 -0.118601075046 0.0 
0.0 0.0 0.0 0.0 0.0 0.0 0.0 0.0 0.0 0.0 0.0 0.0 130.0 234.0 246.0 0.211683918082 -0.118601075046 -0.0784905801279 0.0102790855628 0.0 
0.0 0.0 0.0 0.0 0.0 0.0 0.0 0.0 0.0 0.0 0.0 0.0 131.0 232.0 251.0 -0.0784905801279 0.0102790855628 0.131553751612 0.206167918079 0.0 
0.0 0.0 0.0 0.0 0.0 0.0 0.0 0.0 0.0 0.0 0.0 0.0 132.0 247.0 187.0 0.131553751612 0.206167918079 -0.0647879418807 0.129571524538 0.0 
0.0 0.0 0.0 0.0 0.0 0.0 0.0 0.0 0.0 0.0 0.0 0.0 142.0 247.0 138.0 -0.0647879418807 0.129571524538 0.231177567145 0.0511257432313 0.0 
0.0 0.0 0.0 0.0 0.0 0.0 0.0 0.0 0.0 0.0 0.0 0.0 152.0 242.0 112.0 0.231177567145 0.0511257432313 -0.0862823030915 0.213778359782 0.0247335942701 
0.0 0.0 0.0 0.0 0.0 0.0 0.0 0.0 0.0 0.0 0.0 0.0 168.0 231.0 62.0 -0.0862823030915 0.213778359782 -0.0611270128678 -0.33 0.0051206512307 
0.0 0.0 0.0 0.0 0.0 0.0 0.0 0.0 0.0 0.0 0.0 0.0 182.0 192.0 156.0 -0.0611270128678 -0.33 0.0244070347634 -0.109881369548 0.0642915977628 
0.0 0.0 0.0 0.0 0.0 0.0 0.0 0.0 0.0 0.0 0.0 0.0 190.0 181.0 249.0 0.0244070347634 -0.109881369548 -0.116384716819 -0.232950607747 0.00406995395661 
0.0 0.0 0.0 0.0 0.0 0.0 0.0 0.0 0.0 0.0 0.0 0.0 210.0 237.0 255.0 -0.116384716819 -0.232950607747 0.03421970349 0.236642085702 0.0 
0.0 0.0 0.0 0.0 0.0 0.0 0.0 0.0 0.0 0.0 0.0 0.0 226.0 190.0 254.0 0.03421970349 0.236642085702 -0.288987120096 -0.247581020118 0.0 
0.0 0.0 0.0 0.0 0.0 0.0 0.0 0.0 0.0 0.0 0.0 0.0 233.0 232.0 255.0 -0.288987120096 -0.247581020118 0.233850391936 -0.33 0.0 
0.0 0.0 0.0 0.0 0.0 0.0 0.0 0.0 0.0 0.0 0.0 0.0 230.0 249.0 255.0 0.233850391936 -0.33 0.188822765165 0.0209905885104 0.0 
0.0 0.0 0.0 0.0 0.0 0.0 0.0 0.0 0.0 0.0 0.0 0.0 204.0 249.0 255.0 0.188822765165 0.0209905885104 -0.0268343824325 -0.33 0.0 
0.0 0.0 0.0 0.0 0.0 0.0 0.0 0.0 0.0 0.0 0.0 0.0 201.0 250.0 255.0 -0.0268343824325 -0.33 0.0485599421238 -0.33 0.0 
0.0 0.0 0.0 0.0 0.0 0.0 0.0 0.0 0.0 0.0 0.0 0.0 198.0 250.0 255.0 0.0485599421238 -0.33 0.270146501345 0.33 0.0 
0.0 0.0 0.0 0.0 0.0 0.0 0.0 0.0 0.0 0.0 0.0 0.0 168.0 234.0 255.0 0.270146501345 0.33 -0.163428721665 -0.0760015609352 0.0 
0.0 0.0 0.0 0.0 0.0 0.0 0.0 0.0 0.0 0.0 0.0 0.0 175.0 247.0 255.0 -0.163428721665 -0.0760015609352 0.193769362528 -0.0229360393983 0.0 
0.0 0.0 0.0 0.0 0.0 0.0 0.0 0.0 0.0 0.0 0.0 0.0 167.0 251.0 255.0 0.193769362528 -0.0229360393983 0.0470914426235 0.266823845865 0.0 
0.0 0.0 0.0 0.0 0.0 0.0 0.0 0.0 0.0 0.0 0.0 0.0 150.0 242.0 255.0 0.0470914426235 0.266823845865 -0.0061873254347 -0.121672650647 0.0 
0.0 0.0 0.0 0.0 0.0 0.0 0.0 0.0 0.0 0.0 0.0 0.0 139.0 250.0 255.0 -0.0061873254347 -0.121672650647 0.33 -0.0563913007153 0.0 
0.0 0.0 0.0 0.0 0.0 0.0 0.0 0.0 0.0 0.0 0.0 0.0 129.0 251.0 255.0 0.33 -0.0563913007153 0.20548629259 0.026407881943 0.0 
0.0 0.0 0.0 0.0 0.0 0.0 0.0 0.0 0.0 0.0 0.0 0.0 118.0 253.0 255.0 0.20548629259 0.026407881943 0.0446299774014 -0.0644269677673 0.0 
0.0 0.0 0.0 0.0 0.0 0.0 0.0 0.0 0.0 0.0 0.0 0.0 114.0 255.0 255.0 0.0446299774014 -0.0644269677673 -0.0232317542013 0.0689440056844 0.0 
0.0 0.0 0.0 0.0 0.0 0.0 0.0 0.0 0.0 0.0 0.0 0.0 114.0 255.0 255.0 -0.0232317542013 0.0689440056844 -0.134793655973 0.0654805816053 0.0256626764887 
0.0 0.0 0.0 0.0 0.0 0.0 0.0 0.0 0.0 0.0 0.0 0.0 115.0 251.0 255.0 -0.134793655973 0.0654805816053 -0.292114911874 -0.255306085375 0.0 
0.0 0.0 0.0 0.0 0.0 0.0 0.0 0.0 0.0 0.0 0.0 0.0 130.0 250.0 255.0 -0.292114911874 -0.255306085375 -0.0470106857778 -0.127899154037 0.0 
0.0 0.0 0.0 0.0 0.0 0.0 0.0 0.0 0.0 0.0 0.0 0.0 159.0 250.0 255.0 -0.0470106857778 -0.127899154037 0.143276545226 -0.153653031966 -0.0256626764887 
0.0 0.0 0.0 0.0 0.0 0.0 0.0 0.0 0.0 0.0 0.0 0.0 191.0 250.0 255.0 0.143276545226 -0.153653031966 0.037024546919 0.264314944031 0.0 
0.0 0.0 0.0 0.0 0.0 0.0 0.0 0.0 0.0 0.0 0.0 0.0 186.0 224.0 255.0 0.037024546919 0.264314944031 0.00451262422618 0.0725530964404 0.0 
0.0 0.0 0.0 0.0 0.0 0.0 0.0 0.0 0.0 0.0 0.0 0.0 182.0 178.0 250.0 0.00451262422618 0.0725530964404 0.111052022899 -0.0628905661688 0.0 
0.0 0.0 0.0 0.0 0.0 0.0 0.0 0.0 0.0 0.0 0.0 0.0 168.0 214.0 255.0 0.111052022899 -0.0628905661688 0.165614593403 -0.0426594842977 0.0 
0.0 0.0 0.0 0.0 0.0 0.0 0.0 0.0 0.0 0.0 0.0 0.0 149.0 250.0 255.0 0.165614593403 -0.0426594842977 -0.0097607304836 -0.07182135052 0.0 
0.0 0.0 0.0 0.0 0.0 0.0 0.0 0.0 0.0 0.0 0.0 0.0 125.0 251.0 255.0 -0.0097607304836 -0.07182135052 0.322517420496 0.186904556205 0.0 
0.0 0.0 0.0 0.0 0.0 0.0 0.0 0.0 0.0 0.0 0.0 0.0 114.0 255.0 255.0 0.322517420496 0.186904556205 0.1016413055 0.222782996296 0.0 
0.0 0.0 0.0 0.0 0.0 0.0 0.0 0.0 0.0 0.0 0.0 0.0 113.0 253.0 239.0 0.1016413055 0.222782996296 -0.0125169042467 0.0749714052001 0.0 
0.0 0.0 100.0 0.0 0.0 0.0 0.0 0.0 0.0 0.0 0.0 0.0 115.0 253.0 217.0 -0.0125169042467 0.0749714052001 0.0405783190778 -0.162164054368 0.0256626764887 
0.0 0.0 0.0 0.0 0.0 0.0 0.0 0.0 0.0 0.0 0.0 0.0 108.0 255.0 255.0 0.0405783190778 -0.162164054368 -0.115477092172 -0.33 0.0 
0.0 0.0 0.0 0.0 0.0 0.0 0.0 0.0 0.0 0.0 0.0 0.0 112.0 254.0 255.0 -0.115477092172 -0.33 -0.317749749886 -0.178709277922 0.0 
0.0 0.0 0.0 0.0 0.0 0.0 0.0 0.0 0.0 0.0 0.0 0.0 118.0 251.0 255.0 -0.317749749886 -0.178709277922 0.0071940797203 0.0193621083959 0.00366613306016 
0.0 0.0 0.0 0.0 0.0 0.0 0.0 0.0 0.0 0.0 0.0 0.0 120.0 251.0 255.0 0.0071940797203 0.0193621083959 0.100602819063 0.0627047478183 0.0 
0.0 0.0 0.0 0.0 0.0 0.0 0.0 0.0 0.0 0.0 0.0 0.0 119.0 249.0 255.0 0.100602819063 0.0627047478183 0.151703724602 0.104972350893 0.0 
0.0 0.0 0.0 0.0 0.0 0.0 0.0 0.0 0.0 0.0 0.0 0.0 119.0 249.0 236.0 0.151703724602 0.104972350893 -0.184686766552 -0.0658018825738 0.0 
0.0 0.0 0.0 0.0 0.0 0.0 0.0 0.0 0.0 0.0 0.0 0.0 118.0 247.0 255.0 -0.184686766552 -0.0658018825738 -0.0570495562893 0.251835217443 0.0 
0.0 0.0 0.0 0.0 0.0 0.0 0.0 0.0 0.0 0.0 0.0 0.0 132.0 237.0 222.0 -0.0570495562893 0.251835217443 0.00537065237783 0.0242958888889 0.0 
0.0 0.0 0.0 0.0 0.0 0.0 0.0 0.0 0.0 0.0 0.0 0.0 146.0 229.0 194.0 0.00537065237783 0.0242958888889 0.136079622193 0.235865132747 0.0 
0.0 0.0 0.0 0.0 0.0 0.0 0.0 0.0 0.0 0.0 0.0 0.0 145.0 247.0 125.0 0.136079622193 0.235865132747 0.262511939316 0.297640784987 0.0 
0.0 0.0 0.0 0.0 0.0 0.0 0.0 0.0 0.0 0.0 0.0 0.0 148.0 248.0 65.0 0.262511939316 0.297640784987 0.0549371607715 0.0410074544774 0.0 
0.0 0.0 0.0 0.0 0.0 0.0 100.0 0.0 0.0 0.0 0.0 0.0 148.0 250.0 51.0 0.0549371607715 0.0410074544774 0.130255339569 -0.32636489859 0.145305740823 
0.0 0.0 0.0 0.0 0.0 0.0 100.0 0.0 0.0 0.0 0.0 0.0 144.0 253.0 81.0 0.130255339569 -0.32636489859 0.183869145951 0.167696996975 0.0558177824813 
0.0 0.0 0.0 0.0 0.0 0.0 100.0 0.0 0.0 0.0 0.0 0.0 139.0 250.0 115.0 0.183869145951 0.167696996975 0.0430485208277 0.316602949381 -0.0273588841001 
0.0 0.0 0.0 0.0 0.0 0.0 100.0 0.0 0.0 0.0 0.0 0.0 144.0 251.0 63.0 0.0430485208277 0.316602949381 0.33 -0.0701782589899 0.0 
0.0 0.0 0.0 0.0 0.0 0.0 100.0 0.0 0.0 0.0 0.0 0.0 144.0 255.0 68.0 0.33 -0.0701782589899 -0.33 -0.0677842518406 0.166352377861 
0.0 0.0 0.0 0.0 0.0 0.0 100.0 0.0 0.0 0.0 0.0 0.0 143.0 254.0 78.0 -0.33 -0.0677842518406 -0.0516342227653 0.207342402549 0.0 
0.0 0.0 0.0 0.0 0.0 0.0 100.0 0.0 0.0 0.0 0.0 0.0 143.0 254.0 78.0 -0.0516342227653 0.207342402549 -0.0682255662173 0.33 -0.0279184084698 
0.0 0.0 0.0 0.0 0.0 0.0 100.0 0.0 0.0 0.0 0.0 0.0 145.0 249.0 48.0 -0.0682255662173 0.33 0.290668914761 -0.00765149177337 0.0279184084698 
0.0 0.0 0.0 0.0 0.0 0.0 100.0 0.0 0.0 0.0 0.0 0.0 142.0 255.0 49.0 0.290668914761 -0.00765149177337 0.183488566164 -0.118804000207 0.0545567960448 
0.0 0.0 0.0 0.0 0.0 0.0 100.0 0.0 0.0 0.0 0.0 0.0 139.0 255.0 61.0 0.183488566164 -0.118804000207 0.194594728839 0.0729162123857 0.0303164948791 
0.0 0.0 0.0 0.0 0.0 0.0 100.0 0.0 0.0 0.0 0.0 0.0 138.0 255.0 61.0 0.194594728839 0.0729162123857 -0.121303878291 0.312915387111 -0.0567399410149 
0.0 0.0 0.0 0.0 0.0 0.0 100.0 0.0 0.0 0.0 0.0 0.0 139.0 252.0 45.0 -0.121303878291 0.312915387111 -0.0419348473714 0.139153966357 0.0264234461357 
0.0 0.0 0.0 0.0 0.0 0.0 100.0 0.0 0.0 0.0 0.0 0.0 142.0 247.0 38.0 -0.0419348473714 0.139153966357 0.0916880298549 -0.155779939278 0.0561731637785 
0.0 0.0 0.0 0.0 0.0 0.0 100.0 0.0 0.0 0.0 0.0 0.0 143.0 255.0 48.0 0.0916880298549 -0.155779939278 0.154757149763 0.273981112954 0.0281688251226 
0.0 0.0 0.0 0.0 0.0 0.0 100.0 0.0 0.0 0.0 0.0 0.0 142.0 252.0 44.0 0.154757149763 0.273981112954 0.0704353311064 -0.228547053396 -0.0562975754504 
0.0 0.0 0.0 0.0 0.0 0.0 100.0 0.0 0.0 0.0 0.0 0.0 140.0 255.0 50.0 0.0704353311064 -0.228547053396 -0.0617608435007 0.0803926886288 0.0 
0.0 0.0 0.0 0.0 0.0 0.0 100.0 0.0 0.0 0.0 0.0 0.0 140.0 255.0 50.0 -0.0617608435007 0.0803926886288 0.283123578469 -0.0978171579326 0.0307892158875 
0.0 0.0 0.0 0.0 0.0 0.0 100.0 0.0 0.0 0.0 0.0 0.0 138.0 255.0 53.0 0.283123578469 -0.0978171579326 0.210608767253 -0.209563696133 -0.0307892158875 
0.0 0.0 0.0 0.0 0.0 0.0 100.0 0.0 0.0 0.0 0.0 0.0 138.0 255.0 55.0 0.210608767253 -0.209563696133 0.148740660368 -0.144105255284 0.0307892158875 
0.0 0.0 0.0 0.0 0.0 0.0 100.0 0.0 0.0 0.0 0.0 0.0 138.0 255.0 55.0 0.148740660368 -0.144105255284 0.0672497469177 0.169845381666 0.0 
0.0 0.0 0.0 0.0 0.0 0.0 100.0 0.0 0.0 0.0 0.0 0.0 138.0 255.0 55.0 0.0672497469177 0.169845381666 -0.0404469896325 -0.33 0.0 
0.0 0.0 0.0 0.0 0.0 0.0 100.0 0.0 0.0 0.0 0.0 0.0 142.0 255.0 52.0 -0.0404469896325 -0.33 -0.0636475155595 -0.0621630785321 0.0 
0.0 0.0 0.0 0.0 0.0 0.0 100.0 0.0 0.0 0.0 0.0 0.0 150.0 252.0 49.0 -0.0636475155595 -0.0621630785321 -0.33 -0.147289829365 0.0 
0.0 0.0 0.0 0.0 0.0 0.0 0.0 0.0 0.0 0.0 0.0 0.0 143.0 247.0 252.0 -0.33 -0.147289829365 0.33 0.0540547291075 -0.0307892158875 
0.0 0.0 0.0 0.0 0.0 0.0 0.0 0.0 0.0 0.0 0.0 0.0 147.0 249.0 255.0 0.33 0.0540547291075 0.0760191342986 0.105054180577 0.0 
0.0 0.0 0.0 0.0 0.0 0.0 0.0 0.0 0.0 0.0 0.0 0.0 155.0 212.0 254.0 0.0760191342986 0.105054180577 0.238130729362 -0.0613668570681 -0.00221130765676 
0.0 0.0 0.0 0.0 0.0 0.0 0.0 0.0 0.0 0.0 0.0 0.0 140.0 246.0 255.0 0.238130729362 -0.0613668570681 0.223293378036 0.2053852767 0.0 
0.0 0.0 0.0 0.0 0.0 0.0 0.0 0.0 0.0 0.0 0.0 0.0 125.0 249.0 242.0 0.223293378036 0.2053852767 0.0903528243266 0.102554608661 0.0 
0.0 0.0 0.0 0.0 0.0 0.0 0.0 0.0 0.0 0.0 0.0 0.0 124.0 251.0 213.0 0.0903528243266 0.102554608661 0.138039518161 0.156830076772 0.0 
0.0 0.0 100.0 0.0 0.0 100.0 0.0 0.0 0.0 0.0 0.0 0.0 125.0 252.0 184.0 0.138039518161 0.156830076772 0.33 0.24620136007 0.0277504777613 
0.0 0.0 0.0 0.0 0.0 100.0 0.0 100.0 0.0 0.0 0.0 0.0 126.0 254.0 144.0 0.33 0.24620136007 -0.253706257105 -0.320110812594 0.0555870995673 
0.0 0.0 0.0 0.0 0.0 0.0 0.0 0.0 0.0 0.0 0.0 0.0 123.0 248.0 210.0 -0.253706257105 -0.320110812594 -0.00421942640133 0.0195725787552 0.0873576889777 
0.0 0.0 0.0 0.0 0.0 0.0 0.0 0.0 0.0 100.0 0.0 0.0 123.0 248.0 222.0 -0.00421942640133 0.0195725787552 -0.0340806133123 0.258365964562 -0.0319411624197 
0.0 0.0 0.0 0.0 0.0 0.0 0.0 0.0 0.0 0.0 0.0 0.0 132.0 248.0 166.0 -0.0340806133123 0.258365964562 -0.0579826615643 -0.128371878116 0.0275387310173 
0.0 0.0 0.0 0.0 0.0 0.0 0.0 0.0 0.0 0.0 0.0 0.0 131.0 241.0 217.0 -0.0579826615643 -0.128371878116 -0.013976096842 0.00863348411089 0.0273712598242 
0.0 0.0 0.0 0.0 0.0 0.0 0.0 0.0 0.0 0.0 0.0 0.0 135.0 233.0 229.0 -0.013976096842 0.00863348411089 0.0903167463553 -0.112725365388 0.0 
0.0 0.0 0.0 0.0 0.0 0.0 0.0 0.0 0.0 0.0 0.0 0.0 143.0 234.0 255.0 0.0903167463553 -0.112725365388 -0.33 -0.33 0.0 
0.0 0.0 0.0 0.0 0.0 0.0 0.0 0.0 0.0 0.0 0.0 0.0 173.0 249.0 255.0 -0.33 -0.33 -0.0467404439789 -0.0103978960427 0.0 
0.0 0.0 0.0 0.0 0.0 0.0 0.0 0.0 0.0 0.0 0.0 0.0 207.0 248.0 255.0 -0.0467404439789 -0.0103978960427 0.161922280443 -0.33 0.0 
# HEADER 4
0.0 0.0 0.0 0.0 0.0 0.0 0.0 0.0 0.0 0.0 0.0 0.0 132.0 247.0 255.0 0 0 0.0622083473158 0.237988412664 0.0 
0.0 0.0 0.0 0.0 0.0 0.0 0.0 0.0 0.0 0.0 0.0 0.0 133.0 235.0 231.0 0.0622083473158 0.237988412664 0.179056374122 0.33 0.0 
0.0 0.0 0.0 0.0 0.0 0.0 0.0 0.0 0.0 0.0 0.0 0.0 140.0 247.0 139.0 0.179056374122 0.33 0.152487733267 0.047493228078 0.0 
0.0 0.0 0.0 0.0 0.0 0.0 0.0 0.0 0.0 0.0 0.0 0.0 142.0 247.0 111.0 0.152487733267 0.047493228078 -0.099557926399 0.33 0.0322256580532 
0.0 0.0 0.0 0.0 0.0 0.0 100.0 0.0 0.0 0.0 0.0 0.0 153.0 246.0 49.0 -0.099557926399 0.33 -0.283641438301 0.0719159163693 0.0868656044616 
0.0 0.0 0.0 0.0 0.0 0.0 0.0 0.0 0.0 0.0 0.0 0.0 177.0 212.0 44.0 -0.283641438301 0.0719159163693 0.0636430361589 -0.189600691235 0.192146181879 
0.0 0.0 0.0 0.0 0.0 0.0 0.0 0.0 0.0 0.0 0.0 0.0 199.0 174.0 111.0 0.0636430361589 -0.189600691235 0.053687790189 0.00448950167836 0.117730630432 
0.0 0.0 0.0 0.0 0.0 0.0 0.0 0.0 0.0 0.0 0.0 0.0 198.0 171.0 136.0 0.053687790189 0.00448950167836 -0.0559666712481 -0.254332378662 -0.0333075288217 
0.0 0.0 0.0 0.0 0.0 0.0 0.0 0.0 0.0 0.0 0.0 0.0 193.0 169.0 231.0 -0.0559666712481 -0.254332378662 -0.00994888716244 0.101166899424 0.0 
0.0 0.0 0.0 0.0 0.0 0.0 0.0 0.0 0.0 0.0 0.0 0.0 198.0 149.0 224.0 -0.00994888716244 0.101166899424 -0.105731119888 0.0818117475388 0.0 
0.0 0.0 0.0 0.0 0.0 0.0 0.0 0.0 0.0 0.0 0.0 0.0 209.0 152.0 157.0 -0.105731119888 0.0818117475388 -0.0324919918826 -0.0778324163895 0.0 
0.0 0.0 0.0 0.0 0.0 0.0 0.0 0.0 0.0 0.0 0.0 0.0 217.0 144.0 205.0 -0.0324919918826 -0.0778324163895 0.229092547621 -0.0726044224304 0.0 
0.0 0.0 0.0 0.0 0.0 0.0 0.0 0.0 0.0 0.0 0.0 0.0 199.0 177.0 252.0 0.229092547621 -0.0726044224304 0.120802826227 -0.129045595107 0.0 
0.0 0.0 0.0 0.0 0.0 0.0 0.0 0.0 0.0 0.0 0.0 0.0 183.0 245.0 255.0 0.120802826227 -0.129045595107 0.0198935851235 -0.0389322132802 0.0 
0.0 0.0 0.0 0.0 0.0 0.0 0.0 0.0 0.0 0.0 0.0 0.0 176.0 250.0 255.0 0.0198935851235 -0.0389322132802 -0.280715391565 -0.0186968990016 0.0 
0.0 0.0 0.0 0.0 0.0 0.0 0.0 0.0 0.0 0.0 0.0 0.0 195.0 250.0 255.0 -0.280715391565 -0.0186968990016 0.238828446296 0.0858773090037 0.0 
0.0 0.0 0.0 0.0 0.0 0.0 0.0 0.0 0.0 0.0 0.0 0.0 181.0 247.0 255.0 0.238828446296 0.0858773090037 0.132880876498 -0.00243570794663 0.0 
0.0 0.0 0.0 0.0 0.0 0.0 0.0 0.0 0.0 0.0 0.0 0.0 158.0 250.0 255.0 0.132880876498 -0.00243570794663 0.194681781351 0.000668255747162 0.0 
0.0 0.0 0.0 0.0 0.0 0.0 0.0 0.0 0.0 0.0 0.0 0.0 133.0 250.0 255.0 0.194681781351 0.000668255747162 0.138677597744 0.15876665288 0.0333075288217 
0.0 0.0 0.0 0.0 0.0 0.0 0.0 0.0 0.0 0.0 0.0 0.0 116.0 248.0 251.0 0.138677597744 0.15876665288 0.12316910283 0.0850186309386 0.0 
0.0 0.0 0.0 0.0 0.0 0.0 0.0 0.0 0.0 0.0 0.0 0.0 118.0 249.0 223.0 0.12316910283 0.0850186309386 0.123778368019 0.33 -0.0333075288217 
0.0 0.0 100.0 0.0 0.0 0.0 0.0 0.0 0.0 0.0 0.0 0.0 123.0 252.0 170.0 0.123778368019 0.33 0.130369623686 0.00370316577488 0.0333075288217 
0.0 0.0 0.0 0.0 0.0 0.0 0.0 100.0 0.0 0.0 0.0 0.0 125.0 252.0 158.0 0.130369623686 0.00370316577488 -0.204465711065 0.00565201869456 0.0860515506304 
0.0 0.0 0.0 0.0 0.0 0.0 0.0 0.0 0.0 0.0 0.0 0.0 134.0 247.0 149.0 -0.204465711065 0.00565201869456 -0.00081248719596 0.143141534531 0.0751931554669 
0.0 0.0 0.0 0.0 0.0 0.0 0.0 0.0 0.0 0.0 0.0 0.0 142.0 248.0 110.0 -0.00081248719596 0.143141534531 0.111311383556 0.0966787608675 -0.0427491322037 
0.0 0.0 0.0 0.0 0.0 0.0 100.0 0.0 0.0 0.0 0.0 0.0 143.0 248.0 81.0 0.111311383556 0.0966787608675 0.0194757731836 0.0823818562304 0.0764849693787 
0.0 0.0 0.0 0.0 0.0 0.0 100.0 0.0 0.0 0.0 0.0 0.0 144.0 251.0 65.0 0.0194757731836 0.0823818562304 -0.237089300143 0.0752918291566 0.110494094881 
0.0 0.0 0.0 0.0 0.0 0.0 0.0 0.0 0.0 0.0 0.0 0.0 153.0 244.0 50.0 -0.237089300143 0.0752918291566 -0.165670405103 0.250351642874 0.0550020343321 
0.0 0.0 0.0 0.0 0.0 0.0 0.0 0.0 0.0 0.0 0.0 0.0 184.0 197.0 40.0 -0.165670405103 0.250351642874 -0.275690335965 -0.0771887840413 0.0384109833634 
0.0 0.0 0.0 0.0 0.0 0.0 0.0 0.0 0.0 0.0 0.0 0.0 203.0 174.0 58.0 -0.275690335965 -0.0771887840413 0.11212502309 -0.130859984545 0.217417274521 
0.0 0.0 0.0 0.0 0.0 0.0 0.0 0.0 0.0 0.0 0.0 0.0 209.0 158.0 162.0 0.11212502309 -0.130859984545 0.0276674244343 -0.216471860889 0.0174397192167 
0.0 0.0 0.0 0.0 0.0 0.0 0.0 0.0 0.0 0.0 0.0 0.0 203.0 176.0 248.0 0.0276674244343 -0.216471860889 0.240330850686 -0.315094325158 0.0 
0.0 0.0 0.0 0.0 0.0 0.0 0.0 0.0 0.0 0.0 0.0 0.0 201.0 248.0 255.0 0.240330850686 -0.315094325158 0.180154628629 -0.165293867158 0.0 
0.0 0.0 0.0 0.0 0.0 0.0 0.0 0.0 0.0 0.0 0.0 0.0 179.0 250.0 255.0 0.180154628629 -0.165293867158 -0.293569371867 0.109338487073 0.0 
0.0 0.0 0.0 0.0 0.0 0.0 0.0 0.0 0.0 0.0 0.0 0.0 153.0 250.0 255.0 -0.293569371867 0.109338487073 0.241749950174 0.147036940103 0.0 
0.0 0.0 0.0 0.0 0.0 0.0 0.0 0.0 0.0 0.0 0.0 0.0 127.0 240.0 245.0 0.241749950174 0.147036940103 0.070715314192 0.33 0.0 
0.0 0.0 0.0 0.0 0.0 0.0 0.0 0.0 0.0 0.0 0.0 0.0 129.0 248.0 181.0 0.070715314192 0.33 0.33 -0.147838906259 0.0 
0.0 0.0 0.0 0.0 0.0 0.0 0.0 0.0 0.0 0.0 0.0 0.0 117.0 252.0 229.0 0.33 -0.147838906259 0.145587005901 0.0746778614137 0.066994572262 
0.0 0.0 0.0 0.0 0.0 0.0 0.0 0.0 0.0 0.0 0.0 0.0 113.0 253.0 231.0 0.145587005901 0.0746778614137 -0.30450938295 0.0910600422719 0.00565844419943 
0.0 0.0 100.0 0.0 0.0 0.0 0.0 0.0 0.0 0.0 0.0 0.0 113.0 253.0 214.0 -0.30450938295 0.0910600422719 -0.184887299728 0.0949980205138 0.0 
0.0 0.0 100.0 0.0 0.0 0.0 0.0 0.0 0.0 0.0 0.0 0.0 124.0 248.0 185.0 -0.184887299728 0.0949980205138 -0.326372039473 0.245908374022 0.0228221224769 
0.0 0.0 0.0 0.0 0.0 0.0 0.0 0.0 0.0 0.0 0.0 0.0 146.0 246.0 108.0 -0.326372039473 0.245908374022 0.11269579461 0.33 0.028573897036 
0.0 0.0 0.0 0.0 0.0 0.0 0.0 0.0 0.0 0.0 0.0 0.0 151.0 246.0 42.0 0.11269579461 0.33 0.145956890058 -0.0297038439872 0.0663037703062 
0.0 0.0 0.0 0.0 0.0 0.0 0.0 0.0 0.0 0.0 0.0 0.0 147.0 253.0 49.0 0.145956890058 -0.0297038439872 0.169330710442 0.0645343666275 0.203020383308 
0.0 0.0 0.0 0.0 0.0 0.0 100.0 0.0 0.0 0.0 0.0 0.0 144.0 252.0 48.0 0.169330710442 0.0645343666275 1.50211433368e-05 -0.00415394874127 0.0820326427668 
0.0 0.0 0.0 0.0 0.0 0.0 100.0 0.0 0.0 0.0 0.0 0.0 144.0 255.0 50.0 1.50211433368e-05 -0.00415394874127 -0.113483544287 -0.316854227487 -0.0527139325116 
0.0 0.0 0.0 0.0 0.0 0.0 0.0 0.0 0.0 0.0 0.0 0.0 149.0 251.0 58.0 -0.113483544287 -0.316854227487 -0.230785256786 -0.255637242201 0.0 
0.0 0.0 0.0 0.0 0.0 0.0 0.0 0.0 0.0 0.0 0.0 0.0 145.0 235.0 255.0 -0.230785256786 -0.255637242201 -0.16262132018 -0.0339341612751 -0.0438669336773 
0.0 0.0 0.0 0.0 0.0 0.0 0.0 0.0 0.0 0.0 0.0 0.0 174.0 248.0 255.0 -0.16262132018 -0.0339341612751 0.33 -0.00888637436274 0.0 
0.0 0.0 0.0 0.0 0.0 0.0 0.0 0.0 0.0 0.0 0.0 0.0 203.0 248.0 255.0 0.33 -0.00888637436274 -0.237201436708 0.229473963544 0.0 
0.0 0.0 0.0 0.0 0.0 0.0 0.0 0.0 0.0 0.0 0.0 0.0 225.0 204.0 255.0 -0.237201436708 0.229473963544 -0.172641398096 0.0265473861641 0.0 
0.0 0.0 0.0 0.0 0.0 0.0 0.0 0.0 0.0 0.0 0.0 0.0 231.0 169.0 245.0 -0.172641398096 0.0265473861641 0.230398934399 -0.0897404300242 0.0 
0.0 0.0 0.0 0.0 0.0 0.0 0.0 0.0 0.0 0.0 0.0 0.0 222.0 208.0 255.0 0.230398934399 -0.0897404300242 0.33 0.0215203580238 0.0 
0.0 0.0 0.0 0.0 0.0 0.0 0.0 0.0 0.0 0.0 0.0 0.0 193.0 219.0 255.0 0.33 0.0215203580238 0.174289877981 0.0144186302531 0.0 
0.0 0.0 0.0 0.0 0.0 0.0 0.0 0.0 0.0 0.0 0.0 0.0 163.0 216.0 255.0 0.174289877981 0.0144186302531 0.33 -0.33 0.0 
0.0 0.0 0.0 0.0 0.0 0.0 0.0 0.0 0.0 0.0 0.0 0.0 142.0 250.0 255.0 0.33 -0.33 0.0766083513273 -0.169012955397 0.0 
0.0 0.0 0.0 0.0 0.0 0.0 0.0 0.0 0.0 0.0 0.0 0.0 126.0 250.0 255.0 0.0766083513273 -0.169012955397 -0.242358058156 0.278991457214 0.0 
0.0 0.0 0.0 0.0 0.0 0.0 0.0 0.0 0.0 0.0 0.0 0.0 138.0 249.0 255.0 -0.242358058156 0.278991457214 0.0116308219085 0.33 0.0 
0.0 0.0 0.0 0.0 0.0 0.0 0.0 0.0 0.0 0.0 0.0 0.0 164.0 200.0 216.0 0.0116308219085 0.33 0.0619470523434 0.0697606957531 0.0 
0.0 0.0 0.0 0.0 0.0 0.0 0.0 0.0 0.0 0.0 0.0 0.0 194.0 178.0 156.0 0.0619470523434 0.0697606957531 0.052066147745 -9.3343756401e-05 0.0 
0.0 0.0 0.0 0.0 0.0 0.0 0.0 0.0 0.0 0.0 0.0 0.0 216.0 147.0 159.0 0.052066147745 -9.3343756401e-05 -0.0458372737665 0.0847787804404 0.0145482234221 
0.0 0.0 0.0 0.0 0.0 0.0 0.0 0.0 0.0 0.0 0.0 0.0 230.0 130.0 122.0 -0.0458372737665 0.0847787804404 -0.0186460195858 0.0558986801805 -0.0145482234221 
0.0 0.0 0.0 0.0 0.0 0.0 0.0 0.0 0.0 0.0 0.0 0.0 231.0 132.0 83.0 -0.0186460195858 0.0558986801805 0.220489777764 0.040976345437 0.0 
0.0 0.0 0.0 0.0 0.0 0.0 0.0 0.0 0.0 0.0 0.0 0.0 231.0 133.0 68.0 0.220489777764 0.040976345437 -0.232686450947 0.188495437604 0.0 
0.0 0.0 0.0 0.0 0.0 0.0 0.0 0.0 0.0 0.0 0.0 0.0 232.0 108.0 44.0 -0.232686450947 0.188495437604 0.137935521459 0.0379097096406 0.0438669336773 
0.0 0.0 0.0 0.0 0.0 0.0 0.0 0.0 0.0 0.0 0.0 0.0 228.0 71.0 49.0 0.137935521459 0.0379097096406 0.309256129708 -0.33 0.0166160629408 
# HEADER 5
0.0 0.0 0.0 0.0 0.0 0.0 0.0 0.0 0.0 0.0 0.0 0.0 133.0 249.0 255.0 0 0 0.0358713352866 -0.142821251413 0.0 
0.0 0.0 0.0 0.0 0.0 0.0 0.0 0.0 0.0 0.0 0.0 0.0 128.0 251.0 255.0 0.0358713352866 -0.142821251413 0.0399077929782 0.27291791984 0.0 
0.0 0.0 0.0 0.0 0.0 0.0 0.0 0.0 0.0 0.0 0.0 0.0 119.0 250.0 255.0 0.0399077929782 0.27291791984 0.210673693064 0.271339860939 0.0 
0.0 0.0 0.0 0.0 0.0 0.0 0.0 0.0 0.0 0.0 0.0 0.0 122.0 249.0 219.0 0.210673693064 0.271339860939 0.0721575263163 0.304364263319 0.0 
0.0 0.0 0.0 0.0 0.0 0.0 0.0 0.0 0.0 0.0 0.0 0.0 126.0 250.0 162.0 0.0721575263163 0.304364263319 -0.126059879134 0.33 0.0 
0.0 0.0 0.0 0.0 0.0 0.0 100.0 0.0 0.0 0.0 0.0 0.0 131.0 252.0 99.0 -0.126059879134 0.33 -0.0687677456151 -0.280325401789 0.106021222967 
0.0 0.0 0.0 0.0 0.0 0.0 100.0 0.0 0.0 0.0 0.0 0.0 131.0 250.0 141.0 -0.0687677456151 -0.280325401789 0.169400677665 -0.245361198631 0.280209941519 
0.0 0.0 0.0 0.0 0.0 0.0 0.0 0.0 0.0 0.0 0.0 0.0 110.0 251.0 255.0 0.169400677665 -0.245361198631 -0.285716983189 0.169208511923 -0.0129100509881 
0.0 0.0 0.0 0.0 0.0 0.0 0.0 0.0 0.0 0.0 0.0 0.0 117.0 246.0 238.0 -0.285716983189 0.169208511923 0.135417121365 -0.140754164835 0.0442191003115 
0.0 0.0 0.0 0.0 0.0 0.0 0.0 0.0 0.0 0.0 0.0 0.0 135.0 240.0 255.0 0.135417121365 -0.140754164835 0.0609584576553 0.0131788155599 0.0 
# HEADER 6
0.0 0.0 0.0 0.0 0.0 0.0 0.0 0.0 0.0 0.0 0.0 0.0 132.0 248.0 255.0 0 0 -0.0455060147043 0.224234517513 0.0161356811284 
0.0 0.0 0.0 0.0 0.0 0.0 0.0 0.0 0.0 0.0 0.0 0.0 136.0 231.0 232.0 -0.0455060147043 0.224234517513 0.201745041074 0.0355511243182 0.0 
0.0 0.0 0.0 0.0 0.0 0.0 0.0 0.0 0.0 0.0 0.0 0.0 149.0 225.0 194.0 0.201745041074 0.0355511243182 -0.147595120484 0.149899683639 0.0 
0.0 0.0 0.0 0.0 0.0 0.0 0.0 0.0 0.0 0.0 0.0 0.0 169.0 216.0 135.0 -0.147595120484 0.149899683639 -0.0107693346294 -0.105144720068 0.0 
0.0 0.0 0.0 0.0 0.0 0.0 0.0 0.0 0.0 0.0 0.0 0.0 187.0 172.0 211.0 -0.0107693346294 -0.105144720068 0.100665402266 0.0715817289908 -0.00326119671545 
0.0 0.0 0.0 0.0 0.0 0.0 0.0 0.0 0.0 0.0 0.0 0.0 203.0 154.0 195.0 0.100665402266 0.0715817289908 -0.00651274403302 -0.33 0.00326119671545 
0.0 0.0 0.0 0.0 0.0 0.0 0.0 0.0 0.0 0.0 0.0 0.0 208.0 171.0 248.0 -0.00651274403302 -0.33 0.0366931904651 0.0200931947161 0.0 
0.0 0.0 0.0 0.0 0.0 0.0 0.0 0.0 0.0 0.0 0.0 0.0 203.0 176.0 250.0 0.0366931904651 0.0200931947161 0.0663783814447 0.0363467125288 0.0 
0.0 0.0 0.0 0.0 0.0 0.0 0.0 0.0 0.0 0.0 0.0 0.0 191.0 162.0 240.0 0.0663783814447 0.0363467125288 0.33 -0.149614228171 0.0 
0.0 0.0 0.0 0.0 0.0 0.0 0.0 0.0 0.0 0.0 0.0 0.0 167.0 214.0 255.0 0.33 -0.149614228171 -0.00365207909144 -0.125268917958 0.0 
0.0 0.0 0.0 0.0 0.0 0.0 0.0 0.0 0.0 0.0 0.0 0.0 136.0 250.0 255.0 -0.00365207909144 -0.125268917958 -0.217853244465 0.160920607254 0.0 
0.0 0.0 0.0 0.0 0.0 0.0 0.0 0.0 0.0 0.0 0.0 0.0 145.0 246.0 255.0 -0.217853244465 0.160920607254 0.00244808044057 0.167718780395 0.0 
0.0 0.0 0.0 0.0 0.0 0.0 0.0 0.0 0.0 0.0 0.0 0.0 149.0 212.0 236.0 0.00244808044057 0.167718780395 0.0918166626579 0.123967512392 0.0 
0.0 0.0 0.0 0.0 0.0 0.0 0.0 0.0 0.0 0.0 0.0 0.0 147.0 235.0 165.0 0.0918166626579 0.123967512392 -0.0371648563201 0.0564416619088 0.0 
0.0 0.0 0.0 0.0 0.0 0.0 0.0 0.0 0.0 0.0 0.0 0.0 151.0 239.0 133.0 -0.0371648563201 0.0564416619088 -0.221176719423 -0.33 0.0 
0.0 0.0 0.0 0.0 0.0 0.0 0.0 0.0 0.0 0.0 0.0 0.0 153.0 207.0 241.0 -0.221176719423 -0.33 0.267891996043 0.0918257697642 0.0258996451041 
0.0 0.0 0.0 0.0 0.0 0.0 0.0 0.0 0.0 0.0 0.0 0.0 160.0 201.0 227.0 0.267891996043 0.0918257697642 0.0456590887397 0.0108469857118 0.0 
0.0 0.0 0.0 0.0 0.0 0.0 0.0 0.0 0.0 0.0 0.0 0.0 160.0 207.0 204.0 0.0456590887397 0.0108469857118 0.33 0.1445984656 0.0 
0.0 0.0 0.0 0.0 0.0 0.0 0.0 0.0 0.0 0.0 0.0 0.0 153.0 232.0 144.0 0.33 0.1445984656 -0.0282701530134 0.2603917278 0.0 
0.0 0.0 0.0 0.0 0.0 0.0 0.0 0.0 0.0 0.0 0.0 0.0 160.0 239.0 67.0 -0.0282701530134 0.2603917278 0.0541342950395 -0.050776323516 0.0 
0.0 0.0 0.0 0.0 0.0 0.0 0.0 0.0 0.0 0.0 0.0 0.0 160.0 239.0 82.0 0.0541342950395 -0.050776323516 0.0356319988933 -0.0879573973065 0.173133625515 
0.0 0.0 0.0 0.0 0.0 0.0 0.0 0.0 0.0 0.0 0.0 0.0 146.0 231.0 192.0 0.0356319988933 -0.0879573973065 0.0842925901768 -0.0899022344893 0.0335256783028 
0.0 0.0 0.0 0.0 0.0 0.0 0.0 0.0 0.0 0.0 0.0 0.0 133.0 232.0 255.0 0.0842925901768 -0.0899022344893 0.33 0.0406599996962 0.0 
0.0 0.0 0.0 0.0 0.0 0.0 0.0 0.0 0.0 0.0 0.0 0.0 126.0 240.0 249.0 0.33 0.0406599996962 0.262416810912 0.197425731875 0.0 
0.0 0.0 0.0 0.0 0.0 0.0 0.0 0.0 0.0 0.0 0.0 0.0 129.0 248.0 195.0 0.262416810912 0.197425731875 0.0949735811764 0.234234236794 0.0 
0.0 0.0 0.0 0.0 0.0 0.0 0.0 0.0 0.0 0.0 0.0 0.0 135.0 248.0 141.0 0.0949735811764 0.234234236794 0.272941551031 0.231161079997 0.0 
0.0 0.0 0.0 0.0 0.0 0.0 100.0 0.0 0.0 0.0 0.0 0.0 141.0 251.0 84.0 0.272941551031 0.231161079997 -0.0059297465952 0.0420785486798 0.13174439965 
0.0 0.0 0.0 0.0 0.0 0.0 100.0 0.0 0.0 0.0 0.0 0.0 141.0 251.0 73.0 -0.0059297465952 0.0420785486798 -0.198153832705 -0.249061293458 0.216910620817 
0.0 0.0 0.0 0.0 0.0 0.0 100.0 0.0 0.0 0.0 0.0 0.0 137.0 254.0 118.0 -0.198153832705 -0.249061293458 -0.196284436113 0.33 0.0368370801584 
0.0 0.0 0.0 0.0 0.0 0.0 0.0 0.0 0.0 0.0 0.0 0.0 145.0 247.0 108.0 -0.196284436113 0.33 0.113261154581 0.0821219453792 -0.00444263028435 
0.0 0.0 0.0 0.0 0.0 0.0 0.0 0.0 0.0 0.0 0.0 0.0 163.0 235.0 69.0 0.113261154581 0.0821219453792 0.208174810736 -0.114960196953 0.0 
0.0 0.0 0.0 0.0 0.0 0.0 0.0 0.0 0.0 0.0 0.0 0.0 183.0 197.0 137.0 0.208174810736 -0.114960196953 0.191330240959 -0.177545098482 0.109128421138 
0.0 0.0 0.0 0.0 0.0 0.0 0.0 0.0 0.0 0.0 0.0 0.0 195.0 177.0 241.0 0.191330240959 -0.177545098482 0.171652919987 -0.181840883707 0.0333195963796 
0.0 0.0 0.0 0.0 0.0 0.0 0.0 0.0 0.0 0.0 0.0 0.0 188.0 238.0 255.0 0.171652919987 -0.181840883707 -0.0093086380209 -0.147691450686 0.0 
0.0 0.0 0.0 0.0 0.0 0.0 0.0 0.0 0.0 0.0 0.0 0.0 184.0 249.0 255.0 -0.0093086380209 -0.147691450686 0.0676862581958 -0.0462691827433 0.0 
0.0 0.0 0.0 0.0 0.0 0.0 0.0 0.0 0.0 0.0 0.0 0.0 184.0 249.0 255.0 0.0676862581958 -0.0462691827433 -0.0486217729074 0.150590616656 0.0 
0.0 0.0 0.0 0.0 0.0 0.0 0.0 0.0 0.0 0.0 0.0 0.0 187.0 238.0 255.0 -0.0486217729074 0.150590616656 -0.319507525005 -0.185511888719 0.0 
0.0 0.0 0.0 0.0 0.0 0.0 0.0 0.0 0.0 0.0 0.0 0.0 199.0 249.0 255.0 -0.319507525005 -0.185511888719 0.167842152977 0.205597233417 0.0 
0.0 0.0 0.0 0.0 0.0 0.0 0.0 0.0 0.0 0.0 0.0 0.0 185.0 235.0 255.0 0.167842152977 0.205597233417 -0.0933362286681 0.162247952654 0.0 
0.0 0.0 0.0 0.0 0.0 0.0 0.0 0.0 0.0 0.0 0.0 0.0 184.0 171.0 247.0 -0.0933362286681 0.162247952654 -0.190826935545 -0.00800069041422 0.0 
0.0 0.0 0.0 0.0 0.0 0.0 0.0 0.0 0.0 0.0 0.0 0.0 199.0 166.0 247.0 -0.190826935545 -0.00800069041422 0.0404930115578 -0.278178882782 0.0 
0.0 0.0 0.0 0.0 0.0 0.0 0.0 0.0 0.0 0.0 0.0 0.0 198.0 236.0 255.0 0.0404930115578 -0.278178882782 0.307587111225 -0.290377672507 0.0 
0.0 0.0 0.0 0.0 0.0 0.0 0.0 0.0 0.0 0.0 0.0 0.0 176.0 250.0 255.0 0.307587111225 -0.290377672507 -0.0125490425226 0.105950063532 0.0 
0.0 0.0 0.0 0.0 0.0 0.0 0.0 0.0 0.0 0.0 0.0 0.0 144.0 250.0 255.0 -0.0125490425226 0.105950063532 -0.12347657566 0.320464611419 0.0 
0.0 0.0 0.0 0.0 0.0 0.0 0.0 0.0 0.0 0.0 0.0 0.0 146.0 221.0 234.0 -0.12347657566 0.320464611419 -0.0213161288962 0.0225854847262 0.0 
0.0 0.0 0.0 0.0 0.0 0.0 0.0 0.0 0.0 0.0 0.0 0.0 154.0 220.0 203.0 -0.0213161288962 0.0225854847262 0.0962216724088 0.158894419708 0.0 
0.0 0.0 0.0 0.0 0.0 0.0 0.0 0.0 0.0 0.0 0.0 0.0 153.0 238.0 141.0 0.0962216724088 0.158894419708 0.0515111388119 0.33 0.0 
0.0 0.0 0.0 0.0 0.0 0.0 0.0 0.0 0.0 0.0 0.0 0.0 155.0 247.0 61.0 0.0515111388119 0.33 0.0228302074591 0.0191735100154 0.00203807025583 
0.0 0.0 0.0 0.0 0.0 0.0 100.0 0.0 0.0 0.0 0.0 0.0 155.0 247.0 48.0 0.0228302074591 0.0191735100154 0.0411427592718 0.086222883677 0.18531448901 
0.0 0.0 0.0 0.0 0.0 0.0 100.0 0.0 0.0 0.0 0.0 0.0 154.0 247.0 43.0 0.0411427592718 0.086222883677 0.0408026680318 -0.0478004925307 0.0760108724072 
0.0 0.0 0.0 0.0 0.0 0.0 100.0 0.0 0.0 0.0 0.0 0.0 154.0 252.0 56.0 0.0408026680318 -0.0478004925307 0.0326401964316 0.10682223551 0.0383433939538 
0.0 0.0 0.0 0.0 0.0 0.0 0.0 0.0 0.0 0.0 0.0 0.0 153.0 248.0 54.0 0.0326401964316 0.10682223551 0.18875140031 0.0725600220468 0.00362901175693 
0.0 0.0 0.0 0.0 0.0 0.0 100.0 0.0 0.0 0.0 0.0 0.0 150.0 248.0 47.0 0.18875140031 0.0725600220468 -0.0706870339474 -0.21414014939 -0.0419724057107 
0.0 0.0 0.0 0.0 0.0 0.0 0.0 0.0 0.0 0.0 0.0 0.0 152.0 250.0 73.0 -0.0706870339474 -0.21414014939 -0.0261510169083 0.148850797478 0.0383433939538 
0.0 0.0 0.0 0.0 0.0 0.0 0.0 0.0 0.0 0.0 0.0 0.0 157.0 240.0 96.0 -0.0261510169083 0.148850797478 -0.33 0.0774149372353 0.0427682686633 
0.0 0.0 0.0 0.0 0.0 0.0 0.0 0.0 0.0 0.0 0.0 0.0 169.0 228.0 66.0 -0.33 0.0774149372353 0.296071909768 0.160033602444 0.0 
0.0 0.0 0.0 0.0 0.0 0.0 0.0 0.0 0.0 0.0 0.0 0.0 166.0 229.0 42.0 0.296071909768 0.160033602444 0.064457452088 0.0118442742972 0.0390886870367 
0.0 0.0 0.0 0.0 0.0 0.0 0.0 0.0 0.0 0.0 0.0 0.0 162.0 232.0 40.0 0.064457452088 0.0118442742972 -0.0338043819371 -0.000171461155776 0.12305751174 
0.0 0.0 0.0 0.0 0.0 0.0 0.0 0.0 0.0 0.0 0.0 0.0 165.0 231.0 41.0 -0.0338043819371 -0.000171461155776 0.204549905436 -0.138065599419 0.0 
0.0 0.0 0.0 0.0 0.0 0.0 0.0 0.0 0.0 0.0 0.0 0.0 169.0 226.0 82.0 0.204549905436 -0.138065599419 0.231327428436 0.33 0.0 
0.0 0.0 0.0 0.0 0.0 0.0 0.0 0.0 0.0 0.0 0.0 0.0 171.0 226.0 60.0 0.231327428436 0.33 0.134992189551 -0.186507988846 0.00752671862259 
0.0 0.0 0.0 0.0 0.0 0.0 0.0 0.0 0.0 0.0 0.0 0.0 166.0 227.0 99.0 0.134992189551 -0.186507988846 -0.33 0.0802836375265 0.0389609375071 
0.0 0.0 0.0 0.0 0.0 0.0 0.0 0.0 0.0 0.0 0.0 0.0 173.0 216.0 104.0 -0.33 0.0802836375265 -0.0339946669528 0.128286405564 0.0472970568992 
0.0 0.0 0.0 0.0 0.0 0.0 0.0 0.0 0.0 0.0 0.0 0.0 183.0 210.0 65.0 -0.0339946669528 0.128286405564 0.227474551109 0.145272602893 0.0 
0.0 0.0 0.0 0.0 0.0 0.0 0.0 0.0 0.0 0.0 0.0 0.0 195.0 187.0 44.0 0.227474551109 0.145272602893 -0.186042651625 0.0713504022786 0.0479115175522 
0.0 0.0 0.0 0.0 0.0 0.0 0.0 0.0 0.0 0.0 0.0 0.0 211.0 155.0 43.0 -0.186042651625 0.0713504022786 0.173233351539 0.33 0.180558297827 
0.0 0.0 0.0 0.0 0.0 0.0 0.0 0.0 0.0 0.0 0.0 0.0 209.0 96.0 39.0 0.173233351539 0.33 0.051960235168 -0.125139508083 0.121918158665 
0.0 0.0 0.0 0.0 0.0 0.0 0.0 0.0 0.0 0.0 0.0 0.0 204.0 80.0 49.0 0.051960235168 -0.125139508083 -0.154254436939 -0.258143977315 0.448874047001 
0.0 0.0 0.0 0.0 0.0 0.0 0.0 0.0 0.0 0.0 0.0 0.0 213.0 69.0 65.0 -0.154254436939 -0.258143977315 0.279829793013 0.33 0.109545539832 
0.0 0.0 0.0 0.0 0.0 0.0 0.0 0.0 0.0 0.0 0.0 0.0 208.0 72.0 61.0 0.279829793013 0.33 -0.138464791028 -0.323700906977 0.0 
0.0 0.0 0.0 0.0 0.0 0.0 0.0 0.0 0.0 0.0 0.0 0.0 197.0 83.0 49.0 -0.138464791028 -0.323700906977 -0.146200818297 0.120689577211 0.0 
0.0 0.0 0.0 0.0 0.0 0.0 0.0 0.0 0.0 0.0 0.0 0.0 186.0 93.0 43.0 -0.146200818297 0.120689577211 -0.00350524942831 0.33 -0.0185633103242 
0.0 0.0 0.0 0.0 0.0 0.0 0.0 0.0 0.0 0.0 0.0 0.0 174.0 96.0 39.0 -0.00350524942831 0.33 -0.33 0.00352279319715 0.0 
0.0 0.0 0.0 0.0 0.0 0.0 0.0 0.0 0.0 0.0 0.0 0.0 180.0 80.0 40.0 -0.33 0.00352279319715 -0.100516064251 0.0529448363998 0.0872381978174 
0.0 0.0 0.0 0.0 0.0 0.0 0.0 0.0 0.0 0.0 0.0 0.0 182.0 62.0 41.0 -0.100516064251 0.0529448363998 -0.242219075062 -0.211312690309 0.0551067242382 
0.0 0.0 0.0 0.0 0.0 0.0 0.0 0.0 0.0 0.0 0.0 0.0 196.0 40.0 101.0 -0.242219075062 -0.211312690309 -0.227101664082 0.0378070582881 0.0 
0.0 0.0 0.0 0.0 0.0 0.0 0.0 0.0 0.0 0.0 0.0 0.0 211.0 41.0 86.0 -0.227101664082 0.0378070582881 -0.0312834862407 0.261652563149 0.0273821447038 
0.0 0.0 0.0 0.0 0.0 0.0 0.0 0.0 0.0 0.0 0.0 0.0 220.0 34.0 40.0 -0.0312834862407 0.261652563149 0.00280708887265 -0.133879151868 -0.0273821447038 
0.0 0.0 0.0 0.0 0.0 0.0 0.0 0.0 0.0 0.0 0.0 0.0 231.0 49.0 67.0 0.00280708887265 -0.133879151868 -0.232742905512 -0.0487252124576 0.0 
0.0 0.0 0.0 0.0 0.0 0.0 0.0 0.0 0.0 0.0 0.0 0.0 236.0 45.0 93.0 -0.232742905512 -0.0487252124576 0.0813520385647 0.33 0.0 
0.0 0.0 0.0 0.0 0.0 0.0 0.0 0.0 0.0 0.0 0.0 0.0 230.0 49.0 59.0 0.0813520385647 0.33 -0.140141168824 -0.0195956120243 0.0273821447038 
# HEADER 7
0.0 0.0 0.0 0.0 0.0 0.0 0.0 0.0 0.0 0.0 0.0 0.0 133.0 249.0 255.0 0 0 0.33 0.0925780257004 0.0 
0.0 0.0 0.0 0.0 0.0 0.0 0.0 0.0 0.0 0.0 0.0 0.0 133.0 249.0 255.0 0.33 0.0925780257004 0.313225537624 0.327514697212 0.0 
0.0 0.0 0.0 0.0 0.0 0.0 0.0 0.0 0.0 0.0 0.0 0.0 123.0 246.0 227.0 0.313225537624 0.327514697212 0.0614194548908 0.302964457092 0.0 
0.0 0.0 0.0 0.0 0.0 0.0 0.0 0.0 0.0 0.0 0.0 0.0 130.0 248.0 166.0 0.0614194548908 0.302964457092 -0.0404065069082 -0.0234309114072 0.0 
0.0 0.0 0.0 0.0 0.0 0.0 0.0 0.0 0.0 0.0 0.0 0.0 132.0 247.0 174.0 -0.0404065069082 -0.0234309114072 -0.120471585614 0.183806981168 0.0554025754975 
0.0 0.0 0.0 0.0 0.0 0.0 0.0 0.0 0.0 0.0 0.0 0.0 143.0 243.0 138.0 -0.120471585614 0.183806981168 -0.0866630976893 0.189120191153 0.0432210326854 
0.0 0.0 0.0 0.0 0.0 0.0 0.0 0.0 0.0 0.0 0.0 0.0 162.0 233.0 79.0 -0.0866630976893 0.189120191153 -0.194510608705 -0.128204519527 -0.0247461730926 
0.0 0.0 0.0 0.0 0.0 0.0 0.0 0.0 0.0 0.0 0.0 0.0 178.0 199.0 138.0 -0.194510608705 -0.128204519527 0.144372738236 -0.10635278767 0.0184575252077 
0.0 0.0 0.0 0.0 0.0 0.0 0.0 0.0 0.0 0.0 0.0 0.0 160.0 192.0 247.0 0.144372738236 -0.10635278767 -0.000457636650618 0.220174779668 0.0240478013326 
0.0 0.0 0.0 0.0 0.0 0.0 0.0 0.0 0.0 0.0 0.0 0.0 144.0 230.0 188.0 -0.000457636650618 0.220174779668 0.0853251488861 -0.103548196243 0.0 
0.0 0.0 0.0 0.0 0.0 0.0 0.0 0.0 0.0 0.0 0.0 0.0 124.0 244.0 232.0 0.0853251488861 -0.103548196243 0.294978891124 -0.176408481025 0.0177163532838 
0.0 0.0 0.0 0.0 0.0 0.0 0.0 0.0 0.0 0.0 0.0 0.0 112.0 254.0 255.0 0.294978891124 -0.176408481025 0.0149988568544 -0.0393933765136 0.0 
0.0 0.0 0.0 0.0 0.0 0.0 0.0 0.0 0.0 0.0 0.0 0.0 111.0 255.0 255.0 0.0149988568544 -0.0393933765136 -0.0783948826362 -0.0219519804111 0.0 
0.0 0.0 0.0 0.0 0.0 0.0 0.0 0.0 0.0 0.0 0.0 0.0 111.0 255.0 255.0 -0.0783948826362 -0.0219519804111 -0.0152059659054 0.33 0.0 
0.0 0.0 0.0 0.0 0.0 0.0 0.0 0.0 0.0 0.0 0.0 0.0 111.0 254.0 255.0 -0.0152059659054 0.33 0.0560847426698 0.139609341355 0.0 
0.0 0.0 0.0 0.0 0.0 0.0 0.0 0.0 0.0 0.0 0.0 0.0 113.0 252.0 236.0 0.0560847426698 0.139609341355 0.00462521842161 0.162773705916 0.0 
0.0 0.0 100.0 0.0 0.0 0.0 0.0 0.0 0.0 0.0 0.0 0.0 118.0 251.0 201.0 0.00462521842161 0.162773705916 -0.21923523302 0.032525007663 0.0 
0.0 0.0 100.0 0.0 0.0 0.0 0.0 0.0 0.0 0.0 0.0 0.0 119.0 251.0 192.0 -0.21923523302 0.032525007663 0.204332722158 0.087773989114 -0.0102865506866 
0.0 0.0 0.0 0.0 0.0 0.0 0.0 100.0 0.0 0.0 0.0 0.0 121.0 251.0 181.0 0.204332722158 0.087773989114 0.33 -0.228687782778 0.023666366159 
0.0 0.0 0.0 0.0 0.0 0.0 0.0 0.0 0.0 0.0 0.0 0.0 113.0 251.0 238.0 0.33 -0.228687782778 -0.0152916284614 0.144175694601 0.0182643921075 
0.0 0.0 0.0 0.0 0.0 0.0 0.0 0.0 0.0 0.0 0.0 0.0 117.0 249.0 222.0 -0.0152916284614 0.144175694601 0.151848445443 -0.0468947002242 0.0 
0.0 0.0 0.0 0.0 0.0 0.0 0.0 0.0 0.0 0.0 0.0 0.0 109.0 251.0 249.0 0.151848445443 -0.0468947002242 0.0524738075484 0.246395990945 0.0385780338136 
# HEADER 8
0.0 0.0 0.0 0.0 0.0 0.0 0.0 0.0 0.0 0.0 0.0 0.0 135.0 249.0 255.0 0 0 -0.194607719563 0.123376971633 0.0559211411904 
0.0 0.0 0.0 0.0 0.0 0.0 0.0 0.0 0.0 0.0 0.0 0.0 134.0 229.0 249.0 -0.194607719563 0.123376971633 0.0789260237824 0.249966498233 0.0 
0.0 0.0 0.0 0.0 0.0 0.0 0.0 0.0 0.0 0.0 0.0 0.0 136.0 245.0 170.0 0.0789260237824 0.249966498233 -0.160271090182 0.21258435957 0.0 
0.0 0.0 0.0 0.0 0.0 0.0 0.0 0.0 0.0 0.0 0.0 0.0 141.0 247.0 116.0 -0.160271090182 0.21258435957 -0.00185691840205 0.302869802376 0.0172385058295 
0.0 0.0 0.0 0.0 0.0 0.0 100.0 0.0 0.0 0.0 0.0 0.0 147.0 248.0 54.0 -0.00185691840205 0.302869802376 0.0991899810252 0.214008185112 0.0864063978792 
0.0 0.0 0.0 0.0 0.0 0.0 100.0 0.0 0.0 0.0 0.0 0.0 146.0 246.0 38.0 0.0991899810252 0.214008185112 0.0339767534676 -0.184366842377 0.229999596032 
0.0 0.0 0.0 0.0 0.0 0.0 100.0 0.0 0.0 0.0 0.0 0.0 146.0 254.0 48.0 0.0339767534676 -0.184366842377 -0.103090908267 0.214429800618 0.0823178425552 
0.0 0.0 0.0 0.0 0.0 0.0 100.0 0.0 0.0 0.0 0.0 0.0 153.0 243.0 46.0 -0.103090908267 0.214429800618 0.073432028461 0.080475122115 -0.0393907296833 
0.0 0.0 0.0 0.0 0.0 0.0 0.0 0.0 0.0 0.0 0.0 0.0 169.0 221.0 45.0 0.073432028461 0.080475122115 0.0115725949016 0.127463285481 0.0 
0.0 0.0 0.0 0.0 0.0 0.0 0.0 0.0 0.0 0.0 0.0 0.0 175.0 208.0 40.0 0.0115725949016 0.127463285481 0.253312104722 -0.33 0.0530574620605 
0.0 0.0 0.0 0.0 0.0 0.0 0.0 0.0 0.0 0.0 0.0 0.0 162.0 230.0 44.0 0.253312104722 -0.33 0.224260019038 -0.115030446495 0.0663170947585 
0.0 0.0 0.0 0.0 0.0 0.0 0.0 0.0 0.0 0.0 0.0 0.0 146.0 253.0 61.0 0.224260019038 -0.115030446495 0.0895073988701 -0.141191156517 0.0 
0.0 0.0 0.0 0.0 0.0 0.0 100.0 0.0 0.0 0.0 0.0 0.0 142.0 255.0 71.0 0.0895073988701 -0.141191156517 0.259264234032 -0.00673143401634 -0.0268218566851 
0.0 0.0 0.0 0.0 0.0 0.0 100.0 0.0 0.0 0.0 0.0 0.0 139.0 255.0 75.0 0.259264234032 -0.00673143401634 0.12201483896 0.0857750868224 0.0 
0.0 0.0 0.0 0.0 0.0 0.0 100.0 0.0 0.0 0.0 0.0 0.0 137.0 255.0 78.0 0.12201483896 0.0857750868224 0.00929241141007 0.11135438317 0.0 
0.0 0.0 0.0 0.0 0.0 0.0 100.0 0.0 0.0 0.0 0.0 0.0 136.0 255.0 80.0 0.00929241141007 0.11135438317 -0.17874694465 -0.0257205795533 0.0 
0.0 0.0 0.0 0.0 0.0 0.0 100.0 0.0 0.0 0.0 0.0 0.0 144.0 253.0 72.0 -0.17874694465 -0.0257205795533 0.0281787098805 0.185322865771 0.0 
0.0 0.0 0.0 0.0 0.0 0.0 100.0 0.0 0.0 0.0 0.0 0.0 146.0 252.0 80.0 0.0281787098805 0.185322865771 -0.0858459471587 -0.0549638594366 0.0 
0.0 0.0 0.0 0.0 0.0 0.0 0.0 0.0 0.0 0.0 0.0 0.0 144.0 241.0 159.0 -0.0858459471587 -0.0549638594366 0.0517203160468 -0.031528771194 0.0 
0.0 0.0 0.0 0.0 0.0 0.0 0.0 0.0 0.0 0.0 0.0 0.0 135.0 235.0 230.0 0.0517203160468 -0.031528771194 -0.171790177188 0.173520726295 0.0 
0.0 0.0 0.0 0.0 0.0 0.0 0.0 0.0 0.0 0.0 0.0 0.0 143.0 235.0 192.0 -0.171790177188 0.173520726295 0.115478983029 0.149398001201 0.0126717161306 
0.0 0.0 0.0 0.0 0.0 0.0 0.0 0.0 0.0 0.0 0.0 0.0 166.0 224.0 130.0 0.115478983029 0.149398001201 -0.110818315172 0.126397697019 0.0268080713421 
0.0 0.0 0.0 0.0 0.0 0.0 0.0 0.0 0.0 0.0 0.0 0.0 183.0 210.0 79.0 -0.110818315172 0.126397697019 0.0974862496727 0.0955014561824 0.0 
0.0 0.0 0.0 0.0 0.0 0.0 0.0 0.0 0.0 0.0 0.0 0.0 198.0 190.0 52.0 0.0974862496727 0.0955014561824 0.110183959919 -0.0487870724064 0.0 
0.0 0.0 0.0 0.0 0.0 0.0 0.0 0.0 0.0 0.0 0.0 0.0 198.0 184.0 78.0 0.110183959919 -0.0487870724064 -0.275978756811 -0.255189914158 0.0 
0.0 0.0 0.0 0.0 0.0 0.0 0.0 0.0 0.0 0.0 0.0 0.0 203.0 164.0 209.0 -0.275978756811 -0.255189914158 0.0915514844301 0.0405656695082 0.0 
0.0 0.0 0.0 0.0 0.0 0.0 0.0 0.0 0.0 0.0 0.0 0.0 195.0 162.0 213.0 0.0915514844301 0.0405656695082 -0.33 -0.00276353230891 0.0 
0.0 0.0 0.0 0.0 0.0 0.0 0.0 0.0 0.0 0.0 0.0 0.0 211.0 158.0 209.0 -0.33 -0.00276353230891 0.132761053007 -0.0974464463756 0.0 
0.0 0.0 0.0 0.0 0.0 0.0 0.0 0.0 0.0 0.0 0.0 0.0 202.0 180.0 251.0 0.132761053007 -0.0974464463756 0.33 0.146566440796 0.0 
0.0 0.0 0.0 0.0 0.0 0.0 0.0 0.0 0.0 0.0 0.0 0.0 172.0 184.0 237.0 0.33 0.146566440796 0.0738450821139 0.0549232156102 0.0 
0.0 0.0 0.0 0.0 0.0 0.0 0.0 0.0 0.0 0.0 0.0 0.0 159.0 217.0 179.0 0.0738450821139 0.0549232156102 -0.0756345872021 0.113459671832 0.0 
# HEADER 9
0.0 0.0 0.0 0.0 0.0 0.0 0.0 0.0 0.0 0.0 0.0 0.0 133.0 249.0 255.0 0 0 0.076189946955 -0.192804168645 0.0 
0.0 0.0 0.0 0.0 0.0 0.0 0.0 0.0 0.0 0.0 0.0 0.0 133.0 250.0 255.0 0.076189946955 -0.192804168645 0.33 -0.168898352889 0.0 
0.0 0.0 0.0 0.0 0.0 0.0 0.0 0.0 0.0 0.0 0.0 0.0 117.0 252.0 255.0 0.33 -0.168898352889 0.113627330593 0.0842788871927 0.0 
# HEADER 10
0.0 0.0 0.0 0.0 0.0 0.0 0.0 0.0 0.0 0.0 0.0 0.0 133.0 247.0 255.0 0 0 0.156584569298 -0.0515577737702 0.0 
0.0 0.0 0.0 0.0 0.0 0.0 0.0 0.0 0.0 0.0 0.0 0.0 133.0 249.0 255.0 0.156584569298 -0.0515577737702 0.229691382889 0.0769846539486 0.0 
0.0 0.0 0.0 0.0 0.0 0.0 0.0 0.0 0.0 0.0 0.0 0.0 118.0 250.0 255.0 0.229691382889 0.0769846539486 -0.0562117288448 -0.190004132345 0.0 
0.0 0.0 0.0 0.0 0.0 0.0 0.0 0.0 0.0 0.0 0.0 0.0 113.0 254.0 255.0 -0.0562117288448 -0.190004132345 0.122653426685 0.191490697777 0.0 
0.0 0.0 0.0 0.0 0.0 0.0 0.0 0.0 0.0 0.0 0.0 0.0 109.0 255.0 255.0 0.122653426685 0.191490697777 -0.0391001036434 -0.223468759189 0.0 
0.0 0.0 0.0 0.0 0.0 0.0 0.0 0.0 0.0 0.0 0.0 0.0 110.0 255.0 255.0 -0.0391001036434 -0.223468759189 0.257664463667 0.286287005567 0.0 
0.0 0.0 0.0 0.0 0.0 0.0 0.0 0.0 0.0 0.0 0.0 0.0 109.0 255.0 255.0 0.257664463667 0.286287005567 -0.0866018357791 -0.145957559536 0.0 
0.0 0.0 0.0 0.0 0.0 0.0 0.0 0.0 0.0 0.0 0.0 0.0 106.0 255.0 255.0 -0.0866018357791 -0.145957559536 -0.0963310947906 -0.0341925325033 0.0 
0.0 0.0 0.0 0.0 0.0 0.0 0.0 0.0 0.0 0.0 0.0 0.0 109.0 255.0 255.0 -0.0963310947906 -0.0341925325033 0.148240917952 0.0433573831091 0.0 
0.0 0.0 0.0 0.0 0.0 0.0 0.0 0.0 0.0 0.0 0.0 0.0 108.0 255.0 255.0 0.148240917952 0.0433573831091 -0.147222053833 0.0218073876335 0.0 
0.0 0.0 0.0 0.0 0.0 0.0 0.0 0.0 0.0 0.0 0.0 0.0 111.0 253.0 255.0 -0.147222053833 0.0218073876335 0.153401637542 -0.106645929582 0.0 
0.0 0.0 0.0 0.0 0.0 0.0 0.0 0.0 0.0 0.0 0.0 0.0 118.0 251.0 255.0 0.153401637542 -0.106645929582 -0.0825620669054 0.016138733149 0.0 
0.0 0.0 0.0 0.0 0.0 0.0 0.0 0.0 0.0 0.0 0.0 0.0 134.0 251.0 255.0 -0.0825620669054 0.016138733149 0.130433547388 -0.191112505969 0.0 
0.0 0.0 0.0 0.0 0.0 0.0 0.0 0.0 0.0 0.0 0.0 0.0 150.0 251.0 255.0 0.130433547388 -0.191112505969 0.139281517921 -0.131937692038 0.0 
0.0 0.0 0.0 0.0 0.0 0.0 0.0 0.0 0.0 0.0 0.0 0.0 141.0 251.0 255.0 0.139281517921 -0.131937692038 0.33 0.11400879806 0.0 
0.0 0.0 0.0 0.0 0.0 0.0 0.0 0.0 0.0 0.0 0.0 0.0 116.0 251.0 255.0 0.33 0.11400879806 0.1037160638 0.0523009472067 0.0 
0.0 0.0 0.0 0.0 0.0 0.0 0.0 0.0 0.0 0.0 0.0 0.0 112.0 253.0 255.0 0.1037160638 0.0523009472067 -0.0842791360078 -0.0397894891177 0.0 
0.0 0.0 0.0 0.0 0.0 0.0 0.0 0.0 0.0 0.0 0.0 0.0 115.0 252.0 255.0 -0.0842791360078 -0.0397894891177 -0.073579831862 -0.0269737470395 0.0 
0.0 0.0 0.0 0.0 0.0 0.0 0.0 0.0 0.0 0.0 0.0 0.0 122.0 251.0 255.0 -0.073579831862 -0.0269737470395 -0.171758698121 -0.134000113471 0.0 
0.0 0.0 0.0 0.0 0.0 0.0 0.0 0.0 0.0 0.0 0.0 0.0 143.0 251.0 255.0 -0.171758698121 -0.134000113471 0.0282762168132 0.212915691697 0.0 
0.0 0.0 0.0 0.0 0.0 0.0 0.0 0.0 0.0 0.0 0.0 0.0 145.0 249.0 255.0 0.0282762168132 0.212915691697 -0.250233691541 -0.0301207542381 0.0 
0.0 0.0 0.0 0.0 0.0 0.0 0.0 0.0 0.0 0.0 0.0 0.0 137.0 250.0 255.0 -0.250233691541 -0.0301207542381 -0.264701124947 0.33 0.0 
0.0 0.0 0.0 0.0 0.0 0.0 0.0 0.0 0.0 0.0 0.0 0.0 146.0 211.0 254.0 -0.264701124947 0.33 -0.0505678392468 -0.0711426353511 0.0 
0.0 0.0 0.0 0.0 0.0 0.0 0.0 0.0 0.0 0.0 0.0 0.0 161.0 223.0 255.0 -0.0505678392468 -0.0711426353511 0.0348622585696 -0.0925311339925 0.0 
0.0 0.0 0.0 0.0 0.0 0.0 0.0 0.0 0.0 0.0 0.0 0.0 174.0 249.0 255.0 0.0348622585696 -0.0925311339925 -0.179079928531 -0.238981628708 0.0 
0.0 0.0 0.0 0.0 0.0 0.0 0.0 0.0 0.0 0.0 0.0 0.0 199.0 250.0 255.0 -0.179079928531 -0.238981628708 -0.083100256003 0.177211833403 0.0 
0.0 0.0 0.0 0.0 0.0 0.0 0.0 0.0 0.0 0.0 0.0 0.0 213.0 220.0 255.0 -0.083100256003 0.177211833403 -0.0390843081202 0.00200327463574 0.0 
0.0 0.0 0.0 0.0 0.0 0.0 0.0 0.0 0.0 0.0 0.0 0.0 225.0 195.0 254.0 -0.0390843081202 0.00200327463574 0.00341212964892 0.0994637279226 0.0 
0.0 0.0 0.0 0.0 0.0 0.0 0.0 0.0 0.0 0.0 0.0 0.0 227.0 163.0 243.0 0.00341212964892 0.0994637279226 0.263843358508 0.192306462493 0.0 
0.0 0.0 0.0 0.0 0.0 0.0 0.0 0.0 0.0 0.0 0.0 0.0 203.0 152.0 200.0 0.263843358508 0.192306462493 0.0331878595052 -0.305952828344 0.0 
0.0 0.0 0.0 0.0 0.0 0.0 0.0 0.0 0.0 0.0 0.0 0.0 189.0 176.0 254.0 0.0331878595052 -0.305952828344 -0.230779418099 0.200398939584 0.0 
0.0 0.0 0.0 0.0 0.0 0.0 0.0 0.0 0.0 0.0 0.0 0.0 179.0 174.0 232.0 -0.230779418099 0.200398939584 0.125517344147 0.23460033564 0.0 
0.0 0.0 0.0 0.0 0.0 0.0 0.0 0.0 0.0 0.0 0.0 0.0 175.0 208.0 132.0 0.125517344147 0.23460033564 0.0470514993518 0.237595682613 0.0 
0.0 0.0 0.0 0.0 0.0 0.0 0.0 0.0 0.0 0.0 0.0 0.0 172.0 227.0 59.0 0.0470514993518 0.237595682613 -0.208275428954 0.123352893369 0.0 
0.0 0.0 0.0 0.0 0.0 0.0 0.0 0.0 0.0 0.0 0.0 0.0 189.0 198.0 46.0 -0.208275428954 0.123352893369 0.256513730599 -0.055039546064 0.0245552548185 
0.0 0.0 0.0 0.0 0.0 0.0 0.0 0.0 0.0 0.0 0.0 0.0 185.0 206.0 50.0 0.256513730599 -0.055039546064 -0.0263572121491 -0.13846666492 0.141425220976 
0.0 0.0 0.0 0.0 0.0 0.0 0.0 0.0 0.0 0.0 0.0 0.0 157.0 232.0 140.0 -0.0263572121491 -0.13846666492 -0.00979139980234 0.198196929066 -0.0184837135141 
0.0 0.0 0.0 0.0 0.0 0.0 0.0 0.0 0.0 0.0 0.0 0.0 150.0 242.0 122.0 -0.00979139980234 0.198196929066 -0.146848471079 0.227037426907 0.0 
0.0 0.0 0.0 0.0 0.0 0.0 0.0 0.0 0.0 0.0 0.0 0.0 156.0 247.0 57.0 -0.146848471079 0.227037426907 0.114850963513 0.196170542164 0.0287571407429 
0.0 0.0 0.0 0.0 0.0 0.0 0.0 0.0 0.0 0.0 0.0 0.0 164.0 232.0 40.0 0.114850963513 0.196170542164 0.176476071331 0.0909904324622 0.0878692653102 
0.0 0.0 0.0 0.0 0.0 0.0 0.0 0.0 0.0 0.0 0.0 0.0 168.0 224.0 40.0 0.176476071331 0.0909904324622 -0.0167152550437 -0.190985583923 0.0852265409784 
0.0 0.0 0.0 0.0 0.0 0.0 0.0 0.0 0.0 0.0 0.0 0.0 168.0 230.0 55.0 -0.0167152550437 -0.190985583923 0.0167265272165 0.0103641537422 0.0377031770164 
0.0 0.0 0.0 0.0 0.0 0.0 0.0 0.0 0.0 0.0 0.0 0.0 166.0 230.0 88.0 0.0167265272165 0.0103641537422 -0.33 0.142233000406 -0.0300632761641 
0.0 0.0 0.0 0.0 0.0 0.0 0.0 0.0 0.0 0.0 0.0 0.0 177.0 217.0 68.0 -0.33 0.142233000406 -0.024483370314 0.123230091673 0.0 
0.0 0.0 0.0 0.0 0.0 0.0 0.0 0.0 0.0 0.0 0.0 0.0 202.0 180.0 50.0 -0.024483370314 0.123230091673 -0.00683799202224 -0.199476902659 0.0300632761641 
0.0 0.0 0.0 0.0 0.0 0.0 0.0 0.0 0.0 0.0 0.0 0.0 213.0 156.0 105.0 -0.00683799202224 -0.199476902659 -0.144810272506 -0.113537012733 0.0372496499565 
0.0 0.0 0.0 0.0 0.0 0.0 0.0 0.0 0.0 0.0 0.0 0.0 222.0 151.0 206.0 -0.144810272506 -0.113537012733 0.0512048200923 -0.0244879451373 0.00658071375473 
0.0 0.0 0.0 0.0 0.0 0.0 0.0 0.0 0.0 0.0 0.0 0.0 219.0 168.0 245.0 0.0512048200923 -0.0244879451373 0.0478481052207 0.0932510203134 0.0 
0.0 0.0 0.0 0.0 0.0 0.0 0.0 0.0 0.0 0.0 0.0 0.0 204.0 158.0 234.0 0.0478481052207 0.0932510203134 0.0248746941458 -0.0442364970858 0.0 
0.0 0.0 0.0 0.0 0.0 0.0 0.0 0.0 0.0 0.0 0.0 0.0 192.0 177.0 252.0 0.0248746941458 -0.0442364970858 -0.264666598271 -0.33 0.0 
0.0 0.0 0.0 0.0 0.0 0.0 0.0 0.0 0.0 0.0 0.0 0.0 186.0 249.0 255.0 -0.264666598271 -0.33 0.251777242887 -0.33 0.0 
0.0 0.0 0.0 0.0 0.0 0.0 0.0 0.0 0.0 0.0 0.0 0.0 160.0 250.0 255.0 0.251777242887 -0.33 -0.197811189931 -0.32408327916 0.0 
0.0 0.0 0.0 0.0 0.0 0.0 0.0 0.0 0.0 0.0 0.0 0.0 131.0 250.0 255.0 -0.197811189931 -0.32408327916 -0.33 -0.0514356127931 0.0 
0.0 0.0 0.0 0.0 0.0 0.0 0.0 0.0 0.0 0.0 0.0 0.0 116.0 253.0 255.0 -0.33 -0.0514356127931 -0.14120948955 0.33 0.0 
0.0 0.0 0.0 0.0 0.0 0.0 0.0 0.0 0.0 0.0 0.0 0.0 118.0 251.0 255.0 -0.14120948955 0.33 0.109157603645 -0.0459743820277 0.0 
0.0 0.0 0.0 0.0 0.0 0.0 0.0 0.0 0.0 0.0 0.0 0.0 117.0 252.0 255.0 0.109157603645 -0.0459743820277 -0.172392236557 -0.0532673693872 0.0 
0.0 0.0 0.0 0.0 0.0 0.0 0.0 0.0 0.0 0.0 0.0 0.0 114.0 255.0 255.0 -0.172392236557 -0.0532673693872 0.0674363459773 -0.0441654219678 0.0 
0.0 0.0 0.0 0.0 0.0 0.0 0.0 0.0 0.0 0.0 0.0 0.0 113.0 255.0 255.0 0.0674363459773 -0.0441654219678 0.25241266807 -0.0614171397533 0.0 
0.0 0.0 0.0 0.0 0.0 0.0 0.0 0.0 0.0 0.0 0.0 0.0 112.0 255.0 255.0 0.25241266807 -0.0614171397533 0.138871026327 0.177260950849 0.0 
0.0 0.0 0.0 0.0 0.0 0.0 0.0 0.0 0.0 0.0 0.0 0.0 111.0 255.0 255.0 0.138871026327 0.177260950849 0.183800144807 0.111986987273 0.0 
0.0 0.0 0.0 0.0 0.0 0.0 0.0 0.0 0.0 0.0 0.0 0.0 110.0 254.0 250.0 0.183800144807 0.111986987273 -0.164506212575 0.0228350495661 0.0 
0.0 0.0 0.0 0.0 0.0 0.0 0.0 0.0 0.0 0.0 0.0 0.0 111.0 254.0 242.0 -0.164506212575 0.0228350495661 0.192923507672 0.186487058936 0.0 
0.0 0.0 100.0 0.0 0.0 0.0 0.0 0.0 0.0 0.0 100.0 0.0 113.0 254.0 217.0 0.192923507672 0.186487058936 -0.109758181992 0.0780431230478 0.0 
0.0 0.0 100.0 0.0 0.0 0.0 0.0 0.0 0.0 0.0 0.0 0.0 122.0 250.0 192.0 -0.109758181992 0.0780431230478 -0.143951926838 0.33 0.0301222895817 
0.0 0.0 0.0 0.0 0.0 0.0 0.0 100.0 0.0 0.0 0.0 0.0 142.0 247.0 112.0 -0.143951926838 0.33 0.00448026727674 -0.062388035561 0.00604500007946 
0.0 0.0 0.0 0.0 0.0 0.0 0.0 0.0 0.0 0.0 0.0 0.0 148.0 238.0 136.0 0.00448026727674 -0.062388035561 -0.157162034587 0.231607573129 0.125500784634 
