nrollouts: 10
# HEADER 1
0.0 0.0 0.0 0.0 0.0 0.0 0.0 0.0 0.0 0.0 0.0 0.0 133.0 250.0 255.0 0 0 0.119889872425 -0.189716877137 0.0 
0.0 0.0 0.0 0.0 0.0 0.0 0.0 0.0 0.0 0.0 0.0 0.0 120.0 251.0 255.0 0.119889872425 -0.189716877137 -0.0642471900984 0.11081646753 0.0 
0.0 0.0 0.0 0.0 0.0 0.0 0.0 0.0 0.0 0.0 0.0 0.0 124.0 251.0 255.0 -0.0642471900984 0.11081646753 0.0868615294712 -0.17395921835 0.0 
0.0 0.0 0.0 0.0 0.0 0.0 0.0 0.0 0.0 0.0 0.0 0.0 138.0 251.0 255.0 0.0868615294712 -0.17395921835 0.0965298393599 0.0441714066689 0.0 
0.0 0.0 0.0 0.0 0.0 0.0 0.0 0.0 0.0 0.0 0.0 0.0 132.0 250.0 255.0 0.0965298393599 0.0441714066689 -0.268855236925 -0.00598887188098 0.0 
0.0 0.0 0.0 0.0 0.0 0.0 0.0 0.0 0.0 0.0 0.0 0.0 119.0 251.0 255.0 -0.268855236925 -0.00598887188098 -0.0292246057682 0.0674055185146 0.0 
0.0 0.0 0.0 0.0 0.0 0.0 0.0 0.0 0.0 0.0 0.0 0.0 116.0 253.0 255.0 -0.0292246057682 0.0674055185146 -0.096348860259 0.33 0.0 
0.0 0.0 0.0 0.0 0.0 0.0 0.0 0.0 0.0 0.0 0.0 0.0 126.0 247.0 214.0 -0.096348860259 0.33 0.0427088248094 0.143603192856 0.0 
0.0 0.0 0.0 0.0 0.0 0.0 0.0 0.0 0.0 0.0 0.0 0.0 142.0 245.0 145.0 0.0427088248094 0.143603192856 -0.0429840172556 0.28474968476 -0.0233630153315 
0.0 0.0 0.0 0.0 0.0 0.0 0.0 0.0 0.0 0.0 0.0 0.0 162.0 237.0 70.0 -0.0429840172556 0.28474968476 0.26097351029 0.137682174661 0.0233630153315 
0.0 0.0 0.0 0.0 0.0 0.0 0.0 0.0 0.0 0.0 0.0 0.0 183.0 205.0 47.0 0.26097351029 0.137682174661 0.33 -0.12953668722 0.153509236318 
0.0 0.0 0.0 0.0 0.0 0.0 0.0 0.0 0.0 0.0 0.0 0.0 174.0 220.0 50.0 0.33 -0.12953668722 0.0387953647511 -0.0141209607342 0.192307424377 
0.0 0.0 0.0 0.0 0.0 0.0 0.0 0.0 0.0 0.0 0.0 0.0 160.0 231.0 116.0 0.0387953647511 -0.0141209607342 0.273625595538 0.121090611898 -0.0299242205651 
0.0 0.0 0.0 0.0 0.0 0.0 0.0 0.0 0.0 0.0 0.0 0.0 153.0 242.0 97.0 0.273625595538 0.121090611898 -0.0855723274288 -0.129359223369 -0.0130076243254 
0.0 0.0 0.0 0.0 0.0 0.0 0.0 0.0 0.0 0.0 0.0 0.0 155.0 223.0 171.0 -0.0855723274288 -0.129359223369 0.209013530354 -0.33 0.0429318448906 
0.0 0.0 0.0 0.0 0.0 0.0 0.0 0.0 0.0 0.0 0.0 0.0 165.0 227.0 255.0 0.209013530354 -0.33 0.087256305161 -0.0381444928102 -0.0299242205651 
0.0 0.0 0.0 0.0 0.0 0.0 0.0 0.0 0.0 0.0 0.0 0.0 183.0 249.0 255.0 0.087256305161 -0.0381444928102 0.0151079878126 0.100838226423 0.0 
0.0 0.0 0.0 0.0 0.0 0.0 0.0 0.0 0.0 0.0 0.0 0.0 183.0 235.0 255.0 0.0151079878126 0.100838226423 -0.0639542877334 0.0966153144233 0.0 
0.0 0.0 0.0 0.0 0.0 0.0 0.0 0.0 0.0 0.0 0.0 0.0 188.0 179.0 251.0 -0.0639542877334 0.0966153144233 -0.0837802221302 -0.0747383342114 -0.0130076243254 
0.0 0.0 0.0 0.0 0.0 0.0 0.0 0.0 0.0 0.0 0.0 0.0 200.0 200.0 254.0 -0.0837802221302 -0.0747383342114 0.108365895996 0.0983912592131 0.0 
0.0 0.0 0.0 0.0 0.0 0.0 0.0 0.0 0.0 0.0 0.0 0.0 186.0 183.0 252.0 0.108365895996 0.0983912592131 -0.200930152142 0.146482413193 0.0 
0.0 0.0 0.0 0.0 0.0 0.0 0.0 0.0 0.0 0.0 0.0 0.0 198.0 156.0 205.0 -0.200930152142 0.146482413193 0.156136405787 0.00905159699781 0.0 
0.0 0.0 0.0 0.0 0.0 0.0 0.0 0.0 0.0 0.0 0.0 0.0 194.0 169.0 177.0 0.156136405787 0.00905159699781 0.0296591522338 0.103718943908 0.0 
0.0 0.0 0.0 0.0 0.0 0.0 0.0 0.0 0.0 0.0 0.0 0.0 182.0 200.0 120.0 0.0296591522338 0.103718943908 -0.0436392734234 0.040580913651 0.0 
0.0 0.0 0.0 0.0 0.0 0.0 0.0 0.0 0.0 0.0 0.0 0.0 176.0 214.0 93.0 -0.0436392734234 0.040580913651 -0.04667397389 -0.0955436762338 0.0429318448906 
0.0 0.0 0.0 0.0 0.0 0.0 0.0 0.0 0.0 0.0 0.0 0.0 171.0 210.0 147.0 -0.04667397389 -0.0955436762338 -0.0264391330158 -0.00937576322931 0.0 
0.0 0.0 0.0 0.0 0.0 0.0 0.0 0.0 0.0 0.0 0.0 0.0 167.0 195.0 215.0 -0.0264391330158 -0.00937576322931 0.245205949612 0.00800740254854 -0.0299242205651 
0.0 0.0 0.0 0.0 0.0 0.0 0.0 0.0 0.0 0.0 0.0 0.0 170.0 190.0 219.0 0.245205949612 0.00800740254854 0.0730094648703 0.11723925066 0.0 
0.0 0.0 0.0 0.0 0.0 0.0 0.0 0.0 0.0 0.0 0.0 0.0 166.0 212.0 159.0 0.0730094648703 0.11723925066 0.33 -0.0871620948875 0.0 
0.0 0.0 0.0 0.0 0.0 0.0 0.0 0.0 0.0 0.0 0.0 0.0 143.0 230.0 201.0 0.33 -0.0871620948875 -0.081742802328 0.0641888326772 0.0299242205651 
0.0 0.0 0.0 0.0 0.0 0.0 0.0 0.0 0.0 0.0 0.0 0.0 144.0 231.0 191.0 -0.081742802328 0.0641888326772 0.33 -0.050234798258 -0.0299242205651 
0.0 0.0 0.0 0.0 0.0 0.0 0.0 0.0 0.0 0.0 0.0 0.0 128.0 242.0 227.0 0.33 -0.050234798258 0.0914809318803 0.33 0.0299242205651 
0.0 0.0 0.0 0.0 0.0 0.0 0.0 0.0 0.0 0.0 0.0 0.0 127.0 248.0 183.0 0.0914809318803 0.33 0.0579458092908 0.266237720431 -0.0299242205651 
0.0 0.0 0.0 0.0 0.0 0.0 0.0 0.0 0.0 0.0 0.0 0.0 135.0 250.0 120.0 0.0579458092908 0.266237720431 0.0679247342851 0.15700244664 0.0848553012758 
0.0 0.0 0.0 0.0 0.0 0.0 100.0 0.0 0.0 0.0 0.0 0.0 139.0 251.0 83.0 0.0679247342851 0.15700244664 -0.115726392192 -0.0113483933349 0.162486193811 
0.0 0.0 0.0 0.0 0.0 0.0 100.0 0.0 0.0 0.0 0.0 0.0 146.0 248.0 84.0 -0.115726392192 -0.0113483933349 0.0464321807404 -0.0713478658349 0.127193021382 
0.0 0.0 0.0 0.0 0.0 0.0 0.0 0.0 0.0 0.0 0.0 0.0 138.0 247.0 150.0 0.0464321807404 -0.0713478658349 0.124854974083 -0.0527474432573 -0.00775613201298 
0.0 0.0 0.0 0.0 0.0 0.0 0.0 0.0 0.0 0.0 0.0 0.0 118.0 248.0 237.0 0.124854974083 -0.0527474432573 -0.114419943991 0.0818951082379 0.0 
0.0 0.0 0.0 0.0 0.0 0.0 0.0 0.0 0.0 0.0 0.0 0.0 115.0 251.0 230.0 -0.114419943991 0.0818951082379 -0.121065299214 0.178066524901 0.0 
0.0 0.0 100.0 0.0 0.0 0.0 0.0 0.0 0.0 0.0 0.0 0.0 118.0 252.0 197.0 -0.121065299214 0.178066524901 -0.1309043371 0.109723833461 0.0 
0.0 0.0 0.0 0.0 0.0 0.0 0.0 0.0 0.0 0.0 0.0 0.0 129.0 248.0 159.0 -0.1309043371 0.109723833461 -0.0812492171004 0.19300276284 0.0441649294014 
0.0 0.0 0.0 0.0 0.0 0.0 0.0 0.0 0.0 0.0 0.0 0.0 145.0 247.0 95.0 -0.0812492171004 0.19300276284 0.00907449064389 -0.0380287571344 0.0735804393649 
0.0 0.0 0.0 0.0 0.0 0.0 0.0 0.0 0.0 0.0 0.0 0.0 146.0 247.0 106.0 0.00907449064389 -0.0380287571344 0.0953810720386 0.111722674632 0.114871477079 
0.0 0.0 0.0 0.0 0.0 0.0 0.0 0.0 0.0 0.0 0.0 0.0 143.0 247.0 101.0 0.0953810720386 0.111722674632 -0.151196767639 0.0442403230475 -0.00111748323784 
0.0 0.0 0.0 0.0 0.0 0.0 0.0 0.0 0.0 0.0 0.0 0.0 151.0 245.0 87.0 -0.151196767639 0.0442403230475 -0.100186182493 0.184211344888 0.0758097440563 
0.0 0.0 0.0 0.0 0.0 0.0 0.0 0.0 0.0 0.0 0.0 0.0 169.0 227.0 51.0 -0.100186182493 0.184211344888 -0.0276801002702 -0.33 -0.0456796378342 
0.0 0.0 0.0 0.0 0.0 0.0 0.0 0.0 0.0 0.0 0.0 0.0 182.0 200.0 127.0 -0.0276801002702 -0.33 0.197090375516 0.24225556735 0.201982911651 
0.0 0.0 0.0 0.0 0.0 0.0 0.0 0.0 0.0 0.0 0.0 0.0 166.0 227.0 97.0 0.197090375516 0.24225556735 -0.283372522981 -0.110360259968 0.0287356652658 
0.0 0.0 0.0 0.0 0.0 0.0 0.0 0.0 0.0 0.0 0.0 0.0 145.0 247.0 124.0 -0.283372522981 -0.110360259968 0.024729340716 0.0719584218508 0.0150654579974 
0.0 0.0 0.0 0.0 0.0 0.0 0.0 0.0 0.0 0.0 0.0 0.0 137.0 249.0 139.0 0.024729340716 0.0719584218508 0.0943532069167 0.216223069593 -0.0438011232632 
0.0 0.0 0.0 0.0 0.0 0.0 0.0 0.0 0.0 0.0 0.0 0.0 138.0 251.0 106.0 0.0943532069167 0.216223069593 0.0589432212622 0.259654257739 0.0586468444279 
0.0 0.0 0.0 0.0 0.0 0.0 100.0 0.0 0.0 0.0 0.0 0.0 143.0 252.0 53.0 0.0589432212622 0.259654257739 0.107050160635 0.119668182479 0.121164349938 
0.0 0.0 0.0 0.0 0.0 0.0 100.0 0.0 0.0 0.0 0.0 0.0 143.0 249.0 42.0 0.107050160635 0.119668182479 -0.0855085148996 -0.0260658069589 0.156975151622 
0.0 0.0 0.0 0.0 0.0 0.0 100.0 0.0 0.0 0.0 0.0 0.0 142.0 255.0 49.0 -0.0855085148996 -0.0260658069589 -0.0972237552894 -0.231933774242 0.131698230508 
0.0 0.0 0.0 0.0 0.0 0.0 100.0 0.0 0.0 0.0 0.0 0.0 148.0 253.0 54.0 -0.0972237552894 -0.231933774242 0.16643615781 0.290075960584 0.0109523353818 
0.0 0.0 0.0 0.0 0.0 0.0 100.0 0.0 0.0 0.0 0.0 0.0 147.0 253.0 60.0 0.16643615781 0.290075960584 -0.0459143856859 0.283933002682 -0.0111342455588 
0.0 0.0 0.0 0.0 0.0 0.0 0.0 0.0 0.0 0.0 0.0 0.0 152.0 243.0 40.0 -0.0459143856859 0.283933002682 0.0322222044248 0.072671318615 0.0 
0.0 0.0 0.0 0.0 0.0 0.0 0.0 0.0 0.0 0.0 0.0 0.0 155.0 237.0 39.0 0.0322222044248 0.072671318615 -0.0558858639047 -0.10498936035 0.0325144151845 
0.0 0.0 0.0 0.0 0.0 0.0 0.0 0.0 0.0 0.0 0.0 0.0 159.0 240.0 50.0 -0.0558858639047 -0.10498936035 -0.0830185383928 -0.0206136396162 0.0332015318301 
0.0 0.0 0.0 0.0 0.0 0.0 0.0 0.0 0.0 0.0 0.0 0.0 166.0 224.0 124.0 -0.0830185383928 -0.0206136396162 -0.114353466584 0.232460758362 -0.010221038451 
0.0 0.0 0.0 0.0 0.0 0.0 0.0 0.0 0.0 0.0 0.0 0.0 175.0 218.0 92.0 -0.114353466584 0.232460758362 -0.145942644266 0.0215866334195 -0.0105132248291 
0.0 0.0 0.0 0.0 0.0 0.0 0.0 0.0 0.0 0.0 0.0 0.0 190.0 199.0 80.0 -0.145942644266 0.0215866334195 -0.138041871576 0.0638376335247 0.0 
0.0 0.0 0.0 0.0 0.0 0.0 0.0 0.0 0.0 0.0 0.0 0.0 204.0 179.0 64.0 -0.138041871576 0.0638376335247 -0.017400572538 -0.291146638153 0.0105132248291 
0.0 0.0 0.0 0.0 0.0 0.0 0.0 0.0 0.0 0.0 0.0 0.0 222.0 140.0 164.0 -0.017400572538 -0.291146638153 0.0529304378219 -0.00203915625584 0.0 
0.0 0.0 0.0 0.0 0.0 0.0 0.0 0.0 0.0 0.0 0.0 0.0 230.0 141.0 195.0 0.0529304378219 -0.00203915625584 -0.249454439451 0.11220651771 0.0 
0.0 0.0 0.0 0.0 0.0 0.0 0.0 0.0 0.0 0.0 0.0 0.0 231.0 123.0 165.0 -0.249454439451 0.11220651771 0.108806791773 -0.116928369681 0.0 
0.0 0.0 0.0 0.0 0.0 0.0 0.0 0.0 0.0 0.0 0.0 0.0 234.0 135.0 209.0 0.108806791773 -0.116928369681 -0.245776056111 0.180456277585 0.0 
0.0 0.0 0.0 0.0 0.0 0.0 0.0 0.0 0.0 0.0 0.0 0.0 234.0 120.0 175.0 -0.245776056111 0.180456277585 -0.00201788580605 0.073279817843 0.0 
0.0 0.0 0.0 0.0 0.0 0.0 0.0 0.0 0.0 0.0 0.0 0.0 233.0 128.0 118.0 -0.00201788580605 0.073279817843 0.126105014412 0.156104187997 0.0 
0.0 0.0 0.0 0.0 0.0 0.0 0.0 0.0 0.0 0.0 0.0 0.0 229.0 136.0 61.0 0.126105014412 0.156104187997 0.0591365665405 -0.135280444616 0.0 
0.0 0.0 0.0 0.0 0.0 0.0 0.0 0.0 0.0 0.0 0.0 0.0 229.0 126.0 90.0 0.0591365665405 -0.135280444616 0.0597408855765 -0.216507497259 0.0 
0.0 0.0 0.0 0.0 0.0 0.0 0.0 0.0 0.0 0.0 0.0 0.0 210.0 147.0 220.0 0.0597408855765 -0.216507497259 0.0837212226768 0.0270967477514 0.0 
0.0 0.0 0.0 0.0 0.0 0.0 0.0 0.0 0.0 0.0 0.0 0.0 194.0 159.0 222.0 0.0837212226768 0.0270967477514 0.00236331642684 0.0228558649831 0.0138041473237 
0.0 0.0 0.0 0.0 0.0 0.0 0.0 0.0 0.0 0.0 0.0 0.0 182.0 188.0 184.0 0.00236331642684 0.0228558649831 -0.193007648584 0.177217579147 -0.0138041473237 
0.0 0.0 0.0 0.0 0.0 0.0 0.0 0.0 0.0 0.0 0.0 0.0 192.0 190.0 116.0 -0.193007648584 0.177217579147 0.0213053760548 0.0718688420025 0.0 
0.0 0.0 0.0 0.0 0.0 0.0 0.0 0.0 0.0 0.0 0.0 0.0 196.0 191.0 75.0 0.0213053760548 0.0718688420025 -0.0691789811353 0.171050634657 0.0 
0.0 0.0 0.0 0.0 0.0 0.0 0.0 0.0 0.0 0.0 0.0 0.0 203.0 174.0 47.0 -0.0691789811353 0.171050634657 0.136299215077 0.296060748751 0.0 
# HEADER 2
0.0 0.0 0.0 0.0 0.0 0.0 0.0 0.0 0.0 0.0 0.0 0.0 133.0 250.0 255.0 0 0 -0.043298642759 -0.0314011487978 0.513183378667 
0.0 0.0 0.0 0.0 0.0 0.0 0.0 0.0 0.0 0.0 0.0 0.0 133.0 250.0 255.0 -0.043298642759 -0.0314011487978 0.11169585471 0.124054678491 0.0 
0.0 0.0 0.0 0.0 0.0 0.0 0.0 0.0 0.0 0.0 0.0 0.0 120.0 250.0 255.0 0.11169585471 0.124054678491 -0.236224527239 0.121197021128 0.0 
0.0 0.0 0.0 0.0 0.0 0.0 0.0 0.0 0.0 0.0 0.0 0.0 134.0 232.0 245.0 -0.236224527239 0.121197021128 0.207256069297 0.143503993286 0.0 
0.0 0.0 0.0 0.0 0.0 0.0 0.0 0.0 0.0 0.0 0.0 0.0 162.0 211.0 192.0 0.207256069297 0.143503993286 -0.0800086803798 -0.108018443606 0.0384194152608 
0.0 0.0 0.0 0.0 0.0 0.0 0.0 0.0 0.0 0.0 0.0 0.0 188.0 178.0 244.0 -0.0800086803798 -0.108018443606 -0.0803112754747 -0.24232386712 0.0 
0.0 0.0 0.0 0.0 0.0 0.0 0.0 0.0 0.0 0.0 0.0 0.0 217.0 225.0 255.0 -0.0803112754747 -0.24232386712 0.0864863140799 -0.119650773784 0.0 
0.0 0.0 0.0 0.0 0.0 0.0 0.0 0.0 0.0 0.0 0.0 0.0 216.0 249.0 255.0 0.0864863140799 -0.119650773784 0.320738241519 0.00407946576712 0.0 
0.0 0.0 0.0 0.0 0.0 0.0 0.0 0.0 0.0 0.0 0.0 0.0 199.0 250.0 255.0 0.320738241519 0.00407946576712 0.0442574125717 -0.0355766565636 -0.0384194152608 
0.0 0.0 0.0 0.0 0.0 0.0 0.0 0.0 0.0 0.0 0.0 0.0 182.0 250.0 255.0 0.0442574125717 -0.0355766565636 0.147401598699 0.0561890390901 0.0384194152608 
0.0 0.0 0.0 0.0 0.0 0.0 0.0 0.0 0.0 0.0 0.0 0.0 159.0 250.0 255.0 0.147401598699 0.0561890390901 0.213115457627 -0.0734206419558 0.0 
0.0 0.0 0.0 0.0 0.0 0.0 0.0 0.0 0.0 0.0 0.0 0.0 132.0 250.0 255.0 0.213115457627 -0.0734206419558 0.18975511418 0.125768956763 0.0 
0.0 0.0 0.0 0.0 0.0 0.0 0.0 0.0 0.0 0.0 0.0 0.0 119.0 253.0 255.0 0.18975511418 0.125768956763 0.147414309453 0.074344180978 0.0 
0.0 0.0 0.0 0.0 0.0 0.0 0.0 0.0 0.0 0.0 0.0 0.0 114.0 252.0 253.0 0.147414309453 0.074344180978 -0.221627419683 0.0259126918806 0.0 
# HEADER 3
0.0 0.0 0.0 0.0 0.0 0.0 0.0 0.0 0.0 0.0 0.0 0.0 134.0 248.0 255.0 0 0 0.33 -0.0745409850837 0.0758208615493 
0.0 0.0 0.0 0.0 0.0 0.0 0.0 0.0 0.0 0.0 0.0 0.0 135.0 250.0 255.0 0.33 -0.0745409850837 0.104485935948 -0.160759875249 0.0 
0.0 0.0 0.0 0.0 0.0 0.0 0.0 0.0 0.0 0.0 0.0 0.0 127.0 250.0 255.0 0.104485935948 -0.160759875249 0.105075742809 0.182319908742 0.0 
0.0 0.0 0.0 0.0 0.0 0.0 0.0 0.0 0.0 0.0 0.0 0.0 118.0 252.0 255.0 0.105075742809 0.182319908742 -0.0565581978584 0.138858466317 0.0 
0.0 0.0 0.0 0.0 0.0 0.0 0.0 0.0 0.0 0.0 0.0 0.0 123.0 247.0 235.0 -0.0565581978584 0.138858466317 0.107143748379 0.33 0.0 
0.0 0.0 0.0 0.0 0.0 0.0 0.0 0.0 0.0 0.0 0.0 0.0 132.0 248.0 167.0 0.107143748379 0.33 0.131709905224 0.228188542627 0.0 
0.0 0.0 0.0 0.0 0.0 0.0 0.0 100.0 0.0 0.0 0.0 0.0 138.0 251.0 112.0 0.131709905224 0.228188542627 0.269058600219 -0.0440293625912 0.036406133553 
0.0 0.0 0.0 0.0 0.0 0.0 100.0 0.0 0.0 0.0 0.0 0.0 132.0 255.0 128.0 0.269058600219 -0.0440293625912 0.0110070330264 0.113107695737 0.153303077164 
0.0 0.0 0.0 0.0 0.0 0.0 100.0 0.0 0.0 0.0 0.0 0.0 130.0 255.0 125.0 0.0110070330264 0.113107695737 0.0249647961971 -0.185369373255 0.0439709058035 
0.0 0.0 0.0 0.0 0.0 0.0 0.0 0.0 0.0 0.0 0.0 0.0 121.0 255.0 183.0 0.0249647961971 -0.185369373255 0.0592288941699 -0.0523396918178 0.0 
0.0 0.0 0.0 0.0 0.0 0.0 0.0 0.0 0.0 0.0 0.0 0.0 110.0 253.0 254.0 0.0592288941699 -0.0523396918178 0.0639085658028 0.208143680169 0.0 
0.0 0.0 0.0 0.0 0.0 0.0 0.0 0.0 0.0 0.0 0.0 0.0 112.0 253.0 234.0 0.0639085658028 0.208143680169 0.0179710818259 0.122307517626 0.0 
0.0 0.0 100.0 0.0 0.0 0.0 0.0 0.0 0.0 0.0 0.0 0.0 116.0 253.0 207.0 0.0179710818259 0.122307517626 0.0673072989297 0.130577323397 0.0 
0.0 0.0 100.0 0.0 0.0 0.0 0.0 0.0 0.0 0.0 0.0 0.0 119.0 253.0 185.0 0.0673072989297 0.130577323397 0.137232454122 0.195787269937 0.0 
0.0 0.0 100.0 0.0 0.0 100.0 0.0 100.0 0.0 0.0 0.0 0.0 123.0 253.0 155.0 0.137232454122 0.195787269937 0.00286089407991 -0.103317385294 0.0386343407865 
0.0 0.0 0.0 0.0 0.0 0.0 0.0 0.0 0.0 0.0 0.0 0.0 118.0 254.0 195.0 0.00286089407991 -0.103317385294 -0.0798923663097 0.124682747077 0.083846567703 
0.0 0.0 0.0 0.0 0.0 0.0 0.0 0.0 0.0 0.0 0.0 0.0 119.0 252.0 190.0 -0.0798923663097 0.124682747077 -0.028143872474 -0.155549880654 0.0 
0.0 0.0 0.0 0.0 0.0 0.0 0.0 0.0 0.0 0.0 0.0 0.0 114.0 250.0 239.0 -0.028143872474 -0.155549880654 -0.0370083388279 -0.0380662978214 0.0464229831103 
0.0 0.0 0.0 0.0 0.0 0.0 0.0 0.0 0.0 0.0 0.0 0.0 116.0 251.0 255.0 -0.0370083388279 -0.0380662978214 0.18217941849 -0.0247557307423 0.0 
0.0 0.0 0.0 0.0 0.0 0.0 0.0 0.0 0.0 0.0 0.0 0.0 113.0 255.0 255.0 0.18217941849 -0.0247557307423 0.0198121764126 -0.0773079956611 -0.0382780833289 
0.0 0.0 0.0 0.0 0.0 0.0 0.0 0.0 0.0 0.0 0.0 0.0 113.0 255.0 255.0 0.0198121764126 -0.0773079956611 0.33 -0.0275157689365 0.0 
0.0 0.0 0.0 0.0 0.0 0.0 0.0 0.0 0.0 0.0 0.0 0.0 109.0 255.0 255.0 0.33 -0.0275157689365 0.163784115921 -0.0774123663514 0.0382780833289 
0.0 0.0 0.0 0.0 0.0 0.0 0.0 0.0 0.0 0.0 0.0 0.0 108.0 255.0 255.0 0.163784115921 -0.0774123663514 0.00847885579453 -0.0796173631709 0.0 
0.0 0.0 0.0 0.0 0.0 0.0 0.0 0.0 0.0 0.0 0.0 0.0 107.0 255.0 255.0 0.00847885579453 -0.0796173631709 0.149172516288 0.0821486703473 0.0 
0.0 0.0 0.0 0.0 0.0 0.0 0.0 0.0 0.0 0.0 0.0 0.0 107.0 255.0 255.0 0.149172516288 0.0821486703473 0.056165080601 0.33 0.0 
0.0 0.0 0.0 0.0 0.0 0.0 0.0 0.0 0.0 0.0 0.0 0.0 107.0 255.0 250.0 0.056165080601 0.33 0.112776547939 -0.0660745021785 0.0 
0.0 0.0 0.0 0.0 0.0 0.0 0.0 0.0 0.0 0.0 0.0 0.0 106.0 255.0 255.0 0.112776547939 -0.0660745021785 0.157392139739 -0.0610794136867 0.0 
0.0 0.0 0.0 0.0 0.0 0.0 0.0 0.0 0.0 0.0 0.0 0.0 106.0 255.0 255.0 0.157392139739 -0.0610794136867 -0.33 0.00222145441523 -0.0464229831103 
0.0 0.0 0.0 0.0 0.0 0.0 0.0 0.0 0.0 0.0 0.0 0.0 113.0 254.0 255.0 -0.33 0.00222145441523 -0.102665511309 -0.0365158623821 0.0 
0.0 0.0 0.0 0.0 0.0 0.0 0.0 0.0 0.0 0.0 0.0 0.0 127.0 251.0 255.0 -0.102665511309 -0.0365158623821 -0.0551349395409 -0.146121865742 0.0464229831103 
0.0 0.0 0.0 0.0 0.0 0.0 0.0 0.0 0.0 0.0 0.0 0.0 159.0 251.0 255.0 -0.0551349395409 -0.146121865742 -0.183750291019 0.0515861889702 -0.0382780833289 
0.0 0.0 0.0 0.0 0.0 0.0 0.0 0.0 0.0 0.0 0.0 0.0 183.0 249.0 255.0 -0.183750291019 0.0515861889702 0.0765150627027 -0.00313819021687 0.0 
0.0 0.0 0.0 0.0 0.0 0.0 0.0 0.0 0.0 0.0 0.0 0.0 180.0 249.0 255.0 0.0765150627027 -0.00313819021687 0.131567670205 0.150716412132 0.0 
0.0 0.0 0.0 0.0 0.0 0.0 0.0 0.0 0.0 0.0 0.0 0.0 156.0 227.0 255.0 0.131567670205 0.150716412132 0.149467863978 0.0806527429221 0.0 
0.0 0.0 0.0 0.0 0.0 0.0 0.0 0.0 0.0 0.0 0.0 0.0 137.0 233.0 227.0 0.149467863978 0.0806527429221 0.0219719623004 -0.173710696361 0.0382780833289 
0.0 0.0 0.0 0.0 0.0 0.0 0.0 0.0 0.0 0.0 0.0 0.0 127.0 243.0 255.0 0.0219719623004 -0.173710696361 0.107922596484 0.00338990071851 0.0 
0.0 0.0 0.0 0.0 0.0 0.0 0.0 0.0 0.0 0.0 0.0 0.0 118.0 252.0 255.0 0.107922596484 0.00338990071851 0.120092938999 -0.187832226601 -0.0382780833289 
0.0 0.0 0.0 0.0 0.0 0.0 0.0 0.0 0.0 0.0 0.0 0.0 115.0 254.0 255.0 0.120092938999 -0.187832226601 -0.263548011347 0.0312284005565 0.0 
0.0 0.0 0.0 0.0 0.0 0.0 0.0 0.0 0.0 0.0 0.0 0.0 112.0 255.0 255.0 -0.263548011347 0.0312284005565 -0.0951361640655 -0.0337342353152 0.0382780833289 
0.0 0.0 0.0 0.0 0.0 0.0 0.0 0.0 0.0 0.0 0.0 0.0 110.0 255.0 255.0 -0.0951361640655 -0.0337342353152 -0.0888202871184 0.217064621903 0.0 
0.0 0.0 0.0 0.0 0.0 0.0 0.0 0.0 0.0 0.0 0.0 0.0 109.0 255.0 255.0 -0.0888202871184 0.217064621903 0.240069384738 0.279786435895 0.0 
0.0 0.0 0.0 0.0 0.0 0.0 0.0 0.0 0.0 0.0 0.0 0.0 107.0 255.0 241.0 0.240069384738 0.279786435895 -0.25949260097 -0.158069373586 0.0 
0.0 0.0 0.0 0.0 0.0 0.0 0.0 0.0 0.0 0.0 0.0 0.0 104.0 255.0 255.0 -0.25949260097 -0.158069373586 0.0353068486733 -0.0486918794257 -0.0464229831103 
0.0 0.0 0.0 0.0 0.0 0.0 0.0 0.0 0.0 0.0 0.0 0.0 103.0 255.0 255.0 0.0353068486733 -0.0486918794257 0.10874718494 0.231560863969 0.0 
0.0 0.0 0.0 0.0 0.0 0.0 0.0 0.0 0.0 0.0 0.0 0.0 103.0 255.0 255.0 0.10874718494 0.231560863969 0.000829468086693 0.00454357804999 0.0464229831103 
0.0 0.0 0.0 0.0 0.0 0.0 0.0 0.0 0.0 0.0 0.0 0.0 103.0 255.0 255.0 0.000829468086693 0.00454357804999 -0.139044120813 0.0714129361578 0.0 
0.0 0.0 0.0 0.0 0.0 0.0 0.0 0.0 0.0 0.0 0.0 0.0 103.0 255.0 248.0 -0.139044120813 0.0714129361578 0.219544574998 0.122910077902 -0.0464229831103 
0.0 0.0 100.0 0.0 0.0 0.0 0.0 0.0 0.0 0.0 0.0 0.0 104.0 255.0 234.0 0.219544574998 0.122910077902 -0.0801285260641 0.0915950396496 0.0 
0.0 0.0 0.0 0.0 0.0 0.0 0.0 0.0 0.0 0.0 0.0 0.0 114.0 253.0 210.0 -0.0801285260641 0.0915950396496 -0.0182356228573 0.0549716143769 0.0464229831103 
0.0 0.0 0.0 0.0 0.0 0.0 0.0 0.0 0.0 0.0 0.0 0.0 121.0 251.0 190.0 -0.0182356228573 0.0549716143769 -0.12697944626 0.133861180168 0.0470554780858 
0.0 0.0 0.0 0.0 0.0 0.0 0.0 0.0 0.0 0.0 0.0 0.0 135.0 248.0 142.0 -0.12697944626 0.133861180168 0.244780461655 0.0385566321739 0.0 
0.0 0.0 0.0 0.0 0.0 0.0 0.0 0.0 0.0 0.0 0.0 0.0 134.0 250.0 129.0 0.244780461655 0.0385566321739 -0.204235952749 0.153139806465 0.0474892285899 
0.0 0.0 0.0 0.0 0.0 0.0 0.0 0.0 0.0 0.0 0.0 0.0 132.0 252.0 112.0 -0.204235952749 0.153139806465 -0.33 -0.0724990755541 0.0477127959608 
0.0 0.0 0.0 0.0 0.0 0.0 0.0 0.0 0.0 0.0 0.0 0.0 137.0 248.0 132.0 -0.33 -0.0724990755541 -0.243004130086 0.160272773438 0.0 
0.0 0.0 0.0 0.0 0.0 0.0 0.0 0.0 0.0 0.0 0.0 0.0 155.0 234.0 118.0 -0.243004130086 0.160272773438 0.160226383478 0.0832659292292 0.0477201613321 
0.0 0.0 0.0 0.0 0.0 0.0 0.0 0.0 0.0 0.0 0.0 0.0 154.0 243.0 77.0 0.160226383478 0.0832659292292 0.0888826866352 0.165429406905 0.0122127203989 
0.0 0.0 0.0 0.0 0.0 0.0 0.0 0.0 0.0 0.0 0.0 0.0 149.0 248.0 46.0 0.0888826866352 0.165429406905 0.272208664819 -0.187153583551 0.035298404582 
0.0 0.0 0.0 0.0 0.0 0.0 100.0 0.0 0.0 0.0 0.0 0.0 145.0 255.0 58.0 0.272208664819 -0.187153583551 -0.194607830651 0.0422751668032 0.107555307759 
0.0 0.0 0.0 0.0 0.0 0.0 100.0 0.0 0.0 0.0 0.0 0.0 143.0 255.0 61.0 -0.194607830651 0.0422751668032 -0.103281639003 0.126967602039 0.0 
0.0 0.0 0.0 0.0 0.0 0.0 100.0 0.0 0.0 0.0 0.0 0.0 149.0 247.0 49.0 -0.103281639003 0.126967602039 0.0154105159733 -0.0771388648637 0.0 
0.0 0.0 0.0 0.0 0.0 0.0 0.0 0.0 0.0 0.0 0.0 0.0 159.0 240.0 73.0 0.0154105159733 -0.0771388648637 -0.159159270477 -0.0469096662402 0.0143628509055 
0.0 0.0 0.0 0.0 0.0 0.0 0.0 0.0 0.0 0.0 0.0 0.0 165.0 212.0 174.0 -0.159159270477 -0.0469096662402 -0.125295926318 0.104405924515 0.0317444649117 
0.0 0.0 0.0 0.0 0.0 0.0 0.0 0.0 0.0 0.0 0.0 0.0 179.0 200.0 154.0 -0.125295926318 0.104405924515 0.286226576156 -0.0531341341091 -0.0317444649117 
0.0 0.0 0.0 0.0 0.0 0.0 0.0 0.0 0.0 0.0 0.0 0.0 166.0 205.0 194.0 0.286226576156 -0.0531341341091 0.15313036938 0.262960487 0.0 
0.0 0.0 0.0 0.0 0.0 0.0 0.0 0.0 0.0 0.0 0.0 0.0 148.0 243.0 129.0 0.15313036938 0.262960487 -0.124527083817 0.143857038554 0.0 
0.0 0.0 0.0 0.0 0.0 0.0 0.0 0.0 0.0 0.0 0.0 0.0 161.0 239.0 76.0 -0.124527083817 0.143857038554 0.115922508156 0.0332351538655 0.0 
0.0 0.0 0.0 0.0 0.0 0.0 0.0 0.0 0.0 0.0 0.0 0.0 157.0 246.0 58.0 0.115922508156 0.0332351538655 0.00312783810673 -0.33 0.107415648245 
0.0 0.0 0.0 0.0 0.0 0.0 0.0 0.0 0.0 0.0 0.0 0.0 150.0 237.0 152.0 0.00312783810673 -0.33 0.0223846961626 0.11460695863 0.0158322756088 
0.0 0.0 0.0 0.0 0.0 0.0 0.0 0.0 0.0 0.0 0.0 0.0 149.0 238.0 144.0 0.0223846961626 0.11460695863 -0.00792292139923 0.120663554845 0.0 
0.0 0.0 0.0 0.0 0.0 0.0 0.0 0.0 0.0 0.0 0.0 0.0 152.0 245.0 98.0 -0.00792292139923 0.120663554845 0.143990014826 0.210829105533 0.0 
0.0 0.0 0.0 0.0 0.0 0.0 0.0 0.0 0.0 0.0 0.0 0.0 155.0 247.0 49.0 0.143990014826 0.210829105533 0.19660043905 -0.0446948074926 0.0445858967336 
0.0 0.0 0.0 0.0 0.0 0.0 0.0 0.0 0.0 0.0 0.0 0.0 156.0 248.0 56.0 0.19660043905 -0.0446948074926 0.134367725321 -0.123177283132 0.110815280559 
0.0 0.0 0.0 0.0 0.0 0.0 0.0 0.0 0.0 0.0 0.0 0.0 149.0 234.0 166.0 0.134367725321 -0.123177283132 -0.0772556874572 0.0578648757581 0.0240260615787 
0.0 0.0 0.0 0.0 0.0 0.0 0.0 0.0 0.0 0.0 0.0 0.0 154.0 227.0 170.0 -0.0772556874572 0.0578648757581 0.33 -0.123235484597 0.0 
0.0 0.0 0.0 0.0 0.0 0.0 0.0 0.0 0.0 0.0 0.0 0.0 136.0 230.0 234.0 0.33 -0.123235484597 0.221086759181 -0.000138849820172 0.0173383364734 
0.0 0.0 0.0 0.0 0.0 0.0 0.0 0.0 0.0 0.0 0.0 0.0 118.0 249.0 246.0 0.221086759181 -0.000138849820172 0.0557761989223 -0.0888019625815 0.0 
0.0 0.0 0.0 0.0 0.0 0.0 0.0 0.0 0.0 0.0 0.0 0.0 112.0 255.0 255.0 0.0557761989223 -0.0888019625815 -0.040005078255 0.33 -0.0173383364734 
0.0 0.0 0.0 0.0 0.0 0.0 0.0 0.0 0.0 0.0 0.0 0.0 108.0 255.0 251.0 -0.040005078255 0.33 -0.204648838472 0.138929700227 0.0 
0.0 0.0 100.0 0.0 0.0 0.0 0.0 0.0 0.0 0.0 0.0 0.0 109.0 255.0 224.0 -0.204648838472 0.138929700227 -0.161298564904 0.33 0.0 
0.0 0.0 0.0 0.0 0.0 0.0 0.0 0.0 0.0 0.0 0.0 0.0 125.0 251.0 161.0 -0.161298564904 0.33 0.0279343171765 0.178881004622 0.0173383364734 
0.0 0.0 0.0 0.0 0.0 0.0 0.0 0.0 0.0 0.0 0.0 0.0 144.0 247.0 95.0 0.0279343171765 0.178881004622 -0.00185726226277 0.0784598626522 0.110548279014 
0.0 0.0 0.0 0.0 0.0 0.0 0.0 0.0 0.0 0.0 0.0 0.0 149.0 247.0 66.0 -0.00185726226277 0.0784598626522 0.027497418952 -0.23533101099 0.146541782221 
0.0 0.0 0.0 0.0 0.0 0.0 0.0 0.0 0.0 0.0 0.0 0.0 143.0 248.0 120.0 0.027497418952 -0.23533101099 0.203201325909 -0.0644595538291 0.0683063722863 
0.0 0.0 0.0 0.0 0.0 0.0 0.0 0.0 0.0 0.0 0.0 0.0 119.0 249.0 230.0 0.203201325909 -0.0644595538291 -0.00582779327484 -0.169069850075 0.0 
0.0 0.0 0.0 0.0 0.0 0.0 0.0 0.0 0.0 0.0 0.0 0.0 114.0 252.0 255.0 -0.00582779327484 -0.169069850075 0.010410050179 0.0350606382059 0.0 
0.0 0.0 0.0 0.0 0.0 0.0 0.0 0.0 0.0 0.0 0.0 0.0 114.0 252.0 255.0 0.010410050179 0.0350606382059 0.00615737868447 0.0254546758022 0.0 
0.0 0.0 0.0 0.0 0.0 0.0 0.0 0.0 0.0 0.0 0.0 0.0 114.0 250.0 253.0 0.00615737868447 0.0254546758022 -0.0270727842675 4.06377618352e-05 0.0 
0.0 0.0 0.0 0.0 0.0 0.0 0.0 0.0 0.0 0.0 0.0 0.0 114.0 249.0 250.0 -0.0270727842675 4.06377618352e-05 -0.0180990148502 0.194206744221 0.0 
0.0 0.0 0.0 0.0 0.0 0.0 0.0 0.0 0.0 0.0 0.0 0.0 120.0 249.0 213.0 -0.0180990148502 0.194206744221 0.0726538236268 0.183455919921 0.0 
0.0 0.0 0.0 0.0 0.0 0.0 0.0 0.0 0.0 0.0 0.0 0.0 127.0 249.0 168.0 0.0726538236268 0.183455919921 0.0403438472147 0.33 0.0 
0.0 0.0 0.0 0.0 0.0 0.0 0.0 100.0 0.0 0.0 0.0 0.0 135.0 252.0 110.0 0.0403438472147 0.33 -0.0178682773094 0.33 0.0552425240964 
0.0 0.0 0.0 0.0 0.0 0.0 100.0 0.0 0.0 0.0 0.0 0.0 140.0 252.0 53.0 -0.0178682773094 0.33 -0.0823473203225 0.192338317737 0.185870098056 
0.0 0.0 0.0 0.0 0.0 0.0 100.0 0.0 0.0 0.0 0.0 0.0 140.0 248.0 39.0 -0.0823473203225 0.192338317737 -0.112074424753 -0.33 0.204265373924 
0.0 0.0 0.0 0.0 0.0 0.0 100.0 0.0 0.0 0.0 0.0 0.0 140.0 255.0 51.0 -0.112074424753 -0.33 -0.243036580125 0.153499019934 0.0861502915621 
0.0 0.0 0.0 0.0 0.0 0.0 100.0 0.0 0.0 0.0 0.0 0.0 139.0 255.0 49.0 -0.243036580125 0.153499019934 -0.0293349709821 0.0602114565486 -0.0230334633711 
0.0 0.0 0.0 0.0 0.0 0.0 100.0 0.0 0.0 0.0 0.0 0.0 144.0 247.0 44.0 -0.0293349709821 0.0602114565486 -0.0902623488895 -0.0120090560493 0.0 
0.0 0.0 0.0 0.0 0.0 0.0 0.0 0.0 0.0 0.0 0.0 0.0 151.0 246.0 46.0 -0.0902623488895 -0.0120090560493 0.163426407534 -0.0155835430779 0.0 
0.0 0.0 0.0 0.0 0.0 0.0 0.0 0.0 0.0 0.0 0.0 0.0 149.0 255.0 51.0 0.163426407534 -0.0155835430779 -0.0556687402732 -0.057440887643 0.015256048486 
0.0 0.0 0.0 0.0 0.0 0.0 100.0 0.0 0.0 0.0 0.0 0.0 144.0 255.0 57.0 -0.0556687402732 -0.057440887643 -0.0202880762131 -0.0365436897017 -0.015256048486 
0.0 0.0 0.0 0.0 0.0 0.0 100.0 0.0 0.0 0.0 0.0 0.0 146.0 255.0 57.0 -0.0202880762131 -0.0365436897017 0.0779748526755 -0.126011599818 0.0 
0.0 0.0 0.0 0.0 0.0 0.0 100.0 0.0 0.0 0.0 0.0 0.0 149.0 253.0 56.0 0.0779748526755 -0.126011599818 -0.0892679067542 0.234450994798 0.0 
0.0 0.0 0.0 0.0 0.0 0.0 0.0 0.0 0.0 0.0 0.0 0.0 135.0 229.0 247.0 -0.0892679067542 0.234450994798 0.0625293466469 -0.0126510406108 0.0 
0.0 0.0 0.0 0.0 0.0 0.0 0.0 0.0 0.0 0.0 0.0 0.0 145.0 217.0 254.0 0.0625293466469 -0.0126510406108 0.00781256384792 0.102120732891 0.015256048486 
0.0 0.0 0.0 0.0 0.0 0.0 0.0 0.0 0.0 0.0 0.0 0.0 150.0 214.0 230.0 0.00781256384792 0.102120732891 0.0502319456494 0.0265740028599 0.0 
0.0 0.0 0.0 0.0 0.0 0.0 0.0 0.0 0.0 0.0 0.0 0.0 149.0 226.0 195.0 0.0502319456494 0.0265740028599 0.33 0.0721415658861 0.0 
0.0 0.0 0.0 0.0 0.0 0.0 0.0 0.0 0.0 0.0 0.0 0.0 143.0 244.0 154.0 0.33 0.0721415658861 0.0142231685579 0.204854120878 0.0 
0.0 0.0 0.0 0.0 0.0 0.0 0.0 0.0 0.0 0.0 0.0 0.0 147.0 247.0 105.0 0.0142231685579 0.204854120878 -0.0986486645526 0.201921741476 0.0 
0.0 0.0 0.0 0.0 0.0 0.0 0.0 0.0 0.0 0.0 0.0 0.0 161.0 241.0 51.0 -0.0986486645526 0.201921741476 -0.0327435282971 0.249034973145 0.0683493565165 
0.0 0.0 0.0 0.0 0.0 0.0 0.0 0.0 0.0 0.0 0.0 0.0 179.0 208.0 40.0 -0.0327435282971 0.249034973145 0.262984014688 -0.312277937424 0.122563197368 
0.0 0.0 0.0 0.0 0.0 0.0 0.0 0.0 0.0 0.0 0.0 0.0 187.0 202.0 61.0 0.262984014688 -0.312277937424 0.0898696104987 -0.241841823826 0.156602871938 
0.0 0.0 0.0 0.0 0.0 0.0 0.0 0.0 0.0 0.0 0.0 0.0 165.0 197.0 225.0 0.0898696104987 -0.241841823826 0.263281574124 -0.0540893325421 0.0111929709966 
0.0 0.0 0.0 0.0 0.0 0.0 0.0 0.0 0.0 0.0 0.0 0.0 136.0 239.0 255.0 0.263281574124 -0.0540893325421 -0.0983861647194 0.107469596577 0.0 
0.0 0.0 0.0 0.0 0.0 0.0 0.0 0.0 0.0 0.0 0.0 0.0 119.0 249.0 247.0 -0.0983861647194 0.107469596577 -0.0149622942832 0.286554378882 0.0 
0.0 0.0 0.0 0.0 0.0 0.0 0.0 0.0 0.0 0.0 0.0 0.0 121.0 252.0 201.0 -0.0149622942832 0.286554378882 -0.15996815478 0.324409769728 0.0 
0.0 0.0 100.0 0.0 0.0 100.0 0.0 100.0 0.0 0.0 0.0 0.0 124.0 254.0 150.0 -0.15996815478 0.324409769728 0.0799501888094 0.123750586063 0.0400626982704 
0.0 0.0 0.0 0.0 0.0 100.0 0.0 100.0 0.0 0.0 0.0 0.0 125.0 254.0 132.0 0.0799501888094 0.123750586063 0.0186127297476 -0.187191256565 0.0995698051587 
0.0 0.0 0.0 0.0 0.0 100.0 0.0 100.0 0.0 0.0 0.0 0.0 117.0 255.0 189.0 0.0186127297476 -0.187191256565 -0.0585510594666 0.33 0.0393193384721 
0.0 0.0 0.0 0.0 0.0 0.0 0.0 0.0 0.0 0.0 0.0 0.0 125.0 250.0 164.0 -0.0585510594666 0.33 -0.0632365532009 0.0756068697869 -0.0506722565071 
0.0 0.0 0.0 0.0 0.0 0.0 0.0 0.0 0.0 0.0 0.0 0.0 137.0 247.0 126.0 -0.0632365532009 0.0756068697869 -0.0645314760647 0.114659262806 0.0293118332506 
0.0 0.0 0.0 0.0 0.0 0.0 0.0 0.0 0.0 0.0 0.0 0.0 146.0 247.0 86.0 -0.0645314760647 0.114659262806 0.33 0.159246156997 0.0685189476523 
0.0 0.0 0.0 0.0 0.0 0.0 0.0 0.0 0.0 0.0 0.0 0.0 146.0 248.0 50.0 0.33 0.159246156997 0.11513157865 -0.140782813797 0.0455430802072 
0.0 0.0 0.0 0.0 0.0 0.0 0.0 0.0 0.0 0.0 0.0 0.0 142.0 255.0 66.0 0.11513157865 -0.140782813797 0.0957210798757 -0.167756708201 0.073952653293 
0.0 0.0 0.0 0.0 0.0 0.0 0.0 0.0 0.0 0.0 0.0 0.0 141.0 255.0 74.0 0.0957210798757 -0.167756708201 0.212189376581 -0.142423078062 -0.0301222895817 
0.0 0.0 0.0 0.0 0.0 0.0 100.0 0.0 0.0 0.0 0.0 0.0 141.0 255.0 77.0 0.212189376581 -0.142423078062 -0.225746998845 -0.04633532044 0.0 
0.0 0.0 0.0 0.0 0.0 0.0 0.0 0.0 0.0 0.0 0.0 0.0 128.0 249.0 255.0 -0.225746998845 -0.04633532044 -0.108054451389 0.102624602004 0.0 
0.0 0.0 0.0 0.0 0.0 0.0 0.0 0.0 0.0 0.0 0.0 0.0 144.0 249.0 255.0 -0.108054451389 0.102624602004 0.127202270231 0.124156187079 0.00640963331416 
0.0 0.0 0.0 0.0 0.0 0.0 0.0 0.0 0.0 0.0 0.0 0.0 135.0 231.0 243.0 0.127202270231 0.124156187079 -0.311507892521 0.176362279412 0.0237126562676 
0.0 0.0 0.0 0.0 0.0 0.0 0.0 0.0 0.0 0.0 0.0 0.0 152.0 228.0 178.0 -0.311507892521 0.176362279412 0.0791600608256 0.205170225837 -0.0237126562676 
0.0 0.0 0.0 0.0 0.0 0.0 0.0 0.0 0.0 0.0 0.0 0.0 158.0 239.0 102.0 0.0791600608256 0.205170225837 -0.11814769409 0.0957458395927 0.0 
0.0 0.0 0.0 0.0 0.0 0.0 0.0 0.0 0.0 0.0 0.0 0.0 167.0 234.0 65.0 -0.11814769409 0.0957458395927 -0.265313535304 0.272566504404 0.0237126562676 
0.0 0.0 0.0 0.0 0.0 0.0 0.0 0.0 0.0 0.0 0.0 0.0 195.0 188.0 43.0 -0.265313535304 0.272566504404 0.12855008355 -0.0901639660743 0.0415830667609 
0.0 0.0 0.0 0.0 0.0 0.0 0.0 0.0 0.0 0.0 0.0 0.0 198.0 183.0 51.0 0.12855008355 -0.0901639660743 -0.0238339067901 -0.33 0.15685013226 
0.0 0.0 0.0 0.0 0.0 0.0 0.0 0.0 0.0 0.0 0.0 0.0 200.0 180.0 67.0 -0.0238339067901 -0.33 -0.11990291017 -0.33 0.0292320791672 
0.0 0.0 0.0 0.0 0.0 0.0 0.0 0.0 0.0 0.0 0.0 0.0 196.0 214.0 255.0 -0.11990291017 -0.33 0.175448285153 -0.0950427572066 0.0 
# HEADER 4
0.0 0.0 0.0 0.0 0.0 0.0 0.0 0.0 0.0 0.0 0.0 0.0 132.0 247.0 255.0 0 0 0.0368958937347 0.00951834237823 0.0 
0.0 0.0 0.0 0.0 0.0 0.0 0.0 0.0 0.0 0.0 0.0 0.0 124.0 242.0 255.0 0.0368958937347 0.00951834237823 0.0261924865705 0.252131163975 0.0 
0.0 0.0 0.0 0.0 0.0 0.0 0.0 0.0 0.0 0.0 0.0 0.0 126.0 248.0 211.0 0.0261924865705 0.252131163975 0.0877084460224 -0.0124809242195 0.0 
0.0 0.0 0.0 0.0 0.0 0.0 0.0 0.0 0.0 0.0 0.0 0.0 122.0 250.0 222.0 0.0877084460224 -0.0124809242195 0.0146828131084 0.0915522186603 0.0 
0.0 0.0 0.0 0.0 0.0 0.0 0.0 0.0 0.0 0.0 0.0 0.0 121.0 251.0 208.0 0.0146828131084 0.0915522186603 0.0657958837463 0.33 0.0 
0.0 0.0 100.0 0.0 0.0 0.0 0.0 100.0 0.0 0.0 0.0 0.0 126.0 251.0 159.0 0.0657958837463 0.33 0.129518276644 0.128205711685 0.0 
0.0 0.0 0.0 0.0 0.0 0.0 0.0 100.0 0.0 0.0 0.0 0.0 129.0 252.0 128.0 0.129518276644 0.128205711685 0.264040988694 0.054635566813 0.0867681361649 
0.0 0.0 0.0 0.0 0.0 0.0 0.0 100.0 0.0 0.0 0.0 0.0 130.0 252.0 123.0 0.264040988694 0.054635566813 0.139482900736 0.187977819827 0.0558177824813 
0.0 0.0 0.0 0.0 0.0 0.0 100.0 0.0 0.0 0.0 0.0 0.0 132.0 252.0 102.0 0.139482900736 0.187977819827 0.161415584591 0.200523775443 0.0282040645621 
0.0 0.0 0.0 0.0 0.0 0.0 100.0 0.0 0.0 0.0 0.0 0.0 134.0 253.0 72.0 0.161415584591 0.200523775443 0.0827480893889 0.33 0.0555644629882 
0.0 0.0 0.0 0.0 0.0 0.0 100.0 0.0 0.0 0.0 0.0 0.0 134.0 248.0 38.0 0.0827480893889 0.33 -0.11839133632 -0.0118416071052 0.111664117803 
0.0 0.0 0.0 0.0 0.0 0.0 100.0 0.0 0.0 0.0 0.0 0.0 141.0 248.0 40.0 -0.11839133632 -0.0118416071052 -0.0762169861631 0.0525826886769 0.142537848283 
0.0 0.0 0.0 0.0 0.0 0.0 0.0 0.0 0.0 0.0 0.0 0.0 154.0 236.0 41.0 -0.0762169861631 0.0525826886769 0.151378050039 0.0186674687505 -0.0319139568897 
0.0 0.0 0.0 0.0 0.0 0.0 0.0 0.0 0.0 0.0 0.0 0.0 166.0 224.0 44.0 0.151378050039 0.0186674687505 0.0618242080483 -0.146508212063 0.0281150924428 
0.0 0.0 0.0 0.0 0.0 0.0 0.0 0.0 0.0 0.0 0.0 0.0 164.0 232.0 56.0 0.0618242080483 -0.146508212063 0.139613597028 0.0562060452658 0.0 
0.0 0.0 0.0 0.0 0.0 0.0 0.0 0.0 0.0 0.0 0.0 0.0 152.0 247.0 56.0 0.139613597028 0.0562060452658 0.0247446030835 -0.0261294390235 -0.0281150924428 
0.0 0.0 0.0 0.0 0.0 0.0 0.0 0.0 0.0 0.0 0.0 0.0 146.0 254.0 64.0 0.0247446030835 -0.0261294390235 0.249935833727 0.00763324711671 0.0 
0.0 0.0 0.0 0.0 0.0 0.0 100.0 0.0 0.0 0.0 0.0 0.0 142.0 255.0 69.0 0.249935833727 0.00763324711671 0.164038574146 0.151995294772 0.0 
0.0 0.0 0.0 0.0 0.0 0.0 100.0 0.0 0.0 0.0 0.0 0.0 142.0 254.0 58.0 0.164038574146 0.151995294772 -0.149130486192 0.0931658616524 0.0 
0.0 0.0 0.0 0.0 0.0 0.0 0.0 0.0 0.0 0.0 0.0 0.0 148.0 247.0 46.0 -0.149130486192 0.0931658616524 -0.068155789903 0.0617602650225 0.0281150924428 
0.0 0.0 0.0 0.0 0.0 0.0 0.0 0.0 0.0 0.0 0.0 0.0 161.0 233.0 45.0 -0.068155789903 0.0617602650225 0.133207126629 -0.116554681082 -0.00369978201553 
0.0 0.0 0.0 0.0 0.0 0.0 0.0 0.0 0.0 0.0 0.0 0.0 173.0 220.0 65.0 0.133207126629 -0.116554681082 0.0113328180783 -0.0668821113601 0.0276656523129 
0.0 0.0 0.0 0.0 0.0 0.0 0.0 0.0 0.0 0.0 0.0 0.0 175.0 199.0 177.0 0.0113328180783 -0.0668821113601 -0.0380128948909 0.00759656449575 -0.0276656523129 
0.0 0.0 0.0 0.0 0.0 0.0 0.0 0.0 0.0 0.0 0.0 0.0 177.0 193.0 196.0 -0.0380128948909 0.00759656449575 -0.0820587675034 -0.00578378087861 0.0 
0.0 0.0 0.0 0.0 0.0 0.0 0.0 0.0 0.0 0.0 0.0 0.0 189.0 177.0 218.0 -0.0820587675034 -0.00578378087861 -0.104879245025 0.154466874294 0.0276656523129 
0.0 0.0 0.0 0.0 0.0 0.0 0.0 0.0 0.0 0.0 0.0 0.0 202.0 163.0 174.0 -0.104879245025 0.154466874294 0.218536166237 0.126003411081 -0.0276656523129 
0.0 0.0 0.0 0.0 0.0 0.0 0.0 0.0 0.0 0.0 0.0 0.0 215.0 161.0 103.0 0.218536166237 0.126003411081 0.0226129340486 0.0689470664061 0.0276656523129 
0.0 0.0 0.0 0.0 0.0 0.0 0.0 0.0 0.0 0.0 0.0 0.0 224.0 148.0 67.0 0.0226129340486 0.0689470664061 0.0305233846675 -0.0872893895698 0.0 
0.0 0.0 0.0 0.0 0.0 0.0 0.0 0.0 0.0 0.0 0.0 0.0 233.0 126.0 110.0 0.0305233846675 -0.0872893895698 -0.112004837658 0.0901646077021 0.0 
0.0 0.0 0.0 0.0 0.0 0.0 0.0 0.0 0.0 0.0 0.0 0.0 231.0 132.0 101.0 -0.112004837658 0.0901646077021 0.33 -0.0652792217271 -0.0276656523129 
0.0 0.0 0.0 0.0 0.0 0.0 0.0 0.0 0.0 0.0 0.0 0.0 225.0 132.0 142.0 0.33 -0.0652792217271 -0.0202405175945 0.0968619460417 0.0276656523129 
0.0 0.0 0.0 0.0 0.0 0.0 0.0 0.0 0.0 0.0 0.0 0.0 219.0 150.0 112.0 -0.0202405175945 0.0968619460417 0.179084809691 0.072134972324 -0.0276656523129 
0.0 0.0 0.0 0.0 0.0 0.0 0.0 0.0 0.0 0.0 0.0 0.0 219.0 154.0 74.0 0.179084809691 0.072134972324 -0.0821747366151 -0.33 0.0276656523129 
0.0 0.0 0.0 0.0 0.0 0.0 0.0 0.0 0.0 0.0 0.0 0.0 229.0 132.0 173.0 -0.0821747366151 -0.33 0.164301090555 -0.00136536837356 0.0 
0.0 0.0 0.0 0.0 0.0 0.0 0.0 0.0 0.0 0.0 0.0 0.0 214.0 140.0 213.0 0.164301090555 -0.00136536837356 -0.325574469323 -0.0337114155005 0.0 
0.0 0.0 0.0 0.0 0.0 0.0 0.0 0.0 0.0 0.0 0.0 0.0 230.0 151.0 232.0 -0.325574469323 -0.0337114155005 -0.33 -0.265243833331 -0.0276656523129 
0.0 0.0 0.0 0.0 0.0 0.0 0.0 0.0 0.0 0.0 0.0 0.0 236.0 210.0 255.0 -0.33 -0.265243833331 0.151677962132 -0.142846269383 0.0276656523129 
0.0 0.0 0.0 0.0 0.0 0.0 0.0 0.0 0.0 0.0 0.0 0.0 236.0 244.0 255.0 0.151677962132 -0.142846269383 -0.0837459664 -0.33 0.0 
0.0 0.0 0.0 0.0 0.0 0.0 0.0 0.0 0.0 0.0 0.0 0.0 237.0 246.0 255.0 -0.0837459664 -0.33 0.118377963524 0.0389603275854 -0.0276656523129 
0.0 0.0 0.0 0.0 0.0 0.0 0.0 0.0 0.0 0.0 0.0 0.0 231.0 233.0 255.0 0.118377963524 0.0389603275854 -0.147527109085 0.0274393623306 0.0276656523129 
0.0 0.0 0.0 0.0 0.0 0.0 0.0 0.0 0.0 0.0 0.0 0.0 215.0 213.0 255.0 -0.147527109085 0.0274393623306 0.174948679118 -0.0221999705491 -0.0276656523129 
0.0 0.0 0.0 0.0 0.0 0.0 0.0 0.0 0.0 0.0 0.0 0.0 196.0 242.0 255.0 0.174948679118 -0.0221999705491 0.194771001767 -0.0874730004661 0.0 
0.0 0.0 0.0 0.0 0.0 0.0 0.0 0.0 0.0 0.0 0.0 0.0 173.0 250.0 255.0 0.194771001767 -0.0874730004661 0.0515789065935 0.102438865353 0.0276656523129 
0.0 0.0 0.0 0.0 0.0 0.0 0.0 0.0 0.0 0.0 0.0 0.0 147.0 250.0 255.0 0.0515789065935 0.102438865353 0.00452174913641 -0.0168333207958 -0.0276656523129 
0.0 0.0 0.0 0.0 0.0 0.0 0.0 0.0 0.0 0.0 0.0 0.0 123.0 250.0 255.0 0.00452174913641 -0.0168333207958 0.0217718160665 -0.0263405218037 0.0276656523129 
0.0 0.0 0.0 0.0 0.0 0.0 0.0 0.0 0.0 0.0 0.0 0.0 119.0 252.0 255.0 0.0217718160665 -0.0263405218037 0.120445243928 -0.0777493138385 0.0 
0.0 0.0 0.0 0.0 0.0 0.0 0.0 0.0 0.0 0.0 0.0 0.0 117.0 254.0 255.0 0.120445243928 -0.0777493138385 0.164552591869 -0.00255178064947 -0.0276656523129 
0.0 0.0 0.0 0.0 0.0 0.0 0.0 0.0 0.0 0.0 0.0 0.0 115.0 255.0 255.0 0.164552591869 -0.00255178064947 -0.0131838739175 0.28377500049 0.0 
0.0 0.0 0.0 0.0 0.0 0.0 0.0 0.0 0.0 0.0 0.0 0.0 114.0 255.0 255.0 -0.0131838739175 0.28377500049 0.279393172178 0.102454058906 0.0 
0.0 0.0 0.0 0.0 0.0 0.0 0.0 0.0 0.0 0.0 0.0 0.0 118.0 250.0 236.0 0.279393172178 0.102454058906 -0.236742617494 0.0562919170188 0.0 
0.0 0.0 0.0 0.0 0.0 0.0 0.0 0.0 0.0 0.0 0.0 0.0 131.0 243.0 196.0 -0.236742617494 0.0562919170188 0.0872654004245 0.202488770684 0.0276656523129 
0.0 0.0 0.0 0.0 0.0 0.0 0.0 0.0 0.0 0.0 0.0 0.0 139.0 247.0 137.0 0.0872654004245 0.202488770684 -0.0513936236004 0.032409465709 0.0 
0.0 0.0 0.0 0.0 0.0 0.0 0.0 0.0 0.0 0.0 0.0 0.0 143.0 247.0 119.0 -0.0513936236004 0.032409465709 -0.215179687498 -0.00542597315509 0.0319411624197 
0.0 0.0 0.0 0.0 0.0 0.0 0.0 0.0 0.0 0.0 0.0 0.0 149.0 238.0 135.0 -0.215179687498 -0.00542597315509 0.198571036842 0.1273938774 0.0277066950264 
0.0 0.0 0.0 0.0 0.0 0.0 0.0 0.0 0.0 0.0 0.0 0.0 145.0 247.0 106.0 0.198571036842 0.1273938774 -0.0329438525959 0.00369541780462 -0.0277066950264 
0.0 0.0 0.0 0.0 0.0 0.0 0.0 0.0 0.0 0.0 0.0 0.0 147.0 247.0 97.0 -0.0329438525959 0.00369541780462 -0.134124935356 -0.33 0.0 
0.0 0.0 0.0 0.0 0.0 0.0 0.0 0.0 0.0 0.0 0.0 0.0 146.0 223.0 205.0 -0.134124935356 -0.33 -0.0524459658837 0.223267074786 0.0603841014344 
0.0 0.0 0.0 0.0 0.0 0.0 0.0 0.0 0.0 0.0 0.0 0.0 153.0 224.0 171.0 -0.0524459658837 0.223267074786 0.0780733686687 0.256375530155 -0.00518961495945 
0.0 0.0 0.0 0.0 0.0 0.0 0.0 0.0 0.0 0.0 0.0 0.0 154.0 242.0 83.0 0.0780733686687 0.256375530155 -0.0849928504361 0.00477451980274 0.0 
0.0 0.0 0.0 0.0 0.0 0.0 0.0 0.0 0.0 0.0 0.0 0.0 161.0 238.0 67.0 -0.0849928504361 0.00477451980274 -0.0427686346697 0.0970465261679 0.0868656044616 
0.0 0.0 0.0 0.0 0.0 0.0 0.0 0.0 0.0 0.0 0.0 0.0 172.0 224.0 51.0 -0.0427686346697 0.0970465261679 0.17254412512 0.0973580851528 0.0330248385067 
0.0 0.0 0.0 0.0 0.0 0.0 0.0 0.0 0.0 0.0 0.0 0.0 172.0 218.0 42.0 0.17254412512 0.0973580851528 -0.113744162126 0.0663733106441 0.066754308361 
0.0 0.0 0.0 0.0 0.0 0.0 0.0 0.0 0.0 0.0 0.0 0.0 181.0 205.0 41.0 -0.113744162126 0.0663733106441 -0.0296120641712 0.168413040573 0.100790687011 
0.0 0.0 0.0 0.0 0.0 0.0 0.0 0.0 0.0 0.0 0.0 0.0 196.0 169.0 39.0 -0.0296120641712 0.168413040573 0.0154189819126 0.255516277168 0.00860476984843 
0.0 0.0 0.0 0.0 0.0 0.0 0.0 0.0 0.0 0.0 0.0 0.0 201.0 109.0 37.0 0.0154189819126 0.255516277168 -0.185742707746 -0.112115571706 0.19731007858 
0.0 0.0 0.0 0.0 0.0 0.0 0.0 0.0 0.0 0.0 0.0 0.0 200.0 89.0 47.0 -0.185742707746 -0.112115571706 0.015092169642 0.189697774486 0.410792884151 
# HEADER 5
0.0 0.0 0.0 0.0 0.0 0.0 0.0 0.0 0.0 0.0 0.0 0.0 133.0 250.0 255.0 0 0 -0.0770112500388 0.0692043251593 -0.0280575257646 
0.0 0.0 0.0 0.0 0.0 0.0 0.0 0.0 0.0 0.0 0.0 0.0 141.0 250.0 255.0 -0.0770112500388 0.0692043251593 0.23064657303 -0.00554152100115 0.0 
0.0 0.0 0.0 0.0 0.0 0.0 0.0 0.0 0.0 0.0 0.0 0.0 157.0 249.0 255.0 0.23064657303 -0.00554152100115 0.0933301447047 0.189982956765 0.0 
0.0 0.0 0.0 0.0 0.0 0.0 0.0 0.0 0.0 0.0 0.0 0.0 169.0 208.0 254.0 0.0933301447047 0.189982956765 0.226109085937 -0.274889757497 0.0 
0.0 0.0 0.0 0.0 0.0 0.0 0.0 0.0 0.0 0.0 0.0 0.0 186.0 247.0 255.0 0.226109085937 -0.274889757497 0.294851333313 0.0147516734275 0.0 
0.0 0.0 0.0 0.0 0.0 0.0 0.0 0.0 0.0 0.0 0.0 0.0 201.0 239.0 255.0 0.294851333313 0.0147516734275 -0.0227371391609 0.15742213689 0.0 
0.0 0.0 0.0 0.0 0.0 0.0 0.0 0.0 0.0 0.0 0.0 0.0 213.0 177.0 251.0 -0.0227371391609 0.15742213689 0.104592732603 -0.105996273409 0.0 
0.0 0.0 0.0 0.0 0.0 0.0 0.0 0.0 0.0 0.0 0.0 0.0 203.0 218.0 255.0 0.104592732603 -0.105996273409 0.173984866489 0.015940579217 0.0 
0.0 0.0 0.0 0.0 0.0 0.0 0.0 0.0 0.0 0.0 0.0 0.0 182.0 228.0 255.0 0.173984866489 0.015940579217 -0.0135628135236 0.0487741065485 0.0 
0.0 0.0 0.0 0.0 0.0 0.0 0.0 0.0 0.0 0.0 0.0 0.0 154.0 211.0 255.0 -0.0135628135236 0.0487741065485 -0.0600727423311 -0.160958988982 0.0 
# HEADER 6
0.0 0.0 0.0 0.0 0.0 0.0 0.0 0.0 0.0 0.0 0.0 0.0 133.0 247.0 255.0 0 0 0.170461107827 0.168023950165 0.0 
0.0 0.0 0.0 0.0 0.0 0.0 0.0 0.0 0.0 0.0 0.0 0.0 134.0 231.0 240.0 0.170461107827 0.168023950165 0.0146637404308 0.14378085988 0.0 
0.0 0.0 0.0 0.0 0.0 0.0 0.0 0.0 0.0 0.0 0.0 0.0 139.0 241.0 175.0 0.0146637404308 0.14378085988 -0.266768053068 0.119013130214 0.0139723204597 
0.0 0.0 0.0 0.0 0.0 0.0 0.0 0.0 0.0 0.0 0.0 0.0 143.0 248.0 123.0 -0.266768053068 0.119013130214 -0.0270507748142 0.172214290012 0.0138734240724 
0.0 0.0 0.0 0.0 0.0 0.0 0.0 0.0 0.0 0.0 0.0 0.0 152.0 248.0 69.0 -0.0270507748142 0.172214290012 0.123302692229 -0.0727141155553 0.0698005297436 
0.0 0.0 0.0 0.0 0.0 0.0 0.0 0.0 0.0 0.0 0.0 0.0 149.0 247.0 89.0 0.123302692229 -0.0727141155553 -0.0941075716717 0.33 0.130184188653 
0.0 0.0 0.0 0.0 0.0 0.0 100.0 0.0 0.0 0.0 0.0 0.0 147.0 247.0 74.0 -0.0941075716717 0.33 0.27880278247 0.0097160460399 0.00646579724729 
0.0 0.0 0.0 0.0 0.0 0.0 100.0 0.0 0.0 0.0 0.0 0.0 144.0 250.0 61.0 0.27880278247 0.0097160460399 0.105220294275 -0.0937518148129 0.0965760262541 
0.0 0.0 0.0 0.0 0.0 0.0 100.0 0.0 0.0 0.0 0.0 0.0 140.0 254.0 81.0 0.105220294275 -0.0937518148129 0.0533551567048 -0.0919232871861 0.03985235697 
0.0 0.0 0.0 0.0 0.0 0.0 100.0 0.0 0.0 0.0 0.0 0.0 122.0 250.0 198.0 0.0533551567048 -0.0919232871861 -0.118821037873 0.106029736594 -0.0151092456746 
0.0 0.0 0.0 0.0 0.0 0.0 0.0 0.0 0.0 0.0 0.0 0.0 119.0 251.0 200.0 -0.118821037873 0.106029736594 -0.141793004419 0.224361963399 -0.0151377908301 
0.0 0.0 0.0 0.0 0.0 100.0 0.0 100.0 0.0 0.0 0.0 0.0 123.0 252.0 162.0 -0.141793004419 0.224361963399 0.0872639517314 0.252569661401 0.0 
0.0 0.0 0.0 0.0 0.0 100.0 0.0 100.0 0.0 0.0 0.0 0.0 127.0 252.0 118.0 0.0872639517314 0.252569661401 0.0594325221615 0.226072686202 0.0926469482257 
0.0 0.0 0.0 0.0 0.0 0.0 100.0 0.0 0.0 0.0 0.0 0.0 131.0 253.0 80.0 0.0594325221615 0.226072686202 -0.109388052516 -0.198948959331 0.130086824872 
0.0 0.0 0.0 0.0 0.0 0.0 100.0 0.0 0.0 0.0 0.0 0.0 130.0 255.0 96.0 -0.109388052516 -0.198948959331 0.0774958319593 0.00420023390031 0.178304891694 
0.0 0.0 0.0 0.0 0.0 0.0 100.0 0.0 0.0 0.0 0.0 0.0 129.0 255.0 105.0 0.0774958319593 0.00420023390031 0.010696794331 0.0605115751521 0.0619147360612 
0.0 0.0 0.0 0.0 0.0 0.0 100.0 0.0 0.0 0.0 0.0 0.0 130.0 255.0 98.0 0.010696794331 0.0605115751521 -0.33 0.0932761509907 -0.0148044314608 
0.0 0.0 0.0 0.0 0.0 0.0 100.0 0.0 0.0 0.0 0.0 0.0 131.0 255.0 88.0 -0.33 0.0932761509907 -0.0537352273277 0.229694821001 0.0051754468428 
0.0 0.0 0.0 0.0 0.0 0.0 100.0 0.0 0.0 0.0 0.0 0.0 140.0 250.0 51.0 -0.0537352273277 0.229694821001 -0.0956823223724 -0.0968512401774 0.00962898461801 
0.0 0.0 0.0 0.0 0.0 0.0 0.0 0.0 0.0 0.0 0.0 0.0 152.0 248.0 53.0 -0.0956823223724 -0.0968512401774 -0.0968511572111 0.257075101827 0.122757813871 
0.0 0.0 0.0 0.0 0.0 0.0 0.0 0.0 0.0 0.0 0.0 0.0 165.0 233.0 49.0 -0.0968511572111 0.257075101827 -0.0725846464996 0.201501862101 0.0147322259417 
0.0 0.0 0.0 0.0 0.0 0.0 0.0 0.0 0.0 0.0 0.0 0.0 187.0 194.0 41.0 -0.0725846464996 0.201501862101 -0.289892835856 -0.289899670422 -0.000946444530332 
0.0 0.0 0.0 0.0 0.0 0.0 0.0 0.0 0.0 0.0 0.0 0.0 204.0 172.0 61.0 -0.289892835856 -0.289899670422 0.293025888583 -0.172574974849 0.192140988517 
0.0 0.0 0.0 0.0 0.0 0.0 0.0 0.0 0.0 0.0 0.0 0.0 193.0 191.0 51.0 0.293025888583 -0.172574974849 -0.0764644013015 -0.108172290646 0.0423161055524 
0.0 0.0 0.0 0.0 0.0 0.0 0.0 0.0 0.0 0.0 0.0 0.0 197.0 185.0 56.0 -0.0764644013015 -0.108172290646 0.170828598839 -0.232288840382 0.0 
0.0 0.0 0.0 0.0 0.0 0.0 0.0 0.0 0.0 0.0 0.0 0.0 213.0 157.0 81.0 0.170828598839 -0.232288840382 0.0316531424137 -0.00996855858623 0.0 
0.0 0.0 0.0 0.0 0.0 0.0 0.0 0.0 0.0 0.0 0.0 0.0 215.0 152.0 87.0 0.0316531424137 -0.00996855858623 0.00136368771134 0.137101716683 0.0 
0.0 0.0 0.0 0.0 0.0 0.0 0.0 0.0 0.0 0.0 0.0 0.0 214.0 153.0 87.0 0.00136368771134 0.137101716683 0.143346862625 -0.33 0.0 
0.0 0.0 0.0 0.0 0.0 0.0 0.0 0.0 0.0 0.0 0.0 0.0 202.0 175.0 67.0 0.143346862625 -0.33 -0.0738610979778 -0.0120999519676 0.0 
0.0 0.0 0.0 0.0 0.0 0.0 0.0 0.0 0.0 0.0 0.0 0.0 207.0 167.0 73.0 -0.0738610979778 -0.0120999519676 0.102335546428 -0.218175604391 0.0 
0.0 0.0 0.0 0.0 0.0 0.0 0.0 0.0 0.0 0.0 0.0 0.0 203.0 173.0 69.0 0.102335546428 -0.218175604391 0.0768904889169 0.133154226092 0.0 
0.0 0.0 0.0 0.0 0.0 0.0 0.0 0.0 0.0 0.0 0.0 0.0 192.0 194.0 52.0 0.0768904889169 0.133154226092 0.19814393172 0.185315518035 0.0 
0.0 0.0 0.0 0.0 0.0 0.0 0.0 0.0 0.0 0.0 0.0 0.0 179.0 209.0 46.0 0.19814393172 0.185315518035 -0.103503792311 0.222161889327 0.0 
0.0 0.0 0.0 0.0 0.0 0.0 0.0 0.0 0.0 0.0 0.0 0.0 164.0 226.0 39.0 -0.103503792311 0.222161889327 0.0101365769254 0.0165183809959 0.0 
0.0 0.0 0.0 0.0 0.0 0.0 0.0 0.0 0.0 0.0 0.0 0.0 153.0 237.0 37.0 0.0101365769254 0.0165183809959 -0.119907669783 0.0149880261512 0.0111342455588 
0.0 0.0 0.0 0.0 0.0 0.0 0.0 0.0 0.0 0.0 0.0 0.0 143.0 245.0 36.0 -0.119907669783 0.0149880261512 -0.119364154362 -0.0227718846202 0.0 
0.0 0.0 0.0 0.0 0.0 0.0 0.0 0.0 0.0 0.0 0.0 0.0 152.0 237.0 37.0 -0.119364154362 -0.0227718846202 0.0157816520896 -0.284146070776 0.0108349847019 
0.0 0.0 0.0 0.0 0.0 0.0 0.0 0.0 0.0 0.0 0.0 0.0 157.0 234.0 38.0 0.0157816520896 -0.284146070776 0.0585194053159 0.111374199569 -0.0108349847019 
0.0 0.0 0.0 0.0 0.0 0.0 0.0 0.0 0.0 0.0 0.0 0.0 154.0 236.0 38.0 0.0585194053159 0.111374199569 -0.0719041078274 -0.101776010359 0.0 
0.0 0.0 0.0 0.0 0.0 0.0 0.0 0.0 0.0 0.0 0.0 0.0 152.0 239.0 38.0 -0.0719041078274 -0.101776010359 -0.0284415286655 0.0502811693524 0.0 
0.0 0.0 0.0 0.0 0.0 0.0 0.0 0.0 0.0 0.0 0.0 0.0 150.0 241.0 38.0 -0.0284415286655 0.0502811693524 -0.100958173395 0.127472281334 0.0 
0.0 0.0 0.0 0.0 0.0 0.0 0.0 0.0 0.0 0.0 0.0 0.0 160.0 230.0 39.0 -0.100958173395 0.127472281334 -0.136014214649 0.122013565993 0.0 
0.0 0.0 0.0 0.0 0.0 0.0 0.0 0.0 0.0 0.0 0.0 0.0 178.0 207.0 42.0 -0.136014214649 0.122013565993 0.161070973383 -0.149506062549 -0.0217786123152 
0.0 0.0 0.0 0.0 0.0 0.0 0.0 0.0 0.0 0.0 0.0 0.0 174.0 210.0 47.0 0.161070973383 -0.149506062549 -0.160864268611 -0.20700275279 0.0 
0.0 0.0 0.0 0.0 0.0 0.0 0.0 0.0 0.0 0.0 0.0 0.0 185.0 197.0 55.0 -0.160864268611 -0.20700275279 0.2649368684 0.0269576694597 0.0106443667564 
0.0 0.0 0.0 0.0 0.0 0.0 0.0 0.0 0.0 0.0 0.0 0.0 177.0 210.0 49.0 0.2649368684 0.0269576694597 0.254631107687 0.162211568893 0.0 
0.0 0.0 0.0 0.0 0.0 0.0 0.0 0.0 0.0 0.0 0.0 0.0 159.0 232.0 39.0 0.254631107687 0.162211568893 -0.157454136417 -0.294425654158 0.0 
0.0 0.0 0.0 0.0 0.0 0.0 0.0 0.0 0.0 0.0 0.0 0.0 170.0 219.0 44.0 -0.157454136417 -0.294425654158 -0.0499393816821 -0.0538043813347 -0.0106443667564 
0.0 0.0 0.0 0.0 0.0 0.0 0.0 0.0 0.0 0.0 0.0 0.0 182.0 202.0 53.0 -0.0499393816821 -0.0538043813347 -0.0709268609413 -0.032421252241 0.0106443667564 
0.0 0.0 0.0 0.0 0.0 0.0 0.0 0.0 0.0 0.0 0.0 0.0 194.0 181.0 69.0 -0.0709268609413 -0.032421252241 -0.0607432038997 -0.0224954113423 -0.0217561066327 
0.0 0.0 0.0 0.0 0.0 0.0 0.0 0.0 0.0 0.0 0.0 0.0 208.0 156.0 93.0 -0.0607432038997 -0.0224954113423 0.066362473406 -0.240224056157 0.0 
0.0 0.0 0.0 0.0 0.0 0.0 0.0 0.0 0.0 0.0 0.0 0.0 207.0 157.0 93.0 0.066362473406 -0.240224056157 -0.105316135043 0.128432614557 0.0217561066327 
0.0 0.0 0.0 0.0 0.0 0.0 0.0 0.0 0.0 0.0 0.0 0.0 212.0 150.0 100.0 -0.105316135043 0.128432614557 -0.128114841009 0.232864088218 0.0 
0.0 0.0 0.0 0.0 0.0 0.0 0.0 0.0 0.0 0.0 0.0 0.0 226.0 122.0 130.0 -0.128114841009 0.232864088218 0.112338861496 -0.074972674925 -0.0217561066327 
0.0 0.0 0.0 0.0 0.0 0.0 0.0 0.0 0.0 0.0 0.0 0.0 226.0 119.0 137.0 0.112338861496 -0.074972674925 0.18737356716 0.162290768133 0.0 
0.0 0.0 0.0 0.0 0.0 0.0 0.0 0.0 0.0 0.0 0.0 0.0 210.0 150.0 102.0 0.18737356716 0.162290768133 0.0784928121989 0.183839615979 0.0217561066327 
0.0 0.0 0.0 0.0 0.0 0.0 0.0 0.0 0.0 0.0 0.0 0.0 195.0 181.0 70.0 0.0784928121989 0.183839615979 0.0805817458175 -0.0107332117682 0.0 
0.0 0.0 0.0 0.0 0.0 0.0 0.0 0.0 0.0 0.0 0.0 0.0 184.0 200.0 55.0 0.0805817458175 -0.0107332117682 0.149724178854 0.0701945345849 0.0 
0.0 0.0 0.0 0.0 0.0 0.0 0.0 0.0 0.0 0.0 0.0 0.0 175.0 213.0 47.0 0.149724178854 0.0701945345849 0.0983804764711 0.0174545816454 -0.0217561066327 
0.0 0.0 0.0 0.0 0.0 0.0 0.0 0.0 0.0 0.0 0.0 0.0 170.0 220.0 42.0 0.0983804764711 0.0174545816454 -0.0188943606609 -0.220485440709 0.0217561066327 
0.0 0.0 0.0 0.0 0.0 0.0 0.0 0.0 0.0 0.0 0.0 0.0 163.0 229.0 41.0 -0.0188943606609 -0.220485440709 -0.0799968602736 0.126313254068 -0.0106443667564 
0.0 0.0 0.0 0.0 0.0 0.0 0.0 0.0 0.0 0.0 0.0 0.0 158.0 235.0 40.0 -0.0799968602736 0.126313254068 -0.060708827259 0.0287711946097 0.0106443667564 
0.0 0.0 0.0 0.0 0.0 0.0 0.0 0.0 0.0 0.0 0.0 0.0 166.0 226.0 39.0 -0.060708827259 0.0287711946097 0.154162053232 0.139613468917 -0.0106443667564 
0.0 0.0 0.0 0.0 0.0 0.0 0.0 0.0 0.0 0.0 0.0 0.0 163.0 223.0 38.0 0.154162053232 0.139613468917 0.20854880803 -0.122520352797 0.0 
0.0 0.0 0.0 0.0 0.0 0.0 0.0 0.0 0.0 0.0 0.0 0.0 149.0 242.0 37.0 0.20854880803 -0.122520352797 -0.0282342189569 -0.10720538864 0.0108262769334 
0.0 0.0 0.0 0.0 0.0 0.0 0.0 0.0 0.0 0.0 0.0 0.0 143.0 252.0 37.0 -0.0282342189569 -0.10720538864 -0.184219811598 0.0523072488004 0.0109523353818 
0.0 0.0 0.0 0.0 0.0 0.0 0.0 0.0 0.0 0.0 0.0 0.0 154.0 239.0 38.0 -0.184219811598 0.0523072488004 -0.0178284348158 0.0957315389323 0.0 
0.0 0.0 0.0 0.0 0.0 0.0 0.0 0.0 0.0 0.0 0.0 0.0 164.0 229.0 40.0 -0.0178284348158 0.0957315389323 0.116137243658 -0.0232289168588 -0.0111342455588 
0.0 0.0 0.0 0.0 0.0 0.0 0.0 0.0 0.0 0.0 0.0 0.0 159.0 234.0 40.0 0.116137243658 -0.0232289168588 0.00465869014674 -0.0290451490303 0.0 
0.0 0.0 0.0 0.0 0.0 0.0 0.0 0.0 0.0 0.0 0.0 0.0 150.0 243.0 38.0 0.00465869014674 -0.0290451490303 -0.182842062957 0.0319440173258 0.0 
0.0 0.0 0.0 0.0 0.0 0.0 0.0 0.0 0.0 0.0 0.0 0.0 145.0 249.0 38.0 -0.182842062957 0.0319440173258 -0.143543367645 0.0185074654766 0.0111342455588 
0.0 0.0 0.0 0.0 0.0 0.0 0.0 0.0 0.0 0.0 0.0 0.0 143.0 250.0 38.0 -0.143543367645 0.0185074654766 0.100718289924 -0.144014213213 0.0 
0.0 0.0 0.0 0.0 0.0 0.0 0.0 0.0 0.0 0.0 0.0 0.0 143.0 253.0 38.0 0.100718289924 -0.144014213213 0.104020204482 -0.137802154506 0.0 
0.0 0.0 0.0 0.0 0.0 0.0 0.0 0.0 0.0 0.0 0.0 0.0 143.0 253.0 38.0 0.104020204482 -0.137802154506 -0.176535062974 -0.0683622875248 0.0 
0.0 0.0 0.0 0.0 0.0 0.0 0.0 0.0 0.0 0.0 0.0 0.0 143.0 253.0 38.0 -0.176535062974 -0.0683622875248 -0.0476258153946 -0.171695372605 0.0 
0.0 0.0 0.0 0.0 0.0 0.0 0.0 0.0 0.0 0.0 0.0 0.0 147.0 246.0 38.0 -0.0476258153946 -0.171695372605 -0.105688367582 0.157577249852 0.0 
0.0 0.0 0.0 0.0 0.0 0.0 0.0 0.0 0.0 0.0 0.0 0.0 163.0 230.0 41.0 -0.105688367582 0.157577249852 -0.0426901093533 0.33 0.0 
0.0 0.0 0.0 0.0 0.0 0.0 0.0 0.0 0.0 0.0 0.0 0.0 180.0 208.0 53.0 -0.0426901093533 0.33 0.176163857867 -0.33 -0.0225774458469 
0.0 0.0 0.0 0.0 0.0 0.0 0.0 0.0 0.0 0.0 0.0 0.0 174.0 216.0 49.0 0.176163857867 -0.33 0.106579543757 0.0964343977327 -0.0217186953005 
0.0 0.0 0.0 0.0 0.0 0.0 0.0 0.0 0.0 0.0 0.0 0.0 164.0 228.0 44.0 0.106579543757 0.0964343977327 -0.250585023371 -0.0683757894256 0.0217186953005 
0.0 0.0 0.0 0.0 0.0 0.0 0.0 0.0 0.0 0.0 0.0 0.0 178.0 211.0 51.0 -0.250585023371 -0.0683757894256 0.101498539644 0.113151593696 0.0 
# HEADER 7
0.0 0.0 0.0 0.0 0.0 0.0 0.0 0.0 0.0 0.0 0.0 0.0 133.0 250.0 255.0 0 0 -0.196822359634 -0.00949387329082 -0.0103129063446 
0.0 0.0 0.0 0.0 0.0 0.0 0.0 0.0 0.0 0.0 0.0 0.0 149.0 250.0 255.0 -0.196822359634 -0.00949387329082 0.262175591332 -0.0160310706056 0.0103129063446 
0.0 0.0 0.0 0.0 0.0 0.0 0.0 0.0 0.0 0.0 0.0 0.0 137.0 250.0 255.0 0.262175591332 -0.0160310706056 0.309507219597 -0.0109576747705 0.0 
0.0 0.0 0.0 0.0 0.0 0.0 0.0 0.0 0.0 0.0 0.0 0.0 118.0 252.0 255.0 0.309507219597 -0.0109576747705 0.283894290947 0.249707693817 -0.0103129063446 
0.0 0.0 0.0 0.0 0.0 0.0 0.0 0.0 0.0 0.0 0.0 0.0 112.0 255.0 255.0 0.283894290947 0.249707693817 0.0567394096686 0.33 0.0 
0.0 0.0 0.0 0.0 0.0 0.0 0.0 0.0 0.0 0.0 0.0 0.0 109.0 255.0 234.0 0.0567394096686 0.33 0.039315971001 0.173933339877 0.0217561066327 
0.0 0.0 100.0 0.0 0.0 100.0 0.0 100.0 0.0 0.0 100.0 0.0 111.0 255.0 200.0 0.039315971001 0.173933339877 0.10541620026 0.33 0.000181910176988 
0.0 0.0 100.0 0.0 0.0 100.0 0.0 100.0 0.0 0.0 100.0 0.0 117.0 255.0 154.0 0.10541620026 0.33 -0.0102604290846 0.25021052306 0.0754728537924 
0.0 0.0 0.0 0.0 0.0 0.0 100.0 100.0 0.0 0.0 0.0 0.0 122.0 255.0 117.0 -0.0102604290846 0.25021052306 -0.0597834127528 0.263992167205 0.111584544245 
0.0 0.0 0.0 0.0 0.0 0.0 100.0 0.0 0.0 0.0 0.0 0.0 125.0 255.0 77.0 -0.0597834127528 0.263992167205 0.116497413322 0.33 0.120146842994 
0.0 0.0 0.0 0.0 0.0 0.0 100.0 0.0 0.0 0.0 0.0 0.0 126.0 252.0 39.0 0.116497413322 0.33 0.204978220281 0.120431932247 0.174035572102 
0.0 0.0 0.0 0.0 0.0 0.0 100.0 0.0 0.0 0.0 0.0 0.0 125.0 251.0 37.0 0.204978220281 0.120431932247 0.0829472639793 0.0740316836525 0.246756441196 
0.0 0.0 0.0 0.0 0.0 0.0 100.0 0.0 0.0 0.0 0.0 0.0 125.0 251.0 37.0 0.0829472639793 0.0740316836525 0.33 -0.0394031964952 0.0367690922117 
0.0 0.0 0.0 0.0 0.0 0.0 100.0 0.0 0.0 0.0 0.0 0.0 125.0 255.0 43.0 0.33 -0.0394031964952 -0.152668636795 0.216162882094 0.0 
0.0 0.0 0.0 0.0 0.0 0.0 100.0 0.0 0.0 0.0 0.0 0.0 125.0 253.0 39.0 -0.152668636795 0.216162882094 -0.0863835803088 -0.0712957734346 0.0 
0.0 0.0 0.0 0.0 0.0 0.0 100.0 0.0 0.0 0.0 0.0 0.0 134.0 255.0 41.0 -0.0863835803088 -0.0712957734346 0.103207547076 -0.0082527068807 0.0 
0.0 0.0 0.0 0.0 0.0 0.0 100.0 0.0 0.0 0.0 0.0 0.0 147.0 250.0 41.0 0.103207547076 -0.0082527068807 0.0158663427949 -0.0326218142754 0.00139769897071 
0.0 0.0 0.0 0.0 0.0 0.0 0.0 0.0 0.0 0.0 0.0 0.0 161.0 238.0 46.0 0.0158663427949 -0.0326218142754 -0.00485393420501 -0.292476583389 -0.0374554498508 
0.0 0.0 0.0 0.0 0.0 0.0 0.0 0.0 0.0 0.0 0.0 0.0 165.0 235.0 48.0 -0.00485393420501 -0.292476583389 0.0667138481935 0.0464527592406 0.000738091034435 
0.0 0.0 0.0 0.0 0.0 0.0 0.0 0.0 0.0 0.0 0.0 0.0 162.0 239.0 47.0 0.0667138481935 0.0464527592406 -0.0671872470486 -0.214042337875 0.0 
0.0 0.0 0.0 0.0 0.0 0.0 100.0 0.0 0.0 0.0 0.0 0.0 157.0 246.0 45.0 -0.0671872470486 -0.214042337875 0.0190940426314 0.155595293028 0.0 
0.0 0.0 0.0 0.0 0.0 0.0 0.0 0.0 0.0 0.0 0.0 0.0 154.0 251.0 45.0 0.0190940426314 0.155595293028 -0.0469738299414 -0.169641213848 0.0 
# HEADER 8
0.0 0.0 0.0 0.0 0.0 0.0 0.0 0.0 0.0 0.0 0.0 0.0 133.0 249.0 255.0 0 0 0.148097812437 0.0354784566574 0.0 
0.0 0.0 0.0 0.0 0.0 0.0 0.0 0.0 0.0 0.0 0.0 0.0 119.0 249.0 255.0 0.148097812437 0.0354784566574 0.15735029694 0.0940975080494 0.000766377667157 
0.0 0.0 0.0 0.0 0.0 0.0 0.0 0.0 0.0 0.0 0.0 0.0 118.0 249.0 235.0 0.15735029694 0.0940975080494 -0.0580355263252 -0.0153224825122 0.0 
0.0 0.0 0.0 0.0 0.0 0.0 0.0 0.0 0.0 0.0 0.0 0.0 110.0 252.0 251.0 -0.0580355263252 -0.0153224825122 0.170452658447 0.188696691106 -0.000766377667157 
0.0 0.0 0.0 0.0 0.0 0.0 0.0 0.0 0.0 0.0 0.0 0.0 111.0 254.0 229.0 0.170452658447 0.188696691106 0.287237946733 0.0356274109974 0.0 
0.0 0.0 0.0 0.0 0.0 0.0 0.0 0.0 0.0 0.0 100.0 0.0 109.0 255.0 222.0 0.287237946733 0.0356274109974 -0.229104920846 -0.0605946886255 0.0 
0.0 0.0 0.0 0.0 0.0 0.0 0.0 0.0 0.0 0.0 0.0 0.0 110.0 251.0 249.0 -0.229104920846 -0.0605946886255 0.124600324349 -0.113572593839 -0.000738091034435 
0.0 0.0 0.0 0.0 0.0 0.0 0.0 0.0 0.0 0.0 0.0 0.0 109.0 254.0 255.0 0.124600324349 -0.113572593839 0.126956924115 0.0034408098974 0.0389059149901 
0.0 0.0 0.0 0.0 0.0 0.0 0.0 0.0 0.0 0.0 0.0 0.0 107.0 255.0 255.0 0.126956924115 0.0034408098974 -0.00397485029407 -0.031754036177 0.0 
0.0 0.0 0.0 0.0 0.0 0.0 0.0 0.0 0.0 0.0 0.0 0.0 106.0 255.0 255.0 -0.00397485029407 -0.031754036177 0.0879497955921 0.0314661041635 0.0 
0.0 0.0 0.0 0.0 0.0 0.0 0.0 0.0 0.0 0.0 0.0 0.0 106.0 255.0 255.0 0.0879497955921 0.0314661041635 -0.154297944868 -0.0356675203765 0.0 
0.0 0.0 0.0 0.0 0.0 0.0 0.0 0.0 0.0 0.0 0.0 0.0 107.0 255.0 255.0 -0.154297944868 -0.0356675203765 -0.259134467472 0.00823128672543 0.0 
0.0 0.0 0.0 0.0 0.0 0.0 0.0 0.0 0.0 0.0 0.0 0.0 113.0 252.0 255.0 -0.259134467472 0.00823128672543 -0.0100619837518 0.2103146966 0.0 
0.0 0.0 0.0 0.0 0.0 0.0 0.0 0.0 0.0 0.0 0.0 0.0 116.0 249.0 255.0 -0.0100619837518 0.2103146966 0.0949603896437 -0.00464228485068 -0.0381678239557 
0.0 0.0 0.0 0.0 0.0 0.0 0.0 0.0 0.0 0.0 0.0 0.0 116.0 248.0 254.0 0.0949603896437 -0.00464228485068 -0.0578857091851 -0.0213460975123 0.0 
0.0 0.0 0.0 0.0 0.0 0.0 0.0 0.0 0.0 0.0 0.0 0.0 120.0 250.0 255.0 -0.0578857091851 -0.0213460975123 0.33 0.174993659011 0.0 
0.0 0.0 0.0 0.0 0.0 0.0 0.0 0.0 0.0 0.0 0.0 0.0 115.0 250.0 250.0 0.33 0.174993659011 0.00213309962603 0.18465593397 0.0 
0.0 0.0 100.0 0.0 0.0 0.0 0.0 0.0 0.0 0.0 0.0 0.0 119.0 251.0 209.0 0.00213309962603 0.18465593397 -0.00577813278226 0.161701682472 0.0381678239557 
0.0 0.0 100.0 0.0 0.0 100.0 0.0 0.0 0.0 0.0 0.0 0.0 126.0 251.0 169.0 -0.00577813278226 0.161701682472 0.185011923617 0.241993331187 -0.0389059149901 
0.0 0.0 0.0 0.0 0.0 0.0 0.0 100.0 0.0 0.0 0.0 0.0 136.0 252.0 116.0 0.185011923617 0.241993331187 0.143564647115 0.236939322646 0.113466322258 
0.0 0.0 0.0 0.0 0.0 0.0 100.0 0.0 0.0 0.0 0.0 0.0 140.0 253.0 69.0 0.143564647115 0.236939322646 -0.0359712484958 0.0311437855979 0.159119709252 
0.0 0.0 0.0 0.0 0.0 0.0 100.0 0.0 0.0 0.0 0.0 0.0 140.0 253.0 58.0 -0.0359712484958 0.0311437855979 -0.00225012793782 0.0416307481606 0.1689038916 
0.0 0.0 0.0 0.0 0.0 0.0 100.0 0.0 0.0 0.0 0.0 0.0 140.0 253.0 57.0 -0.00225012793782 0.0416307481606 -0.0965094412638 0.0037936729961 0.0470554780858 
0.0 0.0 0.0 0.0 0.0 0.0 100.0 0.0 0.0 0.0 0.0 0.0 141.0 252.0 56.0 -0.0965094412638 0.0037936729961 -0.195255143946 0.202387075937 0.0 
0.0 0.0 0.0 0.0 0.0 0.0 100.0 0.0 0.0 0.0 0.0 0.0 142.0 247.0 40.0 -0.195255143946 0.202387075937 0.135358044009 0.274188949777 0.0 
0.0 0.0 0.0 0.0 0.0 0.0 100.0 0.0 0.0 0.0 0.0 0.0 140.0 247.0 37.0 0.135358044009 0.274188949777 0.260898409816 0.112730220267 0.142922185883 
0.0 0.0 0.0 0.0 0.0 0.0 100.0 0.0 0.0 0.0 0.0 0.0 137.0 247.0 37.0 0.260898409816 0.112730220267 -0.143409396689 -0.00414972011524 0.0 
0.0 0.0 0.0 0.0 0.0 0.0 100.0 0.0 0.0 0.0 0.0 0.0 146.0 248.0 38.0 -0.143409396689 -0.00414972011524 0.0412911013378 0.142902297342 0.0475111249809 
0.0 0.0 0.0 0.0 0.0 0.0 0.0 0.0 0.0 0.0 0.0 0.0 166.0 223.0 39.0 0.0412911013378 0.142902297342 -0.0804358335589 -0.0260198742861 0.0 
0.0 0.0 0.0 0.0 0.0 0.0 0.0 0.0 0.0 0.0 0.0 0.0 181.0 211.0 48.0 -0.0804358335589 -0.0260198742861 0.134495409507 0.0465057262901 0.0128786792115 
0.0 0.0 0.0 0.0 0.0 0.0 0.0 0.0 0.0 0.0 0.0 0.0 177.0 217.0 43.0 0.134495409507 0.0465057262901 -0.157553540283 -0.0964029630001 0.0 
# HEADER 9
0.0 0.0 0.0 0.0 0.0 0.0 0.0 0.0 0.0 0.0 0.0 0.0 133.0 250.0 255.0 0 0 -0.0392043973507 -0.258959959035 0.0476862983355 
0.0 0.0 0.0 0.0 0.0 0.0 0.0 0.0 0.0 0.0 0.0 0.0 134.0 251.0 255.0 -0.0392043973507 -0.258959959035 0.269656987789 0.0162598995493 0.0 
0.0 0.0 0.0 0.0 0.0 0.0 0.0 0.0 0.0 0.0 0.0 0.0 118.0 252.0 255.0 0.269656987789 0.0162598995493 -0.00517724460662 0.0785785924989 0.0 
# HEADER 10
0.0 0.0 0.0 0.0 0.0 0.0 0.0 0.0 0.0 0.0 0.0 0.0 133.0 247.0 255.0 0 0 -0.202001056702 -0.00413903328569 0.0 
0.0 0.0 0.0 0.0 0.0 0.0 0.0 0.0 0.0 0.0 0.0 0.0 134.0 250.0 255.0 -0.202001056702 -0.00413903328569 -0.121884300623 0.0842223178413 0.0 
0.0 0.0 0.0 0.0 0.0 0.0 0.0 0.0 0.0 0.0 0.0 0.0 133.0 230.0 255.0 -0.121884300623 0.0842223178413 0.0617067640491 0.21540998881 0.0 
0.0 0.0 0.0 0.0 0.0 0.0 0.0 0.0 0.0 0.0 0.0 0.0 135.0 243.0 192.0 0.0617067640491 0.21540998881 -0.0202081698494 0.129985646121 0.0 
0.0 0.0 0.0 0.0 0.0 0.0 0.0 100.0 0.0 0.0 0.0 0.0 142.0 248.0 136.0 -0.0202081698494 0.129985646121 0.119372087933 0.226162370403 0.0 
0.0 0.0 0.0 0.0 0.0 0.0 0.0 0.0 0.0 0.0 0.0 0.0 148.0 248.0 79.0 0.119372087933 0.226162370403 0.0442189145156 0.215278670783 0.013851879836 
0.0 0.0 0.0 0.0 0.0 0.0 100.0 0.0 0.0 0.0 0.0 0.0 148.0 247.0 42.0 0.0442189145156 0.215278670783 0.0217695040815 -0.0477210348083 0.170749225135 
0.0 0.0 0.0 0.0 0.0 0.0 100.0 0.0 0.0 0.0 0.0 0.0 145.0 255.0 50.0 0.0217695040815 -0.0477210348083 -0.0835616629333 -0.0304426700989 0.196765575345 
0.0 0.0 0.0 0.0 0.0 0.0 100.0 0.0 0.0 0.0 0.0 0.0 143.0 255.0 58.0 -0.0835616629333 -0.0304426700989 0.072003528373 -0.110559172993 0.0 
0.0 0.0 0.0 0.0 0.0 0.0 100.0 0.0 0.0 0.0 0.0 0.0 143.0 255.0 60.0 0.072003528373 -0.110559172993 0.00244942767198 -0.220880951992 -0.0173383364734 
0.0 0.0 0.0 0.0 0.0 0.0 100.0 0.0 0.0 0.0 0.0 0.0 143.0 255.0 61.0 0.00244942767198 -0.220880951992 -0.184996117918 -0.157541434142 0.0 
0.0 0.0 0.0 0.0 0.0 0.0 0.0 0.0 0.0 0.0 0.0 0.0 151.0 250.0 62.0 -0.184996117918 -0.157541434142 0.125852418896 -0.140420766974 0.0 
0.0 0.0 0.0 0.0 0.0 0.0 0.0 0.0 0.0 0.0 0.0 0.0 173.0 218.0 85.0 0.125852418896 -0.140420766974 -0.14898795943 0.0553832642522 0.0 
0.0 0.0 0.0 0.0 0.0 0.0 0.0 0.0 0.0 0.0 0.0 0.0 162.0 236.0 255.0 -0.14898795943 0.0553832642522 0.11797902822 0.122829124865 0.0 
0.0 0.0 0.0 0.0 0.0 0.0 0.0 0.0 0.0 0.0 0.0 0.0 194.0 187.0 252.0 0.11797902822 0.122829124865 -0.264524805711 0.0564973181998 0.0173383364734 
0.0 0.0 0.0 0.0 0.0 0.0 0.0 0.0 0.0 0.0 0.0 0.0 218.0 147.0 227.0 -0.264524805711 0.0564973181998 -0.0516651771172 0.0705698228256 0.0 
0.0 0.0 0.0 0.0 0.0 0.0 0.0 0.0 0.0 0.0 0.0 0.0 227.0 124.0 191.0 -0.0516651771172 0.0705698228256 -0.0676529358409 -0.095644824456 0.0 
0.0 0.0 0.0 0.0 0.0 0.0 0.0 0.0 0.0 0.0 0.0 0.0 231.0 140.0 224.0 -0.0676529358409 -0.095644824456 0.317054012092 0.122859172476 0.0 
0.0 0.0 0.0 0.0 0.0 0.0 0.0 0.0 0.0 0.0 0.0 0.0 213.0 139.0 207.0 0.317054012092 0.122859172476 0.0195567046438 0.33 0.0 
0.0 0.0 0.0 0.0 0.0 0.0 0.0 0.0 0.0 0.0 0.0 0.0 202.0 181.0 93.0 0.0195567046438 0.33 0.0476225350865 -0.303215814351 0.0 
0.0 0.0 0.0 0.0 0.0 0.0 0.0 0.0 0.0 0.0 0.0 0.0 196.0 170.0 176.0 0.0476225350865 -0.303215814351 -0.0480634370637 0.327430442384 0.0 
0.0 0.0 0.0 0.0 0.0 0.0 0.0 0.0 0.0 0.0 0.0 0.0 197.0 181.0 127.0 -0.0480634370637 0.327430442384 0.14519876961 0.0931673572654 0.0 
0.0 0.0 0.0 0.0 0.0 0.0 0.0 0.0 0.0 0.0 0.0 0.0 188.0 204.0 63.0 0.14519876961 0.0931673572654 -0.152404450029 0.129656275441 0.0 
0.0 0.0 0.0 0.0 0.0 0.0 0.0 0.0 0.0 0.0 0.0 0.0 180.0 211.0 43.0 -0.152404450029 0.129656275441 -0.131585536235 0.01329524581 0.0176041032271 
0.0 0.0 0.0 0.0 0.0 0.0 0.0 0.0 0.0 0.0 0.0 0.0 174.0 215.0 41.0 -0.131585536235 0.01329524581 -0.136824747256 -0.0992081949123 0.0569434541314 
0.0 0.0 0.0 0.0 0.0 0.0 0.0 0.0 0.0 0.0 0.0 0.0 183.0 207.0 62.0 -0.136824747256 -0.0992081949123 -0.140782726557 -0.201481166116 0.0 
0.0 0.0 0.0 0.0 0.0 0.0 0.0 0.0 0.0 0.0 0.0 0.0 186.0 178.0 203.0 -0.140782726557 -0.201481166116 -0.262836589456 0.20942535713 0.0 
0.0 0.0 0.0 0.0 0.0 0.0 0.0 0.0 0.0 0.0 0.0 0.0 207.0 159.0 165.0 -0.262836589456 0.20942535713 0.154762468325 -0.0123209934194 0.0 
0.0 0.0 0.0 0.0 0.0 0.0 0.0 0.0 0.0 0.0 0.0 0.0 201.0 162.0 178.0 0.154762468325 -0.0123209934194 -0.166827142836 -0.236816160407 0.0 
0.0 0.0 0.0 0.0 0.0 0.0 0.0 0.0 0.0 0.0 0.0 0.0 207.0 175.0 248.0 -0.166827142836 -0.236816160407 0.241208086037 -0.323972437842 0.0 
0.0 0.0 0.0 0.0 0.0 0.0 0.0 0.0 0.0 0.0 0.0 0.0 230.0 238.0 255.0 0.241208086037 -0.323972437842 0.0627858465406 -0.122444012662 0.0 
0.0 0.0 0.0 0.0 0.0 0.0 0.0 0.0 0.0 0.0 0.0 0.0 235.0 246.0 255.0 0.0627858465406 -0.122444012662 -0.00980730072099 0.00733708058277 0.0 
0.0 0.0 0.0 0.0 0.0 0.0 0.0 0.0 0.0 0.0 0.0 0.0 236.0 242.0 255.0 -0.00980730072099 0.00733708058277 0.33 -0.127902672321 0.0 
0.0 0.0 0.0 0.0 0.0 0.0 0.0 0.0 0.0 0.0 0.0 0.0 236.0 247.0 255.0 0.33 -0.127902672321 0.227121445815 -0.0040520306333 0.0 
0.0 0.0 0.0 0.0 0.0 0.0 0.0 0.0 0.0 0.0 0.0 0.0 231.0 249.0 255.0 0.227121445815 -0.0040520306333 0.113312182742 0.0184223981574 0.0 
0.0 0.0 0.0 0.0 0.0 0.0 0.0 0.0 0.0 0.0 0.0 0.0 210.0 248.0 255.0 0.113312182742 0.0184223981574 -0.0356851208969 -0.102864303908 0.0 
0.0 0.0 0.0 0.0 0.0 0.0 0.0 0.0 0.0 0.0 0.0 0.0 207.0 249.0 255.0 -0.0356851208969 -0.102864303908 -0.0336703721951 0.131968173502 0.0 
0.0 0.0 0.0 0.0 0.0 0.0 0.0 0.0 0.0 0.0 0.0 0.0 214.0 224.0 255.0 -0.0336703721951 0.131968173502 -0.045418255082 0.33 0.0 
0.0 0.0 0.0 0.0 0.0 0.0 0.0 0.0 0.0 0.0 0.0 0.0 218.0 155.0 235.0 -0.045418255082 0.33 -0.0870014307359 -0.0854115662342 0.0 
0.0 0.0 0.0 0.0 0.0 0.0 0.0 0.0 0.0 0.0 0.0 0.0 230.0 163.0 247.0 -0.0870014307359 -0.0854115662342 0.031503686164 -0.208699154086 0.0 
0.0 0.0 0.0 0.0 0.0 0.0 0.0 0.0 0.0 0.0 0.0 0.0 234.0 230.0 255.0 0.031503686164 -0.208699154086 0.117552551649 -0.0344305747143 0.0 
0.0 0.0 0.0 0.0 0.0 0.0 0.0 0.0 0.0 0.0 0.0 0.0 231.0 248.0 255.0 0.117552551649 -0.0344305747143 -0.046488898221 0.0469828695403 0.0 
0.0 0.0 0.0 0.0 0.0 0.0 0.0 0.0 0.0 0.0 0.0 0.0 230.0 228.0 255.0 -0.046488898221 0.0469828695403 0.158568545649 0.14584342097 0.0 
0.0 0.0 0.0 0.0 0.0 0.0 0.0 0.0 0.0 0.0 0.0 0.0 213.0 182.0 251.0 0.158568545649 0.14584342097 -0.005867615567 0.146240280117 0.0 
0.0 0.0 0.0 0.0 0.0 0.0 0.0 0.0 0.0 0.0 0.0 0.0 208.0 143.0 226.0 -0.005867615567 0.146240280117 -0.160634781638 0.17178212626 0.0 
0.0 0.0 0.0 0.0 0.0 0.0 0.0 0.0 0.0 0.0 0.0 0.0 222.0 140.0 144.0 -0.160634781638 0.17178212626 0.170382434182 -0.234138831476 0.0 
0.0 0.0 0.0 0.0 0.0 0.0 0.0 0.0 0.0 0.0 0.0 0.0 232.0 133.0 215.0 0.170382434182 -0.234138831476 0.0307334607237 0.0481882410342 0.0 
0.0 0.0 0.0 0.0 0.0 0.0 0.0 0.0 0.0 0.0 0.0 0.0 231.0 132.0 205.0 0.0307334607237 0.0481882410342 0.195141387919 0.191717732628 0.0 
0.0 0.0 0.0 0.0 0.0 0.0 0.0 0.0 0.0 0.0 0.0 0.0 213.0 155.0 130.0 0.195141387919 0.191717732628 0.316760100328 -0.229968710208 0.0 
0.0 0.0 0.0 0.0 0.0 0.0 0.0 0.0 0.0 0.0 0.0 0.0 189.0 169.0 203.0 0.316760100328 -0.229968710208 0.292910703496 0.0885735914194 0.0 
0.0 0.0 0.0 0.0 0.0 0.0 0.0 0.0 0.0 0.0 0.0 0.0 161.0 217.0 168.0 0.292910703496 0.0885735914194 0.18099525293 0.105801275538 0.0 
0.0 0.0 0.0 0.0 0.0 0.0 0.0 0.0 0.0 0.0 0.0 0.0 146.0 247.0 117.0 0.18099525293 0.105801275538 -0.0336008435679 0.116677433052 0.0 
0.0 0.0 0.0 0.0 0.0 0.0 0.0 0.0 0.0 0.0 0.0 0.0 145.0 247.0 90.0 -0.0336008435679 0.116677433052 0.0426764057683 -0.0947200797382 0.0178936450931 
0.0 0.0 0.0 0.0 0.0 0.0 0.0 0.0 0.0 0.0 0.0 0.0 139.0 251.0 123.0 0.0426764057683 -0.0947200797382 0.117165399286 0.33 0.108970424715 
0.0 0.0 0.0 0.0 0.0 0.0 0.0 0.0 0.0 0.0 0.0 0.0 140.0 249.0 108.0 0.117165399286 0.33 0.208516126858 0.143619470321 0.0 
0.0 0.0 0.0 0.0 0.0 0.0 100.0 0.0 0.0 0.0 0.0 0.0 144.0 250.0 69.0 0.208516126858 0.143619470321 -0.0265790104832 -0.141637759173 0.0369944604682 
0.0 0.0 0.0 0.0 0.0 0.0 100.0 0.0 0.0 0.0 0.0 0.0 144.0 250.0 89.0 -0.0265790104832 -0.141637759173 0.237649119278 0.29298998878 0.123781611731 
0.0 0.0 0.0 0.0 0.0 0.0 0.0 0.0 0.0 0.0 0.0 0.0 140.0 249.0 93.0 0.237649119278 0.29298998878 0.0552898589081 0.179530606791 0.0273821447038 
0.0 0.0 0.0 0.0 0.0 0.0 100.0 0.0 0.0 0.0 0.0 0.0 142.0 250.0 56.0 0.0552898589081 0.179530606791 -0.171656991748 0.271300337473 -0.00893088645198 
0.0 0.0 0.0 0.0 0.0 0.0 100.0 0.0 0.0 0.0 0.0 0.0 142.0 246.0 38.0 -0.171656991748 0.271300337473 -0.0820326015194 0.0333674999156 0.147292064243 
0.0 0.0 0.0 0.0 0.0 0.0 100.0 0.0 0.0 0.0 0.0 0.0 142.0 247.0 37.0 -0.0820326015194 0.0333674999156 -0.202001910241 -0.286178012297 0.0899246030444 
0.0 0.0 0.0 0.0 0.0 0.0 100.0 0.0 0.0 0.0 0.0 0.0 151.0 247.0 49.0 -0.202001910241 -0.286178012297 0.111955817434 -0.33 0.0176306550028 
0.0 0.0 0.0 0.0 0.0 0.0 0.0 0.0 0.0 0.0 0.0 0.0 132.0 235.0 229.0 0.111955817434 -0.33 -0.0329037001315 0.0869088200466 -0.0172709106286 
0.0 0.0 0.0 0.0 0.0 0.0 0.0 0.0 0.0 0.0 0.0 0.0 122.0 248.0 219.0 -0.0329037001315 0.0869088200466 0.261140133296 0.30501687741 -0.000359744374175 
0.0 0.0 0.0 0.0 0.0 0.0 0.0 0.0 0.0 0.0 0.0 0.0 123.0 251.0 172.0 0.261140133296 0.30501687741 -0.123744829588 0.207496917239 0.017361823287 
0.0 0.0 0.0 0.0 0.0 0.0 0.0 100.0 0.0 0.0 0.0 0.0 137.0 248.0 115.0 -0.123744829588 0.207496917239 0.134559608223 0.33 0.0350981774623 
