nrollouts: 10
# HEADER 1
0.0 0.0 0.0 0.0 0.0 0.0 0.0 0.0 0.0 0.0 0.0 0.0 133.0 248.0 255.0 0 0 0.0445631522245 0.263010417031 0.0119052975689 
0.0 0.0 0.0 0.0 0.0 0.0 0.0 0.0 0.0 0.0 0.0 0.0 134.0 236.0 230.0 0.0445631522245 0.263010417031 -0.132566985111 0.28390536496 0.0 
0.0 0.0 0.0 0.0 0.0 0.0 0.0 0.0 0.0 0.0 0.0 0.0 150.0 238.0 140.0 -0.132566985111 0.28390536496 0.00356091792132 0.0116751343944 0.0276599759993 
0.0 0.0 0.0 0.0 0.0 0.0 0.0 0.0 0.0 0.0 0.0 0.0 155.0 237.0 121.0 0.00356091792132 0.0116751343944 -0.0139408474894 0.122752477855 0.0 
0.0 0.0 0.0 0.0 0.0 0.0 0.0 0.0 0.0 0.0 0.0 0.0 160.0 237.0 88.0 -0.0139408474894 0.122752477855 -0.111451851262 -0.0422002394762 0.0 
0.0 0.0 0.0 0.0 0.0 0.0 0.0 0.0 0.0 0.0 0.0 0.0 164.0 228.0 119.0 -0.111451851262 -0.0422002394762 0.33 0.181987946357 0.0 
0.0 0.0 0.0 0.0 0.0 0.0 0.0 0.0 0.0 0.0 0.0 0.0 152.0 246.0 89.0 0.33 0.181987946357 0.33 0.0391868847683 0.0 
0.0 0.0 0.0 0.0 0.0 0.0 0.0 0.0 0.0 0.0 0.0 0.0 148.0 248.0 79.0 0.33 0.0391868847683 -0.0586725612081 -0.00238978856292 0.0115722350618 
0.0 0.0 0.0 0.0 0.0 0.0 0.0 0.0 0.0 0.0 0.0 0.0 141.0 255.0 89.0 -0.0586725612081 -0.00238978856292 0.198848721508 0.168586029291 0.0285137053791 
0.0 0.0 0.0 0.0 0.0 0.0 100.0 0.0 0.0 0.0 0.0 0.0 140.0 253.0 77.0 0.198848721508 0.168586029291 -0.193690357206 0.0784845018405 -0.0285137053791 
0.0 0.0 0.0 0.0 0.0 0.0 100.0 0.0 0.0 0.0 0.0 0.0 139.0 253.0 67.0 -0.193690357206 0.0784845018405 0.00808385121789 -0.0178672648307 0.0397066763757 
0.0 0.0 0.0 0.0 0.0 0.0 100.0 0.0 0.0 0.0 0.0 0.0 138.0 255.0 78.0 0.00808385121789 -0.0178672648307 -0.0628237581222 0.17667951018 0.0400626982704 
0.0 0.0 0.0 0.0 0.0 0.0 100.0 0.0 0.0 0.0 0.0 0.0 144.0 249.0 64.0 -0.0628237581222 0.17667951018 -0.0290315569209 -0.0261248608651 0.0 
0.0 0.0 0.0 0.0 0.0 0.0 0.0 0.0 0.0 0.0 0.0 0.0 149.0 248.0 67.0 -0.0290315569209 -0.0261248608651 0.269001742938 0.098939866376 0.0105183377002 
0.0 0.0 0.0 0.0 0.0 0.0 0.0 0.0 0.0 0.0 0.0 0.0 159.0 237.0 63.0 0.269001742938 0.098939866376 -0.176532470007 0.226472194695 0.0102734272287 
0.0 0.0 0.0 0.0 0.0 0.0 0.0 0.0 0.0 0.0 0.0 0.0 181.0 204.0 45.0 -0.176532470007 0.226472194695 0.262280554864 0.0805554801744 0.0 
0.0 0.0 0.0 0.0 0.0 0.0 0.0 0.0 0.0 0.0 0.0 0.0 180.0 198.0 40.0 0.262280554864 0.0805554801744 -0.312368059272 -0.275764972217 0.0967369554454 
0.0 0.0 0.0 0.0 0.0 0.0 0.0 0.0 0.0 0.0 0.0 0.0 194.0 183.0 66.0 -0.312368059272 -0.275764972217 -0.000659949679629 -0.0196686018291 0.0685189476523 
0.0 0.0 0.0 0.0 0.0 0.0 0.0 0.0 0.0 0.0 0.0 0.0 218.0 137.0 127.0 -0.000659949679629 -0.0196686018291 0.211237073663 -0.0458891277468 -0.0302162694452 
0.0 0.0 0.0 0.0 0.0 0.0 0.0 0.0 0.0 0.0 0.0 0.0 186.0 162.0 239.0 0.211237073663 -0.0458891277468 0.220761485739 -0.0768715854778 0.0 
0.0 0.0 0.0 0.0 0.0 0.0 0.0 0.0 0.0 0.0 0.0 0.0 162.0 221.0 255.0 0.220761485739 -0.0768715854778 0.0383173155245 -0.145565049653 0.00815384533824 
0.0 0.0 0.0 0.0 0.0 0.0 0.0 0.0 0.0 0.0 0.0 0.0 150.0 250.0 255.0 0.0383173155245 -0.145565049653 -0.104524001881 0.00190135766875 0.0 
0.0 0.0 0.0 0.0 0.0 0.0 0.0 0.0 0.0 0.0 0.0 0.0 158.0 250.0 255.0 -0.104524001881 0.00190135766875 0.079419269815 0.0802330536257 0.0 
0.0 0.0 0.0 0.0 0.0 0.0 0.0 0.0 0.0 0.0 0.0 0.0 153.0 249.0 255.0 0.079419269815 0.0802330536257 0.262921998042 -0.118635734511 0.0 
0.0 0.0 0.0 0.0 0.0 0.0 0.0 0.0 0.0 0.0 0.0 0.0 127.0 250.0 255.0 0.262921998042 -0.118635734511 0.305464565149 0.151562698413 0.0 
0.0 0.0 0.0 0.0 0.0 0.0 0.0 0.0 0.0 0.0 0.0 0.0 116.0 255.0 255.0 0.305464565149 0.151562698413 0.0059942420646 -0.0853631871296 0.0 
0.0 0.0 0.0 0.0 0.0 0.0 0.0 0.0 0.0 0.0 0.0 0.0 114.0 255.0 255.0 0.0059942420646 -0.0853631871296 0.16567711968 -0.00363093310697 0.0 
0.0 0.0 0.0 0.0 0.0 0.0 0.0 0.0 0.0 0.0 0.0 0.0 112.0 255.0 255.0 0.16567711968 -0.00363093310697 0.174903299788 -0.0461094326226 0.0 
0.0 0.0 0.0 0.0 0.0 0.0 0.0 0.0 0.0 0.0 0.0 0.0 110.0 255.0 255.0 0.174903299788 -0.0461094326226 0.237906827748 0.00322450883005 0.0 
0.0 0.0 0.0 0.0 0.0 0.0 0.0 0.0 0.0 0.0 0.0 0.0 107.0 255.0 255.0 0.237906827748 0.00322450883005 -0.0918733743818 0.280224064334 0.0 
0.0 0.0 0.0 0.0 0.0 0.0 0.0 0.0 0.0 0.0 0.0 0.0 110.0 255.0 255.0 -0.0918733743818 0.280224064334 0.0575941189143 0.258425136306 0.0 
0.0 0.0 0.0 0.0 0.0 0.0 0.0 0.0 0.0 0.0 0.0 0.0 125.0 247.0 205.0 0.0575941189143 0.258425136306 0.0344403990987 0.33 0.0 
0.0 0.0 0.0 0.0 0.0 0.0 0.0 0.0 0.0 0.0 0.0 0.0 136.0 248.0 138.0 0.0344403990987 0.33 -0.0465631266382 0.141602206592 0.0299023272978 
0.0 0.0 0.0 0.0 0.0 0.0 100.0 0.0 0.0 0.0 0.0 0.0 140.0 249.0 99.0 -0.0465631266382 0.141602206592 0.273709746094 0.129265090269 0.0448170941245 
0.0 0.0 0.0 0.0 0.0 0.0 100.0 0.0 0.0 0.0 0.0 0.0 140.0 252.0 77.0 0.273709746094 0.129265090269 -0.179177601966 0.253592983258 0.0972482833369 
0.0 0.0 0.0 0.0 0.0 0.0 100.0 0.0 0.0 0.0 0.0 0.0 149.0 247.0 41.0 -0.179177601966 0.253592983258 0.115693292062 -0.133351466265 0.0710330688997 
0.0 0.0 0.0 0.0 0.0 0.0 100.0 0.0 0.0 0.0 0.0 0.0 149.0 253.0 49.0 0.115693292062 -0.133351466265 0.0861324000178 0.259722300608 0.123379490829 
0.0 0.0 0.0 0.0 0.0 0.0 100.0 0.0 0.0 0.0 0.0 0.0 147.0 248.0 45.0 0.0861324000178 0.259722300608 0.124365914715 -0.103330886813 -0.0263889078598 
0.0 0.0 0.0 0.0 0.0 0.0 100.0 0.0 0.0 0.0 0.0 0.0 145.0 255.0 52.0 0.124365914715 -0.103330886813 -0.0803883173722 0.100739949453 0.0263889078598 
0.0 0.0 0.0 0.0 0.0 0.0 100.0 0.0 0.0 0.0 0.0 0.0 150.0 247.0 48.0 -0.0803883173722 0.100739949453 0.187173177966 0.137862959578 -0.0296453932612 
0.0 0.0 0.0 0.0 0.0 0.0 100.0 0.0 0.0 0.0 0.0 0.0 147.0 247.0 41.0 0.187173177966 0.137862959578 0.0714130207087 0.0590045485074 0.00325648540136 
0.0 0.0 0.0 0.0 0.0 0.0 100.0 0.0 0.0 0.0 0.0 0.0 146.0 247.0 40.0 0.0714130207087 0.0590045485074 0.163742002759 0.204455037084 0.0263889078598 
0.0 0.0 0.0 0.0 0.0 0.0 100.0 0.0 0.0 0.0 0.0 0.0 143.0 247.0 37.0 0.163742002759 0.204455037084 0.126809771259 -0.11796624317 0.0 
0.0 0.0 0.0 0.0 0.0 0.0 100.0 0.0 0.0 0.0 0.0 0.0 142.0 255.0 47.0 0.126809771259 -0.11796624317 0.154874483032 0.000818304230152 0.0295240251208 
0.0 0.0 0.0 0.0 0.0 0.0 100.0 0.0 0.0 0.0 0.0 0.0 142.0 255.0 50.0 0.154874483032 0.000818304230152 0.135747423851 0.215596738858 -0.0295240251208 
0.0 0.0 0.0 0.0 0.0 0.0 100.0 0.0 0.0 0.0 0.0 0.0 142.0 252.0 43.0 0.135747423851 0.215596738858 0.213911153714 -0.0539257690977 0.0 
0.0 0.0 0.0 0.0 0.0 0.0 100.0 0.0 0.0 0.0 0.0 0.0 140.0 255.0 50.0 0.213911153714 -0.0539257690977 0.170103800877 -0.0511879196718 0.0 
0.0 0.0 0.0 0.0 0.0 0.0 100.0 0.0 0.0 0.0 0.0 0.0 140.0 255.0 52.0 0.170103800877 -0.0511879196718 -0.0264027742061 0.0108849767572 0.0 
0.0 0.0 0.0 0.0 0.0 0.0 100.0 0.0 0.0 0.0 0.0 0.0 140.0 255.0 53.0 -0.0264027742061 0.0108849767572 -0.0305202742772 -0.142647855636 0.0 
0.0 0.0 0.0 0.0 0.0 0.0 100.0 0.0 0.0 0.0 0.0 0.0 144.0 255.0 51.0 -0.0305202742772 -0.142647855636 -0.0224748389584 -0.0253165916094 0.0 
0.0 0.0 0.0 0.0 0.0 0.0 100.0 0.0 0.0 0.0 0.0 0.0 149.0 255.0 50.0 -0.0224748389584 -0.0253165916094 0.0585288649221 -0.16266198732 0.0 
0.0 0.0 0.0 0.0 0.0 0.0 100.0 0.0 0.0 0.0 0.0 0.0 148.0 255.0 52.0 0.0585288649221 -0.16266198732 -0.0188881400071 -0.00869210115932 0.00284317130738 
0.0 0.0 0.0 0.0 0.0 0.0 100.0 0.0 0.0 0.0 0.0 0.0 150.0 254.0 52.0 -0.0188881400071 -0.00869210115932 0.33 -0.270877157982 0.0 
0.0 0.0 0.0 0.0 0.0 0.0 0.0 0.0 0.0 0.0 0.0 0.0 152.0 249.0 64.0 0.33 -0.270877157982 -0.153801945807 -0.097978375064 0.0 
0.0 0.0 0.0 0.0 0.0 0.0 0.0 0.0 0.0 0.0 0.0 0.0 136.0 250.0 255.0 -0.153801945807 -0.097978375064 0.159869355863 0.259085361561 0.0 
0.0 0.0 0.0 0.0 0.0 0.0 0.0 0.0 0.0 0.0 0.0 0.0 122.0 249.0 255.0 0.159869355863 0.259085361561 -0.0385290872525 -0.0484354898486 0.0 
0.0 0.0 0.0 0.0 0.0 0.0 0.0 0.0 0.0 0.0 0.0 0.0 117.0 254.0 255.0 -0.0385290872525 -0.0484354898486 0.160789494504 0.00964290051127 0.0 
0.0 0.0 0.0 0.0 0.0 0.0 0.0 0.0 0.0 0.0 0.0 0.0 114.0 255.0 255.0 0.160789494504 0.00964290051127 -0.130617870777 0.0104833284264 0.0 
0.0 100.0 0.0 0.0 0.0 0.0 0.0 0.0 0.0 0.0 0.0 0.0 111.0 255.0 255.0 -0.130617870777 0.0104833284264 0.254766781096 0.277290728027 0.0 
0.0 100.0 100.0 0.0 0.0 0.0 0.0 0.0 0.0 0.0 0.0 0.0 110.0 255.0 241.0 0.254766781096 0.277290728027 0.185144582167 -0.155619942366 0.0 
0.0 100.0 0.0 0.0 0.0 0.0 0.0 0.0 0.0 0.0 0.0 0.0 106.0 255.0 255.0 0.185144582167 -0.155619942366 0.207012169911 0.124499600341 0.0 
0.0 100.0 0.0 0.0 0.0 0.0 0.0 0.0 0.0 0.0 0.0 0.0 105.0 255.0 252.0 0.207012169911 0.124499600341 -0.222876074508 0.0572607797832 0.0 
0.0 0.0 100.0 0.0 0.0 0.0 0.0 0.0 0.0 0.0 0.0 0.0 115.0 251.0 230.0 -0.222876074508 0.0572607797832 0.275067404088 0.193011905199 0.0 
0.0 0.0 0.0 0.0 0.0 0.0 0.0 0.0 0.0 0.0 0.0 0.0 135.0 247.0 159.0 0.275067404088 0.193011905199 0.040421520868 0.0777666850882 0.0 
0.0 0.0 0.0 0.0 0.0 0.0 0.0 0.0 0.0 0.0 0.0 0.0 154.0 237.0 119.0 0.040421520868 0.0777666850882 0.153581661252 0.172586144749 0.0 
0.0 0.0 0.0 0.0 0.0 0.0 0.0 0.0 0.0 0.0 0.0 0.0 175.0 221.0 72.0 0.153581661252 0.172586144749 0.118104280714 -0.00405915401451 0.0 
0.0 0.0 0.0 0.0 0.0 0.0 0.0 0.0 0.0 0.0 0.0 0.0 175.0 222.0 70.0 0.118104280714 -0.00405915401451 0.116471417363 -0.133848216634 0.0291092220797 
0.0 0.0 0.0 0.0 0.0 0.0 0.0 0.0 0.0 0.0 0.0 0.0 158.0 229.0 144.0 0.116471417363 -0.133848216634 -0.0797206529419 -0.0151892926236 -0.0291092220797 
0.0 0.0 0.0 0.0 0.0 0.0 0.0 0.0 0.0 0.0 0.0 0.0 136.0 236.0 215.0 -0.0797206529419 -0.0151892926236 0.33 0.229376700331 0.0 
0.0 0.0 0.0 0.0 0.0 0.0 0.0 0.0 0.0 0.0 0.0 0.0 128.0 249.0 179.0 0.33 0.229376700331 0.0363233262115 0.33 0.0 
0.0 0.0 0.0 0.0 0.0 0.0 0.0 100.0 0.0 0.0 0.0 0.0 129.0 252.0 127.0 0.0363233262115 0.33 -0.188126225119 0.241392020326 0.0291092220797 
0.0 0.0 0.0 0.0 0.0 0.0 100.0 0.0 0.0 0.0 0.0 0.0 130.0 254.0 89.0 -0.188126225119 0.241392020326 -0.079937019513 0.226150061756 0.084921533754 
0.0 0.0 0.0 0.0 0.0 0.0 100.0 0.0 0.0 0.0 0.0 0.0 131.0 255.0 54.0 -0.079937019513 0.226150061756 0.241511707606 0.103781382211 0.140374061224 
0.0 0.0 0.0 0.0 0.0 0.0 100.0 0.0 0.0 0.0 0.0 0.0 131.0 254.0 46.0 0.241511707606 0.103781382211 -0.0972157292662 -0.0909825665907 0.137904555172 
0.0 0.0 0.0 0.0 0.0 0.0 100.0 0.0 0.0 0.0 0.0 0.0 138.0 254.0 52.0 -0.0972157292662 -0.0909825665907 -0.219572309458 0.182196323816 0.0597587776753 
0.0 0.0 0.0 0.0 0.0 0.0 0.0 0.0 0.0 0.0 0.0 0.0 153.0 239.0 47.0 -0.219572309458 0.182196323816 0.199748969335 0.24260296322 -0.0597587776753 
0.0 0.0 0.0 0.0 0.0 0.0 0.0 0.0 0.0 0.0 0.0 0.0 182.0 191.0 40.0 0.199748969335 0.24260296322 -0.0372089836951 -0.147240779861 0.0281688251226 
# HEADER 2
0.0 0.0 0.0 0.0 0.0 0.0 0.0 0.0 0.0 0.0 0.0 0.0 133.0 250.0 255.0 0 0 0.10930944295 0.234516156298 0.0602230158214 
0.0 0.0 0.0 0.0 0.0 0.0 0.0 0.0 0.0 0.0 0.0 0.0 133.0 234.0 242.0 0.10930944295 0.234516156298 0.196924536066 -0.108861020518 -0.0327352243728 
0.0 0.0 0.0 0.0 0.0 0.0 0.0 0.0 0.0 0.0 0.0 0.0 119.0 251.0 255.0 0.196924536066 -0.108861020518 -0.268347355884 0.00385365053561 0.0272304827421 
0.0 0.0 0.0 0.0 0.0 0.0 0.0 0.0 0.0 0.0 0.0 0.0 130.0 246.0 255.0 -0.268347355884 0.00385365053561 -0.0864045425133 0.270632556344 -0.0272304827421 
0.0 0.0 0.0 0.0 0.0 0.0 0.0 0.0 0.0 0.0 0.0 0.0 156.0 205.0 227.0 -0.0864045425133 0.270632556344 0.0317169056893 -0.0223624435681 0.0327352243728 
0.0 0.0 0.0 0.0 0.0 0.0 0.0 0.0 0.0 0.0 0.0 0.0 183.0 180.0 242.0 0.0317169056893 -0.0223624435681 0.0053004580256 0.33 -0.0327352243728 
0.0 0.0 0.0 0.0 0.0 0.0 0.0 0.0 0.0 0.0 0.0 0.0 209.0 147.0 190.0 0.0053004580256 0.33 -0.0966349737248 0.33 0.0272304827421 
0.0 0.0 0.0 0.0 0.0 0.0 0.0 0.0 0.0 0.0 0.0 0.0 226.0 141.0 84.0 -0.0966349737248 0.33 0.00138750243763 -0.33 0.0 
0.0 0.0 0.0 0.0 0.0 0.0 0.0 0.0 0.0 0.0 0.0 0.0 231.0 126.0 166.0 0.00138750243763 -0.33 -0.0534455860849 0.00453532156379 0.0 
0.0 0.0 0.0 0.0 0.0 0.0 0.0 0.0 0.0 0.0 0.0 0.0 231.0 128.0 190.0 -0.0534455860849 0.00453532156379 -0.223609098419 0.130940103224 0.0 
0.0 0.0 0.0 0.0 0.0 0.0 0.0 0.0 0.0 0.0 0.0 0.0 231.0 124.0 141.0 -0.223609098419 0.130940103224 0.105041505459 0.018600474218 0.0 
0.0 0.0 0.0 0.0 0.0 0.0 0.0 0.0 0.0 0.0 0.0 0.0 230.0 130.0 114.0 0.105041505459 0.018600474218 0.111796161721 -0.0456097834182 0.0 
0.0 0.0 0.0 0.0 0.0 0.0 0.0 0.0 0.0 0.0 0.0 0.0 223.0 132.0 156.0 0.111796161721 -0.0456097834182 0.0691296564558 -0.305607754368 0.0 
0.0 0.0 0.0 0.0 0.0 0.0 0.0 0.0 0.0 0.0 0.0 0.0 202.0 167.0 245.0 0.0691296564558 -0.305607754368 0.33 0.0669665287531 0.00550474163072 
# HEADER 3
0.0 0.0 0.0 0.0 0.0 0.0 0.0 0.0 0.0 0.0 0.0 0.0 133.0 249.0 255.0 0 0 -0.0738262438334 0.294538896151 0.0 
0.0 0.0 0.0 0.0 0.0 0.0 0.0 0.0 0.0 0.0 0.0 0.0 140.0 226.0 232.0 -0.0738262438334 0.294538896151 -0.00148732593323 0.254671818578 0.0 
0.0 0.0 0.0 0.0 0.0 0.0 0.0 0.0 0.0 0.0 0.0 0.0 159.0 226.0 142.0 -0.00148732593323 0.254671818578 0.172463376535 0.0291529120377 0.0327352243728 
0.0 0.0 0.0 0.0 0.0 0.0 0.0 0.0 0.0 0.0 0.0 0.0 157.0 236.0 109.0 0.172463376535 0.0291529120377 0.0168776479074 0.0332803880366 -0.00550474163072 
0.0 0.0 0.0 0.0 0.0 0.0 0.0 100.0 0.0 0.0 0.0 0.0 155.0 240.0 98.0 0.0168776479074 0.0332803880366 0.149962465605 0.19956032108 0.0327415778952 
0.0 0.0 0.0 0.0 0.0 0.0 0.0 0.0 0.0 0.0 0.0 0.0 154.0 247.0 51.0 0.149962465605 0.19956032108 0.108976930925 -0.0893593982725 0.0 
0.0 0.0 0.0 0.0 0.0 0.0 0.0 0.0 0.0 0.0 0.0 0.0 149.0 251.0 66.0 0.108976930925 -0.0893593982725 -0.0974591492836 0.00938696170346 0.126672690692 
0.0 0.0 0.0 0.0 0.0 0.0 0.0 0.0 0.0 0.0 0.0 0.0 153.0 245.0 79.0 -0.0974591492836 0.00938696170346 0.174594448487 -0.0314613493539 -0.0263911669174 
0.0 0.0 0.0 0.0 0.0 0.0 0.0 0.0 0.0 0.0 0.0 0.0 143.0 248.0 126.0 0.174594448487 -0.0314613493539 -0.0692894105445 0.104316809927 0.0263911669174 
0.0 0.0 0.0 0.0 0.0 0.0 0.0 0.0 0.0 0.0 0.0 0.0 147.0 244.0 114.0 -0.0692894105445 0.104316809927 -0.201514828936 0.0164212307509 -0.0532689636572 
0.0 0.0 0.0 0.0 0.0 0.0 0.0 0.0 0.0 0.0 0.0 0.0 155.0 236.0 109.0 -0.201514828936 0.0164212307509 0.279673128251 -0.0961874941028 0.0532689636572 
0.0 0.0 0.0 0.0 0.0 0.0 0.0 0.0 0.0 0.0 0.0 0.0 141.0 239.0 168.0 0.279673128251 -0.0961874941028 0.047614323265 0.293874720818 0.0 
0.0 0.0 0.0 0.0 0.0 0.0 0.0 100.0 0.0 0.0 0.0 0.0 134.0 249.0 141.0 0.047614323265 0.293874720818 0.134897929416 0.114157143519 0.0 
0.0 0.0 0.0 0.0 0.0 0.0 0.0 100.0 0.0 0.0 0.0 0.0 136.0 251.0 108.0 0.134897929416 0.114157143519 -0.0292199969022 0.315676016813 0.0335841940792 
0.0 0.0 0.0 0.0 0.0 0.0 100.0 0.0 0.0 0.0 0.0 0.0 145.0 249.0 51.0 -0.0292199969022 0.315676016813 0.137540228101 -0.278884356537 0.109614218737 
0.0 0.0 0.0 0.0 0.0 0.0 0.0 0.0 0.0 0.0 0.0 0.0 149.0 251.0 62.0 0.137540228101 -0.278884356537 0.0951861498682 0.0698014788856 0.207057959195 
0.0 0.0 0.0 0.0 0.0 0.0 0.0 0.0 0.0 0.0 0.0 0.0 141.0 248.0 112.0 0.0951861498682 0.0698014788856 0.0395291514356 -0.025991740335 -0.021874233937 
0.0 0.0 0.0 0.0 0.0 0.0 0.0 0.0 0.0 0.0 0.0 0.0 138.0 250.0 131.0 0.0395291514356 -0.025991740335 0.0442005199811 0.147026035548 0.021874233937 
0.0 0.0 0.0 0.0 0.0 0.0 0.0 0.0 0.0 0.0 0.0 0.0 138.0 249.0 123.0 0.0442005199811 0.147026035548 -0.0436528125978 0.33 -0.021874233937 
0.0 0.0 0.0 0.0 0.0 0.0 100.0 0.0 0.0 0.0 0.0 0.0 144.0 250.0 61.0 -0.0436528125978 0.33 -0.10621630462 0.0103556914049 0.021874233937 
0.0 0.0 0.0 0.0 0.0 0.0 100.0 0.0 0.0 0.0 0.0 0.0 150.0 246.0 48.0 -0.10621630462 0.0103556914049 0.0687750731158 0.123801212115 0.202943061208 
0.0 0.0 0.0 0.0 0.0 0.0 0.0 0.0 0.0 0.0 0.0 0.0 171.0 221.0 44.0 0.0687750731158 0.123801212115 0.0899300073427 -0.208114292737 0.06886881908 
0.0 0.0 0.0 0.0 0.0 0.0 0.0 0.0 0.0 0.0 0.0 0.0 165.0 234.0 52.0 0.0899300073427 -0.208114292737 0.14816966161 -0.10468869858 0.0818662822083 
0.0 0.0 0.0 0.0 0.0 0.0 0.0 0.0 0.0 0.0 0.0 0.0 142.0 236.0 183.0 0.14816966161 -0.10468869858 -0.126400707184 0.106779794171 -0.014467098435 
0.0 0.0 0.0 0.0 0.0 0.0 0.0 0.0 0.0 0.0 0.0 0.0 132.0 247.0 173.0 -0.126400707184 0.106779794171 0.0702525529786 0.174244050174 0.0 
0.0 0.0 0.0 0.0 0.0 0.0 0.0 0.0 0.0 0.0 0.0 0.0 135.0 248.0 138.0 0.0702525529786 0.174244050174 0.083775182075 0.115630181431 0.0138553988078 
0.0 0.0 0.0 0.0 0.0 0.0 100.0 0.0 0.0 0.0 0.0 0.0 137.0 250.0 107.0 0.083775182075 0.115630181431 0.0725693976442 -0.0430567980266 0.0976462742757 
0.0 0.0 0.0 0.0 0.0 0.0 0.0 0.0 0.0 0.0 0.0 0.0 136.0 254.0 125.0 0.0725693976442 -0.0430567980266 0.0272968846396 0.117227993841 0.109867778136 
0.0 0.0 0.0 0.0 0.0 0.0 0.0 0.0 0.0 0.0 0.0 0.0 135.0 251.0 121.0 0.0272968846396 0.117227993841 -0.00310970851305 0.255116513903 0.00565844419943 
0.0 0.0 0.0 0.0 0.0 0.0 100.0 0.0 0.0 0.0 0.0 0.0 140.0 252.0 76.0 -0.00310970851305 0.255116513903 0.257123180305 0.245340077025 -0.014623548633 
0.0 0.0 0.0 0.0 0.0 0.0 100.0 0.0 0.0 0.0 0.0 0.0 140.0 250.0 42.0 0.257123180305 0.245340077025 -0.0149734937566 -0.00160094442562 0.132323338452 
0.0 0.0 0.0 0.0 0.0 0.0 100.0 0.0 0.0 0.0 0.0 0.0 138.0 254.0 44.0 -0.0149734937566 -0.00160094442562 0.0825761311383 0.034637425897 0.202316046216 
0.0 0.0 0.0 0.0 0.0 0.0 100.0 0.0 0.0 0.0 0.0 0.0 137.0 254.0 45.0 0.0825761311383 0.034637425897 0.0553439585421 -0.00257138149249 0.000704337092238 
0.0 0.0 0.0 0.0 0.0 0.0 100.0 0.0 0.0 0.0 0.0 0.0 137.0 255.0 48.0 0.0553439585421 -0.00257138149249 0.0346219073102 0.104415120796 0.0 
0.0 0.0 0.0 0.0 0.0 0.0 100.0 0.0 0.0 0.0 0.0 0.0 137.0 254.0 44.0 0.0346219073102 0.104415120796 0.20606179854 0.176466518434 0.0 
0.0 0.0 0.0 0.0 0.0 0.0 100.0 0.0 0.0 0.0 0.0 0.0 136.0 248.0 39.0 0.20606179854 0.176466518434 0.00941377952058 -0.0288044826492 0.0 
0.0 0.0 0.0 0.0 0.0 0.0 100.0 0.0 0.0 0.0 0.0 0.0 136.0 255.0 45.0 0.00941377952058 -0.0288044826492 0.0972570353065 0.186174364068 0.043804928667 
0.0 0.0 0.0 0.0 0.0 0.0 100.0 0.0 0.0 0.0 0.0 0.0 136.0 252.0 41.0 0.0972570353065 0.186174364068 -0.0858122794179 0.111510277016 0.0497963195596 
0.0 0.0 0.0 0.0 0.0 0.0 100.0 0.0 0.0 0.0 0.0 0.0 136.0 249.0 39.0 -0.0858122794179 0.111510277016 0.0450919994916 0.0101257742817 -0.0497963195596 
0.0 0.0 0.0 0.0 0.0 0.0 100.0 0.0 0.0 0.0 0.0 0.0 136.0 249.0 39.0 0.0450919994916 0.0101257742817 -0.0924891648978 0.0923682951448 0.0605336530861 
0.0 0.0 0.0 0.0 0.0 0.0 100.0 0.0 0.0 0.0 0.0 0.0 142.0 245.0 37.0 -0.0924891648978 0.0923682951448 0.000928839995831 0.0280129776985 0.0 
0.0 0.0 0.0 0.0 0.0 0.0 100.0 0.0 0.0 0.0 0.0 0.0 146.0 243.0 37.0 0.000928839995831 0.0280129776985 0.0715050370758 -0.0149860873379 -0.0605336530861 
0.0 0.0 0.0 0.0 0.0 0.0 100.0 0.0 0.0 0.0 0.0 0.0 146.0 248.0 41.0 0.0715050370758 -0.0149860873379 -0.131700955636 -0.00630825039991 0.0 
0.0 0.0 0.0 0.0 0.0 0.0 100.0 0.0 0.0 0.0 0.0 0.0 146.0 253.0 45.0 -0.131700955636 -0.00630825039991 -0.245625852926 0.0580109097139 0.0382277140998 
0.0 0.0 0.0 0.0 0.0 0.0 0.0 0.0 0.0 0.0 0.0 0.0 162.0 235.0 45.0 -0.245625852926 0.0580109097139 -0.0185629295227 -0.232519569444 -0.0660995555397 
0.0 0.0 0.0 0.0 0.0 0.0 0.0 0.0 0.0 0.0 0.0 0.0 171.0 233.0 64.0 -0.0185629295227 -0.232519569444 -0.00412548332299 -0.205675593518 0.0475500130582 
0.0 0.0 0.0 0.0 0.0 0.0 0.0 0.0 0.0 0.0 0.0 0.0 154.0 209.0 250.0 -0.00412548332299 -0.205675593518 0.105575275905 0.0817006842683 -0.0780313237074 
0.0 0.0 0.0 0.0 0.0 0.0 0.0 0.0 0.0 0.0 0.0 0.0 144.0 228.0 226.0 0.105575275905 0.0817006842683 0.0624328557298 0.0798635296398 0.0 
0.0 0.0 0.0 0.0 0.0 0.0 0.0 0.0 0.0 0.0 0.0 0.0 138.0 246.0 176.0 0.0624328557298 0.0798635296398 -0.179351031364 0.200366848001 0.0152978254015 
0.0 0.0 100.0 0.0 0.0 100.0 0.0 0.0 0.0 0.0 0.0 0.0 142.0 248.0 134.0 -0.179351031364 0.200366848001 -0.135905419993 0.137174558853 0.0627334983058 
0.0 0.0 0.0 0.0 0.0 0.0 0.0 0.0 0.0 0.0 0.0 0.0 144.0 250.0 98.0 -0.135905419993 0.137174558853 -0.0122509816408 -0.0225251274043 0.100226679833 
0.0 0.0 0.0 0.0 0.0 0.0 0.0 0.0 0.0 0.0 0.0 0.0 143.0 252.0 109.0 -0.0122509816408 -0.0225251274043 -0.0240342524615 -0.0219577779936 0.134713471115 
0.0 0.0 0.0 0.0 0.0 0.0 0.0 0.0 0.0 0.0 0.0 0.0 134.0 251.0 161.0 -0.0240342524615 -0.0219577779936 0.122211531302 0.100101692393 0.0 
0.0 0.0 0.0 0.0 0.0 0.0 0.0 0.0 0.0 0.0 0.0 0.0 131.0 251.0 161.0 0.122211531302 0.100101692393 0.242959311575 0.33 -0.00363383859682 
0.0 0.0 0.0 0.0 0.0 0.0 0.0 0.0 0.0 0.0 0.0 0.0 132.0 252.0 117.0 0.242959311575 0.33 -0.271347169399 0.0755467795041 0.00363383859682 
0.0 0.0 0.0 0.0 0.0 0.0 0.0 0.0 0.0 0.0 0.0 0.0 143.0 248.0 86.0 -0.271347169399 0.0755467795041 -0.00430846651532 0.237911666577 0.133742686449 
0.0 0.0 0.0 0.0 0.0 0.0 0.0 0.0 0.0 0.0 0.0 0.0 150.0 246.0 42.0 -0.00430846651532 0.237911666577 -0.0568380323653 0.264900989652 0.0819612065822 
0.0 0.0 0.0 0.0 0.0 0.0 0.0 0.0 0.0 0.0 0.0 0.0 167.0 217.0 37.0 -0.0568380323653 0.264900989652 -0.0868348268828 -0.309130814256 0.169190903198 
0.0 0.0 0.0 0.0 0.0 0.0 0.0 0.0 0.0 0.0 0.0 0.0 176.0 211.0 49.0 -0.0868348268828 -0.309130814256 -0.167927899591 -0.314890052207 0.179661052047 
0.0 0.0 0.0 0.0 0.0 0.0 0.0 0.0 0.0 0.0 0.0 0.0 187.0 196.0 66.0 -0.167927899591 -0.314890052207 -0.123010505471 0.0260163966408 0.0205587138463 
0.0 0.0 0.0 0.0 0.0 0.0 0.0 0.0 0.0 0.0 0.0 0.0 200.0 171.0 99.0 -0.123010505471 0.0260163966408 0.0511021887787 0.201370502268 0.0 
0.0 0.0 0.0 0.0 0.0 0.0 0.0 0.0 0.0 0.0 0.0 0.0 188.0 189.0 141.0 0.0511021887787 0.201370502268 -0.0631028992904 0.0390644634225 0.0 
0.0 0.0 0.0 0.0 0.0 0.0 0.0 0.0 0.0 0.0 0.0 0.0 199.0 181.0 100.0 -0.0631028992904 0.0390644634225 -0.0897737873759 0.185865970445 0.0 
0.0 0.0 0.0 0.0 0.0 0.0 0.0 0.0 0.0 0.0 0.0 0.0 209.0 169.0 53.0 -0.0897737873759 0.185865970445 0.191046890411 0.155175435961 0.0 
0.0 0.0 0.0 0.0 0.0 0.0 0.0 0.0 0.0 0.0 0.0 0.0 207.0 153.0 40.0 0.191046890411 0.155175435961 0.0714359823431 -0.265230321741 0.0 
0.0 0.0 0.0 0.0 0.0 0.0 0.0 0.0 0.0 0.0 0.0 0.0 203.0 154.0 46.0 0.0714359823431 -0.265230321741 -0.262588288459 -0.22769555004 0.118639519541 
0.0 0.0 0.0 0.0 0.0 0.0 0.0 0.0 0.0 0.0 0.0 0.0 193.0 166.0 43.0 -0.262588288459 -0.22769555004 -0.210282328205 -0.21111272947 0.0749060733729 
0.0 0.0 0.0 0.0 0.0 0.0 0.0 0.0 0.0 0.0 0.0 0.0 204.0 153.0 49.0 -0.210282328205 -0.21111272947 -0.00539801911935 -0.33 0.0 
0.0 0.0 0.0 0.0 0.0 0.0 0.0 0.0 0.0 0.0 0.0 0.0 223.0 123.0 79.0 -0.00539801911935 -0.33 -0.0153341673425 -0.33 -0.00460066902238 
0.0 0.0 0.0 0.0 0.0 0.0 0.0 0.0 0.0 0.0 0.0 0.0 230.0 112.0 93.0 -0.0153341673425 -0.33 0.0519306033447 -0.33 0.0 
0.0 0.0 0.0 0.0 0.0 0.0 0.0 0.0 0.0 0.0 0.0 0.0 230.0 112.0 94.0 0.0519306033447 -0.33 0.0292886169349 -0.33 0.0 
0.0 0.0 0.0 0.0 0.0 0.0 0.0 0.0 0.0 0.0 0.0 0.0 228.0 115.0 92.0 0.0292886169349 -0.33 -0.0203749000319 -0.250158926667 0.0 
0.0 0.0 0.0 0.0 0.0 0.0 0.0 0.0 0.0 0.0 0.0 0.0 229.0 115.0 92.0 -0.0203749000319 -0.250158926667 -0.33 -0.149463050984 0.0 
0.0 0.0 0.0 0.0 0.0 0.0 0.0 0.0 0.0 0.0 0.0 0.0 230.0 112.0 95.0 -0.33 -0.149463050984 0.220307372618 0.0288739459699 0.0 
0.0 0.0 0.0 0.0 0.0 0.0 0.0 0.0 0.0 0.0 0.0 0.0 230.0 111.0 96.0 0.220307372618 0.0288739459699 0.0548327980047 -0.210294742721 0.0 
0.0 0.0 0.0 0.0 0.0 0.0 0.0 0.0 0.0 0.0 0.0 0.0 230.0 111.0 96.0 0.0548327980047 -0.210294742721 -0.33 -0.0592563848096 0.0 
0.0 0.0 0.0 0.0 0.0 0.0 0.0 0.0 0.0 0.0 0.0 0.0 226.0 118.0 90.0 -0.33 -0.0592563848096 -0.109531384053 0.113712851727 0.0 
0.0 0.0 0.0 0.0 0.0 0.0 0.0 0.0 0.0 0.0 0.0 0.0 219.0 131.0 75.0 -0.109531384053 0.113712851727 0.0546662838731 -0.0969849729871 0.0 
0.0 0.0 0.0 0.0 0.0 0.0 0.0 0.0 0.0 0.0 0.0 0.0 212.0 145.0 61.0 0.0546662838731 -0.0969849729871 0.0270473130244 -0.293583273881 0.0 
0.0 0.0 0.0 0.0 0.0 0.0 0.0 0.0 0.0 0.0 0.0 0.0 205.0 157.0 50.0 0.0270473130244 -0.293583273881 0.0232282622564 -0.0453226707679 0.0 
0.0 0.0 0.0 0.0 0.0 0.0 0.0 0.0 0.0 0.0 0.0 0.0 204.0 159.0 50.0 0.0232282622564 -0.0453226707679 0.0338046598397 -0.33 0.0 
0.0 0.0 0.0 0.0 0.0 0.0 0.0 0.0 0.0 0.0 0.0 0.0 203.0 159.0 50.0 0.0338046598397 -0.33 0.0779359149607 0.264921498629 0.0 
0.0 0.0 0.0 0.0 0.0 0.0 0.0 0.0 0.0 0.0 0.0 0.0 199.0 163.0 48.0 0.0779359149607 0.264921498629 0.110215265887 -0.226682002919 0.0 
0.0 0.0 0.0 0.0 0.0 0.0 0.0 0.0 0.0 0.0 0.0 0.0 195.0 168.0 46.0 0.110215265887 -0.226682002919 -0.243361622472 -0.179668851052 0.0 
0.0 0.0 0.0 0.0 0.0 0.0 0.0 0.0 0.0 0.0 0.0 0.0 208.0 152.0 55.0 -0.243361622472 -0.179668851052 0.33 -0.259097024345 0.0 
0.0 0.0 0.0 0.0 0.0 0.0 0.0 0.0 0.0 0.0 0.0 0.0 200.0 164.0 48.0 0.33 -0.259097024345 -0.0703999305485 -0.119512124558 0.0 
0.0 0.0 0.0 0.0 0.0 0.0 0.0 0.0 0.0 0.0 0.0 0.0 185.0 183.0 39.0 -0.0703999305485 -0.119512124558 -0.113192071444 -0.115681905167 0.0 
0.0 0.0 0.0 0.0 0.0 0.0 0.0 0.0 0.0 0.0 0.0 0.0 192.0 175.0 41.0 -0.113192071444 -0.115681905167 0.198709101181 0.0170104730639 0.00460066902238 
0.0 0.0 0.0 0.0 0.0 0.0 0.0 0.0 0.0 0.0 0.0 0.0 188.0 179.0 41.0 0.198709101181 0.0170104730639 -0.0145180432783 -0.290111419892 -0.00460066902238 
0.0 0.0 0.0 0.0 0.0 0.0 0.0 0.0 0.0 0.0 0.0 0.0 187.0 180.0 40.0 -0.0145180432783 -0.290111419892 0.294262810386 -0.189427625132 0.00460066902238 
0.0 0.0 0.0 0.0 0.0 0.0 0.0 0.0 0.0 0.0 0.0 0.0 180.0 188.0 38.0 0.294262810386 -0.189427625132 0.0668051590591 -0.33 -0.00460066902238 
0.0 0.0 0.0 0.0 0.0 0.0 0.0 0.0 0.0 0.0 0.0 0.0 177.0 191.0 38.0 0.0668051590591 -0.33 0.00331199030243 0.154678399276 0.00460066902238 
0.0 0.0 0.0 0.0 0.0 0.0 0.0 0.0 0.0 0.0 0.0 0.0 177.0 192.0 38.0 0.00331199030243 0.154678399276 0.0551770670836 0.0217191525401 0.0 
0.0 0.0 0.0 0.0 0.0 0.0 0.0 0.0 0.0 0.0 0.0 0.0 178.0 192.0 38.0 0.0551770670836 0.0217191525401 -0.222788483245 -0.0120318428409 0.0 
0.0 0.0 0.0 0.0 0.0 0.0 0.0 0.0 0.0 0.0 0.0 0.0 178.0 192.0 38.0 -0.222788483245 -0.0120318428409 0.268929057175 -0.129844457006 0.0 
0.0 0.0 0.0 0.0 0.0 0.0 0.0 0.0 0.0 0.0 0.0 0.0 177.0 192.0 38.0 0.268929057175 -0.129844457006 0.0396875278524 -0.0387888462117 0.0 
0.0 0.0 0.0 0.0 0.0 0.0 0.0 0.0 0.0 0.0 0.0 0.0 177.0 192.0 38.0 0.0396875278524 -0.0387888462117 0.0148050862754 -0.132817967983 0.0 
0.0 0.0 0.0 0.0 0.0 0.0 0.0 0.0 0.0 0.0 0.0 0.0 177.0 192.0 38.0 0.0148050862754 -0.132817967983 -0.115235730291 -0.226912480295 0.0 
0.0 0.0 0.0 0.0 0.0 0.0 0.0 0.0 0.0 0.0 0.0 0.0 187.0 181.0 40.0 -0.115235730291 -0.226912480295 0.141259156078 -0.260140414168 0.0 
0.0 0.0 0.0 0.0 0.0 0.0 0.0 0.0 0.0 0.0 0.0 0.0 186.0 183.0 41.0 0.141259156078 -0.260140414168 0.0726626504946 -0.119831518807 -0.00460066902238 
0.0 0.0 0.0 0.0 0.0 0.0 0.0 0.0 0.0 0.0 0.0 0.0 182.0 187.0 39.0 0.0726626504946 -0.119831518807 -0.241354889809 -0.14452936388 0.0 
0.0 0.0 0.0 0.0 0.0 0.0 0.0 0.0 0.0 0.0 0.0 0.0 181.0 188.0 39.0 -0.241354889809 -0.14452936388 0.0421279470381 0.259627732813 -0.0277937808517 
0.0 0.0 0.0 0.0 0.0 0.0 0.0 0.0 0.0 0.0 0.0 0.0 180.0 189.0 38.0 0.0421279470381 0.259627732813 0.215079348906 -0.0782716351192 0.0 
0.0 0.0 0.0 0.0 0.0 0.0 0.0 0.0 0.0 0.0 0.0 0.0 180.0 189.0 38.0 0.215079348906 -0.0782716351192 -0.0131395352912 -0.0203068399378 0.0 
0.0 0.0 0.0 0.0 0.0 0.0 0.0 0.0 0.0 0.0 0.0 0.0 182.0 187.0 38.0 -0.0131395352912 -0.0203068399378 -0.0467291061478 0.202385343619 0.0 
0.0 0.0 0.0 0.0 0.0 0.0 0.0 0.0 0.0 0.0 0.0 0.0 190.0 177.0 41.0 -0.0467291061478 0.202385343619 -0.143595523584 -0.0552463668362 0.0277937808517 
0.0 0.0 0.0 0.0 0.0 0.0 0.0 0.0 0.0 0.0 0.0 0.0 207.0 157.0 55.0 -0.143595523584 -0.0552463668362 0.190467075852 0.0432133986185 0.0 
0.0 0.0 0.0 0.0 0.0 0.0 0.0 0.0 0.0 0.0 0.0 0.0 201.0 167.0 49.0 0.190467075852 0.0432133986185 -0.277894948251 -0.204245257986 -0.0328778638467 
0.0 0.0 0.0 0.0 0.0 0.0 0.0 0.0 0.0 0.0 0.0 0.0 215.0 146.0 65.0 -0.277894948251 -0.204245257986 -0.112567826879 -0.195037441233 0.0 
0.0 0.0 0.0 0.0 0.0 0.0 0.0 0.0 0.0 0.0 0.0 0.0 232.0 118.0 94.0 -0.112567826879 -0.195037441233 -0.00603127493046 -0.109557682932 0.0 
0.0 0.0 0.0 0.0 0.0 0.0 0.0 0.0 0.0 0.0 0.0 0.0 235.0 114.0 100.0 -0.00603127493046 -0.109557682932 -0.120371989521 -0.30894814794 0.0281107760367 
0.0 0.0 0.0 0.0 0.0 0.0 0.0 0.0 0.0 0.0 0.0 0.0 235.0 113.0 102.0 -0.120371989521 -0.30894814794 -0.073588817813 -0.156648508392 0.0 
0.0 0.0 0.0 0.0 0.0 0.0 0.0 0.0 0.0 0.0 0.0 0.0 235.0 113.0 102.0 -0.073588817813 -0.156648508392 -0.33 0.0472268988322 0.0 
0.0 0.0 0.0 0.0 0.0 0.0 0.0 0.0 0.0 0.0 0.0 0.0 236.0 113.0 102.0 -0.33 0.0472268988322 0.0210106362707 -0.140933771712 0.0 
0.0 0.0 0.0 0.0 0.0 0.0 0.0 0.0 0.0 0.0 0.0 0.0 236.0 113.0 103.0 0.0210106362707 -0.140933771712 -0.250409118736 -0.265605002923 0.0 
0.0 0.0 0.0 0.0 0.0 0.0 0.0 0.0 0.0 0.0 0.0 0.0 236.0 113.0 103.0 -0.250409118736 -0.265605002923 0.182230833155 0.0611717996516 0.0 
0.0 0.0 0.0 0.0 0.0 0.0 0.0 0.0 0.0 0.0 0.0 0.0 235.0 114.0 102.0 0.182230833155 0.0611717996516 -0.00603959817662 0.0709367293136 0.0 
0.0 0.0 0.0 0.0 0.0 0.0 0.0 0.0 0.0 0.0 0.0 0.0 233.0 114.0 102.0 -0.00603959817662 0.0709367293136 -0.279600970819 -0.292481650381 0.0 
0.0 0.0 0.0 0.0 0.0 0.0 0.0 0.0 0.0 0.0 0.0 0.0 236.0 113.0 103.0 -0.279600970819 -0.292481650381 0.33 -0.154423697899 0.0 
0.0 0.0 0.0 0.0 0.0 0.0 0.0 0.0 0.0 0.0 0.0 0.0 233.0 114.0 102.0 0.33 -0.154423697899 0.243945428958 -0.0468757119338 0.0 
0.0 0.0 0.0 0.0 0.0 0.0 0.0 0.0 0.0 0.0 0.0 0.0 229.0 121.0 94.0 0.243945428958 -0.0468757119338 0.0360195700025 -0.302285635491 0.0 
0.0 0.0 0.0 0.0 0.0 0.0 0.0 0.0 0.0 0.0 0.0 0.0 224.0 129.0 86.0 0.0360195700025 -0.302285635491 0.090106825033 0.0153238786666 0.0 
0.0 0.0 0.0 0.0 0.0 0.0 0.0 0.0 0.0 0.0 0.0 0.0 221.0 134.0 80.0 0.090106825033 0.0153238786666 0.0156648304988 -0.00447031482707 0.0 
0.0 0.0 0.0 0.0 0.0 0.0 0.0 0.0 0.0 0.0 0.0 0.0 218.0 141.0 74.0 0.0156648304988 -0.00447031482707 0.0781622449077 -0.160605083269 0.0 
0.0 0.0 0.0 0.0 0.0 0.0 0.0 0.0 0.0 0.0 0.0 0.0 214.0 146.0 69.0 0.0781622449077 -0.160605083269 -0.233080388186 0.118548542517 0.0 
0.0 0.0 0.0 0.0 0.0 0.0 0.0 0.0 0.0 0.0 0.0 0.0 210.0 152.0 64.0 -0.233080388186 0.118548542517 -0.296355087763 -0.0605424796277 0.0 
0.0 0.0 0.0 0.0 0.0 0.0 0.0 0.0 0.0 0.0 0.0 0.0 227.0 123.0 92.0 -0.296355087763 -0.0605424796277 0.311343621533 0.305308259999 0.0 
0.0 0.0 0.0 0.0 0.0 0.0 0.0 0.0 0.0 0.0 0.0 0.0 217.0 139.0 76.0 0.311343621533 0.305308259999 0.0835374371338 0.0781665298655 0.0 
0.0 0.0 0.0 0.0 0.0 0.0 0.0 0.0 0.0 0.0 0.0 0.0 197.0 172.0 49.0 0.0835374371338 0.0781665298655 -0.175079161551 -0.236642610876 0.0 
0.0 0.0 0.0 0.0 0.0 0.0 0.0 0.0 0.0 0.0 0.0 0.0 207.0 157.0 59.0 -0.175079161551 -0.236642610876 -0.234644223154 -0.183335332876 -0.0281107760367 
0.0 0.0 0.0 0.0 0.0 0.0 0.0 0.0 0.0 0.0 0.0 0.0 227.0 120.0 95.0 -0.234644223154 -0.183335332876 -0.160630458622 -0.33 0.0281107760367 
0.0 0.0 0.0 0.0 0.0 0.0 0.0 0.0 0.0 0.0 0.0 0.0 233.0 109.0 110.0 -0.160630458622 -0.33 0.0929723723457 -0.137449978679 0.0 
0.0 0.0 0.0 0.0 0.0 0.0 0.0 0.0 0.0 0.0 0.0 0.0 232.0 109.0 111.0 0.0929723723457 -0.137449978679 0.225740167159 0.0151662576715 0.0 
0.0 0.0 0.0 0.0 0.0 0.0 0.0 0.0 0.0 0.0 0.0 0.0 224.0 122.0 96.0 0.225740167159 0.0151662576715 -0.219135120814 -0.33 0.0 
# HEADER 4
0.0 0.0 0.0 0.0 0.0 0.0 0.0 0.0 0.0 0.0 0.0 0.0 133.0 250.0 255.0 0 0 0.14552212244 0.184697484562 -0.0333738064266 
0.0 0.0 0.0 0.0 0.0 0.0 0.0 0.0 0.0 0.0 0.0 0.0 120.0 248.0 254.0 0.14552212244 0.184697484562 -0.136463867281 0.327551606903 0.0 
0.0 0.0 0.0 0.0 0.0 0.0 0.0 0.0 0.0 0.0 0.0 0.0 127.0 249.0 194.0 -0.136463867281 0.327551606903 -0.00247256556922 0.0883462626566 0.0 
0.0 0.0 0.0 0.0 0.0 100.0 0.0 100.0 0.0 0.0 0.0 0.0 130.0 249.0 163.0 -0.00247256556922 0.0883462626566 0.161686354434 -0.114964828581 0.0427415632591 
0.0 0.0 0.0 0.0 0.0 0.0 0.0 0.0 0.0 0.0 0.0 0.0 123.0 249.0 210.0 0.161686354434 -0.114964828581 0.114986405046 0.213283685497 0.0714430294666 
0.0 0.0 0.0 0.0 0.0 0.0 0.0 0.0 0.0 0.0 0.0 0.0 122.0 250.0 195.0 0.114986405046 0.213283685497 0.00217228096346 0.22914135512 0.0 
0.0 0.0 0.0 0.0 0.0 100.0 0.0 100.0 0.0 0.0 0.0 0.0 127.0 251.0 152.0 0.00217228096346 0.22914135512 0.189001994725 0.33 0.0 
0.0 0.0 0.0 0.0 0.0 100.0 0.0 100.0 0.0 0.0 0.0 0.0 134.0 253.0 95.0 0.189001994725 0.33 -0.0657786564395 0.20656370384 0.110591777936 
0.0 0.0 0.0 0.0 0.0 0.0 100.0 0.0 0.0 0.0 0.0 0.0 137.0 254.0 54.0 -0.0657786564395 0.20656370384 0.0426856406079 0.260275665347 0.185622368074 
0.0 0.0 0.0 0.0 0.0 0.0 100.0 0.0 0.0 0.0 0.0 0.0 137.0 247.0 37.0 0.0426856406079 0.260275665347 -0.207520468013 -0.148205552166 0.153303077164 
0.0 0.0 0.0 0.0 0.0 0.0 0.0 0.0 0.0 0.0 0.0 0.0 146.0 248.0 43.0 -0.207520468013 -0.148205552166 0.309119600418 -0.203643767348 0.166451814293 
0.0 0.0 0.0 0.0 0.0 0.0 0.0 0.0 0.0 0.0 0.0 0.0 153.0 223.0 188.0 0.309119600418 -0.203643767348 0.0244361615258 0.216458041595 0.0 
0.0 0.0 0.0 0.0 0.0 0.0 0.0 0.0 0.0 0.0 0.0 0.0 168.0 212.0 152.0 0.0244361615258 0.216458041595 0.121367967211 0.110587083058 0.00814489978148 
0.0 0.0 0.0 0.0 0.0 0.0 0.0 0.0 0.0 0.0 0.0 0.0 191.0 192.0 99.0 0.121367967211 0.110587083058 0.162605305518 -0.0382730895603 0.0 
0.0 0.0 0.0 0.0 0.0 0.0 0.0 0.0 0.0 0.0 0.0 0.0 190.0 189.0 125.0 0.162605305518 -0.0382730895603 0.0703463592712 -0.0165515231983 0.0 
0.0 0.0 0.0 0.0 0.0 0.0 0.0 0.0 0.0 0.0 0.0 0.0 172.0 200.0 182.0 0.0703463592712 -0.0165515231983 -0.15817926115 0.0599752219916 0.0 
0.0 0.0 0.0 0.0 0.0 0.0 0.0 0.0 0.0 0.0 0.0 0.0 159.0 224.0 154.0 -0.15817926115 0.0599752219916 0.029539627802 -0.0890201332108 0.0 
0.0 0.0 0.0 0.0 0.0 0.0 0.0 0.0 0.0 0.0 0.0 0.0 148.0 221.0 214.0 0.029539627802 -0.0890201332108 0.158331424575 0.0829672846872 0.0 
0.0 0.0 0.0 0.0 0.0 0.0 0.0 0.0 0.0 0.0 0.0 0.0 143.0 233.0 189.0 0.158331424575 0.0829672846872 0.0960587161764 0.149294737885 0.0 
0.0 0.0 0.0 0.0 0.0 0.0 0.0 0.0 0.0 0.0 0.0 0.0 143.0 247.0 127.0 0.0960587161764 0.149294737885 -0.0784556935898 -0.000461789159138 0.0 
0.0 0.0 0.0 0.0 0.0 0.0 0.0 0.0 0.0 0.0 0.0 0.0 144.0 247.0 124.0 -0.0784556935898 -0.000461789159138 0.000379028513002 0.00797557884458 0.0 
0.0 0.0 0.0 0.0 0.0 0.0 0.0 0.0 0.0 0.0 0.0 0.0 143.0 247.0 126.0 0.000379028513002 0.00797557884458 -0.0327581508607 -0.148883197772 0.0382780833289 
0.0 0.0 0.0 0.0 0.0 0.0 0.0 0.0 0.0 0.0 0.0 0.0 132.0 243.0 202.0 -0.0327581508607 -0.148883197772 0.102484137593 0.208411128261 0.0 
0.0 0.0 0.0 0.0 0.0 0.0 0.0 0.0 0.0 0.0 0.0 0.0 132.0 247.0 175.0 0.102484137593 0.208411128261 -0.0229956015988 0.284926430879 -0.0382780833289 
0.0 0.0 0.0 0.0 0.0 0.0 0.0 0.0 0.0 0.0 0.0 0.0 141.0 248.0 111.0 -0.0229956015988 0.284926430879 0.239247020435 -0.0475488795917 0.0 
0.0 0.0 0.0 0.0 0.0 0.0 0.0 0.0 0.0 0.0 0.0 0.0 136.0 253.0 125.0 0.239247020435 -0.0475488795917 0.010749005126 -0.126336978263 0.180535585965 
0.0 0.0 0.0 0.0 0.0 0.0 0.0 0.0 0.0 0.0 0.0 0.0 120.0 249.0 226.0 0.010749005126 -0.126336978263 0.0995649407988 0.031962515498 0.0 
0.0 0.0 0.0 0.0 0.0 0.0 0.0 0.0 0.0 0.0 0.0 0.0 119.0 248.0 230.0 0.0995649407988 0.031962515498 0.264475483667 0.168491606462 0.0 
0.0 0.0 100.0 0.0 0.0 0.0 0.0 0.0 0.0 0.0 0.0 0.0 120.0 252.0 200.0 0.264475483667 0.168491606462 0.0434395849545 0.168171372838 0.0 
0.0 0.0 100.0 0.0 0.0 0.0 0.0 100.0 0.0 0.0 0.0 0.0 122.0 252.0 172.0 0.0434395849545 0.168171372838 -0.111558610459 0.109015940559 0.0 
0.0 0.0 0.0 0.0 0.0 0.0 0.0 0.0 0.0 0.0 0.0 0.0 133.0 249.0 142.0 -0.111558610459 0.109015940559 -0.0126668926172 0.0516988729495 0.095231286313 
0.0 0.0 0.0 0.0 0.0 0.0 0.0 0.0 0.0 0.0 0.0 0.0 139.0 248.0 123.0 -0.0126668926172 0.0516988729495 0.125897112468 0.163367561932 0.060564977547 
0.0 0.0 0.0 0.0 0.0 0.0 0.0 0.0 0.0 0.0 0.0 0.0 141.0 250.0 90.0 0.125897112468 0.163367561932 -0.132754676115 0.07430729012 0.013851879836 
0.0 0.0 0.0 0.0 0.0 0.0 0.0 0.0 0.0 0.0 0.0 0.0 148.0 247.0 70.0 -0.132754676115 0.07430729012 -0.0212465047491 -0.101964350394 0.109190686378 
0.0 0.0 0.0 0.0 0.0 0.0 0.0 0.0 0.0 0.0 0.0 0.0 150.0 244.0 101.0 -0.0212465047491 -0.101964350394 0.0422447463716 0.059253057228 0.0615585387569 
0.0 0.0 0.0 0.0 0.0 0.0 0.0 0.0 0.0 0.0 0.0 0.0 147.0 246.0 107.0 0.0422447463716 0.059253057228 0.125425077184 0.232398683356 0.0 
0.0 0.0 0.0 0.0 0.0 0.0 0.0 0.0 0.0 0.0 0.0 0.0 150.0 247.0 66.0 0.125425077184 0.232398683356 0.134484146345 0.0985616747967 0.0 
0.0 0.0 0.0 0.0 0.0 0.0 0.0 0.0 0.0 0.0 0.0 0.0 151.0 247.0 47.0 0.134484146345 0.0985616747967 0.211921692132 -0.229988198641 0.12090605704 
0.0 0.0 0.0 0.0 0.0 0.0 0.0 0.0 0.0 0.0 0.0 0.0 146.0 254.0 64.0 0.211921692132 -0.229988198641 -0.0163003443105 -0.0757342724276 0.0344951202526 
0.0 0.0 0.0 0.0 0.0 0.0 100.0 0.0 0.0 0.0 0.0 0.0 142.0 254.0 73.0 -0.0163003443105 -0.0757342724276 0.0203487550935 0.0549377278963 0.0240260615787 
0.0 0.0 0.0 0.0 0.0 0.0 100.0 0.0 0.0 0.0 0.0 0.0 140.0 255.0 76.0 0.0203487550935 0.0549377278963 -0.0477960904718 0.0739341201847 -0.0170683565563 
0.0 0.0 0.0 0.0 0.0 0.0 100.0 0.0 0.0 0.0 0.0 0.0 144.0 253.0 69.0 -0.0477960904718 0.0739341201847 -0.0592673724427 0.212058071607 0.0 
0.0 0.0 0.0 0.0 0.0 0.0 0.0 0.0 0.0 0.0 0.0 0.0 151.0 247.0 48.0 -0.0592673724427 0.212058071607 0.177775390759 0.157749951778 -0.0243561280926 
0.0 0.0 0.0 0.0 0.0 0.0 0.0 0.0 0.0 0.0 0.0 0.0 166.0 227.0 41.0 0.177775390759 0.157749951778 0.0552051275459 -0.312935462582 0.0587628211223 
0.0 0.0 0.0 0.0 0.0 0.0 0.0 0.0 0.0 0.0 0.0 0.0 163.0 235.0 48.0 0.0552051275459 -0.312935462582 0.0341480688499 -0.126055498607 0.0924412024516 
0.0 0.0 0.0 0.0 0.0 0.0 0.0 0.0 0.0 0.0 0.0 0.0 139.0 236.0 206.0 0.0341480688499 -0.126055498607 0.060992187219 0.0707110367875 0.0 
0.0 0.0 0.0 0.0 0.0 0.0 0.0 0.0 0.0 0.0 0.0 0.0 131.0 247.0 194.0 0.060992187219 0.0707110367875 -0.0825067788752 0.00529838790103 0.0367784944906 
0.0 0.0 0.0 0.0 0.0 0.0 0.0 0.0 0.0 0.0 0.0 0.0 130.0 247.0 189.0 -0.0825067788752 0.00529838790103 0.0742835764884 0.143262010818 -0.0186714179277 
0.0 0.0 0.0 0.0 0.0 0.0 0.0 0.0 0.0 0.0 0.0 0.0 131.0 249.0 166.0 0.0742835764884 0.143262010818 0.128652621542 0.326811293247 0.0 
0.0 0.0 0.0 0.0 0.0 0.0 0.0 0.0 0.0 0.0 0.0 0.0 135.0 251.0 114.0 0.128652621542 0.326811293247 -0.141759698679 0.231545439407 0.0183122687884 
0.0 0.0 0.0 0.0 0.0 0.0 100.0 0.0 0.0 0.0 0.0 0.0 149.0 247.0 54.0 -0.141759698679 0.231545439407 0.149368628756 0.131845666567 0.147022166911 
0.0 0.0 0.0 0.0 0.0 0.0 0.0 0.0 0.0 0.0 0.0 0.0 166.0 227.0 43.0 0.149368628756 0.131845666567 0.0642771364474 0.0579664013651 0.17863994495 
0.0 0.0 0.0 0.0 0.0 0.0 0.0 0.0 0.0 0.0 0.0 0.0 178.0 212.0 43.0 0.0642771364474 0.0579664013651 0.0662657640397 -0.33 0.107217461474 
0.0 0.0 0.0 0.0 0.0 0.0 0.0 0.0 0.0 0.0 0.0 0.0 180.0 211.0 69.0 0.0662657640397 -0.33 0.139842780879 0.184069247505 0.0734773270537 
0.0 0.0 0.0 0.0 0.0 0.0 0.0 0.0 0.0 0.0 0.0 0.0 158.0 239.0 80.0 0.139842780879 0.184069247505 -0.121665113082 0.128782487069 0.0 
0.0 0.0 0.0 0.0 0.0 0.0 0.0 0.0 0.0 0.0 0.0 0.0 169.0 228.0 51.0 -0.121665113082 0.128782487069 0.221060502993 0.0221226160851 0.0 
0.0 0.0 0.0 0.0 0.0 0.0 0.0 0.0 0.0 0.0 0.0 0.0 178.0 216.0 51.0 0.221060502993 0.0221226160851 0.0544809790027 -0.0448239770589 0.0350981774623 
0.0 0.0 0.0 0.0 0.0 0.0 0.0 0.0 0.0 0.0 0.0 0.0 180.0 212.0 72.0 0.0544809790027 -0.0448239770589 0.159636320342 -0.0831063306163 0.0341967613063 
0.0 0.0 0.0 0.0 0.0 0.0 0.0 0.0 0.0 0.0 0.0 0.0 160.0 221.0 159.0 0.159636320342 -0.0831063306163 -0.016722837556 0.33 -0.00267448451419 
0.0 0.0 0.0 0.0 0.0 0.0 0.0 0.0 0.0 0.0 0.0 0.0 158.0 233.0 115.0 -0.016722837556 0.33 -0.04098359439 0.151400050521 0.0162716133148 
0.0 0.0 0.0 0.0 0.0 0.0 0.0 0.0 0.0 0.0 0.0 0.0 168.0 231.0 58.0 -0.04098359439 0.151400050521 0.0150981349899 0.00342076761071 -0.0135971288006 
0.0 0.0 0.0 0.0 0.0 0.0 0.0 0.0 0.0 0.0 0.0 0.0 173.0 224.0 53.0 0.0150981349899 0.00342076761071 0.0170086300189 -0.192380270885 0.0823479820936 
0.0 0.0 0.0 0.0 0.0 0.0 0.0 0.0 0.0 0.0 0.0 0.0 183.0 196.0 130.0 0.0170086300189 -0.192380270885 0.049725568812 -0.157051690384 0.0158840909219 
0.0 0.0 0.0 0.0 0.0 0.0 0.0 0.0 0.0 0.0 0.0 0.0 184.0 181.0 243.0 0.049725568812 -0.157051690384 0.147056820407 -0.0488912325027 0.0 
0.0 0.0 0.0 0.0 0.0 0.0 0.0 0.0 0.0 0.0 0.0 0.0 194.0 215.0 255.0 0.147056820407 -0.0488912325027 -0.0138636410082 -0.0849941184363 0.0 
0.0 0.0 0.0 0.0 0.0 0.0 0.0 0.0 0.0 0.0 0.0 0.0 204.0 248.0 255.0 -0.0138636410082 -0.0849941184363 0.117442247013 -0.0773825207189 0.0 
# HEADER 5
0.0 0.0 0.0 0.0 0.0 0.0 0.0 0.0 0.0 0.0 0.0 0.0 132.0 247.0 255.0 0 0 0.252387270255 0.144714546009 0.0 
0.0 0.0 0.0 0.0 0.0 0.0 0.0 0.0 0.0 0.0 0.0 0.0 133.0 233.0 240.0 0.252387270255 0.144714546009 0.0886886250276 0.246654296227 0.0 
0.0 0.0 0.0 0.0 0.0 0.0 0.0 0.0 0.0 0.0 0.0 0.0 134.0 247.0 167.0 0.0886886250276 0.246654296227 0.206033852852 0.33 0.0 
0.0 0.0 0.0 0.0 0.0 0.0 0.0 100.0 0.0 0.0 0.0 0.0 141.0 249.0 96.0 0.206033852852 0.33 0.17935041747 0.101719151749 0.0 
0.0 0.0 0.0 0.0 0.0 0.0 100.0 0.0 0.0 0.0 0.0 0.0 141.0 250.0 69.0 0.17935041747 0.101719151749 -0.114949701593 0.0581108546315 0.143609323633 
0.0 0.0 0.0 0.0 0.0 0.0 100.0 0.0 0.0 0.0 0.0 0.0 147.0 247.0 57.0 -0.114949701593 0.0581108546315 -0.303611192044 0.275740797416 0.120528024025 
0.0 0.0 0.0 0.0 0.0 0.0 0.0 0.0 0.0 0.0 0.0 0.0 174.0 210.0 41.0 -0.303611192044 0.275740797416 0.0249355673729 0.0168229269386 0.0255744556373 
0.0 0.0 0.0 0.0 0.0 0.0 0.0 0.0 0.0 0.0 0.0 0.0 189.0 185.0 41.0 0.0249355673729 0.0168229269386 0.172873516317 0.133267456795 0.155462138095 
0.0 0.0 0.0 0.0 0.0 0.0 0.0 0.0 0.0 0.0 0.0 0.0 208.0 147.0 42.0 0.172873516317 0.133267456795 -0.147076183719 0.00353384742795 0.0601633044004 
0.0 0.0 0.0 0.0 0.0 0.0 0.0 0.0 0.0 0.0 0.0 0.0 221.0 123.0 43.0 -0.147076183719 0.00353384742795 0.31538953332 -0.134742929477 0.133724266817 
# HEADER 6
0.0 0.0 0.0 0.0 0.0 0.0 0.0 0.0 0.0 0.0 0.0 0.0 133.0 250.0 255.0 0 0 0.126911645934 0.154540912007 -0.0297305964388 
0.0 0.0 0.0 0.0 0.0 0.0 0.0 0.0 0.0 0.0 0.0 0.0 133.0 230.0 249.0 0.126911645934 0.154540912007 0.13632786145 -0.179197477872 0.0 
0.0 0.0 0.0 0.0 0.0 0.0 0.0 0.0 0.0 0.0 0.0 0.0 119.0 250.0 255.0 0.13632786145 -0.179197477872 0.0296521524593 -0.0921173400322 0.0 
0.0 0.0 0.0 0.0 0.0 0.0 0.0 0.0 0.0 0.0 0.0 0.0 118.0 252.0 255.0 0.0296521524593 -0.0921173400322 0.170777313175 0.0417653208907 0.0 
0.0 0.0 0.0 0.0 0.0 0.0 0.0 0.0 0.0 0.0 0.0 0.0 116.0 255.0 255.0 0.170777313175 0.0417653208907 0.0151805488867 0.0662192936048 0.0 
0.0 0.0 0.0 0.0 0.0 0.0 0.0 0.0 0.0 0.0 0.0 0.0 115.0 254.0 255.0 0.0151805488867 0.0662192936048 0.0524140997585 0.0164577524943 0.0 
0.0 0.0 0.0 0.0 0.0 0.0 0.0 0.0 0.0 0.0 0.0 0.0 115.0 252.0 250.0 0.0524140997585 0.0164577524943 0.123762630862 0.058238529665 0.0 
0.0 0.0 0.0 0.0 0.0 0.0 0.0 0.0 0.0 0.0 0.0 0.0 117.0 251.0 233.0 0.123762630862 0.058238529665 0.050140825117 0.0876483541621 0.0226166793307 
0.0 0.0 0.0 0.0 0.0 0.0 0.0 0.0 0.0 0.0 0.0 0.0 120.0 251.0 209.0 0.050140825117 0.0876483541621 -0.00263016658972 0.33 0.0 
0.0 0.0 100.0 0.0 0.0 0.0 0.0 100.0 0.0 0.0 0.0 0.0 128.0 251.0 155.0 -0.00263016658972 0.33 0.00264239335404 0.24046719764 0.0372496499565 
0.0 0.0 0.0 0.0 0.0 0.0 0.0 100.0 0.0 0.0 0.0 0.0 136.0 251.0 101.0 0.00264239335404 0.24046719764 -0.33 -0.0372235766324 0.0727748156266 
0.0 0.0 0.0 0.0 0.0 0.0 0.0 0.0 0.0 0.0 0.0 0.0 145.0 247.0 108.0 -0.33 -0.0372235766324 -0.170327003297 0.0948905164936 0.12938972818 
0.0 0.0 0.0 0.0 0.0 0.0 0.0 0.0 0.0 0.0 0.0 0.0 161.0 228.0 105.0 -0.170327003297 0.0948905164936 -0.00808250344819 0.054131577671 0.0 
0.0 0.0 0.0 0.0 0.0 0.0 0.0 0.0 0.0 0.0 0.0 0.0 166.0 228.0 85.0 -0.00808250344819 0.054131577671 -0.24036899658 0.0335461688317 0.0 
0.0 0.0 0.0 0.0 0.0 0.0 0.0 0.0 0.0 0.0 0.0 0.0 180.0 209.0 81.0 -0.24036899658 0.0335461688317 -0.07349728407 0.0137048239419 0.0 
0.0 0.0 0.0 0.0 0.0 0.0 0.0 0.0 0.0 0.0 0.0 0.0 203.0 176.0 87.0 -0.07349728407 0.0137048239419 0.040149675909 -0.0286745907511 0.0297151731493 
0.0 0.0 0.0 0.0 0.0 0.0 0.0 0.0 0.0 0.0 0.0 0.0 226.0 135.0 140.0 0.040149675909 -0.0286745907511 0.144768010408 0.162151027976 0.0 
0.0 0.0 0.0 0.0 0.0 0.0 0.0 0.0 0.0 0.0 0.0 0.0 214.0 158.0 90.0 0.144768010408 0.162151027976 -0.190545368827 -0.0327751182883 -0.0260490400892 
0.0 0.0 0.0 0.0 0.0 0.0 0.0 0.0 0.0 0.0 0.0 0.0 227.0 134.0 128.0 -0.190545368827 -0.0327751182883 -0.108662393867 -0.211414348699 0.0 
0.0 0.0 0.0 0.0 0.0 0.0 0.0 0.0 0.0 0.0 0.0 0.0 231.0 141.0 215.0 -0.108662393867 -0.211414348699 -0.184261417977 -0.220508193664 0.0 
0.0 0.0 0.0 0.0 0.0 0.0 0.0 0.0 0.0 0.0 0.0 0.0 233.0 193.0 255.0 -0.184261417977 -0.220508193664 0.223655448319 -0.0341860422844 0.0 
0.0 0.0 0.0 0.0 0.0 0.0 0.0 0.0 0.0 0.0 0.0 0.0 236.0 237.0 255.0 0.223655448319 -0.0341860422844 0.139818336347 0.0922342349053 0.0 
0.0 0.0 0.0 0.0 0.0 0.0 0.0 0.0 0.0 0.0 0.0 0.0 230.0 214.0 255.0 0.139818336347 0.0922342349053 -0.0125890096474 -0.121003453682 0.0 
0.0 0.0 0.0 0.0 0.0 0.0 0.0 0.0 0.0 0.0 0.0 0.0 228.0 246.0 255.0 -0.0125890096474 -0.121003453682 -0.0761152712292 -0.0133936937846 0.0 
0.0 0.0 0.0 0.0 0.0 0.0 0.0 0.0 0.0 0.0 0.0 0.0 232.0 248.0 255.0 -0.0761152712292 -0.0133936937846 0.161380175143 -0.0713191054561 0.0 
0.0 0.0 0.0 0.0 0.0 0.0 0.0 0.0 0.0 0.0 0.0 0.0 236.0 248.0 255.0 0.161380175143 -0.0713191054561 -0.174827195296 -0.000705902067496 0.0 
0.0 0.0 0.0 0.0 0.0 0.0 0.0 0.0 0.0 0.0 0.0 0.0 236.0 248.0 255.0 -0.174827195296 -0.000705902067496 0.182290334718 -0.0519171102929 0.0 
0.0 0.0 0.0 0.0 0.0 0.0 0.0 0.0 0.0 0.0 0.0 0.0 236.0 248.0 255.0 0.182290334718 -0.0519171102929 0.315296942504 -0.0270868562573 0.0 
0.0 0.0 0.0 0.0 0.0 0.0 0.0 0.0 0.0 0.0 0.0 0.0 230.0 250.0 255.0 0.315296942504 -0.0270868562573 0.27914992591 0.0899909497133 0.0 
0.0 0.0 0.0 0.0 0.0 0.0 0.0 0.0 0.0 0.0 0.0 0.0 199.0 238.0 255.0 0.27914992591 0.0899909497133 0.0581885706744 0.0613885375635 0.0 
0.0 0.0 0.0 0.0 0.0 0.0 0.0 0.0 0.0 0.0 0.0 0.0 175.0 208.0 255.0 0.0581885706744 0.0613885375635 -0.0375680128179 -0.05311312637 0.0 
0.0 0.0 0.0 0.0 0.0 0.0 0.0 0.0 0.0 0.0 0.0 0.0 166.0 239.0 255.0 -0.0375680128179 -0.05311312637 0.20549933717 0.154330633411 0.0 
0.0 0.0 0.0 0.0 0.0 0.0 0.0 0.0 0.0 0.0 0.0 0.0 139.0 222.0 254.0 0.20549933717 0.154330633411 0.157216933455 -0.163762913115 0.0 
0.0 0.0 0.0 0.0 0.0 0.0 0.0 0.0 0.0 0.0 0.0 0.0 120.0 251.0 255.0 0.157216933455 -0.163762913115 -0.0679913783747 0.12434134297 0.0 
0.0 0.0 0.0 0.0 0.0 0.0 0.0 0.0 0.0 0.0 0.0 0.0 123.0 244.0 254.0 -0.0679913783747 0.12434134297 -0.0576930963329 -0.0578459913852 0.0 
0.0 0.0 0.0 0.0 0.0 0.0 0.0 0.0 0.0 0.0 0.0 0.0 135.0 249.0 255.0 -0.0576930963329 -0.0578459913852 -0.069476236613 0.0597326192717 0.0 
0.0 0.0 0.0 0.0 0.0 0.0 0.0 0.0 0.0 0.0 0.0 0.0 146.0 225.0 255.0 -0.069476236613 0.0597326192717 -0.0916612330618 0.0329643527077 0.0 
0.0 0.0 0.0 0.0 0.0 0.0 0.0 0.0 0.0 0.0 0.0 0.0 160.0 196.0 244.0 -0.0916612330618 0.0329643527077 0.0368676332169 0.199923656288 0.0 
0.0 0.0 0.0 0.0 0.0 0.0 0.0 0.0 0.0 0.0 0.0 0.0 178.0 193.0 173.0 0.0368676332169 0.199923656288 0.0482581603836 0.33 0.0 
0.0 0.0 0.0 0.0 0.0 0.0 0.0 0.0 0.0 0.0 0.0 0.0 195.0 192.0 79.0 0.0482581603836 0.33 -0.0638337603542 -0.0669667572968 0.0 
0.0 0.0 0.0 0.0 0.0 0.0 0.0 0.0 0.0 0.0 0.0 0.0 210.0 161.0 120.0 -0.0638337603542 -0.0669667572968 -0.0952595292748 -0.083993401409 0.0 
0.0 0.0 0.0 0.0 0.0 0.0 0.0 0.0 0.0 0.0 0.0 0.0 221.0 148.0 210.0 -0.0952595292748 -0.083993401409 0.14959036244 -0.319227840049 0.0 
0.0 0.0 0.0 0.0 0.0 0.0 0.0 0.0 0.0 0.0 0.0 0.0 210.0 206.0 255.0 0.14959036244 -0.319227840049 -0.029496469301 -0.131705989773 0.0 
0.0 0.0 0.0 0.0 0.0 0.0 0.0 0.0 0.0 0.0 0.0 0.0 210.0 249.0 255.0 -0.029496469301 -0.131705989773 -0.168862395494 0.110433664799 0.0 
0.0 0.0 0.0 0.0 0.0 0.0 0.0 0.0 0.0 0.0 0.0 0.0 215.0 222.0 255.0 -0.168862395494 0.110433664799 0.102511221212 -0.124319870681 0.0 
0.0 0.0 0.0 0.0 0.0 0.0 0.0 0.0 0.0 0.0 0.0 0.0 222.0 248.0 255.0 0.102511221212 -0.124319870681 -0.0712074847789 -0.00336587478563 0.0 
0.0 0.0 0.0 0.0 0.0 0.0 0.0 0.0 0.0 0.0 0.0 0.0 231.0 248.0 255.0 -0.0712074847789 -0.00336587478563 0.0812087660086 -0.0459124554309 0.0 
0.0 0.0 0.0 0.0 0.0 0.0 0.0 0.0 0.0 0.0 0.0 0.0 229.0 249.0 255.0 0.0812087660086 -0.0459124554309 -0.0595375609762 -0.145803493408 0.0 
0.0 0.0 0.0 0.0 0.0 0.0 0.0 0.0 0.0 0.0 0.0 0.0 230.0 249.0 255.0 -0.0595375609762 -0.145803493408 0.17723741436 0.269852017851 0.0 
0.0 0.0 0.0 0.0 0.0 0.0 0.0 0.0 0.0 0.0 0.0 0.0 212.0 209.0 255.0 0.17723741436 0.269852017851 -0.33 0.2864498409 0.0 
0.0 0.0 0.0 0.0 0.0 0.0 0.0 0.0 0.0 0.0 0.0 0.0 226.0 139.0 223.0 -0.33 0.2864498409 -0.0794082256068 0.174193915354 0.0 
0.0 0.0 0.0 0.0 0.0 0.0 0.0 0.0 0.0 0.0 0.0 0.0 230.0 124.0 154.0 -0.0794082256068 0.174193915354 0.234434073308 -0.187791559743 0.0 
0.0 0.0 0.0 0.0 0.0 0.0 0.0 0.0 0.0 0.0 0.0 0.0 231.0 128.0 213.0 0.234434073308 -0.187791559743 0.128834378872 -0.120932262442 0.0 
0.0 0.0 0.0 0.0 0.0 0.0 0.0 0.0 0.0 0.0 0.0 0.0 233.0 170.0 252.0 0.128834378872 -0.120932262442 0.0331976141253 -0.114929010898 0.0 
0.0 0.0 0.0 0.0 0.0 0.0 0.0 0.0 0.0 0.0 0.0 0.0 236.0 232.0 255.0 0.0331976141253 -0.114929010898 0.010938467712 -0.218040839305 0.0 
0.0 0.0 0.0 0.0 0.0 0.0 0.0 0.0 0.0 0.0 0.0 0.0 236.0 248.0 255.0 0.010938467712 -0.218040839305 0.110481095007 0.169578003662 0.0 
0.0 0.0 0.0 0.0 0.0 0.0 0.0 0.0 0.0 0.0 0.0 0.0 236.0 207.0 255.0 0.110481095007 0.169578003662 0.138229246252 -0.230320281854 0.0 
0.0 0.0 0.0 0.0 0.0 0.0 0.0 0.0 0.0 0.0 0.0 0.0 231.0 249.0 255.0 0.138229246252 -0.230320281854 0.117863280898 0.0830357818749 0.0 
0.0 0.0 0.0 0.0 0.0 0.0 0.0 0.0 0.0 0.0 0.0 0.0 214.0 233.0 255.0 0.117863280898 0.0830357818749 0.269579537505 -0.0203215932866 0.0 
0.0 0.0 0.0 0.0 0.0 0.0 0.0 0.0 0.0 0.0 0.0 0.0 198.0 249.0 255.0 0.269579537505 -0.0203215932866 0.109985599382 -0.126766399651 0.0 
0.0 0.0 0.0 0.0 0.0 0.0 0.0 0.0 0.0 0.0 0.0 0.0 179.0 250.0 255.0 0.109985599382 -0.126766399651 0.120401110024 0.259395483531 0.0 
0.0 0.0 0.0 0.0 0.0 0.0 0.0 0.0 0.0 0.0 0.0 0.0 156.0 241.0 255.0 0.120401110024 0.259395483531 -0.161832411842 -0.0239779282268 0.0 
0.0 0.0 0.0 0.0 0.0 0.0 0.0 0.0 0.0 0.0 0.0 0.0 167.0 245.0 255.0 -0.161832411842 -0.0239779282268 0.0122927842031 0.0772785322744 0.0 
0.0 0.0 0.0 0.0 0.0 0.0 0.0 0.0 0.0 0.0 0.0 0.0 188.0 205.0 255.0 0.0122927842031 0.0772785322744 0.14041917966 0.129013861386 0.0 
0.0 0.0 0.0 0.0 0.0 0.0 0.0 0.0 0.0 0.0 0.0 0.0 175.0 179.0 235.0 0.14041917966 0.129013861386 0.107730120723 -0.137743993822 0.0 
0.0 0.0 0.0 0.0 0.0 0.0 0.0 0.0 0.0 0.0 0.0 0.0 157.0 211.0 255.0 0.107730120723 -0.137743993822 0.313729537427 0.0540686086514 0.0 
0.0 0.0 0.0 0.0 0.0 0.0 0.0 0.0 0.0 0.0 0.0 0.0 138.0 223.0 247.0 0.313729537427 0.0540686086514 -0.29300519323 -0.127491305909 0.0 
0.0 0.0 0.0 0.0 0.0 0.0 0.0 0.0 0.0 0.0 0.0 0.0 154.0 239.0 255.0 -0.29300519323 -0.127491305909 0.203919609676 0.0771251605604 0.0 
0.0 0.0 0.0 0.0 0.0 0.0 0.0 0.0 0.0 0.0 0.0 0.0 183.0 199.0 254.0 0.203919609676 0.0771251605604 0.0406058643951 -0.0156945491021 0.0 
0.0 0.0 0.0 0.0 0.0 0.0 0.0 0.0 0.0 0.0 0.0 0.0 213.0 191.0 255.0 0.0406058643951 -0.0156945491021 -0.0253256000796 -0.0362357845833 0.0 
0.0 0.0 0.0 0.0 0.0 0.0 0.0 0.0 0.0 0.0 0.0 0.0 232.0 219.0 255.0 -0.0253256000796 -0.0362357845833 -0.0297091035571 0.239310753958 0.0 
0.0 0.0 0.0 0.0 0.0 0.0 0.0 0.0 0.0 0.0 0.0 0.0 233.0 174.0 250.0 -0.0297091035571 0.239310753958 0.104989432017 0.098575263709 0.0 
0.0 0.0 0.0 0.0 0.0 0.0 0.0 0.0 0.0 0.0 0.0 0.0 225.0 140.0 225.0 0.104989432017 0.098575263709 -0.0245983410644 -0.120624958375 0.0 
0.0 0.0 0.0 0.0 0.0 0.0 0.0 0.0 0.0 0.0 0.0 0.0 224.0 163.0 249.0 -0.0245983410644 -0.120624958375 0.0535949364146 -0.073141460863 0.0 
0.0 0.0 0.0 0.0 0.0 0.0 0.0 0.0 0.0 0.0 0.0 0.0 229.0 216.0 255.0 0.0535949364146 -0.073141460863 0.11219049825 -0.0596950517182 0.0 
0.0 0.0 0.0 0.0 0.0 0.0 0.0 0.0 0.0 0.0 0.0 0.0 231.0 248.0 255.0 0.11219049825 -0.0596950517182 0.0975966987359 -0.118949347304 0.0 
0.0 0.0 0.0 0.0 0.0 0.0 0.0 0.0 0.0 0.0 0.0 0.0 228.0 249.0 255.0 0.0975966987359 -0.118949347304 0.0453386559069 0.0768992866407 0.0 
0.0 0.0 0.0 0.0 0.0 0.0 0.0 0.0 0.0 0.0 0.0 0.0 212.0 233.0 255.0 0.0453386559069 0.0768992866407 0.0990427456685 0.027269734307 0.0 
0.0 0.0 0.0 0.0 0.0 0.0 0.0 0.0 0.0 0.0 0.0 0.0 191.0 214.0 255.0 0.0990427456685 0.027269734307 0.202973389383 0.0531451056146 0.0 
0.0 0.0 0.0 0.0 0.0 0.0 0.0 0.0 0.0 0.0 0.0 0.0 162.0 195.0 254.0 0.202973389383 0.0531451056146 0.177082365705 0.174555964708 0.0 
0.0 0.0 0.0 0.0 0.0 0.0 0.0 0.0 0.0 0.0 0.0 0.0 147.0 231.0 181.0 0.177082365705 0.174555964708 0.015341100033 0.270527714899 0.0 
# HEADER 7
0.0 0.0 0.0 0.0 0.0 0.0 0.0 0.0 0.0 0.0 0.0 0.0 133.0 249.0 255.0 0 0 0.0525920652404 0.33 0.0585376046577 
0.0 0.0 0.0 0.0 0.0 0.0 0.0 0.0 0.0 0.0 0.0 0.0 128.0 241.0 229.0 0.0525920652404 0.33 -0.0669574843354 -0.0449809998713 0.0 
0.0 0.0 0.0 0.0 0.0 0.0 0.0 0.0 0.0 0.0 0.0 0.0 130.0 233.0 251.0 -0.0669574843354 -0.0449809998713 0.115741072651 0.029788547053 0.0 
0.0 0.0 0.0 0.0 0.0 0.0 0.0 0.0 0.0 0.0 0.0 0.0 127.0 240.0 240.0 0.115741072651 0.029788547053 -0.0147029458431 0.0781682089051 0.0 
0.0 0.0 0.0 0.0 0.0 0.0 0.0 0.0 0.0 0.0 0.0 0.0 125.0 247.0 205.0 -0.0147029458431 0.0781682089051 -0.0315119635348 0.17635336796 0.0 
0.0 0.0 0.0 0.0 0.0 0.0 0.0 0.0 0.0 0.0 0.0 0.0 129.0 248.0 167.0 -0.0315119635348 0.17635336796 -0.189150125747 0.222341226033 0.0 
0.0 0.0 0.0 0.0 0.0 0.0 0.0 100.0 0.0 0.0 0.0 0.0 133.0 250.0 124.0 -0.189150125747 0.222341226033 -0.237562171395 -0.0537853257655 0.058047420793 
0.0 0.0 0.0 0.0 0.0 0.0 0.0 0.0 0.0 0.0 0.0 0.0 138.0 246.0 141.0 -0.237562171395 -0.0537853257655 -0.0116507030517 0.201691535996 0.0845384978532 
0.0 0.0 0.0 0.0 0.0 0.0 0.0 0.0 0.0 0.0 0.0 0.0 144.0 245.0 117.0 -0.0116507030517 0.201691535996 -0.243788586133 0.163633355629 0.0 
0.0 0.0 0.0 0.0 0.0 0.0 0.0 0.0 0.0 0.0 0.0 0.0 151.0 247.0 63.0 -0.243788586133 0.163633355629 0.210813255962 -0.0576272833648 0.0282040645621 
0.0 0.0 0.0 0.0 0.0 0.0 0.0 0.0 0.0 0.0 0.0 0.0 153.0 244.0 85.0 0.210813255962 -0.0576272833648 0.104925009268 -0.0401337470854 0.082871020729 
0.0 0.0 0.0 0.0 0.0 0.0 0.0 0.0 0.0 0.0 0.0 0.0 139.0 242.0 167.0 0.104925009268 -0.0401337470854 0.187794020642 0.288733993075 0.0 
0.0 0.0 0.0 0.0 0.0 0.0 0.0 0.0 0.0 0.0 0.0 0.0 136.0 247.0 138.0 0.187794020642 0.288733993075 0.148591403603 0.0300942112999 0.0 
0.0 0.0 0.0 0.0 0.0 0.0 0.0 0.0 0.0 0.0 0.0 0.0 135.0 250.0 125.0 0.148591403603 0.0300942112999 0.0664304865617 0.0535151677583 0.0560517583789 
0.0 0.0 0.0 0.0 0.0 0.0 0.0 0.0 0.0 0.0 0.0 0.0 133.0 251.0 124.0 0.0664304865617 0.0535151677583 0.0885085394665 0.19687205222 0.0264234461357 
0.0 0.0 0.0 0.0 0.0 0.0 100.0 0.0 0.0 0.0 0.0 0.0 136.0 252.0 98.0 0.0885085394665 0.19687205222 -0.00180184476972 0.10034846406 0.0 
0.0 0.0 0.0 0.0 0.0 0.0 100.0 0.0 0.0 0.0 0.0 0.0 138.0 252.0 79.0 -0.00180184476972 0.10034846406 0.112115294617 0.122088489959 0.0843419889011 
0.0 0.0 0.0 0.0 0.0 0.0 100.0 0.0 0.0 0.0 0.0 0.0 139.0 253.0 63.0 0.112115294617 0.122088489959 -0.192435455486 -0.0671372289063 0.0562793504822 
0.0 0.0 0.0 0.0 0.0 0.0 100.0 0.0 0.0 0.0 0.0 0.0 138.0 255.0 76.0 -0.192435455486 -0.0671372289063 -0.155627998662 -0.0863591811918 0.055907032717 
0.0 0.0 0.0 0.0 0.0 0.0 100.0 0.0 0.0 0.0 0.0 0.0 143.0 250.0 105.0 -0.155627998662 -0.0863591811918 0.152087406473 0.176808591287 -0.0278852388841 
0.0 0.0 0.0 0.0 0.0 0.0 0.0 0.0 0.0 0.0 0.0 0.0 136.0 247.0 157.0 0.152087406473 0.176808591287 -0.106254583004 0.311829261245 -0.0280217938329 
0.0 0.0 0.0 0.0 0.0 0.0 0.0 0.0 0.0 0.0 0.0 0.0 139.0 251.0 100.0 -0.106254583004 0.311829261245 0.177503793247 0.268094362309 0.0239658702973 
# HEADER 8
0.0 0.0 0.0 0.0 0.0 0.0 0.0 0.0 0.0 0.0 0.0 0.0 133.0 250.0 255.0 0 0 -0.0946222568687 0.0155075285028 0.269871103508 
0.0 0.0 0.0 0.0 0.0 0.0 0.0 0.0 0.0 0.0 0.0 0.0 133.0 246.0 255.0 -0.0946222568687 0.0155075285028 0.205515334175 -0.0024894213493 0.0 
0.0 0.0 0.0 0.0 0.0 0.0 0.0 0.0 0.0 0.0 0.0 0.0 118.0 251.0 255.0 0.205515334175 -0.0024894213493 -0.0148815665006 0.064641377266 0.0 
0.0 0.0 0.0 0.0 0.0 0.0 0.0 0.0 0.0 0.0 0.0 0.0 119.0 248.0 249.0 -0.0148815665006 0.064641377266 -0.0579524992863 0.0963460474315 0.0 
0.0 0.0 0.0 0.0 0.0 0.0 0.0 0.0 0.0 0.0 0.0 0.0 129.0 245.0 206.0 -0.0579524992863 0.0963460474315 0.323581993966 0.0665580455939 0.0 
0.0 0.0 0.0 0.0 0.0 0.0 0.0 0.0 0.0 0.0 0.0 0.0 129.0 248.0 178.0 0.323581993966 0.0665580455939 0.0476740631264 0.212933129483 0.0 
0.0 0.0 0.0 0.0 0.0 0.0 0.0 0.0 0.0 0.0 0.0 0.0 132.0 250.0 135.0 0.0476740631264 0.212933129483 0.138267310619 0.123758671625 0.0335917238051 
0.0 0.0 0.0 0.0 0.0 0.0 100.0 0.0 0.0 0.0 0.0 0.0 134.0 252.0 103.0 0.138267310619 0.123758671625 -0.139655148619 0.11349041939 0.0863785239749 
0.0 0.0 0.0 0.0 0.0 0.0 0.0 0.0 0.0 0.0 0.0 0.0 144.0 247.0 68.0 -0.139655148619 0.11349041939 0.171776743111 0.133373950703 0.130487857714 
0.0 0.0 0.0 0.0 0.0 0.0 0.0 0.0 0.0 0.0 0.0 0.0 162.0 228.0 47.0 0.171776743111 0.133373950703 -0.0450053523313 -0.109629932068 0.0786676630378 
0.0 0.0 0.0 0.0 0.0 0.0 0.0 0.0 0.0 0.0 0.0 0.0 181.0 200.0 76.0 -0.0450053523313 -0.109629932068 -0.0535147208684 -0.172974550786 0.136661139943 
0.0 0.0 0.0 0.0 0.0 0.0 0.0 0.0 0.0 0.0 0.0 0.0 180.0 176.0 215.0 -0.0535147208684 -0.172974550786 0.20526585385 0.112911736968 -0.0167647262537 
0.0 0.0 0.0 0.0 0.0 0.0 0.0 0.0 0.0 0.0 0.0 0.0 168.0 199.0 185.0 0.20526585385 0.112911736968 -0.0491072622199 0.256833307054 0.0 
0.0 0.0 0.0 0.0 0.0 0.0 0.0 0.0 0.0 0.0 0.0 0.0 171.0 217.0 97.0 -0.0491072622199 0.256833307054 0.0128998353081 0.117631647408 0.0 
0.0 0.0 0.0 0.0 0.0 0.0 0.0 0.0 0.0 0.0 0.0 0.0 174.0 219.0 52.0 0.0128998353081 0.117631647408 -0.0174786314997 -0.137973475397 0.0298476572613 
0.0 0.0 0.0 0.0 0.0 0.0 0.0 0.0 0.0 0.0 0.0 0.0 180.0 204.0 99.0 -0.0174786314997 -0.137973475397 0.298265881581 0.0362508339751 0.0954301672902 
0.0 0.0 0.0 0.0 0.0 0.0 0.0 0.0 0.0 0.0 0.0 0.0 164.0 227.0 98.0 0.298265881581 0.0362508339751 0.102134159337 0.0139659471083 -0.0141755847092 
0.0 0.0 0.0 0.0 0.0 0.0 0.0 0.0 0.0 0.0 0.0 0.0 148.0 247.0 82.0 0.102134159337 0.0139659471083 0.125608857884 0.000864690181353 0.0 
0.0 0.0 0.0 0.0 0.0 0.0 100.0 0.0 0.0 0.0 0.0 0.0 143.0 252.0 84.0 0.125608857884 0.000864690181353 0.0837530861631 0.231196440513 0.0 
0.0 0.0 0.0 0.0 0.0 0.0 100.0 0.0 0.0 0.0 0.0 0.0 142.0 251.0 60.0 0.0837530861631 0.231196440513 -0.0798514622609 0.0941830085516 0.0139723204597 
0.0 0.0 0.0 0.0 0.0 0.0 100.0 0.0 0.0 0.0 0.0 0.0 148.0 246.0 42.0 -0.0798514622609 0.0941830085516 -0.0695875773042 -0.138602647829 0.0978922345822 
0.0 0.0 0.0 0.0 0.0 0.0 0.0 0.0 0.0 0.0 0.0 0.0 158.0 243.0 62.0 -0.0695875773042 -0.138602647829 0.225245673627 -0.243174164555 0.0721013707199 
0.0 0.0 0.0 0.0 0.0 0.0 0.0 0.0 0.0 0.0 0.0 0.0 134.0 238.0 215.0 0.225245673627 -0.243174164555 0.0716488168359 -0.0459384970864 -0.0397259203592 
0.0 0.0 0.0 0.0 0.0 0.0 0.0 0.0 0.0 0.0 0.0 0.0 115.0 252.0 255.0 0.0716488168359 -0.0459384970864 -0.0743427546382 0.0817175234329 0.0 
0.0 0.0 0.0 0.0 0.0 0.0 0.0 0.0 0.0 0.0 0.0 0.0 118.0 248.0 245.0 -0.0743427546382 0.0817175234329 -0.121098634387 0.152556804211 0.0 
0.0 0.0 0.0 0.0 0.0 0.0 0.0 0.0 0.0 0.0 0.0 0.0 134.0 243.0 190.0 -0.121098634387 0.152556804211 0.0552274175927 0.0148991275909 0.0397259203592 
0.0 0.0 0.0 0.0 0.0 0.0 0.0 0.0 0.0 0.0 0.0 0.0 147.0 232.0 178.0 0.0552274175927 0.0148991275909 0.0416653852855 0.12811700034 -0.014536489769 
0.0 0.0 0.0 0.0 0.0 0.0 0.0 0.0 0.0 0.0 0.0 0.0 152.0 238.0 131.0 0.0416653852855 0.12811700034 -0.128255505865 -0.0264432074493 0.0 
0.0 0.0 0.0 0.0 0.0 0.0 0.0 0.0 0.0 0.0 0.0 0.0 145.0 242.0 151.0 -0.128255505865 -0.0264432074493 -0.110153194543 -0.0397464569457 0.014536489769 
0.0 0.0 0.0 0.0 0.0 0.0 0.0 0.0 0.0 0.0 0.0 0.0 132.0 237.0 227.0 -0.110153194543 -0.0397464569457 -0.244589234022 -0.027718800043 -0.00990426046758 
0.0 0.0 0.0 0.0 0.0 0.0 0.0 0.0 0.0 0.0 0.0 0.0 120.0 245.0 255.0 -0.244589234022 -0.027718800043 0.166691474449 0.157050315607 0.0 
# HEADER 9
0.0 0.0 0.0 0.0 0.0 0.0 0.0 0.0 0.0 0.0 0.0 0.0 134.0 249.0 255.0 0 0 0.0229667067673 0.0234711034265 0.0149945100331 
0.0 0.0 0.0 0.0 0.0 0.0 0.0 0.0 0.0 0.0 0.0 0.0 133.0 234.0 255.0 0.0229667067673 0.0234711034265 0.174519044103 0.264257803739 0.0 
0.0 0.0 0.0 0.0 0.0 0.0 0.0 0.0 0.0 0.0 0.0 0.0 127.0 247.0 199.0 0.174519044103 0.264257803739 -0.275120817783 0.322953701979 0.0 
# HEADER 10
0.0 0.0 0.0 0.0 0.0 0.0 0.0 0.0 0.0 0.0 0.0 0.0 133.0 249.0 255.0 0 0 -0.123088760207 -0.0507589152291 0.0974876812539 
0.0 0.0 0.0 0.0 0.0 0.0 0.0 0.0 0.0 0.0 0.0 0.0 145.0 250.0 255.0 -0.123088760207 -0.0507589152291 0.149864236219 -0.0876982369633 -0.0151742018215 
0.0 0.0 0.0 0.0 0.0 0.0 0.0 0.0 0.0 0.0 0.0 0.0 137.0 251.0 255.0 0.149864236219 -0.0876982369633 0.0265032843478 0.0400534770162 0.0151742018215 
0.0 0.0 0.0 0.0 0.0 0.0 0.0 0.0 0.0 0.0 0.0 0.0 118.0 251.0 255.0 0.0265032843478 0.0400534770162 -0.0714644073323 0.0193708491789 0.0 
0.0 0.0 0.0 0.0 0.0 0.0 0.0 0.0 0.0 0.0 0.0 0.0 114.0 254.0 255.0 -0.0714644073323 0.0193708491789 0.314933737581 0.186666127161 0.0 
0.0 0.0 0.0 0.0 0.0 0.0 0.0 0.0 0.0 0.0 0.0 0.0 111.0 253.0 243.0 0.314933737581 0.186666127161 0.102706169451 -0.024411486462 0.0 
0.0 0.0 0.0 0.0 0.0 0.0 0.0 0.0 0.0 0.0 0.0 0.0 106.0 255.0 255.0 0.102706169451 -0.024411486462 0.1709803964 0.183454670452 0.0349438748851 
0.0 0.0 0.0 0.0 0.0 0.0 0.0 0.0 0.0 0.0 0.0 0.0 106.0 255.0 240.0 0.1709803964 0.183454670452 0.00100033419233 0.308725330596 -0.0349438748851 
0.0 0.0 100.0 0.0 0.0 100.0 0.0 100.0 0.0 0.0 100.0 0.0 112.0 254.0 194.0 0.00100033419233 0.308725330596 0.124625505053 0.0587540856175 0.0202603092417 
0.0 0.0 100.0 0.0 0.0 100.0 0.0 100.0 0.0 0.0 0.0 0.0 114.0 255.0 182.0 0.124625505053 0.0587540856175 0.0965432295336 0.115907405339 0.0851633574223 
0.0 0.0 100.0 0.0 0.0 100.0 0.0 100.0 0.0 0.0 0.0 0.0 115.0 255.0 176.0 0.0965432295336 0.115907405339 -0.240008817442 0.223458864842 0.0296659848429 
0.0 0.0 100.0 0.0 0.0 100.0 0.0 100.0 0.0 0.0 0.0 0.0 118.0 255.0 152.0 -0.240008817442 0.223458864842 -0.0867000944902 0.131847558888 0.0734848740487 
0.0 0.0 0.0 0.0 0.0 100.0 100.0 100.0 0.0 0.0 0.0 0.0 119.0 255.0 139.0 -0.0867000944902 0.131847558888 -0.215004227536 0.189948952789 0.0135710263099 
0.0 0.0 0.0 0.0 0.0 0.0 100.0 0.0 0.0 0.0 0.0 0.0 135.0 249.0 99.0 -0.215004227536 0.189948952789 0.181242675603 0.165582208681 0.0445984671697 
0.0 0.0 0.0 0.0 0.0 0.0 100.0 0.0 0.0 0.0 0.0 0.0 139.0 251.0 60.0 0.181242675603 0.165582208681 -0.0659095015746 0.20197773182 0.142696055198 
0.0 0.0 0.0 0.0 0.0 0.0 100.0 0.0 0.0 0.0 0.0 0.0 138.0 247.0 40.0 -0.0659095015746 0.20197773182 -0.0330263176652 0.0475091385186 0.152440281497 
0.0 0.0 0.0 0.0 0.0 0.0 100.0 0.0 0.0 0.0 0.0 0.0 137.0 247.0 39.0 -0.0330263176652 0.0475091385186 -0.0861988557172 -0.0490115571408 0.131840517216 
0.0 0.0 0.0 0.0 0.0 0.0 100.0 0.0 0.0 0.0 0.0 0.0 143.0 252.0 44.0 -0.0861988557172 -0.0490115571408 0.136747087009 -0.0191943425943 0.0289807968732 
0.0 0.0 0.0 0.0 0.0 0.0 100.0 0.0 0.0 0.0 0.0 0.0 143.0 255.0 49.0 0.136747087009 -0.0191943425943 -0.0128122128056 -0.12557605134 -0.0247525121548 
0.0 0.0 0.0 0.0 0.0 0.0 100.0 0.0 0.0 0.0 0.0 0.0 143.0 255.0 50.0 -0.0128122128056 -0.12557605134 -0.0752190747891 -0.00565178621572 0.0 
0.0 0.0 0.0 0.0 0.0 0.0 0.0 0.0 0.0 0.0 0.0 0.0 146.0 254.0 50.0 -0.0752190747891 -0.00565178621572 -0.187342515123 -0.0721215355665 0.0 
0.0 0.0 0.0 0.0 0.0 0.0 0.0 0.0 0.0 0.0 0.0 0.0 139.0 238.0 255.0 -0.187342515123 -0.0721215355665 0.313011723297 0.180159061884 0.00459572860082 
0.0 0.0 0.0 0.0 0.0 0.0 0.0 0.0 0.0 0.0 0.0 0.0 153.0 210.0 246.0 0.313011723297 0.180159061884 0.140736976482 -0.0139741357741 -0.0133120936499 
0.0 0.0 0.0 0.0 0.0 0.0 0.0 0.0 0.0 0.0 0.0 0.0 175.0 196.0 251.0 0.140736976482 -0.0139741357741 0.0849722934082 -0.0488665153403 -0.0040872382633 
0.0 0.0 0.0 0.0 0.0 0.0 0.0 0.0 0.0 0.0 0.0 0.0 173.0 233.0 255.0 0.0849722934082 -0.0488665153403 -0.120338335952 -0.155390001121 -0.0130960417917 
0.0 0.0 0.0 0.0 0.0 0.0 0.0 0.0 0.0 0.0 0.0 0.0 159.0 250.0 255.0 -0.120338335952 -0.155390001121 0.280942346187 -0.0548513747952 0.0 
0.0 0.0 0.0 0.0 0.0 0.0 0.0 0.0 0.0 0.0 0.0 0.0 142.0 250.0 255.0 0.280942346187 -0.0548513747952 0.238630711658 0.211310906698 0.0 
0.0 0.0 0.0 0.0 0.0 0.0 0.0 0.0 0.0 0.0 0.0 0.0 122.0 251.0 255.0 0.238630711658 0.211310906698 0.0237402358745 0.166808649248 0.0 
0.0 0.0 0.0 0.0 0.0 0.0 0.0 0.0 0.0 0.0 0.0 0.0 118.0 251.0 236.0 0.0237402358745 0.166808649248 0.00825707288981 0.0950818384121 0.0 
0.0 0.0 0.0 0.0 0.0 0.0 0.0 0.0 0.0 0.0 0.0 0.0 120.0 252.0 211.0 0.00825707288981 0.0950818384121 0.0175833788715 0.115808724181 0.0258996451041 
0.0 0.0 0.0 0.0 0.0 0.0 0.0 100.0 0.0 0.0 0.0 0.0 123.0 252.0 186.0 0.0175833788715 0.115808724181 0.0336197289125 0.0802167579832 0.0247525121548 
0.0 0.0 0.0 0.0 0.0 100.0 0.0 100.0 0.0 0.0 0.0 0.0 124.0 252.0 172.0 0.0336197289125 0.0802167579832 0.0937351884018 0.33 0.0611182429765 
0.0 0.0 0.0 0.0 0.0 0.0 0.0 100.0 0.0 0.0 0.0 0.0 130.0 253.0 121.0 0.0937351884018 0.33 0.0700648148077 0.309428877681 0.0229775345703 
0.0 0.0 0.0 0.0 0.0 0.0 100.0 0.0 0.0 0.0 0.0 0.0 136.0 254.0 61.0 0.0700648148077 0.309428877681 0.0684273854853 0.156004646135 0.160932918102 
0.0 0.0 0.0 0.0 0.0 0.0 100.0 0.0 0.0 0.0 0.0 0.0 136.0 250.0 40.0 0.0684273854853 0.156004646135 0.107441705448 0.0815716433498 0.285533116482 
0.0 0.0 0.0 0.0 0.0 0.0 100.0 0.0 0.0 0.0 0.0 0.0 135.0 248.0 39.0 0.107441705448 0.0815716433498 0.175675951263 -0.0606093321606 0.110219597568 
0.0 0.0 0.0 0.0 0.0 0.0 100.0 0.0 0.0 0.0 0.0 0.0 135.0 254.0 48.0 0.175675951263 -0.0606093321606 -0.228930916486 -0.00180098775354 0.0 
0.0 0.0 0.0 0.0 0.0 0.0 100.0 0.0 0.0 0.0 0.0 0.0 144.0 251.0 49.0 -0.228930916486 -0.00180098775354 -0.00807573657185 -0.19045316525 0.0313032734445 
0.0 0.0 0.0 0.0 0.0 0.0 0.0 0.0 0.0 0.0 0.0 0.0 140.0 244.0 167.0 -0.00807573657185 -0.19045316525 0.121021291828 0.146842477044 -0.00266269073661 
0.0 0.0 0.0 0.0 0.0 0.0 0.0 0.0 0.0 0.0 0.0 0.0 139.0 245.0 157.0 0.121021291828 0.146842477044 -0.0522980615684 0.328289890829 -0.00276228265911 
0.0 0.0 0.0 0.0 0.0 0.0 0.0 0.0 0.0 0.0 0.0 0.0 152.0 247.0 73.0 -0.0522980615684 0.328289890829 0.0832093872625 0.00823234529306 -0.032260418276 
0.0 0.0 0.0 0.0 0.0 0.0 0.0 0.0 0.0 0.0 0.0 0.0 153.0 247.0 59.0 0.0832093872625 0.00823234529306 0.160724531848 0.103110343012 0.183987150907 
0.0 0.0 0.0 0.0 0.0 0.0 0.0 0.0 0.0 0.0 0.0 0.0 151.0 247.0 47.0 0.160724531848 0.103110343012 -0.118848658836 -0.0176488999423 0.0376530375936 
0.0 0.0 0.0 0.0 0.0 0.0 0.0 0.0 0.0 0.0 0.0 0.0 156.0 246.0 54.0 -0.118848658836 -0.0176488999423 0.0699215058428 -0.291353230613 0.0367173588164 
0.0 0.0 0.0 0.0 0.0 0.0 0.0 0.0 0.0 0.0 0.0 0.0 160.0 212.0 194.0 0.0699215058428 -0.291353230613 0.116402168403 0.0642102517685 0.0378565986923 
0.0 0.0 0.0 0.0 0.0 0.0 0.0 0.0 0.0 0.0 0.0 0.0 152.0 225.0 185.0 0.116402168403 0.0642102517685 0.323374104528 0.0502333640346 0.00217391892327 
0.0 0.0 0.0 0.0 0.0 0.0 0.0 0.0 0.0 0.0 0.0 0.0 139.0 247.0 150.0 0.323374104528 0.0502333640346 0.0113735351885 0.20616413495 0.0 
0.0 0.0 0.0 0.0 0.0 0.0 0.0 0.0 0.0 0.0 0.0 0.0 137.0 251.0 117.0 0.0113735351885 0.20616413495 0.0663518068883 0.111889618023 -0.0400305176155 
0.0 0.0 0.0 0.0 0.0 0.0 100.0 0.0 0.0 0.0 0.0 0.0 138.0 251.0 93.0 0.0663518068883 0.111889618023 -0.0100530865257 -0.0607381439421 0.114354266361 
0.0 0.0 0.0 0.0 0.0 0.0 0.0 0.0 0.0 0.0 0.0 0.0 137.0 253.0 112.0 -0.0100530865257 -0.0607381439421 0.00383541638945 0.0825831403179 0.0768054094952 
0.0 0.0 0.0 0.0 0.0 0.0 100.0 0.0 0.0 0.0 0.0 0.0 138.0 251.0 110.0 0.00383541638945 0.0825831403179 0.107037426159 -0.104015364642 0.0439709058035 
0.0 0.0 0.0 0.0 0.0 0.0 0.0 0.0 0.0 0.0 0.0 0.0 134.0 252.0 150.0 0.107037426159 -0.104015364642 0.294903170057 0.137985470098 0.0 
0.0 0.0 0.0 0.0 0.0 100.0 0.0 0.0 0.0 0.0 0.0 0.0 127.0 252.0 163.0 0.294903170057 0.137985470098 0.125578412224 -0.113423932357 0.0 
0.0 0.0 0.0 0.0 0.0 0.0 0.0 0.0 0.0 0.0 0.0 0.0 116.0 253.0 218.0 0.125578412224 -0.113423932357 0.0671272897427 0.274498188586 0.0 
0.0 0.0 100.0 0.0 0.0 100.0 0.0 0.0 0.0 0.0 0.0 0.0 116.0 253.0 203.0 0.0671272897427 0.274498188586 0.0598028523856 0.191104598186 0.0 
0.0 0.0 100.0 0.0 0.0 100.0 0.0 100.0 0.0 0.0 0.0 0.0 120.0 254.0 168.0 0.0598028523856 0.191104598186 0.183870254747 0.251354168464 0.0 
0.0 0.0 0.0 0.0 0.0 100.0 0.0 100.0 0.0 0.0 0.0 0.0 124.0 254.0 133.0 0.183870254747 0.251354168464 0.0644083792624 0.33 0.0386343407865 
0.0 0.0 0.0 0.0 0.0 0.0 100.0 0.0 0.0 0.0 0.0 0.0 128.0 255.0 87.0 0.0644083792624 0.33 -0.0177076124357 0.00264428548287 0.130269550813 
0.0 0.0 0.0 0.0 0.0 0.0 100.0 0.0 0.0 0.0 0.0 0.0 133.0 253.0 72.0 -0.0177076124357 0.00264428548287 0.111314562062 -0.0414523998597 0.142257502636 
0.0 0.0 0.0 0.0 0.0 0.0 100.0 0.0 0.0 0.0 0.0 0.0 137.0 254.0 83.0 0.111314562062 -0.0414523998597 0.218664129247 0.0538514272629 0.095231286313 
0.0 0.0 0.0 0.0 0.0 0.0 100.0 0.0 0.0 0.0 0.0 0.0 136.0 254.0 81.0 0.218664129247 0.0538514272629 -0.0895960216528 0.198755874964 0.0 
0.0 0.0 0.0 0.0 0.0 0.0 100.0 0.0 0.0 0.0 0.0 0.0 136.0 254.0 62.0 -0.0895960216528 0.198755874964 -0.00713225050163 -0.0523649188826 0.0 
0.0 0.0 0.0 0.0 0.0 0.0 100.0 0.0 0.0 0.0 0.0 0.0 134.0 255.0 72.0 -0.00713225050163 -0.0523649188826 0.0703329274202 -0.0783567329461 0.060564977547 
0.0 0.0 0.0 0.0 0.0 0.0 100.0 0.0 0.0 0.0 0.0 0.0 134.0 255.0 79.0 0.0703329274202 -0.0783567329461 0.181891081008 0.114882584407 0.0329981788262 
0.0 0.0 0.0 0.0 0.0 0.0 100.0 0.0 0.0 0.0 0.0 0.0 134.0 255.0 80.0 0.181891081008 0.114882584407 0.0831730936816 0.111409961315 0.0 
0.0 0.0 0.0 0.0 0.0 0.0 100.0 0.0 0.0 0.0 0.0 0.0 134.0 255.0 68.0 0.0831730936816 0.111409961315 -0.0489034665059 0.234850625564 0.0 
