nrollouts: 10
# HEADER 1
0.0 0.0 0.0 0.0 0.0 0.0 0.0 0.0 0.0 0.0 0.0 0.0 133.0 247.0 255.0 0 0 0.0624604488792 -0.307793807992 0.0296975806261 
0.0 0.0 0.0 0.0 0.0 0.0 0.0 0.0 0.0 0.0 0.0 0.0 129.0 250.0 255.0 0.0624604488792 -0.307793807992 0.247850292299 -0.223693022219 0.0 
0.0 0.0 0.0 0.0 0.0 0.0 0.0 0.0 0.0 0.0 0.0 0.0 117.0 253.0 255.0 0.247850292299 -0.223693022219 0.193432727023 -0.0417785898951 0.0 
0.0 0.0 0.0 0.0 0.0 0.0 0.0 0.0 0.0 0.0 0.0 0.0 113.0 255.0 255.0 0.193432727023 -0.0417785898951 0.33 0.126708075291 -0.0296975806261 
0.0 0.0 0.0 0.0 0.0 0.0 0.0 0.0 0.0 0.0 0.0 0.0 108.0 255.0 255.0 0.33 0.126708075291 -0.0753788072276 -0.0132230349784 0.0 
0.0 0.0 0.0 0.0 0.0 0.0 0.0 0.0 0.0 0.0 0.0 0.0 111.0 255.0 255.0 -0.0753788072276 -0.0132230349784 0.151328984193 0.186317966272 0.0 
0.0 0.0 0.0 0.0 0.0 0.0 0.0 0.0 0.0 0.0 0.0 0.0 115.0 250.0 255.0 0.151328984193 0.186317966272 0.1368882936 -0.110894231575 0.0296975806261 
0.0 0.0 0.0 0.0 0.0 0.0 0.0 0.0 0.0 0.0 0.0 0.0 113.0 255.0 255.0 0.1368882936 -0.110894231575 0.115367893883 -0.10420857868 -0.0296975806261 
0.0 0.0 0.0 0.0 0.0 0.0 0.0 0.0 0.0 0.0 0.0 0.0 111.0 255.0 255.0 0.115367893883 -0.10420857868 -0.0949536259328 0.151442070758 0.0 
0.0 0.0 0.0 0.0 0.0 0.0 0.0 0.0 0.0 0.0 0.0 0.0 113.0 254.0 255.0 -0.0949536259328 0.151442070758 -0.0668916711008 0.160025042655 0.0 
0.0 0.0 0.0 0.0 0.0 0.0 0.0 0.0 0.0 0.0 0.0 0.0 119.0 248.0 238.0 -0.0668916711008 0.160025042655 0.21230485388 -0.0137970859336 0.0 
0.0 0.0 0.0 0.0 0.0 0.0 0.0 0.0 0.0 0.0 0.0 0.0 115.0 250.0 248.0 0.21230485388 -0.0137970859336 0.190750833287 0.209036041837 0.0296975806261 
0.0 0.0 0.0 0.0 0.0 0.0 0.0 0.0 0.0 0.0 0.0 0.0 114.0 253.0 229.0 0.190750833287 0.209036041837 0.111215051583 0.213302906403 -0.0296975806261 
0.0 0.0 100.0 0.0 0.0 0.0 0.0 0.0 0.0 0.0 100.0 0.0 116.0 254.0 194.0 0.111215051583 0.213302906403 0.00245001378644 0.143660969536 0.0296975806261 
0.0 0.0 100.0 0.0 0.0 100.0 0.0 100.0 0.0 0.0 100.0 0.0 117.0 255.0 177.0 0.00245001378644 0.143660969536 -0.11751380416 0.216607701965 0.0560993416705 
0.0 0.0 0.0 0.0 0.0 100.0 0.0 100.0 0.0 0.0 0.0 0.0 118.0 255.0 156.0 -0.11751380416 0.216607701965 -0.0904416224211 -0.0768618249031 0.0329938551854 
0.0 0.0 0.0 0.0 0.0 0.0 0.0 100.0 0.0 0.0 0.0 0.0 120.0 253.0 181.0 -0.0904416224211 -0.0768618249031 0.218588683947 0.10911623204 0.0588763588103 
0.0 0.0 0.0 0.0 0.0 0.0 0.0 0.0 0.0 0.0 0.0 0.0 131.0 247.0 162.0 0.218588683947 0.10911623204 -0.00220500326959 0.274288009182 -0.0560331875029 
0.0 0.0 0.0 0.0 0.0 0.0 0.0 0.0 0.0 0.0 0.0 0.0 146.0 246.0 92.0 -0.00220500326959 0.274288009182 -0.0244391133957 -0.0926742751891 0.0291092220797 
0.0 0.0 0.0 0.0 0.0 0.0 0.0 0.0 0.0 0.0 0.0 0.0 151.0 235.0 131.0 -0.0244391133957 -0.0926742751891 -0.0768146377697 -0.0833389320464 0.0576589140852 
0.0 0.0 0.0 0.0 0.0 0.0 0.0 0.0 0.0 0.0 0.0 0.0 148.0 210.0 241.0 -0.0768146377697 -0.0833389320464 0.0485323001432 -0.157881569894 0.0 
0.0 0.0 0.0 0.0 0.0 0.0 0.0 0.0 0.0 0.0 0.0 0.0 161.0 243.0 255.0 0.0485323001432 -0.157881569894 0.225399240214 0.0710737672418 0.0 
0.0 0.0 0.0 0.0 0.0 0.0 0.0 0.0 0.0 0.0 0.0 0.0 175.0 217.0 255.0 0.225399240214 0.0710737672418 -0.223507668165 -0.0324959234673 0.0 
0.0 0.0 0.0 0.0 0.0 0.0 0.0 0.0 0.0 0.0 0.0 0.0 199.0 220.0 255.0 -0.223507668165 -0.0324959234673 -0.327094680074 -0.119940195525 0.0 
0.0 0.0 0.0 0.0 0.0 0.0 0.0 0.0 0.0 0.0 0.0 0.0 227.0 247.0 255.0 -0.327094680074 -0.119940195525 0.10247910191 0.179886874549 0.0 
0.0 0.0 0.0 0.0 0.0 0.0 0.0 0.0 0.0 0.0 0.0 0.0 216.0 220.0 255.0 0.10247910191 0.179886874549 0.111160239943 0.223716005367 0.0 
0.0 0.0 0.0 0.0 0.0 0.0 0.0 0.0 0.0 0.0 0.0 0.0 194.0 169.0 245.0 0.111160239943 0.223716005367 0.131057323187 -0.33 0.0 
0.0 0.0 0.0 0.0 0.0 0.0 0.0 0.0 0.0 0.0 0.0 0.0 179.0 230.0 255.0 0.131057323187 -0.33 0.0144747298417 0.102714041713 0.0 
0.0 0.0 0.0 0.0 0.0 0.0 0.0 0.0 0.0 0.0 0.0 0.0 158.0 222.0 255.0 0.0144747298417 0.102714041713 0.0786471103877 0.126421720062 0.0 
0.0 0.0 0.0 0.0 0.0 0.0 0.0 0.0 0.0 0.0 0.0 0.0 144.0 225.0 216.0 0.0786471103877 0.126421720062 0.122506552483 0.291848185281 0.0 
0.0 0.0 0.0 0.0 0.0 0.0 0.0 0.0 0.0 0.0 0.0 0.0 141.0 247.0 136.0 0.122506552483 0.291848185281 -0.0369441762607 0.0851421070533 0.0 
0.0 0.0 0.0 0.0 0.0 0.0 0.0 0.0 0.0 0.0 0.0 0.0 143.0 247.0 105.0 -0.0369441762607 0.0851421070533 0.112367976087 0.0852785433759 0.0284588983812 
0.0 0.0 0.0 0.0 0.0 0.0 100.0 0.0 0.0 0.0 0.0 0.0 142.0 249.0 93.0 0.112367976087 0.0852785433759 0.117057866006 0.135667726636 0.0555629486622 
0.0 0.0 0.0 0.0 0.0 0.0 100.0 0.0 0.0 0.0 0.0 0.0 143.0 251.0 72.0 0.117057866006 0.135667726636 0.185678811576 0.0787412331743 0.0278154160861 
0.0 0.0 0.0 0.0 0.0 0.0 100.0 0.0 0.0 0.0 0.0 0.0 143.0 252.0 62.0 0.185678811576 0.0787412331743 -0.188259401958 -0.171431583573 0.0829740131128 
0.0 0.0 0.0 0.0 0.0 0.0 100.0 0.0 0.0 0.0 0.0 0.0 141.0 255.0 83.0 -0.188259401958 -0.171431583573 -0.239952455376 0.108788032477 0.0564391515924 
0.0 0.0 0.0 0.0 0.0 0.0 100.0 0.0 0.0 0.0 0.0 0.0 150.0 247.0 76.0 -0.239952455376 0.108788032477 -0.00972864994674 0.155665154249 -0.0564391515924 
0.0 0.0 0.0 0.0 0.0 0.0 0.0 0.0 0.0 0.0 0.0 0.0 155.0 245.0 51.0 -0.00972864994674 0.155665154249 0.202483629349 -0.0631745464501 -0.00110633756292 
0.0 0.0 0.0 0.0 0.0 0.0 0.0 0.0 0.0 0.0 0.0 0.0 149.0 252.0 63.0 0.202483629349 -0.0631745464501 0.0846846936864 -0.33 0.027746525115 
0.0 0.0 0.0 0.0 0.0 0.0 100.0 0.0 0.0 0.0 0.0 0.0 144.0 254.0 78.0 0.0846846936864 -0.33 0.148426904222 0.000222647071336 0.0279166084927 
0.0 0.0 0.0 0.0 0.0 0.0 100.0 0.0 0.0 0.0 0.0 0.0 142.0 255.0 83.0 0.148426904222 0.000222647071336 0.0300151856405 -0.0963189609557 0.00188235554761 
0.0 0.0 0.0 0.0 0.0 0.0 100.0 0.0 0.0 0.0 0.0 0.0 141.0 255.0 86.0 0.0300151856405 -0.0963189609557 -0.0934838342311 0.0814376110698 0.0 
0.0 0.0 0.0 0.0 0.0 0.0 100.0 0.0 0.0 0.0 0.0 0.0 141.0 255.0 88.0 -0.0934838342311 0.0814376110698 -0.0535307278187 -0.0570241291795 -0.0283058016833 
0.0 0.0 0.0 0.0 0.0 0.0 0.0 0.0 0.0 0.0 0.0 0.0 119.0 246.0 255.0 -0.0535307278187 -0.0570241291795 0.33 0.33 0.0 
0.0 0.0 0.0 0.0 0.0 0.0 0.0 0.0 0.0 0.0 0.0 0.0 130.0 242.0 224.0 0.33 0.33 0.152163234131 0.33 -0.00149316235695 
0.0 0.0 0.0 0.0 0.0 0.0 0.0 0.0 0.0 0.0 0.0 0.0 139.0 247.0 144.0 0.152163234131 0.33 0.163046278341 0.037298700343 0.0279166084927 
0.0 0.0 0.0 0.0 0.0 0.0 0.0 0.0 0.0 0.0 0.0 0.0 138.0 250.0 128.0 0.163046278341 0.037298700343 -0.261970019534 -0.0200476345751 0.025833105794 
0.0 0.0 0.0 0.0 0.0 0.0 0.0 0.0 0.0 0.0 0.0 0.0 130.0 254.0 153.0 -0.261970019534 -0.0200476345751 -0.0383195373013 0.135454515131 0.0277504777613 
0.0 0.0 0.0 0.0 0.0 0.0 0.0 0.0 0.0 0.0 0.0 0.0 136.0 250.0 138.0 -0.0383195373013 0.135454515131 -0.0163581555856 0.0258092858771 0.00258958022321 
0.0 0.0 0.0 0.0 0.0 0.0 0.0 0.0 0.0 0.0 0.0 0.0 140.0 247.0 129.0 -0.0163581555856 0.0258092858771 0.223377434292 0.00663212666784 -0.00258958022321 
0.0 0.0 0.0 0.0 0.0 0.0 0.0 0.0 0.0 0.0 0.0 0.0 136.0 251.0 130.0 0.223377434292 0.00663212666784 0.062845087735 0.109515417537 0.0 
0.0 0.0 0.0 0.0 0.0 0.0 0.0 0.0 0.0 0.0 0.0 0.0 134.0 252.0 120.0 0.062845087735 0.109515417537 -0.33 0.0520756485479 0.0 
0.0 0.0 0.0 0.0 0.0 0.0 0.0 0.0 0.0 0.0 0.0 0.0 143.0 247.0 107.0 -0.33 0.0520756485479 -0.300964449227 -0.0667959191629 0.0277934834987 
0.0 0.0 0.0 0.0 0.0 0.0 0.0 0.0 0.0 0.0 0.0 0.0 158.0 223.0 150.0 -0.300964449227 -0.0667959191629 0.000239222356241 0.205633411648 0.0 
0.0 0.0 0.0 0.0 0.0 0.0 0.0 0.0 0.0 0.0 0.0 0.0 162.0 227.0 114.0 0.000239222356241 0.205633411648 0.175776682979 0.219964344979 0.0 
0.0 0.0 0.0 0.0 0.0 0.0 0.0 0.0 0.0 0.0 0.0 0.0 169.0 229.0 52.0 0.175776682979 0.219964344979 0.0185623443607 -0.0734537067256 0.0277936160686 
0.0 0.0 0.0 0.0 0.0 0.0 0.0 0.0 0.0 0.0 0.0 0.0 171.0 225.0 73.0 0.0185623443607 -0.0734537067256 -0.165043221603 0.223405070962 0.0829552575753 
0.0 0.0 0.0 0.0 0.0 0.0 0.0 0.0 0.0 0.0 0.0 0.0 179.0 216.0 61.0 -0.165043221603 0.223405070962 0.126015198267 0.148982411795 0.0321091264288 
0.0 0.0 0.0 0.0 0.0 0.0 0.0 0.0 0.0 0.0 0.0 0.0 184.0 202.0 41.0 0.126015198267 0.148982411795 -0.245085133664 -0.00382916138953 0.0274877914486 
0.0 0.0 0.0 0.0 0.0 0.0 0.0 0.0 0.0 0.0 0.0 0.0 178.0 209.0 40.0 -0.245085133664 -0.00382916138953 0.288778380727 -0.33 0.153173958408 
0.0 0.0 0.0 0.0 0.0 0.0 0.0 0.0 0.0 0.0 0.0 0.0 163.0 233.0 43.0 0.288778380727 -0.33 -0.090296302583 -0.198870866095 -0.0266213336183 
0.0 0.0 0.0 0.0 0.0 0.0 0.0 0.0 0.0 0.0 0.0 0.0 170.0 224.0 49.0 -0.090296302583 -0.198870866095 -0.11070432888 0.0708194279775 -0.0334508735444 
0.0 0.0 0.0 0.0 0.0 0.0 0.0 0.0 0.0 0.0 0.0 0.0 189.0 193.0 71.0 -0.11070432888 0.0708194279775 0.245839454413 -0.115766162282 0.0 
0.0 0.0 0.0 0.0 0.0 0.0 0.0 0.0 0.0 0.0 0.0 0.0 178.0 213.0 58.0 0.245839454413 -0.115766162282 -0.0374016119569 -0.289864697659 0.0 
0.0 0.0 0.0 0.0 0.0 0.0 0.0 0.0 0.0 0.0 0.0 0.0 179.0 213.0 57.0 -0.0374016119569 -0.289864697659 -0.0316526352766 -0.13422345446 0.0 
0.0 0.0 0.0 0.0 0.0 0.0 0.0 0.0 0.0 0.0 0.0 0.0 190.0 194.0 71.0 -0.0316526352766 -0.13422345446 0.0332050709409 0.244331239469 0.0 
0.0 0.0 0.0 0.0 0.0 0.0 0.0 0.0 0.0 0.0 0.0 0.0 200.0 175.0 89.0 0.0332050709409 0.244331239469 0.0158108552705 -0.33 0.0 
0.0 0.0 0.0 0.0 0.0 0.0 0.0 0.0 0.0 0.0 0.0 0.0 201.0 170.0 94.0 0.0158108552705 -0.33 -0.0758286493811 0.0433299833875 0.0 
0.0 0.0 0.0 0.0 0.0 0.0 0.0 0.0 0.0 0.0 0.0 0.0 202.0 170.0 95.0 -0.0758286493811 0.0433299833875 -0.029697944829 0.124941946027 0.0 
0.0 0.0 0.0 0.0 0.0 0.0 0.0 0.0 0.0 0.0 0.0 0.0 206.0 162.0 105.0 -0.029697944829 0.124941946027 -0.0150166649628 0.0117653606362 0.0 
0.0 0.0 0.0 0.0 0.0 0.0 0.0 0.0 0.0 0.0 0.0 0.0 211.0 151.0 118.0 -0.0150166649628 0.0117653606362 0.0673874905769 0.069600717853 0.0 
0.0 0.0 0.0 0.0 0.0 0.0 0.0 0.0 0.0 0.0 0.0 0.0 211.0 149.0 122.0 0.0673874905769 0.069600717853 -0.080904110333 -0.33 0.0 
0.0 0.0 0.0 0.0 0.0 0.0 0.0 0.0 0.0 0.0 0.0 0.0 203.0 167.0 104.0 -0.080904110333 -0.33 -0.0692164768478 0.0949047708323 0.0 
0.0 0.0 0.0 0.0 0.0 0.0 0.0 0.0 0.0 0.0 0.0 0.0 207.0 158.0 112.0 -0.0692164768478 0.0949047708323 0.192160073891 0.0479085785884 0.0 
0.0 0.0 0.0 0.0 0.0 0.0 0.0 0.0 0.0 0.0 0.0 0.0 198.0 174.0 97.0 0.192160073891 0.0479085785884 -0.192691143754 -0.165877569623 0.0 
0.0 0.0 0.0 0.0 0.0 0.0 0.0 0.0 0.0 0.0 0.0 0.0 176.0 215.0 64.0 -0.192691143754 -0.165877569623 -0.0320011067404 0.108078440088 0.0 
0.0 0.0 0.0 0.0 0.0 0.0 0.0 0.0 0.0 0.0 0.0 0.0 156.0 244.0 48.0 -0.0320011067404 0.108078440088 -0.0798983925518 -0.103672673202 0.0 
# HEADER 2
0.0 0.0 0.0 0.0 0.0 0.0 0.0 0.0 0.0 0.0 0.0 0.0 133.0 250.0 255.0 0 0 0.301417921017 -0.0190011806571 0.0267886917232 
0.0 0.0 0.0 0.0 0.0 0.0 0.0 0.0 0.0 0.0 0.0 0.0 133.0 250.0 255.0 0.301417921017 -0.0190011806571 0.0340437368958 0.0338938053832 0.0 
0.0 0.0 0.0 0.0 0.0 0.0 0.0 0.0 0.0 0.0 0.0 0.0 128.0 250.0 255.0 0.0340437368958 0.0338938053832 -0.182489011631 0.235761741331 0.0 
0.0 0.0 0.0 0.0 0.0 0.0 0.0 0.0 0.0 0.0 0.0 0.0 139.0 225.0 239.0 -0.182489011631 0.235761741331 -0.0214135483813 0.19926999898 0.0 
0.0 0.0 0.0 0.0 0.0 0.0 0.0 0.0 0.0 0.0 0.0 0.0 164.0 214.0 165.0 -0.0214135483813 0.19926999898 0.0611148792878 0.0885961916611 0.0 
0.0 0.0 0.0 0.0 0.0 0.0 0.0 0.0 0.0 0.0 0.0 0.0 168.0 224.0 105.0 0.0611148792878 0.0885961916611 0.0304895508195 -0.110013798209 0.0 
0.0 0.0 0.0 0.0 0.0 0.0 0.0 0.0 0.0 0.0 0.0 0.0 159.0 223.0 166.0 0.0304895508195 -0.110013798209 0.0964088445194 0.228977669028 0.0 
0.0 0.0 0.0 0.0 0.0 0.0 0.0 0.0 0.0 0.0 0.0 0.0 147.0 246.0 124.0 0.0964088445194 0.228977669028 -0.108288141114 0.33 0.0 
0.0 0.0 0.0 0.0 0.0 0.0 0.0 0.0 0.0 0.0 0.0 0.0 151.0 247.0 51.0 -0.108288141114 0.33 0.17260248752 0.28951742537 0.0 
0.0 0.0 0.0 0.0 0.0 0.0 0.0 0.0 0.0 0.0 0.0 0.0 147.0 242.0 37.0 0.17260248752 0.28951742537 -0.248250245121 -0.0256232222379 0.209952721177 
0.0 0.0 0.0 0.0 0.0 0.0 0.0 0.0 0.0 0.0 0.0 0.0 141.0 252.0 40.0 -0.248250245121 -0.0256232222379 -0.157832311179 0.163245160432 0.11997024778 
0.0 0.0 0.0 0.0 0.0 0.0 0.0 0.0 0.0 0.0 0.0 0.0 152.0 236.0 39.0 -0.157832311179 0.163245160432 -0.170086895195 0.115670388975 -0.0233630153315 
0.0 0.0 0.0 0.0 0.0 0.0 0.0 0.0 0.0 0.0 0.0 0.0 175.0 202.0 39.0 -0.170086895195 0.115670388975 -0.0313993882208 -0.190389067716 0.0233630153315 
0.0 0.0 0.0 0.0 0.0 0.0 0.0 0.0 0.0 0.0 0.0 0.0 186.0 193.0 52.0 -0.0313993882208 -0.190389067716 -0.12904122823 -0.0494267266528 0.087087711415 
# HEADER 3
0.0 0.0 0.0 0.0 0.0 0.0 0.0 0.0 0.0 0.0 0.0 0.0 133.0 249.0 255.0 0 0 -0.0696992014332 0.120590844976 -0.0218542078796 
0.0 0.0 0.0 0.0 0.0 0.0 0.0 0.0 0.0 0.0 0.0 0.0 138.0 223.0 250.0 -0.0696992014332 0.120590844976 -0.148725192513 0.0898781764149 0.0 
0.0 0.0 0.0 0.0 0.0 0.0 0.0 0.0 0.0 0.0 0.0 0.0 160.0 208.0 204.0 -0.148725192513 0.0898781764149 0.0573402927078 0.0687558311618 -0.0111251406083 
0.0 0.0 0.0 0.0 0.0 0.0 0.0 0.0 0.0 0.0 0.0 0.0 182.0 193.0 155.0 0.0573402927078 0.0687558311618 0.102516886431 -0.0955928489022 0.0329793484879 
0.0 0.0 0.0 0.0 0.0 0.0 0.0 0.0 0.0 0.0 0.0 0.0 202.0 161.0 222.0 0.102516886431 -0.0955928489022 0.115924215529 0.0514005835925 0.0 
0.0 0.0 0.0 0.0 0.0 0.0 0.0 0.0 0.0 0.0 0.0 0.0 192.0 165.0 210.0 0.115924215529 0.0514005835925 0.0714025930265 0.33 -0.0218542078796 
0.0 0.0 0.0 0.0 0.0 0.0 0.0 0.0 0.0 0.0 0.0 0.0 179.0 210.0 103.0 0.0714025930265 0.33 0.0785785215711 0.325410545748 0.0218542078796 
0.0 0.0 0.0 0.0 0.0 0.0 0.0 0.0 0.0 0.0 0.0 0.0 177.0 212.0 41.0 0.0785785215711 0.325410545748 0.0924211119353 -0.219330070075 0.0 
0.0 0.0 0.0 0.0 0.0 0.0 0.0 0.0 0.0 0.0 0.0 0.0 171.0 223.0 48.0 0.0924211119353 -0.219330070075 -0.229661319865 -0.146144176233 0.230859108476 
0.0 0.0 0.0 0.0 0.0 0.0 0.0 0.0 0.0 0.0 0.0 0.0 145.0 230.0 191.0 -0.229661319865 -0.146144176233 0.0784053166646 0.12388410937 -0.0309596841073 
0.0 0.0 0.0 0.0 0.0 0.0 0.0 0.0 0.0 0.0 0.0 0.0 134.0 246.0 171.0 0.0784053166646 0.12388410937 0.0830566322156 -0.133010184845 0.0309596841073 
0.0 0.0 0.0 0.0 0.0 0.0 0.0 0.0 0.0 0.0 0.0 0.0 121.0 248.0 229.0 0.0830566322156 -0.133010184845 0.128883321996 0.00463073863407 0.0 
0.0 0.0 0.0 0.0 0.0 0.0 0.0 0.0 0.0 0.0 0.0 0.0 115.0 251.0 245.0 0.128883321996 0.00463073863407 0.0598387935295 0.0257803944583 0.0 
0.0 0.0 0.0 0.0 0.0 0.0 0.0 0.0 0.0 0.0 0.0 0.0 114.0 252.0 237.0 0.0598387935295 0.0257803944583 -0.0284705457088 0.100612923577 0.0 
0.0 0.0 0.0 0.0 0.0 0.0 0.0 0.0 0.0 0.0 0.0 0.0 121.0 249.0 208.0 -0.0284705457088 0.100612923577 -0.0959623383269 0.0945890868906 0.0133094026308 
0.0 0.0 0.0 0.0 0.0 0.0 0.0 0.0 0.0 0.0 0.0 0.0 130.0 247.0 171.0 -0.0959623383269 0.0945890868906 -0.238101159563 0.33 0.0297571447696 
0.0 0.0 0.0 0.0 0.0 0.0 0.0 0.0 0.0 0.0 0.0 0.0 144.0 247.0 98.0 -0.238101159563 0.33 -0.0872507947481 0.0986999857592 0.0404456065507 
0.0 0.0 0.0 0.0 0.0 0.0 0.0 0.0 0.0 0.0 0.0 0.0 154.0 245.0 57.0 -0.0872507947481 0.0986999857592 -0.158143598453 -0.120311952015 0.182535453727 
0.0 0.0 0.0 0.0 0.0 0.0 0.0 0.0 0.0 0.0 0.0 0.0 172.0 216.0 110.0 -0.158143598453 -0.120311952015 -0.07185680955 -0.0849259636196 0.131736211867 
0.0 0.0 0.0 0.0 0.0 0.0 0.0 0.0 0.0 0.0 0.0 0.0 177.0 183.0 231.0 -0.07185680955 -0.0849259636196 -0.107315372648 0.260417206536 -0.0069023433178 
0.0 0.0 0.0 0.0 0.0 0.0 0.0 0.0 0.0 0.0 0.0 0.0 195.0 169.0 179.0 -0.107315372648 0.260417206536 0.27420358507 -0.234272265804 0.0 
0.0 0.0 0.0 0.0 0.0 0.0 0.0 0.0 0.0 0.0 0.0 0.0 210.0 160.0 235.0 0.27420358507 -0.234272265804 0.185848352269 0.167392485901 0.0 
0.0 0.0 0.0 0.0 0.0 0.0 0.0 0.0 0.0 0.0 0.0 0.0 195.0 158.0 215.0 0.185848352269 0.167392485901 -0.119695386942 -0.146506652462 0.0 
0.0 0.0 0.0 0.0 0.0 0.0 0.0 0.0 0.0 0.0 0.0 0.0 167.0 185.0 254.0 -0.119695386942 -0.146506652462 0.0538012956259 0.0503863092895 0.0 
0.0 0.0 0.0 0.0 0.0 0.0 0.0 0.0 0.0 0.0 0.0 0.0 147.0 215.0 233.0 0.0538012956259 0.0503863092895 -0.0615985641618 0.238902559213 0.0 
0.0 0.0 0.0 0.0 0.0 0.0 0.0 0.0 0.0 0.0 0.0 0.0 152.0 230.0 156.0 -0.0615985641618 0.238902559213 0.123143693583 0.0592420562302 0.0 
0.0 0.0 0.0 0.0 0.0 0.0 0.0 0.0 0.0 0.0 0.0 0.0 151.0 242.0 114.0 0.123143693583 0.0592420562302 -0.33 0.131664345599 0.0 
0.0 0.0 0.0 0.0 0.0 0.0 0.0 0.0 0.0 0.0 0.0 0.0 167.0 230.0 77.0 -0.33 0.131664345599 -0.027010282087 -0.0869065540564 0.051093050045 
0.0 0.0 0.0 0.0 0.0 0.0 0.0 0.0 0.0 0.0 0.0 0.0 179.0 204.0 128.0 -0.027010282087 -0.0869065540564 0.131847779991 0.33 0.0699581276261 
0.0 0.0 0.0 0.0 0.0 0.0 0.0 0.0 0.0 0.0 0.0 0.0 184.0 205.0 85.0 0.131847779991 0.33 -0.19822792769 -0.0894430706628 -0.00349268639082 
0.0 0.0 0.0 0.0 0.0 0.0 0.0 0.0 0.0 0.0 0.0 0.0 204.0 165.0 137.0 -0.19822792769 -0.0894430706628 0.24283218094 0.218662874381 0.0334040831813 
0.0 0.0 0.0 0.0 0.0 0.0 0.0 0.0 0.0 0.0 0.0 0.0 190.0 195.0 91.0 0.24283218094 0.218662874381 0.065903679722 -0.182486952533 -0.0179402731201 
0.0 0.0 0.0 0.0 0.0 0.0 0.0 0.0 0.0 0.0 0.0 0.0 177.0 201.0 148.0 0.065903679722 -0.182486952533 0.300601031674 0.058918184384 0.015406595791 
0.0 0.0 0.0 0.0 0.0 0.0 0.0 0.0 0.0 0.0 0.0 0.0 153.0 236.0 132.0 0.300601031674 0.058918184384 0.33 -0.0553032034542 -0.015406595791 
0.0 0.0 0.0 0.0 0.0 0.0 0.0 0.0 0.0 0.0 0.0 0.0 133.0 249.0 173.0 0.33 -0.0553032034542 0.0630262266008 -0.0159847218015 0.0 
0.0 0.0 0.0 0.0 0.0 0.0 0.0 0.0 0.0 0.0 0.0 0.0 118.0 250.0 233.0 0.0630262266008 -0.0159847218015 0.240262027857 0.0130552994967 0.0 
0.0 0.0 0.0 0.0 0.0 0.0 0.0 0.0 0.0 0.0 0.0 0.0 113.0 252.0 240.0 0.240262027857 0.0130552994967 0.248567944577 0.131401776222 0.0 
0.0 0.0 100.0 0.0 0.0 0.0 0.0 0.0 0.0 0.0 0.0 0.0 112.0 253.0 219.0 0.248567944577 0.131401776222 0.0490286636851 0.136142575593 0.015406595791 
0.0 0.0 100.0 0.0 0.0 0.0 0.0 0.0 0.0 0.0 100.0 0.0 113.0 253.0 199.0 0.0490286636851 0.136142575593 -0.00610208318002 0.137153088098 0.032199662172 
0.0 0.0 100.0 0.0 0.0 100.0 0.0 100.0 0.0 0.0 0.0 0.0 116.0 253.0 180.0 -0.00610208318002 0.137153088098 -0.13272051732 0.146216332271 0.0439335795741 
0.0 0.0 0.0 0.0 0.0 100.0 0.0 100.0 0.0 0.0 0.0 0.0 122.0 252.0 157.0 -0.13272051732 0.146216332271 -0.240675873459 0.232077636006 0.0431223207845 
0.0 0.0 0.0 0.0 0.0 0.0 0.0 0.0 0.0 0.0 0.0 0.0 141.0 248.0 96.0 -0.240675873459 0.232077636006 0.116769138713 -0.141349410677 0.0445984671697 
0.0 0.0 0.0 0.0 0.0 0.0 0.0 0.0 0.0 0.0 0.0 0.0 137.0 252.0 125.0 0.116769138713 -0.141349410677 0.0572883442432 0.00532267798026 0.142696055198 
0.0 0.0 0.0 0.0 0.0 0.0 0.0 0.0 0.0 0.0 0.0 0.0 129.0 253.0 155.0 0.0572883442432 0.00532267798026 0.0495050038959 0.208367256939 0.0686727893331 
0.0 0.0 0.0 0.0 0.0 0.0 0.0 0.0 0.0 0.0 0.0 0.0 131.0 251.0 134.0 0.0495050038959 0.208367256939 0.0334316962505 -0.0212057759805 -0.0759628480344 
0.0 0.0 0.0 0.0 0.0 0.0 0.0 0.0 0.0 0.0 0.0 0.0 129.0 253.0 145.0 0.0334316962505 -0.0212057759805 0.067425016029 0.239875019102 0.0805122938688 
0.0 0.0 0.0 0.0 0.0 0.0 0.0 0.0 0.0 0.0 0.0 0.0 132.0 251.0 125.0 0.067425016029 0.239875019102 0.113791605827 0.119639890844 -0.0372274037708 
0.0 0.0 0.0 0.0 0.0 0.0 100.0 0.0 0.0 0.0 0.0 0.0 134.0 251.0 103.0 0.113791605827 0.119639890844 -0.0375138610237 0.109652655083 0.06491289638 
0.0 0.0 0.0 0.0 0.0 0.0 100.0 0.0 0.0 0.0 0.0 0.0 141.0 249.0 81.0 -0.0375138610237 0.109652655083 0.0644419896994 0.128370724834 0.0773594424474 
0.0 0.0 0.0 0.0 0.0 0.0 0.0 0.0 0.0 0.0 0.0 0.0 144.0 250.0 54.0 0.0644419896994 0.128370724834 0.164708469953 -0.0491709829059 0.0656830427892 
0.0 0.0 0.0 0.0 0.0 0.0 100.0 0.0 0.0 0.0 0.0 0.0 141.0 255.0 66.0 0.164708469953 -0.0491709829059 -0.0985178293535 -0.0771820652903 0.0642069453409 
0.0 0.0 0.0 0.0 0.0 0.0 100.0 0.0 0.0 0.0 0.0 0.0 139.0 255.0 76.0 -0.0985178293535 -0.0771820652903 0.177692065695 0.123689383307 0.0662226802084 
0.0 0.0 0.0 0.0 0.0 0.0 100.0 0.0 0.0 0.0 0.0 0.0 137.0 255.0 77.0 0.177692065695 0.123689383307 0.218564027796 0.0312068115233 -0.0611182429765 
0.0 0.0 0.0 0.0 0.0 0.0 100.0 0.0 0.0 0.0 0.0 0.0 138.0 255.0 70.0 0.218564027796 0.0312068115233 -0.180455300682 0.106197356796 0.0418489372058 
0.0 0.0 0.0 0.0 0.0 0.0 100.0 0.0 0.0 0.0 0.0 0.0 148.0 247.0 54.0 -0.180455300682 0.106197356796 0.254830745808 -0.137571830079 0.0192693057707 
0.0 0.0 0.0 0.0 0.0 0.0 100.0 0.0 0.0 0.0 0.0 0.0 144.0 255.0 69.0 0.254830745808 -0.137571830079 -0.102294930424 0.120195221675 0.0 
0.0 0.0 0.0 0.0 0.0 0.0 100.0 0.0 0.0 0.0 0.0 0.0 140.0 255.0 68.0 -0.102294930424 0.120195221675 -0.0966600568157 -0.0570708979422 -0.0119272394063 
0.0 0.0 0.0 0.0 0.0 0.0 100.0 0.0 0.0 0.0 0.0 0.0 144.0 254.0 70.0 -0.0966600568157 -0.0570708979422 0.159489598462 0.150110185703 0.0119272394063 
0.0 0.0 0.0 0.0 0.0 0.0 100.0 0.0 0.0 0.0 0.0 0.0 145.0 253.0 66.0 0.159489598462 0.150110185703 0.114680489867 0.11879023634 -0.0119272394063 
0.0 0.0 0.0 0.0 0.0 0.0 100.0 0.0 0.0 0.0 0.0 0.0 144.0 251.0 51.0 0.114680489867 0.11879023634 0.232972967591 -0.21688890455 0.0 
0.0 0.0 0.0 0.0 0.0 0.0 100.0 0.0 0.0 0.0 0.0 0.0 140.0 255.0 68.0 0.232972967591 -0.21688890455 -0.087433613903 -0.118225271326 0.0349047739766 
0.0 0.0 0.0 0.0 0.0 0.0 100.0 0.0 0.0 0.0 0.0 0.0 144.0 253.0 68.0 -0.087433613903 -0.118225271326 0.190207816797 0.0324086737459 0.00915420996373 
0.0 0.0 0.0 0.0 0.0 0.0 100.0 0.0 0.0 0.0 0.0 0.0 143.0 255.0 72.0 0.190207816797 0.0324086737459 0.0736471354629 -0.0254288500152 -0.0117085783506 
0.0 0.0 0.0 0.0 0.0 0.0 100.0 0.0 0.0 0.0 0.0 0.0 142.0 255.0 74.0 0.0736471354629 -0.0254288500152 -0.126723340565 0.16464129042 0.0 
0.0 0.0 0.0 0.0 0.0 0.0 100.0 0.0 0.0 0.0 0.0 0.0 142.0 255.0 75.0 -0.126723340565 0.16464129042 0.102134287942 0.0714810705483 0.0 
0.0 0.0 0.0 0.0 0.0 0.0 100.0 0.0 0.0 0.0 0.0 0.0 142.0 255.0 69.0 0.102134287942 0.0714810705483 0.128125331384 -0.0524174895253 0.0 
0.0 0.0 0.0 0.0 0.0 0.0 100.0 0.0 0.0 0.0 0.0 0.0 141.0 255.0 74.0 0.128125331384 -0.0524174895253 0.00262282009883 -0.0141359415738 -0.00879083157015 
0.0 0.0 0.0 0.0 0.0 0.0 100.0 0.0 0.0 0.0 0.0 0.0 141.0 255.0 76.0 0.00262282009883 -0.0141359415738 -0.15092715982 -0.225725722217 0.00879083157015 
0.0 0.0 0.0 0.0 0.0 0.0 100.0 0.0 0.0 0.0 0.0 0.0 149.0 253.0 72.0 -0.15092715982 -0.225725722217 0.0139693699148 0.249409860292 0.0 
0.0 0.0 0.0 0.0 0.0 0.0 0.0 0.0 0.0 0.0 0.0 0.0 141.0 233.0 222.0 0.0139693699148 0.249409860292 -0.0304605444837 0.0392429621685 -0.0120202459468 
0.0 0.0 0.0 0.0 0.0 0.0 0.0 0.0 0.0 100.0 0.0 0.0 153.0 230.0 183.0 -0.0304605444837 0.0392429621685 0.164456132644 0.185044642377 -0.0325601371052 
0.0 0.0 0.0 0.0 0.0 0.0 0.0 0.0 0.0 0.0 0.0 0.0 165.0 231.0 118.0 0.164456132644 0.185044642377 -0.179526040804 0.107172616951 0.0 
0.0 0.0 0.0 0.0 0.0 0.0 0.0 0.0 0.0 0.0 0.0 0.0 173.0 228.0 73.0 -0.179526040804 0.107172616951 -0.0993512161589 -0.187774483188 0.0122299774623 
0.0 0.0 0.0 0.0 0.0 0.0 0.0 0.0 0.0 0.0 0.0 0.0 187.0 191.0 156.0 -0.0993512161589 -0.187774483188 0.137128189864 0.0914568989012 0.0440589839404 
0.0 0.0 0.0 0.0 0.0 0.0 0.0 0.0 0.0 0.0 0.0 0.0 197.0 180.0 145.0 0.137128189864 0.0914568989012 0.260775258845 0.33 -0.0117085783506 
0.0 0.0 0.0 0.0 0.0 0.0 0.0 0.0 0.0 0.0 0.0 0.0 187.0 210.0 53.0 0.260775258845 0.33 0.149469378866 -0.0190019028132 0.0117085783506 
0.0 0.0 0.0 0.0 0.0 0.0 0.0 0.0 0.0 0.0 0.0 0.0 173.0 226.0 50.0 0.149469378866 -0.0190019028132 -0.175848272076 -0.0907643599728 0.0225175288323 
0.0 0.0 0.0 0.0 0.0 0.0 0.0 0.0 0.0 0.0 0.0 0.0 150.0 249.0 110.0 -0.175848272076 -0.0907643599728 0.245721813795 0.197816829032 0.0326135970171 
0.0 0.0 0.0 0.0 0.0 0.0 0.0 0.0 0.0 0.0 0.0 0.0 143.0 250.0 113.0 0.245721813795 0.197816829032 -0.0053442659805 -0.117028666027 0.0 
0.0 0.0 0.0 0.0 0.0 0.0 0.0 0.0 0.0 0.0 0.0 0.0 136.0 251.0 154.0 -0.0053442659805 -0.117028666027 0.130326531402 0.182831033504 0.0105451849238 
0.0 0.0 0.0 0.0 0.0 0.0 0.0 0.0 0.0 0.0 0.0 0.0 133.0 251.0 155.0 0.130326531402 0.182831033504 0.222271154645 0.12816007526 0.0124672685499 
0.0 0.0 0.0 0.0 0.0 100.0 0.0 100.0 0.0 0.0 0.0 0.0 134.0 251.0 126.0 0.222271154645 0.12816007526 0.0763602827195 0.33 0.0105132248291 
0.0 0.0 0.0 0.0 0.0 0.0 0.0 0.0 0.0 0.0 0.0 0.0 138.0 252.0 74.0 0.0763602827195 0.33 0.0620967376698 0.33 0.0882208692375 
0.0 0.0 0.0 0.0 0.0 0.0 100.0 0.0 0.0 0.0 0.0 0.0 139.0 247.0 37.0 0.0620967376698 0.33 -0.129914317309 0.0851842803119 0.223632571458 
0.0 0.0 0.0 0.0 0.0 0.0 0.0 0.0 0.0 0.0 0.0 0.0 149.0 238.0 37.0 -0.129914317309 0.0851842803119 -0.137898003578 -0.297441567229 0.21564675439 
0.0 0.0 0.0 0.0 0.0 0.0 0.0 0.0 0.0 0.0 0.0 0.0 161.0 235.0 59.0 -0.137898003578 -0.297441567229 0.0634362443747 -0.305695253915 0.0355840826583 
0.0 0.0 0.0 0.0 0.0 0.0 0.0 0.0 0.0 0.0 0.0 0.0 144.0 221.0 229.0 0.0634362443747 -0.305695253915 0.0915918766391 -0.155940704845 -0.0375487196287 
0.0 0.0 0.0 0.0 0.0 0.0 0.0 0.0 0.0 0.0 0.0 0.0 129.0 249.0 255.0 0.0915918766391 -0.155940704845 0.0333761248573 0.208565931008 0.0348469173363 
0.0 0.0 0.0 0.0 0.0 0.0 0.0 0.0 0.0 0.0 0.0 0.0 118.0 248.0 251.0 0.0333761248573 0.208565931008 0.115147132001 -0.241049375226 0.0 
0.0 0.0 0.0 0.0 0.0 0.0 0.0 0.0 0.0 0.0 0.0 0.0 115.0 253.0 255.0 0.115147132001 -0.241049375226 0.0480887361959 -0.214215619565 0.0 
0.0 0.0 0.0 0.0 0.0 0.0 0.0 0.0 0.0 0.0 0.0 0.0 114.0 254.0 255.0 0.0480887361959 -0.214215619565 -0.0711337950124 -0.125863677404 0.0 
0.0 0.0 0.0 0.0 0.0 0.0 0.0 0.0 0.0 0.0 0.0 0.0 116.0 252.0 255.0 -0.0711337950124 -0.125863677404 -0.087397503318 0.00733303029154 -0.0348469173363 
0.0 0.0 0.0 0.0 0.0 0.0 0.0 0.0 0.0 0.0 0.0 0.0 121.0 250.0 255.0 -0.087397503318 0.00733303029154 -0.105324645013 0.146712866143 0.0348469173363 
0.0 0.0 0.0 0.0 0.0 0.0 0.0 0.0 0.0 0.0 0.0 0.0 136.0 245.0 255.0 -0.105324645013 0.146712866143 0.00992047612053 -0.170784301165 0.0 
0.0 0.0 0.0 0.0 0.0 0.0 0.0 0.0 0.0 0.0 0.0 0.0 137.0 250.0 255.0 0.00992047612053 -0.170784301165 -0.0860460573864 -0.169724546143 0.0 
0.0 0.0 0.0 0.0 0.0 0.0 0.0 0.0 0.0 0.0 0.0 0.0 137.0 249.0 255.0 -0.0860460573864 -0.169724546143 0.107520746348 -0.141407088314 0.0 
0.0 0.0 0.0 0.0 0.0 0.0 0.0 0.0 0.0 0.0 0.0 0.0 137.0 250.0 255.0 0.107520746348 -0.141407088314 -0.0333372812714 0.00108487963438 0.0 
0.0 0.0 0.0 0.0 0.0 0.0 0.0 0.0 0.0 0.0 0.0 0.0 137.0 249.0 255.0 -0.0333372812714 0.00108487963438 0.160651486579 -0.260490137811 0.0 
0.0 0.0 0.0 0.0 0.0 0.0 0.0 0.0 0.0 0.0 0.0 0.0 137.0 250.0 255.0 0.160651486579 -0.260490137811 0.07144937365 0.11568946069 0.0 
0.0 0.0 0.0 0.0 0.0 0.0 0.0 0.0 0.0 0.0 0.0 0.0 131.0 250.0 255.0 0.07144937365 0.11568946069 -0.0370531831007 -0.138334438913 0.0 
0.0 0.0 0.0 0.0 0.0 0.0 0.0 0.0 0.0 0.0 0.0 0.0 131.0 250.0 255.0 -0.0370531831007 -0.138334438913 -0.0135838071524 -0.0959284537974 0.0 
0.0 0.0 0.0 0.0 0.0 0.0 0.0 0.0 0.0 0.0 0.0 0.0 141.0 250.0 255.0 -0.0135838071524 -0.0959284537974 0.308404881095 0.101727506621 0.0 
0.0 0.0 0.0 0.0 0.0 0.0 0.0 0.0 0.0 0.0 0.0 0.0 151.0 249.0 255.0 0.308404881095 0.101727506621 -0.175991892808 0.0439750984884 0.0 
0.0 0.0 0.0 0.0 0.0 0.0 0.0 0.0 0.0 100.0 0.0 0.0 166.0 213.0 254.0 -0.175991892808 0.0439750984884 0.0591692922804 -0.240303792422 0.0 
0.0 0.0 0.0 0.0 0.0 0.0 0.0 0.0 0.0 0.0 0.0 0.0 192.0 244.0 255.0 0.0591692922804 -0.240303792422 0.190246595225 0.187533982392 0.0 
0.0 0.0 0.0 0.0 0.0 0.0 0.0 0.0 0.0 0.0 0.0 0.0 178.0 225.0 255.0 0.190246595225 0.187533982392 0.0690676112447 -0.161553519108 0.0 
0.0 0.0 0.0 0.0 0.0 0.0 0.0 0.0 0.0 0.0 0.0 0.0 157.0 250.0 255.0 0.0690676112447 -0.161553519108 -0.035206361315 0.0292989203627 0.0 
0.0 0.0 0.0 0.0 0.0 0.0 0.0 0.0 0.0 0.0 0.0 0.0 154.0 250.0 255.0 -0.035206361315 0.0292989203627 -0.121467945258 0.0120751262502 0.0 
0.0 0.0 0.0 0.0 0.0 0.0 0.0 0.0 0.0 0.0 0.0 0.0 169.0 233.0 255.0 -0.121467945258 0.0120751262502 -0.0671928458677 0.0177084972844 0.0 
0.0 0.0 0.0 0.0 0.0 0.0 0.0 0.0 0.0 0.0 0.0 0.0 187.0 198.0 254.0 -0.0671928458677 0.0177084972844 -0.00740808756112 0.140154838207 0.0 
0.0 0.0 0.0 0.0 0.0 0.0 0.0 0.0 0.0 0.0 0.0 0.0 189.0 158.0 238.0 -0.00740808756112 0.140154838207 0.33 0.0204732502381 0.0 
0.0 0.0 0.0 0.0 0.0 0.0 0.0 0.0 0.0 0.0 0.0 0.0 173.0 197.0 188.0 0.33 0.0204732502381 0.000114057906733 0.165699704098 0.0 
0.0 0.0 0.0 0.0 0.0 0.0 0.0 0.0 0.0 0.0 0.0 0.0 168.0 220.0 130.0 0.000114057906733 0.165699704098 -0.216507281158 0.33 -0.0348469173363 
0.0 0.0 0.0 0.0 0.0 0.0 0.0 0.0 0.0 0.0 0.0 0.0 172.0 228.0 50.0 -0.216507281158 0.33 -0.156727416005 0.0862431029762 0.0362229716576 
0.0 0.0 0.0 0.0 0.0 0.0 0.0 0.0 0.0 0.0 0.0 0.0 177.0 215.0 42.0 -0.156727416005 0.0862431029762 0.182494875324 -0.152178756624 0.186948116045 
0.0 0.0 0.0 0.0 0.0 0.0 0.0 0.0 0.0 0.0 0.0 0.0 177.0 219.0 53.0 0.182494875324 -0.152178756624 0.232566514921 -0.102688166352 0.119265936332 
0.0 0.0 0.0 0.0 0.0 0.0 0.0 0.0 0.0 0.0 0.0 0.0 152.0 227.0 178.0 0.232566514921 -0.102688166352 -0.0893122513523 -0.12372191898 0.0 
0.0 0.0 0.0 0.0 0.0 0.0 0.0 0.0 0.0 0.0 0.0 0.0 147.0 224.0 255.0 -0.0893122513523 -0.12372191898 -0.152236184567 -0.151377839907 0.0 
0.0 0.0 0.0 0.0 0.0 0.0 0.0 0.0 0.0 0.0 0.0 0.0 171.0 249.0 255.0 -0.152236184567 -0.151377839907 0.217835709575 0.0602204144647 0.00451233718209 
0.0 0.0 0.0 0.0 0.0 0.0 0.0 0.0 0.0 0.0 0.0 0.0 159.0 249.0 255.0 0.217835709575 0.0602204144647 0.314916355232 -0.0367393642512 0.0398170703722 
0.0 0.0 0.0 0.0 0.0 0.0 0.0 0.0 0.0 0.0 0.0 0.0 127.0 250.0 255.0 0.314916355232 -0.0367393642512 -0.10780915008 -0.0255957223202 -0.0398170703722 
0.0 0.0 0.0 0.0 0.0 0.0 0.0 0.0 0.0 0.0 0.0 0.0 131.0 250.0 255.0 -0.10780915008 -0.0255957223202 0.154389741559 0.174449447775 0.0 
0.0 0.0 0.0 0.0 0.0 0.0 0.0 0.0 0.0 0.0 0.0 0.0 122.0 250.0 255.0 0.154389741559 0.174449447775 0.177819369962 0.151803843549 0.0398170703722 
0.0 0.0 0.0 0.0 0.0 0.0 0.0 0.0 0.0 0.0 0.0 0.0 118.0 250.0 241.0 0.177819369962 0.151803843549 0.206931870727 -0.0248636672302 -0.0398170703722 
0.0 0.0 0.0 0.0 0.0 0.0 0.0 0.0 0.0 0.0 0.0 0.0 111.0 254.0 253.0 0.206931870727 -0.0248636672302 -0.104605623115 0.0706681424016 -0.00451233718209 
0.0 0.0 0.0 0.0 0.0 0.0 0.0 0.0 0.0 0.0 0.0 0.0 109.0 254.0 247.0 -0.104605623115 0.0706681424016 0.0548800751455 0.0806059136442 0.0 
0.0 100.0 100.0 0.0 0.0 0.0 0.0 0.0 0.0 0.0 0.0 0.0 109.0 255.0 234.0 0.0548800751455 0.0806059136442 0.178500304133 -0.000344800386916 0.0 
0.0 0.0 100.0 0.0 0.0 0.0 0.0 0.0 0.0 0.0 0.0 0.0 108.0 255.0 236.0 0.178500304133 -0.000344800386916 0.135020160068 -0.128952272182 0.0 
0.0 0.0 0.0 0.0 0.0 0.0 0.0 0.0 0.0 0.0 0.0 0.0 105.0 255.0 255.0 0.135020160068 -0.128952272182 0.307438342116 0.18005646389 0.0 
0.0 100.0 0.0 0.0 0.0 0.0 0.0 0.0 0.0 0.0 0.0 0.0 103.0 255.0 251.0 0.307438342116 0.18005646389 0.213963880959 0.0885602723274 0.0 
0.0 100.0 100.0 0.0 0.0 0.0 0.0 0.0 0.0 0.0 100.0 0.0 104.0 255.0 239.0 0.213963880959 0.0885602723274 -0.0379900800993 0.202611078847 -0.00434759963246 
0.0 100.0 100.0 0.0 0.0 100.0 0.0 0.0 0.0 0.0 100.0 0.0 106.0 255.0 218.0 -0.0379900800993 0.202611078847 0.164046479824 -0.118107057084 -0.0384206690308 
0.0 0.0 100.0 0.0 0.0 0.0 0.0 0.0 0.0 0.0 0.0 0.0 101.0 255.0 252.0 0.164046479824 -0.118107057084 -0.160118498464 0.0705354635079 0.0384206690308 
0.0 0.0 0.0 0.0 0.0 0.0 0.0 0.0 0.0 0.0 0.0 0.0 111.0 252.0 235.0 -0.160118498464 0.0705354635079 -0.128510993015 -0.187737536252 0.0383847404644 
# HEADER 4
0.0 0.0 0.0 0.0 0.0 0.0 0.0 0.0 0.0 0.0 0.0 0.0 133.0 247.0 255.0 0 0 0.0218613332346 -0.056253327985 0.0 
0.0 0.0 0.0 0.0 0.0 0.0 0.0 0.0 0.0 0.0 0.0 0.0 134.0 250.0 255.0 0.0218613332346 -0.056253327985 0.33 -0.148653044649 0.00524072051756 
0.0 0.0 0.0 0.0 0.0 0.0 0.0 0.0 0.0 0.0 0.0 0.0 119.0 252.0 255.0 0.33 -0.148653044649 0.13255202178 -0.090078376967 -0.00524072051756 
0.0 0.0 0.0 0.0 0.0 0.0 0.0 0.0 0.0 0.0 0.0 0.0 114.0 254.0 255.0 0.13255202178 -0.090078376967 -0.0263701916225 -0.00744273884491 0.0 
0.0 0.0 0.0 0.0 0.0 0.0 0.0 0.0 0.0 0.0 0.0 0.0 114.0 254.0 255.0 -0.0263701916225 -0.00744273884491 0.0290308689906 -0.123769220229 0.0 
0.0 0.0 0.0 0.0 0.0 0.0 0.0 0.0 0.0 0.0 0.0 0.0 114.0 253.0 255.0 0.0290308689906 -0.123769220229 0.210111025812 -0.048904114074 0.0 
0.0 0.0 0.0 0.0 0.0 0.0 0.0 0.0 0.0 0.0 0.0 0.0 111.0 255.0 255.0 0.210111025812 -0.048904114074 -0.126671612081 0.0396692862203 0.00524072051756 
0.0 0.0 0.0 0.0 0.0 0.0 0.0 0.0 0.0 0.0 0.0 0.0 108.0 255.0 255.0 -0.126671612081 0.0396692862203 0.0251859122695 0.33 -0.00524072051756 
0.0 0.0 0.0 0.0 0.0 0.0 0.0 0.0 0.0 0.0 0.0 0.0 106.0 255.0 253.0 0.0251859122695 0.33 -0.246863782433 0.33 0.0 
0.0 0.0 100.0 0.0 0.0 0.0 0.0 0.0 0.0 0.0 100.0 0.0 110.0 255.0 211.0 -0.246863782433 0.33 -0.293014285178 -0.135261072274 0.0 
0.0 0.0 0.0 0.0 0.0 0.0 0.0 0.0 0.0 0.0 0.0 0.0 113.0 249.0 241.0 -0.293014285178 -0.135261072274 0.0438144638249 0.265481803201 0.0389193595987 
0.0 0.0 0.0 0.0 0.0 0.0 0.0 0.0 0.0 0.0 0.0 0.0 133.0 239.0 193.0 0.0438144638249 0.265481803201 0.106382962543 -0.160328052135 0.0452571656728 
0.0 0.0 0.0 0.0 0.0 0.0 0.0 0.0 0.0 0.0 0.0 0.0 153.0 202.0 254.0 0.106382962543 -0.160328052135 0.0926461527178 -0.0433228284918 0.0 
0.0 0.0 0.0 0.0 0.0 0.0 0.0 0.0 0.0 0.0 0.0 0.0 185.0 224.0 255.0 0.0926461527178 -0.0433228284918 -0.230742907675 -0.33 0.0 
0.0 0.0 0.0 0.0 0.0 0.0 0.0 0.0 0.0 0.0 0.0 0.0 214.0 249.0 255.0 -0.230742907675 -0.33 0.0792360333374 -0.0293055030723 0.0 
0.0 0.0 0.0 0.0 0.0 0.0 0.0 0.0 0.0 0.0 0.0 0.0 231.0 248.0 255.0 0.0792360333374 -0.0293055030723 -0.209582856913 -0.183475133958 0.0 
0.0 0.0 0.0 0.0 0.0 0.0 0.0 0.0 0.0 0.0 0.0 0.0 235.0 249.0 255.0 -0.209582856913 -0.183475133958 0.33 -0.0491067256033 0.0 
0.0 0.0 0.0 0.0 0.0 0.0 0.0 0.0 0.0 0.0 0.0 0.0 229.0 249.0 255.0 0.33 -0.0491067256033 0.0548272139993 -0.170488431884 0.0 
0.0 0.0 0.0 0.0 0.0 0.0 0.0 0.0 0.0 0.0 0.0 0.0 200.0 250.0 255.0 0.0548272139993 -0.170488431884 -0.0602860329136 0.223846089124 0.0 
0.0 0.0 0.0 0.0 0.0 0.0 0.0 0.0 0.0 0.0 0.0 0.0 195.0 230.0 255.0 -0.0602860329136 0.223846089124 0.087421367717 -0.0447341162595 0.0 
0.0 0.0 0.0 0.0 0.0 0.0 0.0 0.0 0.0 0.0 0.0 0.0 207.0 237.0 255.0 0.087421367717 -0.0447341162595 0.00384046855726 -0.0350648982222 0.0 
0.0 0.0 0.0 0.0 0.0 0.0 0.0 0.0 0.0 0.0 0.0 0.0 210.0 250.0 255.0 0.00384046855726 -0.0350648982222 0.33 -0.0529227302959 0.0 
0.0 0.0 0.0 0.0 0.0 0.0 0.0 0.0 0.0 0.0 0.0 0.0 192.0 251.0 255.0 0.33 -0.0529227302959 -0.0302051490002 -0.33 0.0 
0.0 0.0 0.0 0.0 0.0 0.0 0.0 0.0 0.0 0.0 0.0 0.0 187.0 251.0 255.0 -0.0302051490002 -0.33 -0.189047510779 0.303533829249 0.0 
0.0 0.0 0.0 0.0 0.0 0.0 0.0 0.0 0.0 0.0 0.0 0.0 204.0 211.0 255.0 -0.189047510779 0.303533829249 -0.152565728855 -0.0634375272775 0.0 
0.0 0.0 0.0 0.0 0.0 0.0 0.0 0.0 0.0 0.0 0.0 0.0 225.0 219.0 255.0 -0.152565728855 -0.0634375272775 0.0503560420587 -0.0712253881569 0.0 
0.0 0.0 0.0 0.0 0.0 0.0 0.0 0.0 0.0 0.0 0.0 0.0 227.0 249.0 255.0 0.0503560420587 -0.0712253881569 -0.0468319931027 -0.287496293147 0.0 
0.0 0.0 0.0 0.0 0.0 0.0 0.0 0.0 0.0 0.0 0.0 0.0 228.0 249.0 255.0 -0.0468319931027 -0.287496293147 0.112563504048 0.0566025914933 0.0 
0.0 0.0 0.0 0.0 0.0 0.0 0.0 0.0 0.0 0.0 0.0 0.0 231.0 227.0 255.0 0.112563504048 0.0566025914933 0.0689597180734 0.126881827472 0.0 
0.0 0.0 0.0 0.0 0.0 0.0 0.0 0.0 0.0 0.0 0.0 0.0 231.0 174.0 250.0 0.0689597180734 0.126881827472 0.140520653803 0.0198758743116 0.0 
0.0 0.0 0.0 0.0 0.0 0.0 0.0 0.0 0.0 0.0 0.0 0.0 220.0 160.0 241.0 0.140520653803 0.0198758743116 -0.0625079489724 0.213339387138 0.0 
0.0 0.0 0.0 0.0 0.0 0.0 0.0 0.0 0.0 0.0 0.0 0.0 199.0 159.0 195.0 -0.0625079489724 0.213339387138 0.175136222227 -0.154280654192 0.0 
0.0 0.0 0.0 0.0 0.0 0.0 0.0 0.0 0.0 0.0 0.0 0.0 175.0 173.0 250.0 0.175136222227 -0.154280654192 -0.153629673962 0.304273837893 0.0 
0.0 0.0 0.0 0.0 0.0 0.0 0.0 0.0 0.0 0.0 0.0 0.0 186.0 178.0 187.0 -0.153629673962 0.304273837893 0.33 0.303070087651 0.0 
0.0 0.0 0.0 0.0 0.0 0.0 0.0 0.0 0.0 0.0 0.0 0.0 176.0 218.0 79.0 0.33 0.303070087651 -0.155005731674 -0.179849184579 0.0 
0.0 0.0 0.0 0.0 0.0 0.0 0.0 0.0 0.0 0.0 0.0 0.0 185.0 194.0 143.0 -0.155005731674 -0.179849184579 0.33 -0.243057611782 0.0 
0.0 0.0 0.0 0.0 0.0 0.0 0.0 0.0 0.0 0.0 0.0 0.0 163.0 200.0 255.0 0.33 -0.243057611782 -0.104171383766 -0.163544306141 0.0464077050911 
0.0 0.0 0.0 0.0 0.0 0.0 0.0 0.0 0.0 0.0 0.0 0.0 169.0 250.0 255.0 -0.104171383766 -0.163544306141 -0.091094381603 -0.160505537384 0.0389609375071 
0.0 0.0 0.0 0.0 0.0 0.0 0.0 0.0 0.0 0.0 0.0 0.0 187.0 250.0 255.0 -0.091094381603 -0.160505537384 0.100003783647 0.151356536169 -0.0389609375071 
0.0 0.0 0.0 0.0 0.0 0.0 0.0 0.0 0.0 0.0 0.0 0.0 201.0 232.0 255.0 0.100003783647 0.151356536169 -0.0311979582869 0.136190745735 0.0 
0.0 0.0 0.0 0.0 0.0 0.0 0.0 0.0 0.0 0.0 0.0 0.0 205.0 171.0 247.0 -0.0311979582869 0.136190745735 0.0646652743677 -0.0651320135175 0.0 
0.0 0.0 0.0 0.0 0.0 0.0 0.0 0.0 0.0 0.0 0.0 0.0 211.0 189.0 254.0 0.0646652743677 -0.0651320135175 0.218336480381 0.0312427880106 0.0 
0.0 0.0 0.0 0.0 0.0 0.0 0.0 0.0 0.0 0.0 0.0 0.0 216.0 177.0 251.0 0.218336480381 0.0312427880106 -0.0547515078786 -0.33 0.0 
0.0 0.0 0.0 0.0 0.0 0.0 0.0 0.0 0.0 0.0 0.0 0.0 224.0 232.0 255.0 -0.0547515078786 -0.33 -0.0916554256489 0.167316061373 0.0 
0.0 0.0 0.0 0.0 0.0 0.0 0.0 0.0 0.0 0.0 0.0 0.0 231.0 199.0 255.0 -0.0916554256489 0.167316061373 0.112112696715 0.141608047615 0.0 
0.0 0.0 0.0 0.0 0.0 0.0 0.0 0.0 0.0 0.0 0.0 0.0 221.0 158.0 239.0 0.112112696715 0.141608047615 -0.0749221309216 -0.149530989154 0.0 
0.0 0.0 0.0 0.0 0.0 0.0 0.0 0.0 0.0 0.0 0.0 0.0 226.0 179.0 254.0 -0.0749221309216 -0.149530989154 -0.194934116825 -0.256015158946 0.0 
0.0 0.0 0.0 0.0 0.0 0.0 0.0 0.0 0.0 0.0 0.0 0.0 235.0 247.0 255.0 -0.194934116825 -0.256015158946 0.0973476664946 -0.092675344063 0.0 
0.0 0.0 0.0 0.0 0.0 0.0 0.0 0.0 0.0 0.0 0.0 0.0 236.0 248.0 255.0 0.0973476664946 -0.092675344063 -0.109082640411 -0.0527314190498 0.0 
0.0 0.0 0.0 0.0 0.0 0.0 0.0 0.0 0.0 0.0 0.0 0.0 236.0 248.0 255.0 -0.109082640411 -0.0527314190498 0.33 0.223782896939 0.0 
0.0 0.0 0.0 0.0 0.0 0.0 0.0 0.0 0.0 0.0 0.0 0.0 236.0 203.0 255.0 0.33 0.223782896939 0.056293917021 -0.0565016564889 0.0 
0.0 0.0 0.0 0.0 0.0 0.0 0.0 0.0 0.0 0.0 0.0 0.0 236.0 226.0 255.0 0.056293917021 -0.0565016564889 0.308974621379 -0.00192985433688 0.0 
0.0 0.0 0.0 0.0 0.0 0.0 0.0 0.0 0.0 0.0 0.0 0.0 230.0 244.0 255.0 0.308974621379 -0.00192985433688 -0.042813500295 -0.191354561543 0.0 
0.0 0.0 0.0 0.0 0.0 0.0 0.0 0.0 0.0 0.0 0.0 0.0 230.0 248.0 255.0 -0.042813500295 -0.191354561543 0.0373621028533 -0.0496127766795 0.0 
0.0 0.0 0.0 0.0 0.0 0.0 0.0 0.0 0.0 0.0 0.0 0.0 230.0 249.0 255.0 0.0373621028533 -0.0496127766795 0.33 0.260206297961 0.0389609375071 
0.0 0.0 0.0 0.0 0.0 0.0 0.0 0.0 0.0 0.0 0.0 0.0 199.0 222.0 255.0 0.33 0.260206297961 -0.12573899676 0.196248107349 -0.0389609375071 
0.0 0.0 0.0 0.0 0.0 0.0 0.0 0.0 0.0 0.0 0.0 0.0 201.0 160.0 241.0 -0.12573899676 0.196248107349 -0.119001981006 0.149197682556 0.0 
0.0 0.0 0.0 0.0 0.0 0.0 0.0 0.0 0.0 0.0 0.0 0.0 218.0 140.0 174.0 -0.119001981006 0.149197682556 0.207703784659 -0.131192440218 0.0 
0.0 0.0 0.0 0.0 0.0 0.0 0.0 0.0 0.0 0.0 0.0 0.0 201.0 148.0 235.0 0.207703784659 -0.131192440218 -0.165405555735 -0.178127963441 0.0389609375071 
0.0 0.0 0.0 0.0 0.0 0.0 0.0 0.0 0.0 0.0 0.0 0.0 212.0 200.0 255.0 -0.165405555735 -0.178127963441 0.00102899253721 -0.111339767332 -0.0389609375071 
0.0 0.0 0.0 0.0 0.0 0.0 0.0 0.0 0.0 0.0 0.0 0.0 232.0 247.0 255.0 0.00102899253721 -0.111339767332 0.0251770901716 -0.0652632665965 0.0 
0.0 0.0 0.0 0.0 0.0 0.0 0.0 0.0 0.0 0.0 0.0 0.0 236.0 248.0 255.0 0.0251770901716 -0.0652632665965 0.164705336025 0.33 0.0 
0.0 0.0 0.0 0.0 0.0 0.0 0.0 0.0 0.0 0.0 0.0 0.0 236.0 191.0 253.0 0.164705336025 0.33 -0.0317904651097 0.0525589777965 0.0 
0.0 0.0 0.0 0.0 0.0 0.0 0.0 0.0 0.0 0.0 0.0 0.0 235.0 157.0 238.0 -0.0317904651097 0.0525589777965 0.172505170554 -0.251775594714 0.0 
0.0 0.0 0.0 0.0 0.0 0.0 0.0 0.0 0.0 0.0 0.0 0.0 236.0 204.0 255.0 0.172505170554 -0.251775594714 -0.080104413226 0.139670976378 0.0 
0.0 0.0 0.0 0.0 0.0 0.0 0.0 0.0 0.0 0.0 0.0 0.0 236.0 176.0 251.0 -0.080104413226 0.139670976378 -0.111188370632 0.33 0.0 
# HEADER 5
0.0 0.0 0.0 0.0 0.0 0.0 0.0 0.0 0.0 0.0 0.0 0.0 132.0 249.0 255.0 0 0 -0.0164114816393 0.0464426129342 0.0 
0.0 0.0 0.0 0.0 0.0 0.0 0.0 0.0 0.0 0.0 0.0 0.0 132.0 232.0 254.0 -0.0164114816393 0.0464426129342 0.0273486811855 0.132794452226 0.0 
0.0 0.0 0.0 0.0 0.0 0.0 0.0 0.0 0.0 0.0 0.0 0.0 138.0 236.0 203.0 0.0273486811855 0.132794452226 0.0723503037776 0.14018011011 0.0 
0.0 0.0 0.0 0.0 0.0 0.0 0.0 0.0 0.0 0.0 0.0 0.0 142.0 247.0 141.0 0.0723503037776 0.14018011011 -0.129938840095 0.0145883469265 0.0 
0.0 0.0 0.0 0.0 0.0 0.0 0.0 0.0 0.0 0.0 0.0 0.0 151.0 238.0 134.0 -0.129938840095 0.0145883469265 0.15618771049 -0.0502946204199 0.0 
0.0 0.0 0.0 0.0 0.0 0.0 0.0 0.0 0.0 0.0 0.0 0.0 169.0 199.0 199.0 0.15618771049 -0.0502946204199 0.0377536529571 0.0129817538351 0.0389609375071 
0.0 0.0 0.0 0.0 0.0 0.0 0.0 0.0 0.0 0.0 0.0 0.0 185.0 171.0 215.0 0.0377536529571 0.0129817538351 0.173159836419 0.026376991175 0.0 
0.0 0.0 0.0 0.0 0.0 0.0 0.0 0.0 0.0 0.0 0.0 0.0 202.0 155.0 192.0 0.173159836419 0.026376991175 0.275560086093 0.00528089636552 0.0 
0.0 0.0 0.0 0.0 0.0 0.0 0.0 0.0 0.0 0.0 0.0 0.0 192.0 173.0 174.0 0.275560086093 0.00528089636552 0.33 -0.00845275108432 0.0 
0.0 0.0 0.0 0.0 0.0 0.0 0.0 0.0 0.0 0.0 0.0 0.0 162.0 209.0 187.0 0.33 -0.00845275108432 0.131578639779 -0.0120025249405 0.0 
# HEADER 6
0.0 0.0 0.0 0.0 0.0 0.0 0.0 0.0 0.0 0.0 0.0 0.0 133.0 249.0 255.0 0 0 0.258495854979 0.0563160179306 0.0 
0.0 0.0 0.0 0.0 0.0 0.0 0.0 0.0 0.0 0.0 0.0 0.0 118.0 248.0 251.0 0.258495854979 0.0563160179306 0.181118028996 0.0402456498173 0.0 
0.0 0.0 0.0 0.0 0.0 0.0 0.0 0.0 0.0 0.0 0.0 0.0 118.0 250.0 234.0 0.181118028996 0.0402456498173 -0.33 -0.0349481311032 0.0 
0.0 0.0 0.0 0.0 0.0 0.0 0.0 0.0 0.0 0.0 0.0 0.0 121.0 244.0 254.0 -0.33 -0.0349481311032 0.19459633559 0.281264153924 0.0 
0.0 0.0 0.0 0.0 0.0 0.0 0.0 0.0 0.0 0.0 0.0 0.0 149.0 219.0 214.0 0.19459633559 0.281264153924 -0.0944426081115 -0.00598640453146 0.0 
0.0 0.0 0.0 0.0 0.0 0.0 0.0 0.0 0.0 0.0 0.0 0.0 176.0 181.0 229.0 -0.0944426081115 -0.00598640453146 -0.206742609855 0.218535701942 0.0 
0.0 0.0 0.0 0.0 0.0 0.0 0.0 0.0 0.0 0.0 0.0 0.0 200.0 165.0 166.0 -0.206742609855 0.218535701942 0.278045319488 0.33 0.0 
0.0 0.0 0.0 0.0 0.0 0.0 0.0 0.0 0.0 0.0 0.0 0.0 191.0 199.0 64.0 0.278045319488 0.33 -0.0878250482705 -0.15008674799 0.0 
0.0 0.0 0.0 0.0 0.0 0.0 0.0 0.0 0.0 0.0 0.0 0.0 178.0 216.0 63.0 -0.0878250482705 -0.15008674799 0.0304851809552 0.0154517625559 0.0472970568992 
0.0 0.0 0.0 0.0 0.0 0.0 0.0 0.0 0.0 0.0 0.0 0.0 165.0 227.0 112.0 0.0304851809552 0.0154517625559 0.120688192006 0.214129619489 0.0380365045155 
0.0 0.0 0.0 0.0 0.0 0.0 0.0 0.0 0.0 0.0 0.0 0.0 154.0 247.0 61.0 0.120688192006 0.214129619489 -0.179250130907 -0.122234466791 0.0 
0.0 0.0 0.0 0.0 0.0 0.0 0.0 0.0 0.0 0.0 0.0 0.0 166.0 226.0 112.0 -0.179250130907 -0.122234466791 -0.140785156865 -0.0255838869765 0.0474892285899 
0.0 0.0 0.0 0.0 0.0 0.0 0.0 0.0 0.0 0.0 0.0 0.0 173.0 192.0 208.0 -0.140785156865 -0.0255838869765 0.0637677571048 -0.0340403980332 0.0477127959608 
0.0 0.0 0.0 0.0 0.0 0.0 0.0 0.0 0.0 0.0 0.0 0.0 164.0 195.0 254.0 0.0637677571048 -0.0340403980332 -0.265037299154 -0.0793611703453 0.0 
0.0 0.0 0.0 0.0 0.0 0.0 0.0 0.0 0.0 0.0 0.0 0.0 155.0 248.0 255.0 -0.265037299154 -0.0793611703453 0.210488708194 0.173409684744 0.0 
0.0 0.0 0.0 0.0 0.0 0.0 0.0 0.0 0.0 0.0 0.0 0.0 138.0 223.0 255.0 0.210488708194 0.173409684744 -0.035226589022 0.045941531707 0.0 
0.0 0.0 0.0 0.0 0.0 0.0 0.0 0.0 0.0 0.0 0.0 0.0 132.0 240.0 218.0 -0.035226589022 0.045941531707 0.126372078243 -0.081761858439 0.0 
0.0 0.0 0.0 0.0 0.0 0.0 0.0 0.0 0.0 0.0 0.0 0.0 117.0 249.0 254.0 0.126372078243 -0.081761858439 0.0441680322252 0.0230851461996 0.0 
0.0 0.0 0.0 0.0 0.0 0.0 0.0 0.0 0.0 0.0 0.0 0.0 116.0 250.0 251.0 0.0441680322252 0.0230851461996 0.098393903416 0.323090003878 0.0 
0.0 0.0 0.0 0.0 0.0 0.0 0.0 0.0 0.0 0.0 0.0 0.0 121.0 251.0 203.0 0.098393903416 0.323090003878 -0.0761520860414 0.113517503532 0.0 
0.0 0.0 100.0 0.0 0.0 0.0 0.0 100.0 0.0 0.0 0.0 0.0 125.0 252.0 173.0 -0.0761520860414 0.113517503532 -0.133353584689 0.247253990256 0.0 
0.0 0.0 0.0 0.0 0.0 0.0 0.0 100.0 0.0 0.0 0.0 0.0 140.0 248.0 114.0 -0.133353584689 0.247253990256 0.135246031256 -0.0961689077329 0.0599328817309 
0.0 0.0 0.0 0.0 0.0 0.0 0.0 0.0 0.0 0.0 0.0 0.0 146.0 239.0 146.0 0.135246031256 -0.0961689077329 -0.306522043028 0.148773184839 0.157216563247 
0.0 0.0 0.0 0.0 0.0 0.0 0.0 0.0 0.0 0.0 0.0 0.0 160.0 227.0 128.0 -0.306522043028 0.148773184839 -0.0378611751046 -0.0808303038387 0.0465341481409 
0.0 0.0 0.0 0.0 0.0 0.0 0.0 0.0 0.0 0.0 0.0 0.0 174.0 194.0 192.0 -0.0378611751046 -0.0808303038387 -0.297942214312 0.00722709555237 0.0 
0.0 0.0 0.0 0.0 0.0 0.0 0.0 0.0 0.0 0.0 0.0 0.0 189.0 169.0 214.0 -0.297942214312 0.00722709555237 0.0285548466439 0.237230046008 0.0 
0.0 0.0 0.0 0.0 0.0 0.0 0.0 0.0 0.0 0.0 0.0 0.0 190.0 190.0 130.0 0.0285548466439 0.237230046008 0.242855938247 0.120514115877 0.0 
0.0 0.0 0.0 0.0 0.0 0.0 0.0 0.0 0.0 0.0 0.0 0.0 174.0 222.0 64.0 0.242855938247 0.120514115877 0.268961268139 -0.313579962689 0.0 
0.0 0.0 0.0 0.0 0.0 0.0 0.0 0.0 0.0 0.0 0.0 0.0 155.0 234.0 136.0 0.268961268139 -0.313579962689 0.0640035878701 0.33 0.0 
0.0 0.0 0.0 0.0 0.0 0.0 0.0 0.0 0.0 0.0 0.0 0.0 142.0 247.0 116.0 0.0640035878701 0.33 -0.120225571582 0.122731374828 0.0151552369556 
0.0 0.0 0.0 0.0 0.0 0.0 100.0 0.0 0.0 0.0 0.0 0.0 143.0 250.0 84.0 -0.120225571582 0.122731374828 0.152893677605 -0.0439316048074 0.0 
0.0 0.0 0.0 0.0 0.0 0.0 100.0 0.0 0.0 0.0 0.0 0.0 137.0 255.0 102.0 0.152893677605 -0.0439316048074 0.00449230429515 0.234567751912 0.122525067308 
0.0 0.0 0.0 0.0 0.0 0.0 100.0 0.0 0.0 0.0 0.0 0.0 136.0 254.0 91.0 0.00449230429515 0.234567751912 -0.304777351044 0.0717791805877 0.0266583695925 
0.0 0.0 0.0 0.0 0.0 0.0 100.0 0.0 0.0 0.0 0.0 0.0 147.0 247.0 71.0 -0.304777351044 0.0717791805877 0.26955399739 -0.0592346459519 -0.0266583695925 
0.0 0.0 0.0 0.0 0.0 0.0 0.0 0.0 0.0 0.0 0.0 0.0 143.0 253.0 86.0 0.26955399739 -0.0592346459519 -0.0693699667478 -0.145707504547 0.0337609371261 
0.0 0.0 0.0 0.0 0.0 0.0 100.0 0.0 0.0 0.0 0.0 0.0 126.0 254.0 172.0 -0.0693699667478 -0.145707504547 -0.08177734799 0.0598702187742 0.0261785913634 
0.0 0.0 0.0 0.0 0.0 0.0 0.0 0.0 0.0 0.0 0.0 0.0 125.0 248.0 203.0 -0.08177734799 0.0598702187742 -0.164678035322 0.239238298802 -0.0167930184477 
0.0 0.0 0.0 0.0 0.0 0.0 0.0 0.0 0.0 0.0 0.0 0.0 141.0 247.0 134.0 -0.164678035322 0.239238298802 -0.116807867374 0.152181247937 0.0167930184477 
0.0 0.0 0.0 0.0 0.0 0.0 0.0 0.0 0.0 0.0 0.0 0.0 157.0 240.0 82.0 -0.116807867374 0.152181247937 0.215767842976 0.0670228836224 0.0170966971825 
0.0 0.0 0.0 0.0 0.0 0.0 0.0 0.0 0.0 0.0 0.0 0.0 153.0 247.0 53.0 0.215767842976 0.0670228836224 0.143533340642 -0.00714170690385 0.0 
0.0 0.0 0.0 0.0 0.0 0.0 0.0 0.0 0.0 0.0 0.0 0.0 147.0 254.0 62.0 0.143533340642 -0.00714170690385 0.255121400072 0.0388502877042 0.0587628211223 
0.0 0.0 0.0 0.0 0.0 0.0 100.0 0.0 0.0 0.0 0.0 0.0 143.0 254.0 63.0 0.255121400072 0.0388502877042 -0.218803003812 0.0634511185874 0.0 
0.0 0.0 0.0 0.0 0.0 0.0 100.0 0.0 0.0 0.0 0.0 0.0 150.0 247.0 54.0 -0.218803003812 0.0634511185874 0.00189566748797 -0.0314891319709 0.0 
0.0 0.0 0.0 0.0 0.0 0.0 0.0 0.0 0.0 0.0 0.0 0.0 152.0 247.0 70.0 0.00189566748797 -0.0314891319709 0.200850540096 0.275590168388 0.0 
0.0 0.0 0.0 0.0 0.0 0.0 0.0 0.0 0.0 0.0 0.0 0.0 149.0 248.0 54.0 0.200850540096 0.275590168388 -0.162834998887 -0.0233136651809 0.0 
0.0 0.0 0.0 0.0 0.0 0.0 100.0 0.0 0.0 0.0 0.0 0.0 144.0 255.0 61.0 -0.162834998887 -0.0233136651809 0.0898474566914 0.0794374766272 0.0745475573586 
0.0 0.0 0.0 0.0 0.0 0.0 100.0 0.0 0.0 0.0 0.0 0.0 142.0 254.0 57.0 0.0898474566914 0.0794374766272 -0.103735666092 0.203384126078 -0.0176727136368 
0.0 0.0 0.0 0.0 0.0 0.0 0.0 0.0 0.0 0.0 0.0 0.0 148.0 247.0 41.0 -0.103735666092 0.203384126078 -0.00217196303369 0.0315406841732 0.0176727136368 
0.0 0.0 0.0 0.0 0.0 0.0 0.0 0.0 0.0 0.0 0.0 0.0 151.0 243.0 40.0 -0.00217196303369 0.0315406841732 0.0410579692632 0.106336099239 0.0360007216559 
0.0 0.0 0.0 0.0 0.0 0.0 0.0 0.0 0.0 0.0 0.0 0.0 151.0 242.0 40.0 0.0410579692632 0.106336099239 0.117346477521 0.0140850644281 0.0183122687884 
0.0 0.0 0.0 0.0 0.0 0.0 0.0 0.0 0.0 0.0 0.0 0.0 151.0 242.0 40.0 0.117346477521 0.0140850644281 0.0373403057376 0.143292272574 0.0 
0.0 0.0 0.0 0.0 0.0 0.0 0.0 0.0 0.0 0.0 0.0 0.0 151.0 241.0 39.0 0.0373403057376 0.143292272574 -0.158430856646 0.152657990992 0.0 
0.0 0.0 0.0 0.0 0.0 0.0 0.0 0.0 0.0 0.0 0.0 0.0 167.0 221.0 39.0 -0.158430856646 0.152657990992 -0.0440334285724 -0.119396061399 0.0185084840691 
0.0 0.0 0.0 0.0 0.0 0.0 0.0 0.0 0.0 0.0 0.0 0.0 177.0 215.0 51.0 -0.0440334285724 -0.119396061399 -0.0689141025961 -0.33 0.0724737454386 
0.0 0.0 0.0 0.0 0.0 0.0 0.0 0.0 0.0 0.0 0.0 0.0 172.0 195.0 208.0 -0.0689141025961 -0.33 0.044628559773 0.102829286074 0.0 
0.0 0.0 0.0 0.0 0.0 0.0 0.0 0.0 0.0 0.0 0.0 0.0 174.0 197.0 189.0 0.044628559773 0.102829286074 -0.00539574273307 -0.0530336530754 0.0 
0.0 0.0 0.0 0.0 0.0 0.0 0.0 0.0 0.0 0.0 0.0 0.0 178.0 183.0 231.0 -0.00539574273307 -0.0530336530754 -0.207817563368 0.186552887858 0.0185633103242 
0.0 0.0 0.0 0.0 0.0 0.0 0.0 0.0 0.0 0.0 0.0 0.0 187.0 178.0 187.0 -0.207817563368 0.186552887858 0.00568696483222 0.131345218895 0.014191685979 
0.0 0.0 0.0 0.0 0.0 0.0 0.0 0.0 0.0 0.0 0.0 0.0 190.0 194.0 108.0 0.00568696483222 0.131345218895 0.0755121479797 0.307204714038 -0.014191685979 
0.0 0.0 0.0 0.0 0.0 0.0 0.0 0.0 0.0 0.0 0.0 0.0 187.0 203.0 47.0 0.0755121479797 0.307204714038 -0.218485691906 0.00471889351574 0.0 
0.0 0.0 0.0 0.0 0.0 0.0 0.0 0.0 0.0 0.0 0.0 0.0 186.0 201.0 43.0 -0.218485691906 0.00471889351574 -0.299353110509 0.0147413247046 0.0504288926085 
0.0 0.0 0.0 0.0 0.0 0.0 0.0 0.0 0.0 0.0 0.0 0.0 193.0 193.0 44.0 -0.299353110509 0.0147413247046 0.0832687825895 -0.018924019862 0.0365614532782 
0.0 0.0 0.0 0.0 0.0 0.0 0.0 0.0 0.0 0.0 0.0 0.0 218.0 153.0 82.0 0.0832687825895 -0.018924019862 0.0366596749898 -0.236802000798 0.0183729691066 
0.0 0.0 0.0 0.0 0.0 0.0 0.0 0.0 0.0 0.0 0.0 0.0 215.0 143.0 188.0 0.0366596749898 -0.236802000798 -0.0777634199141 0.177606319261 0.0 
0.0 0.0 0.0 0.0 0.0 0.0 0.0 0.0 0.0 0.0 0.0 0.0 205.0 165.0 142.0 -0.0777634199141 0.177606319261 -0.259210934352 0.168573919932 0.0 
0.0 0.0 0.0 0.0 0.0 0.0 0.0 0.0 0.0 0.0 0.0 0.0 217.0 157.0 76.0 -0.259210934352 0.168573919932 0.173979521077 -0.33 0.0 
0.0 0.0 0.0 0.0 0.0 0.0 0.0 0.0 0.0 0.0 0.0 0.0 230.0 131.0 170.0 0.173979521077 -0.33 -0.0792401580637 0.00951895421604 0.0 
0.0 0.0 0.0 0.0 0.0 0.0 0.0 0.0 0.0 0.0 0.0 0.0 231.0 131.0 183.0 -0.0792401580637 0.00951895421604 0.1019163478 0.122825039854 0.0 
0.0 0.0 0.0 0.0 0.0 0.0 0.0 0.0 0.0 0.0 0.0 0.0 231.0 128.0 131.0 0.1019163478 0.122825039854 -0.0123815557149 0.128502293629 0.0 
0.0 0.0 0.0 0.0 0.0 0.0 0.0 0.0 0.0 0.0 0.0 0.0 231.0 133.0 71.0 -0.0123815557149 0.128502293629 0.0406165024615 -0.115661705116 0.0 
0.0 0.0 0.0 0.0 0.0 0.0 0.0 0.0 0.0 0.0 0.0 0.0 233.0 123.0 99.0 0.0406165024615 -0.115661705116 -0.0395156032921 0.0485030472581 0.0 
0.0 0.0 0.0 0.0 0.0 0.0 0.0 0.0 0.0 0.0 0.0 0.0 231.0 127.0 102.0 -0.0395156032921 0.0485030472581 -0.202471233688 -0.112605688481 -0.0183729691066 
0.0 0.0 0.0 0.0 0.0 0.0 0.0 0.0 0.0 0.0 0.0 0.0 231.0 122.0 163.0 -0.202471233688 -0.112605688481 -0.120071554735 -0.33 0.0 
0.0 0.0 0.0 0.0 0.0 0.0 0.0 0.0 0.0 0.0 0.0 0.0 231.0 161.0 240.0 -0.120071554735 -0.33 -0.189602775512 -0.0729376042541 0.0 
0.0 0.0 0.0 0.0 0.0 0.0 0.0 0.0 0.0 0.0 0.0 0.0 232.0 216.0 255.0 -0.189602775512 -0.0729376042541 -0.13361961452 -0.0363705124154 0.0 
0.0 0.0 0.0 0.0 0.0 0.0 0.0 0.0 0.0 0.0 0.0 0.0 233.0 246.0 255.0 -0.13361961452 -0.0363705124154 -0.0290518837832 -0.164730671813 0.0 
0.0 0.0 0.0 0.0 0.0 0.0 0.0 0.0 0.0 0.0 0.0 0.0 233.0 247.0 255.0 -0.0290518837832 -0.164730671813 0.0751115062457 0.218545632316 0.0 
0.0 0.0 0.0 0.0 0.0 0.0 0.0 0.0 0.0 0.0 0.0 0.0 228.0 207.0 255.0 0.0751115062457 0.218545632316 0.106095556266 -0.10099350329 0.0 
0.0 0.0 0.0 0.0 0.0 0.0 0.0 0.0 0.0 0.0 0.0 0.0 217.0 241.0 255.0 0.106095556266 -0.10099350329 -0.271800590891 0.33 0.0 
0.0 0.0 0.0 0.0 0.0 0.0 0.0 0.0 0.0 0.0 0.0 0.0 228.0 183.0 251.0 -0.271800590891 0.33 -0.038622261229 -0.33 0.0 
0.0 0.0 0.0 0.0 0.0 0.0 0.0 0.0 0.0 0.0 0.0 0.0 231.0 233.0 255.0 -0.038622261229 -0.33 0.206292651731 0.0398471489228 0.0 
# HEADER 7
0.0 0.0 0.0 0.0 0.0 0.0 0.0 0.0 0.0 0.0 0.0 0.0 132.0 247.0 255.0 0 0 0.0576415885446 0.18403067379 0.0 
0.0 0.0 0.0 0.0 0.0 0.0 0.0 0.0 0.0 0.0 0.0 0.0 131.0 237.0 232.0 0.0576415885446 0.18403067379 0.245919825955 0.242738340083 0.0 
0.0 0.0 0.0 0.0 0.0 0.0 0.0 0.0 0.0 0.0 0.0 0.0 133.0 247.0 165.0 0.245919825955 0.242738340083 -0.0198070104793 0.0884509711101 0.0 
0.0 0.0 0.0 0.0 0.0 0.0 0.0 0.0 0.0 0.0 0.0 0.0 137.0 247.0 134.0 -0.0198070104793 0.0884509711101 0.024666351829 0.0513944751013 0.0183729691066 
0.0 0.0 0.0 0.0 0.0 0.0 0.0 0.0 0.0 0.0 0.0 0.0 138.0 248.0 125.0 0.024666351829 0.0513944751013 -0.0883882996769 0.237201520158 0.0368695549899 
0.0 0.0 0.0 0.0 0.0 0.0 0.0 0.0 0.0 0.0 0.0 0.0 150.0 247.0 69.0 -0.0883882996769 0.237201520158 0.028721198331 0.154751006771 0.0184717196946 
0.0 0.0 0.0 0.0 0.0 0.0 0.0 0.0 0.0 0.0 0.0 0.0 153.0 244.0 43.0 0.028721198331 0.154751006771 0.168319246636 0.0686398456712 0.128820344548 
0.0 0.0 0.0 0.0 0.0 0.0 0.0 0.0 0.0 0.0 0.0 0.0 148.0 246.0 40.0 0.168319246636 0.0686398456712 -0.0469650306689 -0.167055911048 0.140889518928 
0.0 0.0 0.0 0.0 0.0 0.0 0.0 0.0 0.0 0.0 0.0 0.0 144.0 254.0 55.0 -0.0469650306689 -0.167055911048 -0.199463577415 -0.0667157656496 -0.0158446337267 
0.0 0.0 0.0 0.0 0.0 0.0 0.0 0.0 0.0 0.0 0.0 0.0 141.0 235.0 182.0 -0.199463577415 -0.0667157656496 0.320375362673 0.244912251212 0.0158446337267 
0.0 0.0 0.0 0.0 0.0 0.0 0.0 0.0 0.0 0.0 0.0 0.0 158.0 225.0 143.0 0.320375362673 0.244912251212 0.241813207736 -0.114616554239 -0.0167320421476 
0.0 0.0 0.0 0.0 0.0 0.0 0.0 0.0 0.0 0.0 0.0 0.0 176.0 184.0 212.0 0.241813207736 -0.114616554239 0.0121457209496 0.219041537318 0.0167320421476 
0.0 0.0 0.0 0.0 0.0 0.0 0.0 0.0 0.0 0.0 0.0 0.0 180.0 192.0 161.0 0.0121457209496 0.219041537318 0.231132811426 0.0140043424357 0.0165854959988 
0.0 0.0 0.0 0.0 0.0 0.0 0.0 0.0 0.0 0.0 0.0 0.0 179.0 198.0 134.0 0.231132811426 0.0140043424357 0.0828889467747 0.239114073798 -0.0165854959988 
0.0 0.0 0.0 0.0 0.0 0.0 0.0 0.0 0.0 0.0 0.0 0.0 173.0 219.0 68.0 0.0828889467747 0.239114073798 0.00915273993565 0.169087779365 0.0 
0.0 0.0 0.0 0.0 0.0 0.0 0.0 0.0 0.0 0.0 0.0 0.0 174.0 214.0 43.0 0.00915273993565 0.169087779365 0.24090426591 -0.068831411412 0.0 
0.0 0.0 0.0 0.0 0.0 0.0 0.0 0.0 0.0 0.0 0.0 0.0 168.0 224.0 47.0 0.24090426591 -0.068831411412 0.0219739192411 -0.139162813521 0.118039828265 
0.0 0.0 0.0 0.0 0.0 0.0 0.0 0.0 0.0 0.0 0.0 0.0 153.0 229.0 153.0 0.0219739192411 -0.139162813521 -0.0135622708409 -0.0870675621909 -0.0209567195574 
0.0 0.0 0.0 0.0 0.0 0.0 0.0 0.0 0.0 0.0 0.0 0.0 146.0 211.0 254.0 -0.0135622708409 -0.0870675621909 -0.0117547987039 0.076423484132 -0.0114123986779 
0.0 0.0 0.0 0.0 0.0 0.0 0.0 0.0 0.0 0.0 0.0 0.0 146.0 217.0 232.0 -0.0117547987039 0.076423484132 0.0636220471911 0.216356839444 0.0 
0.0 0.0 0.0 0.0 0.0 0.0 0.0 0.0 0.0 0.0 0.0 0.0 152.0 231.0 157.0 0.0636220471911 0.216356839444 -0.0917527471718 -0.0178916029777 0.0482532091571 
0.0 0.0 0.0 0.0 0.0 0.0 0.0 0.0 0.0 0.0 0.0 0.0 164.0 210.0 178.0 -0.0917527471718 -0.0178916029777 -0.205080317374 0.187113580399 0.0 
# HEADER 8
0.0 0.0 0.0 0.0 0.0 0.0 0.0 0.0 0.0 0.0 0.0 0.0 133.0 249.0 255.0 0 0 0.106525209732 -0.156889043777 0.0 
0.0 0.0 0.0 0.0 0.0 0.0 0.0 0.0 0.0 0.0 0.0 0.0 133.0 250.0 255.0 0.106525209732 -0.156889043777 0.268399299899 0.16938000951 0.0482532091571 
0.0 0.0 0.0 0.0 0.0 0.0 0.0 0.0 0.0 0.0 0.0 0.0 133.0 250.0 255.0 0.268399299899 0.16938000951 -0.278203459811 0.205754840473 0.0 
0.0 0.0 0.0 0.0 0.0 0.0 0.0 0.0 0.0 0.0 0.0 0.0 149.0 211.0 242.0 -0.278203459811 0.205754840473 0.193798522979 -0.0660217911218 -0.0482532091571 
0.0 0.0 0.0 0.0 0.0 0.0 0.0 0.0 0.0 0.0 0.0 0.0 180.0 198.0 254.0 0.193798522979 -0.0660217911218 0.127592802932 -0.065863791705 0.0 
0.0 0.0 0.0 0.0 0.0 0.0 0.0 0.0 0.0 0.0 0.0 0.0 210.0 226.0 255.0 0.127592802932 -0.065863791705 0.180841738283 -0.276716241478 0.0482532091571 
0.0 0.0 0.0 0.0 0.0 0.0 0.0 0.0 0.0 0.0 0.0 0.0 205.0 249.0 255.0 0.180841738283 -0.276716241478 -0.283209848092 0.0581904097969 0.0 
0.0 0.0 0.0 0.0 0.0 0.0 0.0 0.0 0.0 0.0 0.0 0.0 178.0 249.0 255.0 -0.283209848092 0.0581904097969 0.33 -0.0427124426154 0.0 
0.0 0.0 0.0 0.0 0.0 0.0 0.0 0.0 0.0 0.0 0.0 0.0 152.0 250.0 255.0 0.33 -0.0427124426154 0.291053679676 -0.0679628116223 0.0 
0.0 0.0 0.0 0.0 0.0 0.0 0.0 0.0 0.0 0.0 0.0 0.0 128.0 250.0 255.0 0.291053679676 -0.0679628116223 0.106253424884 0.104007550368 0.0 
0.0 0.0 0.0 0.0 0.0 0.0 0.0 0.0 0.0 0.0 0.0 0.0 117.0 253.0 255.0 0.106253424884 0.104007550368 0.284180338244 -0.0630093559764 -0.0482532091571 
0.0 0.0 0.0 0.0 0.0 0.0 0.0 0.0 0.0 0.0 0.0 0.0 112.0 255.0 255.0 0.284180338244 -0.0630093559764 -0.0591874822536 0.268601242166 0.0 
0.0 0.0 0.0 0.0 0.0 0.0 0.0 0.0 0.0 0.0 0.0 0.0 109.0 255.0 255.0 -0.0591874822536 0.268601242166 -0.135778994397 0.160974932979 0.0 
0.0 0.0 0.0 0.0 0.0 0.0 0.0 0.0 0.0 0.0 0.0 0.0 117.0 250.0 227.0 -0.135778994397 0.160974932979 0.11715504629 0.123577614385 0.0 
0.0 0.0 0.0 0.0 0.0 0.0 0.0 0.0 0.0 0.0 0.0 0.0 122.0 250.0 194.0 0.11715504629 0.123577614385 0.27626249098 0.0973674391153 0.0482532091571 
0.0 0.0 100.0 0.0 0.0 0.0 0.0 100.0 0.0 0.0 0.0 0.0 122.0 252.0 176.0 0.27626249098 0.0973674391153 0.127512403 -0.0497450533498 0.0156781552794 
0.0 0.0 0.0 0.0 0.0 0.0 0.0 0.0 0.0 0.0 0.0 0.0 115.0 254.0 211.0 0.127512403 -0.0497450533498 0.209163825097 -0.0234728656071 0.0 
0.0 0.0 0.0 0.0 0.0 0.0 0.0 0.0 0.0 0.0 0.0 0.0 105.0 255.0 253.0 0.209163825097 -0.0234728656071 -0.0894522317847 -0.0788584886109 0.0154686425342 
0.0 0.0 0.0 0.0 0.0 0.0 0.0 0.0 0.0 0.0 0.0 0.0 109.0 254.0 255.0 -0.0894522317847 -0.0788584886109 -0.131853229426 0.196762702303 0.0 
0.0 0.0 0.0 0.0 0.0 0.0 0.0 0.0 0.0 0.0 0.0 0.0 114.0 248.0 251.0 -0.131853229426 0.196762702303 0.2427145944 0.292962280403 0.0 
0.0 0.0 0.0 0.0 0.0 0.0 0.0 0.0 0.0 0.0 0.0 0.0 120.0 250.0 198.0 0.2427145944 0.292962280403 -0.0601523128086 0.238947012478 0.015256048486 
0.0 0.0 0.0 0.0 0.0 100.0 0.0 100.0 0.0 0.0 0.0 0.0 123.0 252.0 158.0 -0.0601523128086 0.238947012478 -0.33 0.33 0.0 
0.0 0.0 0.0 0.0 0.0 100.0 100.0 100.0 0.0 0.0 0.0 0.0 126.0 254.0 114.0 -0.33 0.33 0.0728456804416 -0.117440084015 0.0683493565165 
0.0 0.0 0.0 0.0 0.0 0.0 100.0 100.0 0.0 0.0 0.0 0.0 123.0 255.0 139.0 0.0728456804416 -0.117440084015 -0.0256920402019 0.128330713897 0.13620646342 
0.0 0.0 0.0 0.0 0.0 0.0 100.0 100.0 0.0 0.0 0.0 0.0 127.0 253.0 132.0 -0.0256920402019 0.128330713897 -0.248688280783 -0.0116286204141 -0.0136432660524 
0.0 0.0 0.0 0.0 0.0 0.0 0.0 0.0 0.0 0.0 0.0 0.0 131.0 252.0 137.0 -0.248688280783 -0.0116286204141 -0.0403807604705 -0.0962009359128 0.0 
0.0 0.0 0.0 0.0 0.0 0.0 0.0 0.0 0.0 0.0 0.0 0.0 124.0 244.0 224.0 -0.0403807604705 -0.0962009359128 0.0311013472747 0.0587526714096 0.0 
0.0 0.0 0.0 0.0 0.0 0.0 0.0 0.0 0.0 0.0 0.0 0.0 124.0 247.0 211.0 0.0311013472747 0.0587526714096 0.0372201453957 0.0803885565943 0.0 
0.0 0.0 0.0 0.0 0.0 0.0 0.0 0.0 0.0 0.0 0.0 0.0 127.0 248.0 184.0 0.0372201453957 0.0803885565943 -0.0210622839763 0.0768362446379 0.0 
0.0 0.0 0.0 0.0 0.0 0.0 0.0 0.0 0.0 0.0 0.0 0.0 129.0 248.0 166.0 -0.0210622839763 0.0768362446379 0.134017704552 0.022378430984 0.0 
0.0 0.0 0.0 0.0 0.0 0.0 0.0 0.0 0.0 0.0 0.0 0.0 130.0 249.0 161.0 0.134017704552 0.022378430984 0.0323861437481 0.221684410162 0.0397384723231 
# HEADER 9
0.0 0.0 0.0 0.0 0.0 0.0 0.0 0.0 0.0 0.0 0.0 0.0 133.0 250.0 255.0 0 0 0.150446700983 0.00271132433876 0.0870171441201 
0.0 0.0 0.0 0.0 0.0 0.0 0.0 0.0 0.0 0.0 0.0 0.0 133.0 250.0 255.0 0.150446700983 0.00271132433876 -0.0320656828649 -0.0320100381884 0.0 
0.0 0.0 0.0 0.0 0.0 0.0 0.0 0.0 0.0 0.0 0.0 0.0 136.0 250.0 255.0 -0.0320656828649 -0.0320100381884 -0.0913969470076 -0.0344158017055 0.0 
# HEADER 10
0.0 0.0 0.0 0.0 0.0 0.0 0.0 0.0 0.0 0.0 0.0 0.0 132.0 247.0 255.0 0 0 0.185451991024 0.0149720723067 0.0 
0.0 0.0 0.0 0.0 0.0 0.0 0.0 0.0 0.0 0.0 0.0 0.0 132.0 235.0 255.0 0.185451991024 0.0149720723067 0.0436683016788 -0.0578165104652 0.0 
0.0 0.0 0.0 0.0 0.0 0.0 0.0 0.0 0.0 0.0 0.0 0.0 126.0 250.0 255.0 0.0436683016788 -0.0578165104652 -0.254661798371 0.195152917798 0.0 
0.0 0.0 0.0 0.0 0.0 0.0 0.0 0.0 0.0 0.0 0.0 0.0 118.0 248.0 248.0 -0.254661798371 0.195152917798 0.251608417972 0.133189302846 0.0 
0.0 0.0 0.0 0.0 0.0 0.0 0.0 0.0 0.0 0.0 0.0 0.0 120.0 250.0 213.0 0.251608417972 0.133189302846 0.00855256588648 0.113167928887 0.0 
0.0 0.0 0.0 0.0 0.0 0.0 0.0 0.0 0.0 0.0 0.0 0.0 122.0 251.0 187.0 0.00855256588648 0.113167928887 -0.104523972305 -0.118603087313 0.0171893247075 
0.0 0.0 0.0 0.0 0.0 0.0 0.0 0.0 0.0 0.0 0.0 0.0 116.0 251.0 229.0 -0.104523972305 -0.118603087313 0.322953398035 0.143295743454 0.0221351477438 
0.0 0.0 0.0 0.0 0.0 0.0 0.0 0.0 0.0 0.0 0.0 0.0 118.0 251.0 214.0 0.322953398035 0.143295743454 -0.247987315742 0.33 -0.028242880501 
0.0 0.0 0.0 0.0 0.0 0.0 0.0 0.0 0.0 0.0 0.0 0.0 126.0 252.0 158.0 -0.247987315742 0.33 -0.0127981628813 0.240790146799 0.028242880501 
0.0 0.0 0.0 0.0 0.0 0.0 0.0 100.0 0.0 0.0 0.0 0.0 132.0 252.0 113.0 -0.0127981628813 0.240790146799 -0.00937676724446 0.0947011764943 0.0892838259236 
0.0 0.0 0.0 0.0 0.0 0.0 100.0 0.0 0.0 0.0 0.0 0.0 134.0 252.0 98.0 -0.00937676724446 0.0947011764943 -0.15558158558 0.243244066388 0.125884363626 
0.0 0.0 0.0 0.0 0.0 0.0 100.0 0.0 0.0 0.0 0.0 0.0 136.0 252.0 69.0 -0.15558158558 0.243244066388 -0.134369029991 -0.0150321727359 0.00783990319086 
0.0 0.0 0.0 0.0 0.0 0.0 100.0 0.0 0.0 0.0 0.0 0.0 144.0 250.0 68.0 -0.134369029991 -0.0150321727359 0.0174640901026 -0.327170297967 0.105446263753 
0.0 0.0 0.0 0.0 0.0 0.0 0.0 0.0 0.0 0.0 0.0 0.0 135.0 242.0 184.0 0.0174640901026 -0.327170297967 0.0627893555601 0.253907352138 0.00620956655633 
0.0 0.0 0.0 0.0 0.0 0.0 0.0 0.0 0.0 0.0 0.0 0.0 132.0 248.0 164.0 0.0627893555601 0.253907352138 0.048172708059 0.274239312039 -0.0237126562676 
0.0 0.0 0.0 0.0 0.0 0.0 0.0 0.0 0.0 0.0 0.0 0.0 139.0 250.0 106.0 0.048172708059 0.274239312039 0.33 0.33 0.029757656347 
0.0 0.0 0.0 0.0 0.0 0.0 100.0 0.0 0.0 0.0 0.0 0.0 140.0 252.0 48.0 0.33 0.33 -0.147389272689 0.221644775378 0.125500784634 
0.0 0.0 0.0 0.0 0.0 0.0 100.0 0.0 0.0 0.0 0.0 0.0 136.0 248.0 37.0 -0.147389272689 0.221644775378 0.298197076999 -0.247886093619 0.181284762918 
0.0 0.0 0.0 0.0 0.0 0.0 100.0 0.0 0.0 0.0 0.0 0.0 134.0 255.0 48.0 0.298197076999 -0.247886093619 0.0492385957828 0.0104179613298 0.0852084493739 
0.0 0.0 0.0 0.0 0.0 0.0 100.0 0.0 0.0 0.0 0.0 0.0 134.0 255.0 50.0 0.0492385957828 0.0104179613298 0.33 -0.103624781874 -0.0286067263358 
0.0 0.0 0.0 0.0 0.0 0.0 100.0 0.0 0.0 0.0 0.0 0.0 134.0 255.0 51.0 0.33 -0.103624781874 -0.0826821108125 0.151163845104 0.0 
0.0 0.0 0.0 0.0 0.0 0.0 100.0 0.0 0.0 0.0 0.0 0.0 140.0 255.0 47.0 -0.0826821108125 0.151163845104 0.0341123504424 0.173023144732 0.0 
0.0 0.0 0.0 0.0 0.0 0.0 100.0 0.0 0.0 0.0 0.0 0.0 143.0 248.0 40.0 0.0341123504424 0.173023144732 0.178418737228 0.12240968946 0.0008189261643 
0.0 0.0 0.0 0.0 0.0 0.0 100.0 0.0 0.0 0.0 0.0 0.0 140.0 247.0 38.0 0.178418737228 0.12240968946 0.0527120640591 0.115241811496 0.0 
0.0 0.0 0.0 0.0 0.0 0.0 100.0 0.0 0.0 0.0 0.0 0.0 139.0 247.0 38.0 0.0527120640591 0.115241811496 -0.16569381621 0.0457274801737 0.0282040645621 
0.0 0.0 0.0 0.0 0.0 0.0 100.0 0.0 0.0 0.0 0.0 0.0 137.0 247.0 38.0 -0.16569381621 0.0457274801737 -0.0671984702059 0.0971706523247 0.0 
0.0 0.0 0.0 0.0 0.0 0.0 100.0 0.0 0.0 0.0 0.0 0.0 142.0 245.0 37.0 -0.0671984702059 0.0971706523247 0.280124985736 0.14604164242 0.0 
0.0 0.0 0.0 0.0 0.0 0.0 100.0 0.0 0.0 0.0 0.0 0.0 140.0 247.0 37.0 0.280124985736 0.14604164242 -0.15364337876 0.0741567970466 -0.000416264390596 
0.0 0.0 0.0 0.0 0.0 0.0 100.0 0.0 0.0 0.0 0.0 0.0 150.0 239.0 37.0 -0.15364337876 0.0741567970466 -0.16563604141 0.201762961417 0.0 
0.0 0.0 0.0 0.0 0.0 0.0 0.0 0.0 0.0 0.0 0.0 0.0 173.0 208.0 37.0 -0.16563604141 0.201762961417 0.10933923044 -0.152735001715 0.0 
0.0 0.0 0.0 0.0 0.0 0.0 0.0 0.0 0.0 0.0 0.0 0.0 193.0 193.0 51.0 0.10933923044 -0.152735001715 0.0429527009192 0.0850944722763 0.0559807273788 
0.0 0.0 0.0 0.0 0.0 0.0 0.0 0.0 0.0 0.0 0.0 0.0 196.0 197.0 47.0 0.0429527009192 0.0850944722763 0.169228096568 -0.271181485666 0.0273065577408 
0.0 0.0 0.0 0.0 0.0 0.0 0.0 0.0 0.0 0.0 0.0 0.0 184.0 215.0 47.0 0.169228096568 -0.271181485666 -0.054296547999 -0.164645655583 0.0 
0.0 0.0 0.0 0.0 0.0 0.0 0.0 0.0 0.0 0.0 0.0 0.0 185.0 218.0 52.0 -0.054296547999 -0.164645655583 0.108413282698 -0.33 -0.0276629603893 
0.0 0.0 0.0 0.0 0.0 0.0 0.0 0.0 0.0 0.0 0.0 0.0 148.0 250.0 255.0 0.108413282698 -0.33 0.205941529176 -0.273988772112 -0.0273693028562 
0.0 0.0 0.0 0.0 0.0 0.0 0.0 0.0 0.0 0.0 0.0 0.0 130.0 250.0 255.0 0.205941529176 -0.273988772112 -0.168295950692 -0.305033314539 0.0273693028562 
0.0 0.0 0.0 0.0 0.0 0.0 0.0 0.0 0.0 0.0 0.0 0.0 138.0 250.0 255.0 -0.168295950692 -0.305033314539 0.26961829531 0.12347732482 0.0276629603893 
0.0 0.0 0.0 0.0 0.0 0.0 0.0 0.0 0.0 0.0 0.0 0.0 160.0 248.0 255.0 0.26961829531 0.12347732482 0.33 -0.00575923352555 -0.0276629603893 
0.0 0.0 0.0 0.0 0.0 0.0 0.0 0.0 0.0 0.0 0.0 0.0 143.0 250.0 255.0 0.33 -0.00575923352555 0.140987192151 0.143983792033 0.0 
0.0 0.0 0.0 0.0 0.0 0.0 0.0 0.0 0.0 0.0 0.0 0.0 123.0 248.0 252.0 0.140987192151 0.143983792033 0.161593021365 0.176894159785 0.0 
0.0 0.0 0.0 0.0 0.0 0.0 0.0 0.0 0.0 0.0 0.0 0.0 124.0 250.0 211.0 0.161593021365 0.176894159785 -0.0283066984071 -0.0283231612839 0.0 
0.0 0.0 0.0 0.0 0.0 0.0 0.0 0.0 0.0 0.0 0.0 0.0 115.0 253.0 237.0 -0.0283066984071 -0.0283231612839 0.0117541155761 0.29188604924 0.0276629603893 
0.0 0.0 0.0 0.0 0.0 0.0 0.0 0.0 0.0 0.0 0.0 0.0 118.0 253.0 207.0 0.0117541155761 0.29188604924 0.131170635888 -0.00999807253563 0.0 
0.0 0.0 100.0 0.0 0.0 0.0 0.0 0.0 0.0 0.0 0.0 0.0 115.0 254.0 219.0 0.131170635888 -0.00999807253563 -0.210894972334 0.124561618986 0.0 
0.0 0.0 100.0 0.0 0.0 0.0 0.0 0.0 0.0 100.0 0.0 0.0 126.0 249.0 185.0 -0.210894972334 0.124561618986 -0.0645418613402 0.33 0.0736072017269 
0.0 0.0 0.0 0.0 0.0 0.0 0.0 0.0 0.0 0.0 0.0 0.0 145.0 247.0 104.0 -0.0645418613402 0.33 0.0268112558128 0.313248001288 0.0 
0.0 0.0 0.0 0.0 0.0 0.0 0.0 0.0 0.0 0.0 0.0 0.0 151.0 246.0 42.0 0.0268112558128 0.313248001288 -0.0734092739638 0.33 0.153288206618 
0.0 0.0 0.0 0.0 0.0 0.0 0.0 0.0 0.0 0.0 0.0 0.0 171.0 202.0 37.0 -0.0734092739638 0.33 -0.0233104542811 0.242733106944 0.0714589625758 
0.0 0.0 0.0 0.0 0.0 0.0 0.0 0.0 0.0 0.0 0.0 0.0 191.0 140.0 37.0 -0.0233104542811 0.242733106944 0.24961195007 -0.158809921523 0.256072637578 
0.0 0.0 0.0 0.0 0.0 0.0 0.0 0.0 0.0 0.0 0.0 0.0 188.0 131.0 38.0 0.24961195007 -0.158809921523 0.129936666659 -0.33 0.162259672481 
0.0 0.0 0.0 0.0 0.0 0.0 0.0 0.0 0.0 0.0 0.0 0.0 184.0 135.0 38.0 0.129936666659 -0.33 0.138579714013 -0.109222580621 0.0776654570273 
0.0 0.0 0.0 0.0 0.0 0.0 0.0 0.0 0.0 0.0 0.0 0.0 182.0 137.0 38.0 0.138579714013 -0.109222580621 0.202020871732 -0.236181616833 -0.030878347671 
0.0 0.0 0.0 0.0 0.0 0.0 0.0 0.0 0.0 0.0 0.0 0.0 177.0 141.0 37.0 0.202020871732 -0.236181616833 -0.325801353496 -0.225112832319 0.00895138872856 
0.0 0.0 0.0 0.0 0.0 0.0 0.0 0.0 0.0 0.0 0.0 0.0 174.0 145.0 36.0 -0.325801353496 -0.225112832319 -0.0515630084714 -0.142337181445 0.0324598699003 
0.0 0.0 0.0 0.0 0.0 0.0 0.0 0.0 0.0 0.0 0.0 0.0 179.0 140.0 36.0 -0.0515630084714 -0.142337181445 -0.241310658719 0.0173591033926 0.033406783134 
0.0 0.0 0.0 0.0 0.0 0.0 0.0 0.0 0.0 0.0 0.0 0.0 199.0 121.0 46.0 -0.241310658719 0.0173591033926 0.33 -0.275885740459 -0.0107434822403 
0.0 0.0 0.0 0.0 0.0 0.0 0.0 0.0 0.0 0.0 0.0 0.0 216.0 104.0 59.0 0.33 -0.275885740459 -0.106427425885 -0.198551489175 -0.0105563193653 
0.0 0.0 0.0 0.0 0.0 0.0 0.0 0.0 0.0 0.0 0.0 0.0 231.0 83.0 83.0 -0.106427425885 -0.198551489175 0.082535919344 0.33 -0.0103717131643 
0.0 0.0 0.0 0.0 0.0 0.0 0.0 0.0 0.0 0.0 0.0 0.0 234.0 84.0 83.0 0.082535919344 0.33 -0.33 -0.0629678307398 0.0 
0.0 0.0 0.0 0.0 0.0 0.0 0.0 0.0 0.0 0.0 0.0 0.0 235.0 83.0 84.0 -0.33 -0.0629678307398 0.220075346262 0.150513541782 -0.0606076225783 
0.0 0.0 0.0 0.0 0.0 0.0 0.0 0.0 0.0 0.0 0.0 0.0 236.0 83.0 84.0 0.220075346262 0.150513541782 -0.168827239397 -0.198059152701 -0.116639654852 
0.0 0.0 0.0 0.0 0.0 0.0 0.0 0.0 0.0 0.0 0.0 0.0 236.0 82.0 84.0 -0.168827239397 -0.198059152701 0.0590284449968 -0.274589007692 0.134100750437 
0.0 0.0 0.0 0.0 0.0 0.0 0.0 0.0 0.0 0.0 0.0 0.0 235.0 82.0 84.0 0.0590284449968 -0.274589007692 -0.239157078726 0.0326346526006 0.0180530669847 
0.0 0.0 0.0 0.0 0.0 0.0 0.0 0.0 0.0 100.0 0.0 0.0 236.0 82.0 84.0 -0.239157078726 0.0326346526006 -0.18699956118 -0.159410839504 0.0296507666659 
0.0 0.0 0.0 0.0 0.0 0.0 0.0 0.0 0.0 0.0 0.0 0.0 236.0 82.0 84.0 -0.18699956118 -0.159410839504 -0.108820932743 -0.130511027621 -0.147136396751 
0.0 0.0 0.0 0.0 0.0 0.0 0.0 0.0 0.0 0.0 0.0 0.0 236.0 82.0 84.0 -0.108820932743 -0.130511027621 -0.1508037457 -0.136047582498 -0.0506854389106 
