nrollouts: 10
# HEADER 1
0.0 0.0 0.0 0.0 0.0 0.0 0.0 0.0 0.0 0.0 0.0 0.0 132.0 247.0 255.0 0 0 0.223378470354 0.0201271188063 0.0 
0.0 0.0 0.0 0.0 0.0 0.0 0.0 0.0 0.0 0.0 0.0 0.0 118.0 249.0 254.0 0.223378470354 0.0201271188063 -0.102484071754 0.33 0.0 
0.0 0.0 0.0 0.0 0.0 0.0 0.0 0.0 0.0 0.0 0.0 0.0 120.0 250.0 211.0 -0.102484071754 0.33 0.14130653088 0.234018413233 0.0 
0.0 0.0 100.0 0.0 0.0 100.0 0.0 100.0 0.0 0.0 100.0 0.0 124.0 252.0 164.0 0.14130653088 0.234018413233 -0.138375175 0.286812584812 0.0 
0.0 0.0 0.0 0.0 0.0 100.0 100.0 100.0 0.0 0.0 100.0 0.0 129.0 253.0 121.0 -0.138375175 0.286812584812 -0.109540389772 -0.0475600128065 0.084921533754 
0.0 0.0 0.0 0.0 0.0 100.0 100.0 100.0 0.0 0.0 0.0 0.0 127.0 255.0 138.0 -0.109540389772 -0.0475600128065 -0.0876434039144 0.164952501403 0.112323690363 
0.0 0.0 0.0 0.0 0.0 100.0 100.0 100.0 0.0 0.0 0.0 0.0 127.0 254.0 131.0 -0.0876434039144 0.164952501403 -0.032063926774 0.229545605106 0.0 
0.0 0.0 0.0 0.0 0.0 0.0 100.0 100.0 0.0 0.0 0.0 0.0 136.0 251.0 90.0 -0.032063926774 0.229545605106 0.21335395434 0.211026006225 0.0280503708616 
0.0 0.0 0.0 0.0 0.0 0.0 100.0 0.0 0.0 0.0 0.0 0.0 145.0 247.0 46.0 0.21335395434 0.211026006225 -0.031766878311 0.085687274139 0.0817313913939 
0.0 0.0 0.0 0.0 0.0 0.0 0.0 0.0 0.0 0.0 0.0 0.0 151.0 242.0 41.0 -0.031766878311 0.085687274139 0.326455544749 -0.160970622151 0.140621339383 
0.0 0.0 0.0 0.0 0.0 0.0 0.0 0.0 0.0 0.0 0.0 0.0 144.0 254.0 51.0 0.326455544749 -0.160970622151 -0.0306070991268 -0.00103043823726 0.0280217938329 
0.0 0.0 0.0 0.0 0.0 0.0 100.0 0.0 0.0 0.0 0.0 0.0 146.0 254.0 54.0 -0.0306070991268 -0.00103043823726 0.0331195428586 0.254808397719 -0.0280217938329 
0.0 0.0 0.0 0.0 0.0 0.0 0.0 0.0 0.0 0.0 0.0 0.0 151.0 246.0 48.0 0.0331195428586 0.254808397719 0.137646027582 0.0275864673993 0.0 
0.0 0.0 0.0 0.0 0.0 0.0 0.0 0.0 0.0 0.0 0.0 0.0 159.0 238.0 47.0 0.137646027582 0.0275864673993 0.132902360033 -0.172749231515 -0.00369978201553 
0.0 0.0 0.0 0.0 0.0 0.0 0.0 0.0 0.0 0.0 0.0 0.0 166.0 231.0 65.0 0.132902360033 -0.172749231515 0.192495972561 -0.179838321364 0.0 
0.0 0.0 0.0 0.0 0.0 0.0 0.0 0.0 0.0 0.0 0.0 0.0 158.0 202.0 240.0 0.192495972561 -0.179838321364 0.0828664410515 0.319964734671 -0.0277508742451 
0.0 0.0 0.0 0.0 0.0 0.0 0.0 0.0 0.0 0.0 0.0 0.0 153.0 226.0 181.0 0.0828664410515 0.319964734671 0.0324461234466 0.0710231410947 0.0277508742451 
0.0 0.0 0.0 0.0 0.0 0.0 0.0 0.0 0.0 0.0 0.0 0.0 149.0 243.0 126.0 0.0324461234466 0.0710231410947 -0.0656180089693 -0.024027873341 0.0 
0.0 0.0 0.0 0.0 0.0 0.0 0.0 0.0 0.0 0.0 0.0 0.0 143.0 247.0 148.0 -0.0656180089693 -0.024027873341 -0.0402403580391 0.309953897187 0.0276656523129 
0.0 0.0 0.0 0.0 0.0 0.0 0.0 0.0 0.0 0.0 0.0 0.0 146.0 248.0 112.0 -0.0402403580391 0.309953897187 0.0929254348799 0.035663606965 0.0040559235356 
0.0 0.0 0.0 0.0 0.0 0.0 100.0 0.0 0.0 0.0 0.0 0.0 147.0 248.0 93.0 0.0929254348799 0.035663606965 0.201304502036 -0.103928630412 0.0555919339105 
0.0 0.0 0.0 0.0 0.0 0.0 100.0 0.0 0.0 0.0 0.0 0.0 137.0 253.0 134.0 0.201304502036 -0.103928630412 -0.087973426651 0.01821849627 0.0602230158214 
0.0 0.0 0.0 0.0 0.0 0.0 0.0 0.0 0.0 0.0 0.0 0.0 138.0 248.0 147.0 -0.087973426651 0.01821849627 -0.0165930220281 0.050714109609 -0.0275456094133 
0.0 0.0 0.0 0.0 0.0 0.0 0.0 0.0 0.0 0.0 0.0 0.0 144.0 247.0 127.0 -0.0165930220281 0.050714109609 -0.106870252486 0.133409032165 0.0 
0.0 0.0 0.0 0.0 0.0 0.0 0.0 0.0 0.0 0.0 0.0 0.0 159.0 238.0 88.0 -0.106870252486 0.133409032165 0.0292827775808 0.0291709109464 0.0275456094133 
0.0 0.0 0.0 0.0 0.0 0.0 0.0 0.0 0.0 0.0 0.0 0.0 169.0 227.0 80.0 0.0292827775808 0.0291709109464 0.214421120618 0.00815703922551 0.0272368362645 
0.0 0.0 0.0 0.0 0.0 0.0 0.0 0.0 0.0 0.0 0.0 0.0 163.0 237.0 73.0 0.214421120618 0.00815703922551 0.0703210592198 -0.0304020158085 0.059918382331 
0.0 0.0 0.0 0.0 0.0 0.0 0.0 0.0 0.0 0.0 0.0 0.0 152.0 248.0 91.0 0.0703210592198 -0.0304020158085 -0.0780688292868 0.246099263694 -0.0267886917232 
0.0 0.0 0.0 0.0 0.0 0.0 0.0 0.0 0.0 0.0 0.0 0.0 159.0 242.0 67.0 -0.0780688292868 0.246099263694 -0.0207193346175 0.0392504786794 0.0 
0.0 0.0 0.0 0.0 0.0 0.0 0.0 0.0 0.0 0.0 0.0 0.0 167.0 233.0 52.0 -0.0207193346175 0.0392504786794 0.0924983984327 -0.030852092078 0.0600722071628 
0.0 0.0 0.0 0.0 0.0 0.0 0.0 0.0 0.0 0.0 0.0 0.0 174.0 223.0 74.0 0.0924983984327 -0.030852092078 0.0318839948678 -0.0651799053694 0.0670549870006 
0.0 0.0 0.0 0.0 0.0 0.0 0.0 0.0 0.0 0.0 0.0 0.0 172.0 205.0 170.0 0.0318839948678 -0.0651799053694 0.0441170617381 0.322794549727 -0.0599753609966 
0.0 0.0 0.0 0.0 0.0 0.0 0.0 0.0 0.0 0.0 0.0 0.0 170.0 222.0 112.0 0.0441170617381 0.322794549727 0.294366835945 0.290606637459 0.0263911669174 
0.0 0.0 0.0 0.0 0.0 0.0 0.0 0.0 0.0 0.0 0.0 0.0 170.0 228.0 45.0 0.294366835945 0.290606637459 0.112279537339 0.0723417759219 0.0335841940792 
0.0 0.0 0.0 0.0 0.0 0.0 0.0 0.0 0.0 0.0 0.0 0.0 170.0 222.0 40.0 0.112279537339 0.0723417759219 -0.0589588042633 0.033867482689 0.143205942542 
0.0 0.0 0.0 0.0 0.0 0.0 0.0 0.0 0.0 0.0 0.0 0.0 176.0 214.0 41.0 -0.0589588042633 0.033867482689 0.227710731996 -0.15243321734 0.0529214154995 
0.0 0.0 0.0 0.0 0.0 0.0 0.0 0.0 0.0 0.0 0.0 0.0 188.0 200.0 74.0 0.227710731996 -0.15243321734 -0.0490349903457 -0.0321625642984 0.0 
0.0 0.0 0.0 0.0 0.0 0.0 0.0 0.0 0.0 0.0 0.0 0.0 185.0 185.0 173.0 -0.0490349903457 -0.0321625642984 0.131008817748 0.153172398513 -0.0338676855609 
0.0 0.0 0.0 0.0 0.0 0.0 0.0 0.0 0.0 0.0 0.0 0.0 193.0 183.0 137.0 0.131008817748 0.153172398513 0.251433189973 0.258972886328 0.0239662172576 
0.0 0.0 0.0 0.0 0.0 0.0 0.0 0.0 0.0 0.0 0.0 0.0 203.0 181.0 58.0 0.251433189973 0.258972886328 0.0419182512426 -0.265486728169 0.00990146830326 
0.0 0.0 0.0 0.0 0.0 0.0 0.0 0.0 0.0 0.0 0.0 0.0 217.0 149.0 136.0 0.0419182512426 -0.265486728169 0.0774528206713 -0.0899242915784 0.0233056293653 
0.0 0.0 0.0 0.0 0.0 0.0 0.0 0.0 0.0 0.0 0.0 0.0 224.0 152.0 224.0 0.0774528206713 -0.0899242915784 0.33 -0.224347462916 0.0204921421011 
0.0 0.0 0.0 0.0 0.0 0.0 0.0 0.0 0.0 0.0 0.0 0.0 206.0 212.0 255.0 0.33 -0.224347462916 0.186464778025 0.076247179331 -0.010340662991 
0.0 0.0 0.0 0.0 0.0 0.0 0.0 0.0 0.0 0.0 0.0 0.0 176.0 216.0 255.0 0.186464778025 0.076247179331 0.117814312214 -0.0788680548026 0.0 
0.0 0.0 0.0 0.0 0.0 0.0 0.0 0.0 0.0 0.0 0.0 0.0 153.0 249.0 255.0 0.117814312214 -0.0788680548026 0.274722407564 -0.123919903715 0.010340662991 
0.0 0.0 0.0 0.0 0.0 0.0 0.0 0.0 0.0 0.0 0.0 0.0 129.0 250.0 255.0 0.274722407564 -0.123919903715 0.122160277732 -0.123932246498 -0.010340662991 
0.0 0.0 0.0 0.0 0.0 0.0 0.0 0.0 0.0 0.0 0.0 0.0 116.0 252.0 255.0 0.122160277732 -0.123932246498 -0.0661200968613 0.164524000594 0.010340662991 
0.0 0.0 0.0 0.0 0.0 0.0 0.0 0.0 0.0 0.0 0.0 0.0 118.0 251.0 255.0 -0.0661200968613 0.164524000594 -0.183838458257 0.0780034680245 0.0 
0.0 0.0 0.0 0.0 0.0 0.0 0.0 0.0 0.0 0.0 0.0 0.0 129.0 237.0 244.0 -0.183838458257 0.0780034680245 0.295441301167 0.147801906251 -0.010340662991 
0.0 0.0 0.0 0.0 0.0 0.0 0.0 0.0 0.0 0.0 0.0 0.0 129.0 247.0 193.0 0.295441301167 0.147801906251 0.0351130708125 0.103249554601 0.0 
0.0 0.0 0.0 0.0 0.0 0.0 0.0 0.0 0.0 0.0 0.0 0.0 131.0 248.0 161.0 0.0351130708125 0.103249554601 0.0518220987423 0.117316053623 0.010340662991 
0.0 0.0 0.0 0.0 0.0 100.0 0.0 100.0 0.0 0.0 0.0 0.0 134.0 249.0 133.0 0.0518220987423 0.117316053623 0.145997222683 0.164728133721 0.0878521629749 
0.0 0.0 0.0 0.0 0.0 0.0 100.0 100.0 0.0 0.0 0.0 0.0 137.0 251.0 97.0 0.145997222683 0.164728133721 0.0860155981325 0.203389243595 0.0870736452566 
0.0 0.0 0.0 0.0 0.0 0.0 100.0 0.0 0.0 0.0 0.0 0.0 139.0 252.0 57.0 0.0860155981325 0.203389243595 0.0571002858814 0.0861468712868 0.1348012589 
0.0 0.0 0.0 0.0 0.0 0.0 100.0 0.0 0.0 0.0 0.0 0.0 140.0 251.0 45.0 0.0571002858814 0.0861468712868 0.145926681789 0.0432135065861 0.147932188694 
0.0 0.0 0.0 0.0 0.0 0.0 100.0 0.0 0.0 0.0 0.0 0.0 139.0 251.0 43.0 0.145926681789 0.0432135065861 -0.054860236884 0.0417029269921 0.0556619219282 
0.0 0.0 0.0 0.0 0.0 0.0 100.0 0.0 0.0 0.0 0.0 0.0 144.0 247.0 42.0 -0.054860236884 0.0417029269921 0.14979173221 -0.0741516214457 0.0 
0.0 0.0 0.0 0.0 0.0 0.0 0.0 0.0 0.0 0.0 0.0 0.0 142.0 254.0 52.0 0.14979173221 -0.0741516214457 -0.0509597174523 0.154208592753 0.0 
0.0 0.0 0.0 0.0 0.0 0.0 0.0 0.0 0.0 0.0 0.0 0.0 146.0 247.0 47.0 -0.0509597174523 0.154208592753 -0.0709044895982 0.20803858996 -0.0269584421452 
0.0 0.0 0.0 0.0 0.0 0.0 0.0 0.0 0.0 0.0 0.0 0.0 162.0 223.0 40.0 -0.0709044895982 0.20803858996 0.0212793504448 -0.0435373911518 0.0269584421452 
0.0 0.0 0.0 0.0 0.0 0.0 0.0 0.0 0.0 0.0 0.0 0.0 164.0 226.0 43.0 0.0212793504448 -0.0435373911518 0.0408134226062 0.0812957499819 0.0859217695326 
0.0 0.0 0.0 0.0 0.0 0.0 0.0 0.0 0.0 0.0 0.0 0.0 163.0 227.0 41.0 0.0408134226062 0.0812957499819 0.134624791612 0.0780728686748 -0.0103086087306 
0.0 0.0 0.0 0.0 0.0 0.0 0.0 0.0 0.0 0.0 0.0 0.0 157.0 230.0 39.0 0.134624791612 0.0780728686748 0.152013794664 -0.0613255449955 0.0248450984996 
0.0 0.0 0.0 0.0 0.0 0.0 0.0 0.0 0.0 0.0 0.0 0.0 146.0 249.0 39.0 0.152013794664 -0.0613255449955 -0.0377437196213 -0.108488777405 0.0 
0.0 0.0 0.0 0.0 0.0 0.0 0.0 0.0 0.0 0.0 0.0 0.0 149.0 250.0 41.0 -0.0377437196213 -0.108488777405 0.163684030316 -0.112691753566 -0.0248450984996 
0.0 0.0 0.0 0.0 0.0 0.0 0.0 0.0 0.0 0.0 0.0 0.0 139.0 226.0 239.0 0.163684030316 -0.112691753566 0.265775268716 -0.028318572738 -0.0148808218596 
0.0 0.0 0.0 0.0 0.0 0.0 0.0 0.0 0.0 0.0 0.0 0.0 120.0 249.0 255.0 0.265775268716 -0.028318572738 0.0159290939935 -0.113785646418 -0.0148146186105 
0.0 0.0 0.0 0.0 0.0 0.0 0.0 0.0 0.0 0.0 0.0 0.0 118.0 251.0 255.0 0.0159290939935 -0.113785646418 0.274026578461 -0.0339058645087 0.0 
0.0 0.0 0.0 0.0 0.0 0.0 0.0 0.0 0.0 0.0 0.0 0.0 118.0 252.0 255.0 0.274026578461 -0.0339058645087 0.03157215988 -0.129003136829 0.0148146186105 
0.0 0.0 0.0 0.0 0.0 0.0 0.0 0.0 0.0 0.0 0.0 0.0 117.0 253.0 255.0 0.03157215988 -0.129003136829 -0.0513810088001 -0.0275303247939 -0.0148146186105 
0.0 0.0 0.0 0.0 0.0 0.0 0.0 0.0 0.0 0.0 0.0 0.0 119.0 251.0 255.0 -0.0513810088001 -0.0275303247939 -0.0102399708311 0.0799434929912 0.0148146186105 
0.0 0.0 0.0 0.0 0.0 0.0 0.0 0.0 0.0 0.0 0.0 0.0 124.0 251.0 255.0 -0.0102399708311 0.0799434929912 0.0977601116645 -0.111126716683 -0.0148146186105 
0.0 0.0 0.0 0.0 0.0 0.0 0.0 0.0 0.0 0.0 0.0 0.0 119.0 251.0 255.0 0.0977601116645 -0.111126716683 0.0991090992862 0.17317458147 0.0 
0.0 0.0 0.0 0.0 0.0 0.0 0.0 0.0 0.0 0.0 0.0 0.0 116.0 253.0 255.0 0.0991090992862 0.17317458147 0.288505125624 0.33 0.0 
0.0 0.0 0.0 0.0 0.0 0.0 0.0 0.0 0.0 0.0 0.0 0.0 115.0 252.0 231.0 0.288505125624 0.33 0.0828105363558 0.243406522275 0.0148146186105 
0.0 0.0 100.0 0.0 0.0 100.0 0.0 0.0 0.0 0.0 100.0 0.0 120.0 253.0 185.0 0.0828105363558 0.243406522275 -0.0961436563762 0.212396900606 0.0251894305902 
0.0 0.0 0.0 0.0 0.0 0.0 0.0 100.0 0.0 0.0 0.0 0.0 134.0 250.0 128.0 -0.0961436563762 0.212396900606 0.222150941828 0.186045823843 0.102519118839 
# HEADER 2
0.0 0.0 0.0 0.0 0.0 0.0 0.0 0.0 0.0 0.0 0.0 0.0 133.0 250.0 255.0 0 0 -0.170939254168 0.0476975697624 0.193260900206 
0.0 0.0 0.0 0.0 0.0 0.0 0.0 0.0 0.0 0.0 0.0 0.0 144.0 222.0 255.0 -0.170939254168 0.0476975697624 0.071667561808 0.2782132789 0.0493098576844 
0.0 0.0 0.0 0.0 0.0 0.0 0.0 0.0 0.0 0.0 0.0 0.0 147.0 228.0 189.0 0.071667561808 0.2782132789 0.0438751740628 0.146454685022 -0.0493098576844 
0.0 0.0 0.0 0.0 0.0 0.0 0.0 0.0 0.0 100.0 0.0 0.0 143.0 247.0 121.0 0.0438751740628 0.146454685022 -0.137373543123 -0.0245349730286 0.0 
0.0 0.0 0.0 0.0 0.0 0.0 0.0 0.0 0.0 0.0 0.0 0.0 151.0 235.0 145.0 -0.137373543123 -0.0245349730286 0.12501640039 0.135916768379 0.0596194355922 
0.0 0.0 0.0 0.0 0.0 0.0 0.0 0.0 0.0 0.0 0.0 0.0 148.0 242.0 121.0 0.12501640039 0.135916768379 0.0301939327167 0.0562620598125 0.0556394935338 
0.0 0.0 0.0 0.0 0.0 0.0 0.0 0.0 0.0 0.0 0.0 0.0 144.0 247.0 99.0 0.0301939327167 0.0562620598125 0.164472250102 0.203097885227 -0.0556394935338 
0.0 0.0 0.0 0.0 0.0 0.0 100.0 0.0 0.0 0.0 0.0 0.0 145.0 250.0 61.0 0.164472250102 0.203097885227 -0.0995719634456 0.0105939175185 0.0929349484295 
0.0 0.0 0.0 0.0 0.0 0.0 0.0 0.0 0.0 0.0 0.0 0.0 148.0 246.0 50.0 -0.0995719634456 0.0105939175185 0.106582875389 -0.121992062085 0.176603132423 
0.0 0.0 0.0 0.0 0.0 0.0 0.0 0.0 0.0 0.0 0.0 0.0 146.0 251.0 69.0 0.106582875389 -0.121992062085 0.11657841216 -0.0242208407492 0.0546986891467 
0.0 0.0 0.0 0.0 0.0 0.0 0.0 0.0 0.0 0.0 0.0 0.0 132.0 251.0 153.0 0.11657841216 -0.0242208407492 -0.0455913907016 0.233010698602 -0.013152816899 
0.0 0.0 0.0 0.0 0.0 0.0 0.0 0.0 0.0 0.0 0.0 0.0 130.0 251.0 144.0 -0.0455913907016 0.233010698602 0.0900674938462 0.221928081103 -0.0684691899779 
0.0 0.0 0.0 0.0 0.0 0.0 100.0 0.0 0.0 0.0 0.0 0.0 134.0 252.0 101.0 0.0900674938462 0.221928081103 0.269302520487 0.163654331882 0.0816220068769 
0.0 0.0 0.0 0.0 0.0 0.0 100.0 0.0 0.0 0.0 0.0 0.0 137.0 253.0 66.0 0.269302520487 0.163654331882 0.0546303836064 0.213674507739 0.150883615934 
# HEADER 3
0.0 0.0 0.0 0.0 0.0 0.0 0.0 0.0 0.0 0.0 0.0 0.0 133.0 250.0 255.0 0 0 0.248992216432 0.0854675866162 0.419299862348 
0.0 0.0 0.0 0.0 0.0 0.0 0.0 0.0 0.0 0.0 0.0 0.0 119.0 251.0 255.0 0.248992216432 0.0854675866162 0.0639610811139 0.0623684325641 0.0 
0.0 0.0 0.0 0.0 0.0 0.0 0.0 0.0 0.0 0.0 0.0 0.0 119.0 250.0 238.0 0.0639610811139 0.0623684325641 0.052972871099 0.265504276716 0.0 
0.0 0.0 0.0 0.0 0.0 0.0 0.0 0.0 0.0 0.0 0.0 0.0 125.0 251.0 189.0 0.052972871099 0.265504276716 0.0990308558815 0.215004113784 0.0 
0.0 0.0 0.0 0.0 0.0 100.0 0.0 100.0 0.0 0.0 0.0 0.0 130.0 252.0 140.0 0.0990308558815 0.215004113784 -0.0944966024925 0.231126614418 0.0410519328641 
0.0 0.0 0.0 0.0 0.0 0.0 0.0 100.0 0.0 0.0 0.0 0.0 135.0 253.0 93.0 -0.0944966024925 0.231126614418 0.151366276821 0.056562905005 0.146259219299 
0.0 0.0 0.0 0.0 0.0 0.0 100.0 0.0 0.0 0.0 0.0 0.0 136.0 254.0 81.0 0.151366276821 0.056562905005 -0.0645876317629 0.0107762591847 0.188767202708 
0.0 0.0 0.0 0.0 0.0 0.0 100.0 0.0 0.0 0.0 0.0 0.0 136.0 253.0 80.0 -0.0645876317629 0.0107762591847 0.0177839273489 0.0199252526872 -0.00349774928355 
0.0 0.0 0.0 0.0 0.0 0.0 100.0 0.0 0.0 0.0 0.0 0.0 136.0 253.0 80.0 0.0177839273489 0.0199252526872 -0.0387402239627 0.0270093205726 0.0 
0.0 0.0 0.0 0.0 0.0 0.0 0.0 0.0 0.0 0.0 0.0 0.0 141.0 250.0 77.0 -0.0387402239627 0.0270093205726 -0.154096982447 -0.168046185239 0.0 
0.0 0.0 0.0 0.0 0.0 0.0 0.0 0.0 0.0 0.0 0.0 0.0 142.0 249.0 113.0 -0.154096982447 -0.168046185239 -0.0471135447772 0.0924731042282 0.0419184183144 
0.0 0.0 0.0 0.0 0.0 0.0 0.0 0.0 0.0 0.0 0.0 0.0 147.0 244.0 118.0 -0.0471135447772 0.0924731042282 -0.0119343896588 0.189525380072 -0.0384206690308 
0.0 0.0 0.0 0.0 0.0 0.0 0.0 0.0 0.0 0.0 0.0 0.0 160.0 238.0 68.0 -0.0119343896588 0.189525380072 0.247709668369 -0.00479020010562 0.0427682686633 
0.0 0.0 0.0 0.0 0.0 0.0 0.0 0.0 0.0 0.0 0.0 0.0 153.0 248.0 60.0 0.247709668369 -0.00479020010562 0.0678765950184 0.0566758547105 0.123265212308 
0.0 0.0 0.0 0.0 0.0 0.0 0.0 0.0 0.0 0.0 0.0 0.0 147.0 251.0 58.0 0.0678765950184 0.0566758547105 0.0833098037052 0.272522774431 -0.00662282488624 
0.0 0.0 0.0 0.0 0.0 0.0 0.0 0.0 0.0 0.0 0.0 0.0 145.0 247.0 39.0 0.0833098037052 0.272522774431 0.0352871903956 -0.00568758483655 0.0 
0.0 0.0 0.0 0.0 0.0 0.0 0.0 0.0 0.0 0.0 0.0 0.0 145.0 252.0 42.0 0.0352871903956 -0.00568758483655 0.20478822812 0.0779844435583 0.083846567703 
0.0 0.0 0.0 0.0 0.0 0.0 0.0 0.0 0.0 0.0 0.0 0.0 143.0 250.0 42.0 0.20478822812 0.0779844435583 0.00738118943757 -0.0956383394614 0.0377055077754 
0.0 0.0 0.0 0.0 0.0 0.0 0.0 0.0 0.0 0.0 0.0 0.0 142.0 255.0 50.0 0.00738118943757 -0.0956383394614 0.112627614388 -0.0306901144424 0.0 
0.0 0.0 0.0 0.0 0.0 0.0 0.0 0.0 0.0 0.0 0.0 0.0 142.0 255.0 53.0 0.112627614388 -0.0306901144424 0.105198913598 -0.0665269768908 0.0 
0.0 0.0 0.0 0.0 0.0 0.0 0.0 0.0 0.0 0.0 0.0 0.0 142.0 255.0 55.0 0.105198913598 -0.0665269768908 0.0822046710889 -0.0346739253242 0.0 
0.0 0.0 0.0 0.0 0.0 0.0 0.0 0.0 0.0 0.0 0.0 0.0 142.0 255.0 55.0 0.0822046710889 -0.0346739253242 -0.0749812225317 0.0613190276602 0.0 
0.0 0.0 0.0 0.0 0.0 0.0 0.0 0.0 0.0 0.0 0.0 0.0 147.0 254.0 52.0 -0.0749812225317 0.0613190276602 -0.0426245926288 0.179871527597 0.0 
0.0 0.0 0.0 0.0 0.0 0.0 0.0 0.0 0.0 0.0 0.0 0.0 156.0 247.0 52.0 -0.0426245926288 0.179871527597 0.287887735444 0.0217736775202 -0.0377055077754 
0.0 0.0 0.0 0.0 0.0 0.0 0.0 0.0 0.0 0.0 0.0 0.0 151.0 252.0 50.0 0.287887735444 0.0217736775202 -0.118215181135 0.151123108149 0.0 
0.0 0.0 0.0 0.0 0.0 0.0 0.0 0.0 0.0 0.0 0.0 0.0 159.0 241.0 45.0 -0.118215181135 0.151123108149 -0.024098460737 -0.00471222967741 0.0 
0.0 0.0 0.0 0.0 0.0 0.0 0.0 0.0 0.0 0.0 0.0 0.0 165.0 236.0 50.0 -0.024098460737 -0.00471222967741 -0.0392892679755 0.107906782129 0.0 
0.0 0.0 0.0 0.0 0.0 0.0 0.0 0.0 0.0 0.0 0.0 0.0 174.0 222.0 48.0 -0.0392892679755 0.107906782129 0.259833929737 -0.0256344664388 0.0464229831103 
0.0 0.0 0.0 0.0 0.0 0.0 0.0 0.0 0.0 0.0 0.0 0.0 163.0 236.0 48.0 0.259833929737 -0.0256344664388 0.0714741110859 -0.00329251749009 0.0 
0.0 0.0 0.0 0.0 0.0 0.0 0.0 0.0 0.0 0.0 0.0 0.0 150.0 255.0 48.0 0.0714741110859 -0.00329251749009 -0.0716675286239 0.00944015175574 0.0 
0.0 0.0 0.0 0.0 0.0 0.0 0.0 0.0 0.0 0.0 0.0 0.0 145.0 255.0 50.0 -0.0716675286239 0.00944015175574 -0.0170569140949 -0.136803836094 0.0 
0.0 0.0 0.0 0.0 0.0 0.0 0.0 0.0 0.0 0.0 0.0 0.0 147.0 255.0 50.0 -0.0170569140949 -0.136803836094 -0.0196857366592 0.0801087925676 -0.00871747533497 
0.0 0.0 0.0 0.0 0.0 0.0 0.0 0.0 0.0 0.0 0.0 0.0 151.0 254.0 49.0 -0.0196857366592 0.0801087925676 -0.0636101479986 -0.128701738402 0.0 
0.0 0.0 0.0 0.0 0.0 0.0 0.0 0.0 0.0 0.0 0.0 0.0 157.0 247.0 49.0 -0.0636101479986 -0.128701738402 0.0748568038272 -0.0827656415225 0.00871747533497 
0.0 0.0 0.0 0.0 0.0 0.0 0.0 0.0 0.0 0.0 0.0 0.0 155.0 250.0 50.0 0.0748568038272 -0.0827656415225 -0.12744677558 -0.292682876666 0.0 
0.0 0.0 0.0 0.0 0.0 0.0 0.0 0.0 0.0 0.0 0.0 0.0 152.0 255.0 52.0 -0.12744677558 -0.292682876666 0.229680484561 0.114683893356 0.0 
0.0 0.0 0.0 0.0 0.0 0.0 0.0 0.0 0.0 0.0 0.0 0.0 150.0 255.0 53.0 0.229680484561 0.114683893356 0.169997814246 0.216060876433 0.0 
0.0 0.0 0.0 0.0 0.0 0.0 0.0 0.0 0.0 0.0 0.0 0.0 147.0 255.0 55.0 0.169997814246 0.216060876433 0.0354086594272 -0.202927406777 0.0 
0.0 0.0 0.0 0.0 0.0 0.0 100.0 0.0 0.0 0.0 0.0 0.0 146.0 255.0 56.0 0.0354086594272 -0.202927406777 0.151352296436 0.218923600763 -0.00871747533497 
0.0 0.0 0.0 0.0 0.0 0.0 0.0 0.0 0.0 0.0 0.0 0.0 147.0 255.0 56.0 0.151352296436 0.218923600763 -0.171082433545 0.139685892949 0.00871747533497 
0.0 0.0 0.0 0.0 0.0 0.0 0.0 0.0 0.0 0.0 0.0 0.0 147.0 255.0 56.0 -0.171082433545 0.139685892949 0.173878608959 0.161427026132 0.0 
0.0 0.0 0.0 0.0 0.0 0.0 0.0 0.0 0.0 0.0 0.0 0.0 147.0 253.0 48.0 0.173878608959 0.161427026132 -0.242396147986 -0.176078966265 0.0 
0.0 0.0 0.0 0.0 0.0 0.0 0.0 0.0 0.0 0.0 0.0 0.0 146.0 255.0 55.0 -0.242396147986 -0.176078966265 -0.0646270398926 0.009798162694 0.0 
0.0 0.0 0.0 0.0 0.0 0.0 0.0 0.0 0.0 0.0 0.0 0.0 146.0 255.0 55.0 -0.0646270398926 0.009798162694 0.114247294755 -0.0343678135442 -0.00871747533497 
0.0 0.0 0.0 0.0 0.0 0.0 0.0 0.0 0.0 0.0 0.0 0.0 145.0 255.0 56.0 0.114247294755 -0.0343678135442 0.116169352362 0.0155781446588 0.0 
0.0 0.0 0.0 0.0 0.0 0.0 0.0 0.0 0.0 0.0 0.0 0.0 145.0 255.0 56.0 0.116169352362 0.0155781446588 -0.0402450501875 0.0572214094426 0.0 
0.0 0.0 0.0 0.0 0.0 0.0 0.0 0.0 0.0 0.0 0.0 0.0 149.0 254.0 51.0 -0.0402450501875 0.0572214094426 0.101270158157 0.0524508147916 0.0 
0.0 0.0 0.0 0.0 0.0 0.0 0.0 0.0 0.0 0.0 0.0 0.0 156.0 244.0 48.0 0.101270158157 0.0524508147916 -0.0397309408946 -0.176481659814 0.00871747533497 
0.0 0.0 0.0 0.0 0.0 0.0 0.0 0.0 0.0 0.0 0.0 0.0 163.0 238.0 58.0 -0.0397309408946 -0.176481659814 0.24183480442 0.0838357411142 0.0 
0.0 0.0 0.0 0.0 0.0 0.0 0.0 0.0 0.0 0.0 0.0 0.0 154.0 250.0 53.0 0.24183480442 0.0838357411142 0.0312502018451 0.0681409203375 0.0 
0.0 0.0 0.0 0.0 0.0 0.0 0.0 0.0 0.0 0.0 0.0 0.0 152.0 247.0 47.0 0.0312502018451 0.0681409203375 -0.0476524680062 -0.0376724457097 0.0 
0.0 0.0 0.0 0.0 0.0 0.0 0.0 0.0 0.0 0.0 0.0 0.0 151.0 252.0 53.0 -0.0476524680062 -0.0376724457097 0.174979348758 -0.0133118530249 0.0 
0.0 0.0 0.0 0.0 0.0 0.0 0.0 0.0 0.0 0.0 0.0 0.0 151.0 253.0 55.0 0.174979348758 -0.0133118530249 0.0225814800658 -0.0469428191645 0.0 
0.0 0.0 0.0 0.0 0.0 0.0 0.0 0.0 0.0 0.0 0.0 0.0 151.0 253.0 55.0 0.0225814800658 -0.0469428191645 -0.0559320892796 0.011249065047 0.0 
0.0 0.0 0.0 0.0 0.0 0.0 0.0 0.0 0.0 0.0 0.0 0.0 155.0 249.0 55.0 -0.0559320892796 0.011249065047 -0.0815469349776 0.0867750535836 0.0 
0.0 0.0 0.0 0.0 0.0 0.0 0.0 0.0 0.0 0.0 0.0 0.0 161.0 234.0 111.0 -0.0815469349776 0.0867750535836 0.269534330567 0.0496302837032 0.0 
0.0 0.0 0.0 0.0 0.0 0.0 0.0 0.0 0.0 0.0 0.0 0.0 152.0 248.0 86.0 0.269534330567 0.0496302837032 0.242252760075 0.119895127553 0.0 
0.0 0.0 0.0 0.0 0.0 0.0 100.0 0.0 0.0 0.0 0.0 0.0 147.0 250.0 71.0 0.242252760075 0.119895127553 -0.114449437213 -0.126988249074 0.0 
0.0 0.0 0.0 0.0 0.0 0.0 0.0 0.0 0.0 0.0 0.0 0.0 148.0 249.0 100.0 -0.114449437213 -0.126988249074 0.0735320322475 0.00286110622615 0.0470554780858 
0.0 0.0 0.0 0.0 0.0 0.0 0.0 0.0 0.0 0.0 0.0 0.0 143.0 249.0 129.0 0.0735320322475 0.00286110622615 0.117135471069 0.221356725519 0.0 
0.0 0.0 0.0 0.0 0.0 0.0 0.0 0.0 0.0 0.0 0.0 0.0 144.0 249.0 102.0 0.117135471069 0.221356725519 0.00847808276017 0.26351711305 0.0 
0.0 0.0 0.0 0.0 0.0 0.0 100.0 0.0 0.0 0.0 0.0 0.0 147.0 250.0 50.0 0.00847808276017 0.26351711305 -0.114048309038 0.0741116354794 0.0 
0.0 0.0 0.0 0.0 0.0 0.0 100.0 0.0 0.0 0.0 0.0 0.0 147.0 248.0 43.0 -0.114048309038 0.0741116354794 -0.0692926348063 -0.0185445526717 0.250998288411 
0.0 0.0 0.0 0.0 0.0 0.0 0.0 0.0 0.0 0.0 0.0 0.0 151.0 248.0 50.0 -0.0692926348063 -0.0185445526717 0.23236970618 -0.162399494259 0.0469903302123 
0.0 0.0 0.0 0.0 0.0 0.0 0.0 0.0 0.0 0.0 0.0 0.0 147.0 254.0 65.0 0.23236970618 -0.162399494259 0.0227702827018 0.132940108025 0.0 
0.0 0.0 0.0 0.0 0.0 0.0 0.0 0.0 0.0 0.0 0.0 0.0 142.0 255.0 69.0 0.0227702827018 0.132940108025 0.19206561209 -0.197406262207 -0.0139921513861 
0.0 0.0 0.0 0.0 0.0 0.0 0.0 0.0 0.0 0.0 0.0 0.0 140.0 255.0 74.0 0.19206561209 -0.197406262207 -0.130847035439 0.01597069407 0.0 
0.0 0.0 0.0 0.0 0.0 0.0 0.0 0.0 0.0 0.0 0.0 0.0 146.0 253.0 70.0 -0.130847035439 0.01597069407 0.1343872937 -0.0454774394247 0.0 
0.0 0.0 0.0 0.0 0.0 0.0 0.0 0.0 0.0 0.0 0.0 0.0 130.0 249.0 192.0 0.1343872937 -0.0454774394247 0.119307990781 0.177937798746 0.0 
0.0 0.0 0.0 0.0 0.0 0.0 0.0 0.0 0.0 0.0 0.0 0.0 126.0 251.0 184.0 0.119307990781 0.177937798746 0.0344469985665 0.116199196328 0.0139921513861 
0.0 0.0 100.0 0.0 0.0 100.0 0.0 100.0 0.0 0.0 0.0 0.0 127.0 252.0 161.0 0.0344469985665 0.116199196328 0.148539933042 0.224589091416 0.0 
0.0 0.0 0.0 0.0 0.0 100.0 0.0 100.0 0.0 0.0 0.0 0.0 131.0 253.0 124.0 0.148539933042 0.224589091416 -0.113045398619 0.0589882854177 0.0143628509055 
0.0 0.0 0.0 0.0 0.0 0.0 0.0 100.0 0.0 0.0 0.0 0.0 131.0 253.0 115.0 -0.113045398619 0.0589882854177 -0.00794160198795 0.105710725501 0.107415648245 
0.0 0.0 0.0 0.0 0.0 0.0 0.0 100.0 0.0 0.0 0.0 0.0 132.0 253.0 108.0 -0.00794160198795 0.105710725501 0.0957179639396 0.238693950906 0.0604181723424 
0.0 0.0 0.0 0.0 0.0 0.0 100.0 0.0 0.0 0.0 0.0 0.0 134.0 254.0 77.0 0.0957179639396 0.238693950906 0.250616480886 -0.0360011600807 0.0163806318174 
0.0 0.0 0.0 0.0 0.0 0.0 100.0 0.0 0.0 0.0 0.0 0.0 134.0 255.0 86.0 0.250616480886 -0.0360011600807 -0.179068674831 0.210768379237 0.0944346487421 
0.0 0.0 0.0 0.0 0.0 0.0 100.0 0.0 0.0 0.0 0.0 0.0 134.0 255.0 75.0 -0.179068674831 0.210768379237 -0.0290201225125 -0.0705357572557 0.0413643980521 
0.0 0.0 0.0 0.0 0.0 0.0 100.0 0.0 0.0 0.0 0.0 0.0 138.0 255.0 84.0 -0.0290201225125 -0.0705357572557 0.0280021032302 -0.0706634880794 0.0 
0.0 0.0 0.0 0.0 0.0 0.0 0.0 0.0 0.0 0.0 0.0 0.0 138.0 254.0 106.0 0.0280021032302 -0.0706634880794 0.0772280246599 0.106539117784 0.0 
0.0 0.0 0.0 0.0 0.0 100.0 0.0 0.0 0.0 0.0 0.0 0.0 127.0 250.0 180.0 0.0772280246599 0.106539117784 -0.0434107647001 0.282123217098 0.0 
0.0 0.0 0.0 0.0 0.0 100.0 0.0 100.0 0.0 0.0 0.0 0.0 130.0 251.0 136.0 -0.0434107647001 0.282123217098 -0.23043733496 0.281699930855 0.0176041032271 
0.0 0.0 0.0 0.0 0.0 0.0 100.0 0.0 0.0 0.0 0.0 0.0 136.0 252.0 84.0 -0.23043733496 0.281699930855 0.113590207675 -0.0182115111228 0.0748370992245 
0.0 0.0 0.0 0.0 0.0 0.0 100.0 0.0 0.0 0.0 0.0 0.0 136.0 255.0 88.0 0.113590207675 -0.0182115111228 -0.0892759980251 0.0630524706528 0.183441512263 
0.0 0.0 0.0 0.0 0.0 0.0 0.0 0.0 0.0 0.0 0.0 0.0 136.0 255.0 84.0 -0.0892759980251 0.0630524706528 -0.177463854965 0.0563220258177 0.0311982604137 
0.0 0.0 0.0 0.0 0.0 0.0 0.0 0.0 0.0 0.0 0.0 0.0 146.0 248.0 73.0 -0.177463854965 0.0563220258177 0.150744056681 -0.197056607298 0.0 
0.0 0.0 0.0 0.0 0.0 0.0 0.0 0.0 0.0 0.0 0.0 0.0 142.0 254.0 105.0 0.150744056681 -0.197056607298 0.17867141714 0.243929176985 0.0183154583935 
0.0 0.0 0.0 0.0 0.0 0.0 0.0 0.0 0.0 0.0 0.0 0.0 135.0 251.0 121.0 0.17867141714 0.243929176985 0.020633233943 -0.1021330004 -0.0183154583935 
0.0 0.0 0.0 0.0 0.0 0.0 0.0 0.0 0.0 0.0 0.0 0.0 128.0 255.0 149.0 0.020633233943 -0.1021330004 0.0438639705802 0.259517924205 0.0 
0.0 0.0 0.0 0.0 0.0 0.0 0.0 0.0 0.0 0.0 0.0 0.0 126.0 254.0 141.0 0.0438639705802 0.259517924205 -0.0205199225947 0.0794991850118 -0.0182459948846 
0.0 0.0 0.0 0.0 0.0 0.0 0.0 100.0 0.0 0.0 0.0 0.0 131.0 251.0 128.0 -0.0205199225947 0.0794991850118 -0.203123845215 0.0884219541172 0.0182459948846 
0.0 0.0 0.0 0.0 0.0 0.0 0.0 0.0 0.0 0.0 0.0 0.0 137.0 249.0 112.0 -0.203123845215 0.0884219541172 0.16572862475 0.197966726838 0.0183154583935 
0.0 0.0 0.0 0.0 0.0 0.0 0.0 0.0 0.0 0.0 0.0 0.0 140.0 251.0 79.0 0.16572862475 0.197966726838 -0.0758130888842 0.0482502350923 0.0183729691066 
0.0 0.0 0.0 0.0 0.0 0.0 0.0 0.0 0.0 0.0 0.0 0.0 146.0 248.0 67.0 -0.0758130888842 0.0482502350923 0.0500526448243 -0.117851588614 0.0922957318284 
0.0 0.0 0.0 0.0 0.0 0.0 0.0 0.0 0.0 0.0 0.0 0.0 149.0 245.0 106.0 0.0500526448243 -0.117851588614 -0.198332487335 -0.0709604012562 0.0552705914887 
0.0 0.0 0.0 0.0 0.0 0.0 0.0 0.0 0.0 0.0 0.0 0.0 153.0 216.0 217.0 -0.198332487335 -0.0709604012562 0.0514915844905 0.114235767236 -0.0127652649484 
0.0 0.0 0.0 0.0 0.0 0.0 0.0 0.0 0.0 100.0 0.0 0.0 154.0 223.0 188.0 0.0514915844905 0.114235767236 0.140740466369 0.0668115501205 -0.00562013613056 
0.0 0.0 0.0 0.0 0.0 0.0 0.0 0.0 0.0 0.0 0.0 0.0 149.0 241.0 141.0 0.140740466369 0.0668115501205 0.00786091344429 -0.0029790203756 0.0233364894144 
0.0 0.0 0.0 0.0 0.0 0.0 0.0 0.0 0.0 0.0 0.0 0.0 147.0 243.0 145.0 0.00786091344429 -0.0029790203756 0.0193909516323 0.285815430093 0.0 
0.0 0.0 0.0 0.0 0.0 0.0 0.0 0.0 0.0 0.0 0.0 0.0 150.0 248.0 97.0 0.0193909516323 0.285815430093 -0.0222778017525 0.210952741812 -0.0233364894144 
0.0 0.0 0.0 0.0 0.0 0.0 0.0 0.0 0.0 0.0 0.0 0.0 158.0 244.0 48.0 -0.0222778017525 0.210952741812 0.0205372256732 0.133185304026 0.0585973168357 
0.0 0.0 0.0 0.0 0.0 0.0 0.0 0.0 0.0 0.0 0.0 0.0 168.0 228.0 42.0 0.0205372256732 0.133185304026 0.0865993040277 0.0538505631598 0.138767983952 
0.0 0.0 0.0 0.0 0.0 0.0 0.0 0.0 0.0 0.0 0.0 0.0 174.0 219.0 41.0 0.0865993040277 0.0538505631598 0.0869209515446 -0.143178497208 0.0677003480728 
0.0 0.0 0.0 0.0 0.0 0.0 0.0 0.0 0.0 0.0 0.0 0.0 179.0 216.0 74.0 0.0869209515446 -0.143178497208 -0.0214069574193 0.0202305422279 0.064728486249 
0.0 0.0 0.0 0.0 0.0 0.0 0.0 0.0 0.0 0.0 0.0 0.0 179.0 213.0 88.0 -0.0214069574193 0.0202305422279 -0.0498755229504 0.0214801447555 -0.0368408104793 
0.0 0.0 0.0 0.0 0.0 0.0 0.0 0.0 0.0 0.0 0.0 0.0 181.0 211.0 83.0 -0.0498755229504 0.0214801447555 -0.00930957776541 0.0884762264433 0.0 
0.0 0.0 0.0 0.0 0.0 0.0 0.0 0.0 0.0 0.0 0.0 0.0 183.0 212.0 60.0 -0.00930957776541 0.0884762264433 0.0577180635586 0.143155133627 0.0 
0.0 0.0 0.0 0.0 0.0 0.0 0.0 0.0 0.0 0.0 0.0 0.0 185.0 204.0 44.0 0.0577180635586 0.143155133627 0.236696728783 -0.176682380287 -0.0114123986779 
0.0 0.0 0.0 0.0 0.0 0.0 0.0 0.0 0.0 0.0 0.0 0.0 192.0 196.0 66.0 0.236696728783 -0.176682380287 -0.048620425701 -0.17680497023 0.0946560554567 
0.0 0.0 0.0 0.0 0.0 0.0 0.0 0.0 0.0 0.0 0.0 0.0 203.0 173.0 90.0 -0.048620425701 -0.17680497023 0.241402834127 -0.0876094961197 0.0150408528944 
0.0 0.0 0.0 0.0 0.0 0.0 0.0 0.0 0.0 0.0 0.0 0.0 211.0 155.0 109.0 0.241402834127 -0.0876094961197 0.0223374520113 0.00852517626431 0.0 
0.0 0.0 0.0 0.0 0.0 0.0 0.0 0.0 0.0 0.0 0.0 0.0 214.0 149.0 118.0 0.0223374520113 0.00852517626431 0.00884242096724 0.106297894158 0.0 
0.0 0.0 0.0 0.0 0.0 0.0 0.0 0.0 0.0 0.0 0.0 0.0 214.0 150.0 120.0 0.00884242096724 0.106297894158 -0.126328125739 0.235321532155 0.0 
0.0 0.0 0.0 0.0 0.0 0.0 0.0 0.0 0.0 0.0 0.0 0.0 217.0 150.0 112.0 -0.126328125739 0.235321532155 0.111594626397 -0.122336120698 0.0 
0.0 0.0 0.0 0.0 0.0 0.0 0.0 0.0 0.0 0.0 0.0 0.0 210.0 151.0 161.0 0.111594626397 -0.122336120698 -0.0187500600029 -0.0308457805502 0.0148235179219 
0.0 0.0 0.0 0.0 0.0 0.0 0.0 0.0 0.0 0.0 0.0 0.0 201.0 160.0 229.0 -0.0187500600029 -0.0308457805502 0.068686184431 -0.125438844869 0.0 
0.0 0.0 0.0 0.0 0.0 0.0 0.0 0.0 0.0 0.0 0.0 0.0 193.0 209.0 255.0 0.068686184431 -0.125438844869 0.0764656600342 -0.293934750957 0.0 
0.0 0.0 0.0 0.0 0.0 0.0 0.0 0.0 0.0 0.0 0.0 0.0 179.0 250.0 255.0 0.0764656600342 -0.293934750957 0.0761372955655 -0.123059212562 0.0 
0.0 0.0 0.0 0.0 0.0 0.0 0.0 0.0 0.0 0.0 0.0 0.0 163.0 250.0 255.0 0.0761372955655 -0.123059212562 0.0916061678643 0.0301071602938 0.0 
0.0 0.0 0.0 0.0 0.0 0.0 0.0 0.0 0.0 0.0 0.0 0.0 147.0 250.0 255.0 0.0916061678643 0.0301071602938 -0.0129476971044 0.0634201917998 0.0 
0.0 0.0 0.0 0.0 0.0 0.0 0.0 0.0 0.0 0.0 0.0 0.0 143.0 239.0 255.0 -0.0129476971044 0.0634201917998 0.0436181141057 -0.0406186129292 0.0 
0.0 0.0 0.0 0.0 0.0 0.0 0.0 0.0 0.0 0.0 0.0 0.0 143.0 250.0 255.0 0.0436181141057 -0.0406186129292 0.150689977042 0.170020229334 0.0 
0.0 0.0 0.0 0.0 0.0 0.0 0.0 0.0 0.0 0.0 0.0 0.0 129.0 235.0 255.0 0.150689977042 0.170020229334 -0.0184181095435 0.031875061558 0.0 
0.0 0.0 0.0 0.0 0.0 0.0 0.0 0.0 0.0 0.0 0.0 0.0 130.0 239.0 226.0 -0.0184181095435 0.031875061558 0.0809406792622 0.237624129085 0.0 
0.0 0.0 0.0 0.0 0.0 0.0 0.0 0.0 0.0 0.0 0.0 0.0 140.0 244.0 157.0 0.0809406792622 0.237624129085 0.0361424066443 0.188963359292 0.0 
0.0 0.0 0.0 0.0 0.0 0.0 0.0 0.0 0.0 0.0 0.0 0.0 149.0 246.0 93.0 0.0361424066443 0.188963359292 0.0830238489729 -0.0192451022776 0.0 
0.0 0.0 0.0 0.0 0.0 0.0 0.0 0.0 0.0 0.0 0.0 0.0 147.0 247.0 102.0 0.0830238489729 -0.0192451022776 0.138347317129 0.125949307952 0.0530331131085 
0.0 0.0 0.0 0.0 0.0 0.0 0.0 0.0 0.0 0.0 0.0 0.0 145.0 248.0 96.0 0.138347317129 0.125949307952 0.0191586437718 0.180965524443 0.0 
0.0 0.0 0.0 0.0 0.0 0.0 0.0 0.0 0.0 0.0 0.0 0.0 146.0 249.0 59.0 0.0191586437718 0.180965524443 -0.0123658112252 0.112617082816 0.0143089934084 
0.0 0.0 0.0 0.0 0.0 0.0 0.0 0.0 0.0 0.0 0.0 0.0 147.0 247.0 44.0 -0.0123658112252 0.112617082816 0.0724174564767 -0.178790363859 0.0937060765511 
0.0 0.0 0.0 0.0 0.0 0.0 0.0 0.0 0.0 0.0 0.0 0.0 146.0 252.0 58.0 0.0724174564767 -0.178790363859 0.048800962515 0.234870185619 0.0647994926635 
0.0 0.0 0.0 0.0 0.0 0.0 0.0 0.0 0.0 0.0 0.0 0.0 146.0 250.0 53.0 0.048800962515 0.234870185619 0.0992633849694 -0.00763771001486 0.0 
0.0 0.0 0.0 0.0 0.0 0.0 0.0 0.0 0.0 0.0 0.0 0.0 144.0 253.0 57.0 0.0992633849694 -0.00763771001486 0.0809406784902 -0.041650587801 0.0 
0.0 0.0 0.0 0.0 0.0 0.0 0.0 0.0 0.0 0.0 0.0 0.0 142.0 254.0 65.0 0.0809406784902 -0.041650587801 -0.0977361815644 0.150205022358 0.0 
0.0 0.0 0.0 0.0 0.0 0.0 0.0 0.0 0.0 0.0 0.0 0.0 148.0 249.0 58.0 -0.0977361815644 0.150205022358 0.121622144971 -0.13579994569 0.0 
# HEADER 4
0.0 0.0 0.0 0.0 0.0 0.0 0.0 0.0 0.0 0.0 0.0 0.0 133.0 250.0 255.0 0 0 0.189553545408 -0.128305909657 0.0 
0.0 0.0 0.0 0.0 0.0 0.0 0.0 0.0 0.0 0.0 0.0 0.0 118.0 251.0 255.0 0.189553545408 -0.128305909657 0.149446126637 0.0115422192617 0.0 
0.0 0.0 0.0 0.0 0.0 0.0 0.0 0.0 0.0 0.0 0.0 0.0 114.0 255.0 255.0 0.149446126637 0.0115422192617 0.133049730203 0.0739806785575 0.0 
0.0 0.0 0.0 0.0 0.0 0.0 0.0 0.0 0.0 0.0 0.0 0.0 111.0 255.0 255.0 0.133049730203 0.0739806785575 0.224736036228 -0.102620499845 0.0 
0.0 0.0 0.0 0.0 0.0 0.0 0.0 0.0 0.0 0.0 0.0 0.0 109.0 255.0 255.0 0.224736036228 -0.102620499845 0.0414257165741 -0.0871621835054 0.0 
0.0 0.0 0.0 0.0 0.0 0.0 0.0 0.0 0.0 0.0 0.0 0.0 109.0 255.0 255.0 0.0414257165741 -0.0871621835054 -0.0600862598269 -0.012508928513 0.0 
0.0 0.0 0.0 0.0 0.0 0.0 0.0 0.0 0.0 0.0 0.0 0.0 109.0 255.0 255.0 -0.0600862598269 -0.012508928513 0.139108610536 0.119548150733 0.0 
0.0 0.0 0.0 0.0 0.0 0.0 0.0 0.0 0.0 0.0 0.0 0.0 108.0 255.0 255.0 0.139108610536 0.119548150733 0.144716109401 0.00851483106088 0.0 
0.0 0.0 0.0 0.0 0.0 0.0 0.0 0.0 0.0 0.0 0.0 0.0 108.0 255.0 255.0 0.144716109401 0.00851483106088 0.0945869515665 0.277139318856 0.0 
0.0 0.0 100.0 0.0 0.0 0.0 0.0 0.0 0.0 0.0 0.0 0.0 109.0 255.0 236.0 0.0945869515665 0.277139318856 0.229499293077 0.269675400452 0.0 
0.0 0.0 100.0 0.0 0.0 0.0 0.0 100.0 0.0 0.0 0.0 0.0 115.0 254.0 194.0 0.229499293077 0.269675400452 0.0826182062889 0.0075488165417 0.0121521652657 
0.0 0.0 100.0 0.0 0.0 100.0 0.0 100.0 0.0 0.0 0.0 0.0 116.0 255.0 185.0 0.0826182062889 0.0075488165417 -0.0761077023347 0.0898690132751 0.0682016293866 
0.0 0.0 100.0 0.0 0.0 0.0 0.0 100.0 0.0 0.0 0.0 0.0 124.0 251.0 169.0 -0.0761077023347 0.0898690132751 -0.213100661366 0.157412571802 0.0114495846226 
0.0 0.0 0.0 0.0 0.0 0.0 0.0 0.0 0.0 0.0 0.0 0.0 138.0 248.0 121.0 -0.213100661366 0.157412571802 0.0942432503289 0.33 0.0111929709966 
0.0 0.0 0.0 0.0 0.0 0.0 0.0 0.0 0.0 0.0 0.0 0.0 153.0 246.0 49.0 0.0942432503289 0.33 0.0651187750781 0.0601149524316 0.0505810359706 
0.0 0.0 0.0 0.0 0.0 0.0 0.0 0.0 0.0 0.0 0.0 0.0 155.0 241.0 42.0 0.0651187750781 0.0601149524316 0.153507137222 -0.0133033748059 0.145313060881 
0.0 0.0 0.0 0.0 0.0 0.0 0.0 0.0 0.0 0.0 0.0 0.0 148.0 251.0 48.0 0.153507137222 -0.0133033748059 0.0120103233506 0.124020198413 0.0380561726361 
0.0 0.0 0.0 0.0 0.0 0.0 0.0 0.0 0.0 0.0 0.0 0.0 147.0 247.0 45.0 0.0120103233506 0.124020198413 -0.0644003609785 -0.0534529278206 0.0 
0.0 0.0 0.0 0.0 0.0 0.0 0.0 0.0 0.0 0.0 0.0 0.0 147.0 254.0 52.0 -0.0644003609785 -0.0534529278206 0.106598500124 -0.0715872133647 0.0 
0.0 0.0 0.0 0.0 0.0 0.0 100.0 0.0 0.0 0.0 0.0 0.0 145.0 255.0 62.0 0.106598500124 -0.0715872133647 -0.110577300252 -0.120438936082 0.0 
0.0 0.0 0.0 0.0 0.0 0.0 100.0 0.0 0.0 0.0 0.0 0.0 144.0 255.0 66.0 -0.110577300252 -0.120438936082 0.0659035363826 -0.0474605110815 -0.0299023272978 
0.0 0.0 0.0 0.0 0.0 0.0 100.0 0.0 0.0 0.0 0.0 0.0 144.0 255.0 67.0 0.0659035363826 -0.0474605110815 -0.0919243680297 0.0616597900148 0.022062424107 
0.0 0.0 0.0 0.0 0.0 0.0 100.0 0.0 0.0 0.0 0.0 0.0 144.0 255.0 68.0 -0.0919243680297 0.0616597900148 -0.0631053737311 0.0370828932247 -0.0302162694452 
0.0 0.0 0.0 0.0 0.0 0.0 100.0 0.0 0.0 0.0 0.0 0.0 143.0 255.0 69.0 -0.0631053737311 0.0370828932247 0.0530056630124 0.058988447425 0.0 
0.0 0.0 0.0 0.0 0.0 0.0 100.0 0.0 0.0 0.0 0.0 0.0 143.0 255.0 69.0 0.0530056630124 0.058988447425 -0.0190568679156 -0.0480863128436 0.0 
0.0 0.0 0.0 0.0 0.0 0.0 100.0 0.0 0.0 0.0 0.0 0.0 145.0 254.0 68.0 -0.0190568679156 -0.0480863128436 -0.119615076804 0.256366038349 0.0 
0.0 0.0 0.0 0.0 0.0 0.0 0.0 0.0 0.0 0.0 0.0 0.0 149.0 250.0 70.0 -0.119615076804 0.256366038349 -0.00909753928746 -0.111642319111 0.0 
0.0 0.0 0.0 0.0 0.0 0.0 0.0 0.0 0.0 0.0 0.0 0.0 146.0 248.0 120.0 -0.00909753928746 -0.111642319111 0.0994061604117 0.186987925896 0.00815384533824 
0.0 0.0 0.0 0.0 0.0 0.0 0.0 0.0 0.0 0.0 0.0 0.0 147.0 248.0 117.0 0.0994061604117 0.186987925896 0.106957159071 -0.118738269572 0.0 
0.0 0.0 0.0 0.0 0.0 0.0 0.0 0.0 0.0 0.0 0.0 0.0 135.0 249.0 171.0 0.106957159071 -0.118738269572 -0.15416115612 0.185719323945 0.0299023272978 
0.0 0.0 0.0 0.0 0.0 0.0 0.0 0.0 0.0 0.0 0.0 0.0 145.0 244.0 143.0 -0.15416115612 0.185719323945 -0.0306869099618 0.0440304511343 0.0 
0.0 0.0 0.0 0.0 0.0 0.0 0.0 0.0 0.0 0.0 0.0 0.0 160.0 231.0 122.0 -0.0306869099618 0.0440304511343 0.117688611362 0.0612572375702 0.0 
0.0 0.0 0.0 0.0 0.0 0.0 0.0 0.0 0.0 0.0 0.0 0.0 158.0 239.0 95.0 0.117688611362 0.0612572375702 0.33 -0.0369710988677 0.0 
0.0 0.0 0.0 0.0 0.0 0.0 0.0 0.0 0.0 100.0 0.0 0.0 146.0 249.0 118.0 0.33 -0.0369710988677 0.0157909889812 0.252793389847 0.0 
0.0 0.0 0.0 0.0 0.0 0.0 0.0 0.0 0.0 0.0 0.0 0.0 146.0 248.0 102.0 0.0157909889812 0.252793389847 0.0502683163802 0.315864422618 0.0 
0.0 0.0 0.0 0.0 0.0 0.0 0.0 0.0 0.0 0.0 0.0 0.0 152.0 247.0 46.0 0.0502683163802 0.315864422618 0.0205455725604 -0.0277008430804 0.0 
0.0 0.0 0.0 0.0 0.0 0.0 0.0 0.0 0.0 0.0 0.0 0.0 152.0 252.0 50.0 0.0205455725604 -0.0277008430804 0.10522731069 -0.148574594302 0.172709361851 
0.0 0.0 0.0 0.0 0.0 0.0 0.0 0.0 0.0 0.0 0.0 0.0 150.0 252.0 66.0 0.10522731069 -0.148574594302 0.0966254460166 0.205758827912 0.00526312948898 
0.0 0.0 0.0 0.0 0.0 0.0 0.0 0.0 0.0 0.0 0.0 0.0 150.0 251.0 66.0 0.0966254460166 0.205758827912 0.0285082227134 0.0360521139518 -0.0247335942701 
0.0 0.0 0.0 0.0 0.0 0.0 0.0 0.0 0.0 0.0 0.0 0.0 151.0 248.0 58.0 0.0285082227134 0.0360521139518 0.200053535392 0.33 0.0 
0.0 0.0 0.0 0.0 0.0 0.0 0.0 0.0 0.0 0.0 0.0 0.0 147.0 247.0 39.0 0.200053535392 0.33 0.0201852630363 -0.16377640155 0.0247335942701 
0.0 0.0 0.0 0.0 0.0 0.0 100.0 0.0 0.0 0.0 0.0 0.0 144.0 255.0 50.0 0.0201852630363 -0.16377640155 -0.039682581271 0.043341727423 0.0652291236829 
0.0 0.0 0.0 0.0 0.0 0.0 100.0 0.0 0.0 0.0 0.0 0.0 147.0 251.0 49.0 -0.039682581271 0.043341727423 -0.120829287699 -0.0853532925131 -0.0301031686622 
0.0 0.0 0.0 0.0 0.0 0.0 0.0 0.0 0.0 0.0 0.0 0.0 151.0 250.0 52.0 -0.120829287699 -0.0853532925131 -0.185629148614 -0.212228191723 0.00458871334661 
0.0 0.0 0.0 0.0 0.0 0.0 0.0 0.0 0.0 0.0 0.0 0.0 146.0 214.0 243.0 -0.185629148614 -0.212228191723 -0.141655927553 0.0165536196333 0.0 
0.0 0.0 0.0 0.0 0.0 0.0 0.0 0.0 0.0 0.0 0.0 0.0 162.0 193.0 250.0 -0.141655927553 0.0165536196333 0.33 0.0541574674844 0.0 
0.0 0.0 0.0 0.0 0.0 0.0 0.0 0.0 0.0 0.0 0.0 0.0 180.0 177.0 219.0 0.33 0.0541574674844 0.191404771922 0.0690092371637 0.0 
0.0 0.0 0.0 0.0 0.0 0.0 0.0 0.0 0.0 0.0 0.0 0.0 173.0 204.0 158.0 0.191404771922 0.0690092371637 0.0453757653227 -0.0182438309433 0.0 
0.0 0.0 0.0 0.0 0.0 0.0 0.0 0.0 0.0 0.0 0.0 0.0 163.0 212.0 181.0 0.0453757653227 -0.0182438309433 0.0778086477235 0.33 0.0 
0.0 0.0 0.0 0.0 0.0 0.0 0.0 0.0 0.0 0.0 0.0 0.0 154.0 238.0 117.0 0.0778086477235 0.33 0.263580933584 0.177248601791 0.0 
0.0 0.0 0.0 0.0 0.0 0.0 0.0 0.0 0.0 0.0 0.0 0.0 151.0 247.0 57.0 0.263580933584 0.177248601791 0.0139944073332 -0.143821314449 0.0 
0.0 0.0 0.0 0.0 0.0 0.0 0.0 0.0 0.0 0.0 0.0 0.0 144.0 254.0 76.0 0.0139944073332 -0.143821314449 0.139754893063 -0.0868939105411 0.118790777482 
0.0 0.0 0.0 0.0 0.0 0.0 0.0 0.0 0.0 0.0 0.0 0.0 138.0 255.0 98.0 0.139754893063 -0.0868939105411 0.105778158596 0.036615015224 -0.0263889078598 
0.0 0.0 0.0 0.0 0.0 0.0 0.0 0.0 0.0 0.0 0.0 0.0 136.0 255.0 106.0 0.105778158596 0.036615015224 0.0302610535579 0.154124805207 0.0 
0.0 0.0 0.0 0.0 0.0 0.0 100.0 0.0 0.0 0.0 0.0 0.0 136.0 255.0 99.0 0.0302610535579 0.154124805207 -0.153218565674 0.0850568169031 -0.00325648540136 
0.0 0.0 0.0 0.0 0.0 0.0 0.0 0.0 0.0 0.0 0.0 0.0 145.0 248.0 79.0 -0.153218565674 0.0850568169031 -0.0278965570831 0.102117953534 0.0296453932612 
0.0 0.0 0.0 0.0 0.0 0.0 0.0 0.0 0.0 0.0 0.0 0.0 159.0 238.0 53.0 -0.0278965570831 0.102117953534 0.115555887369 -0.14289912203 0.00284317130738 
0.0 0.0 0.0 0.0 0.0 0.0 0.0 0.0 0.0 0.0 0.0 0.0 153.0 244.0 75.0 0.115555887369 -0.14289912203 -0.0132113944023 -0.0981980372774 0.058047420793 
0.0 0.0 0.0 0.0 0.0 0.0 0.0 0.0 0.0 0.0 0.0 0.0 131.0 246.0 197.0 -0.0132113944023 -0.0981980372774 0.107724595505 0.115818553635 0.0 
0.0 0.0 0.0 0.0 0.0 0.0 0.0 0.0 0.0 0.0 0.0 0.0 126.0 249.0 192.0 0.107724595505 0.115818553635 0.0719767788753 0.33 0.0 
0.0 0.0 100.0 0.0 0.0 0.0 0.0 100.0 0.0 0.0 0.0 0.0 131.0 251.0 140.0 0.0719767788753 0.33 0.0653487744698 0.0166256668743 0.0 
0.0 0.0 0.0 0.0 0.0 0.0 0.0 100.0 0.0 0.0 0.0 0.0 132.0 252.0 126.0 0.0653487744698 0.0166256668743 -0.218952597288 0.124778113429 0.0845384978532 
0.0 0.0 0.0 0.0 0.0 0.0 0.0 100.0 0.0 0.0 0.0 0.0 134.0 252.0 112.0 -0.218952597288 0.124778113429 0.0070320653116 0.33 0.0282040645621 
0.0 0.0 0.0 0.0 0.0 0.0 100.0 0.0 0.0 0.0 0.0 0.0 139.0 253.0 62.0 0.0070320653116 0.33 0.087456609464 -0.0842174434723 0.0555644629882 
0.0 0.0 0.0 0.0 0.0 0.0 100.0 0.0 0.0 0.0 0.0 0.0 138.0 255.0 66.0 0.087456609464 -0.0842174434723 -0.0178685945629 -0.00746446945192 0.165954926034 
0.0 0.0 0.0 0.0 0.0 0.0 0.0 0.0 0.0 0.0 0.0 0.0 138.0 255.0 74.0 -0.0178685945629 -0.00746446945192 0.196315431243 -0.0411067426039 0.00266046555975 
# HEADER 5
0.0 0.0 0.0 0.0 0.0 0.0 0.0 0.0 0.0 0.0 0.0 0.0 133.0 250.0 255.0 0 0 0.118890380207 0.192818867321 -0.0307892158875 
0.0 0.0 0.0 0.0 0.0 0.0 0.0 0.0 0.0 0.0 0.0 0.0 122.0 246.0 242.0 0.118890380207 0.192818867321 -0.0699167574576 0.276662566348 0.0 
0.0 0.0 0.0 0.0 0.0 0.0 0.0 0.0 0.0 0.0 0.0 0.0 135.0 247.0 165.0 -0.0699167574576 0.276662566348 0.292717024956 0.269254408486 0.0 
0.0 0.0 0.0 0.0 0.0 0.0 0.0 0.0 0.0 0.0 0.0 0.0 153.0 244.0 83.0 0.292717024956 0.269254408486 0.0988299042039 0.00295595725972 0.0281287503278 
0.0 0.0 0.0 0.0 0.0 0.0 0.0 0.0 0.0 0.0 0.0 0.0 164.0 233.0 72.0 0.0988299042039 0.00295595725972 0.127000603185 0.128189611555 0.0529975193441 
0.0 0.0 0.0 0.0 0.0 0.0 0.0 0.0 0.0 0.0 0.0 0.0 164.0 232.0 49.0 0.127000603185 0.128189611555 0.137092225373 0.125621633132 0.0594724500936 
0.0 0.0 0.0 0.0 0.0 0.0 0.0 0.0 0.0 0.0 0.0 0.0 161.0 229.0 40.0 0.137092225373 0.125621633132 0.0665239548276 0.0697878552996 0.0555919339105 
0.0 0.0 0.0 0.0 0.0 0.0 0.0 0.0 0.0 0.0 0.0 0.0 159.0 230.0 39.0 0.0665239548276 0.0697878552996 -0.0799160662942 0.00617271054186 0.0602230158214 
0.0 0.0 0.0 0.0 0.0 0.0 0.0 0.0 0.0 0.0 0.0 0.0 157.0 232.0 39.0 -0.0799160662942 0.00617271054186 -0.172325655445 -0.150564087305 0.0 
0.0 0.0 0.0 0.0 0.0 0.0 0.0 0.0 0.0 0.0 0.0 0.0 148.0 249.0 44.0 -0.172325655445 -0.150564087305 0.0893921711559 -0.20692013494 0.0 
# HEADER 6
0.0 0.0 0.0 0.0 0.0 0.0 0.0 0.0 0.0 0.0 0.0 0.0 133.0 250.0 255.0 0 0 0.230627027929 0.223958264688 0.0 
0.0 0.0 0.0 0.0 0.0 0.0 0.0 0.0 0.0 0.0 0.0 0.0 133.0 233.0 241.0 0.230627027929 0.223958264688 0.0173851625646 0.113045012282 0.0 
0.0 0.0 0.0 0.0 0.0 0.0 0.0 0.0 0.0 0.0 0.0 0.0 136.0 243.0 183.0 0.0173851625646 0.113045012282 -0.0740434404241 0.266802596012 0.0275456094133 
0.0 0.0 0.0 0.0 0.0 0.0 0.0 0.0 0.0 0.0 0.0 0.0 152.0 244.0 103.0 -0.0740434404241 0.266802596012 -0.116597077178 -0.0672112784708 -0.00550474163072 
0.0 0.0 0.0 0.0 0.0 0.0 0.0 0.0 0.0 0.0 0.0 0.0 163.0 220.0 148.0 -0.116597077178 -0.0672112784708 0.0077626620765 0.33 0.0596351217195 
0.0 0.0 0.0 0.0 0.0 0.0 0.0 0.0 0.0 0.0 0.0 0.0 166.0 226.0 96.0 0.0077626620765 0.33 -0.160835088042 0.0755666510757 0.00623614678354 
0.0 0.0 0.0 0.0 0.0 0.0 0.0 0.0 0.0 0.0 0.0 0.0 171.0 227.0 56.0 -0.160835088042 0.0755666510757 -0.116015996479 0.237342258982 0.0334508735444 
0.0 0.0 0.0 0.0 0.0 0.0 0.0 0.0 0.0 0.0 0.0 0.0 192.0 187.0 42.0 -0.116015996479 0.237342258982 -0.160632684824 -0.0432925021079 0.0936763206189 
0.0 0.0 0.0 0.0 0.0 0.0 0.0 0.0 0.0 0.0 0.0 0.0 211.0 161.0 60.0 -0.160632684824 -0.0432925021079 -0.140100353274 -0.140208511087 0.186225889739 
0.0 0.0 0.0 0.0 0.0 0.0 0.0 0.0 0.0 0.0 0.0 0.0 231.0 121.0 111.0 -0.140100353274 -0.140208511087 -0.0357302654071 0.160311767727 0.0199955614472 
0.0 0.0 0.0 0.0 0.0 0.0 0.0 0.0 0.0 0.0 0.0 0.0 234.0 120.0 109.0 -0.0357302654071 0.160311767727 0.197208138504 -0.128629145609 -0.010094093144 
0.0 0.0 0.0 0.0 0.0 0.0 0.0 0.0 0.0 0.0 0.0 0.0 236.0 117.0 118.0 0.197208138504 -0.128629145609 -0.258887954142 -0.218683217175 0.010094093144 
0.0 0.0 0.0 0.0 0.0 0.0 0.0 0.0 0.0 0.0 0.0 0.0 236.0 116.0 121.0 -0.258887954142 -0.218683217175 0.0804534573656 0.0694540204268 -0.010094093144 
0.0 0.0 0.0 0.0 0.0 0.0 0.0 0.0 0.0 0.0 0.0 0.0 235.0 116.0 123.0 0.0804534573656 0.0694540204268 0.0586092830037 -0.191056287707 0.0 
0.0 0.0 0.0 0.0 0.0 0.0 0.0 0.0 0.0 0.0 0.0 0.0 232.0 117.0 123.0 0.0586092830037 -0.191056287707 0.3224877581 0.105215714443 0.0 
0.0 0.0 0.0 0.0 0.0 0.0 0.0 0.0 0.0 0.0 0.0 0.0 226.0 129.0 111.0 0.3224877581 0.105215714443 -0.150576009415 0.00839890623177 0.0 
0.0 0.0 0.0 0.0 0.0 0.0 0.0 0.0 0.0 0.0 0.0 0.0 230.0 122.0 118.0 -0.150576009415 0.00839890623177 -0.0795736446069 0.0491239571312 0.0 
0.0 0.0 0.0 0.0 0.0 0.0 0.0 0.0 0.0 0.0 0.0 0.0 233.0 118.0 124.0 -0.0795736446069 0.0491239571312 -0.201295306929 -0.0606318301726 0.0 
0.0 0.0 0.0 0.0 0.0 0.0 0.0 0.0 0.0 0.0 0.0 0.0 237.0 115.0 129.0 -0.201295306929 -0.0606318301726 -0.217174248213 -0.0368824420921 0.0 
0.0 0.0 0.0 0.0 0.0 0.0 0.0 0.0 0.0 0.0 0.0 0.0 236.0 114.0 130.0 -0.217174248213 -0.0368824420921 -0.226415358859 0.0863368091342 0.0 
0.0 0.0 0.0 0.0 0.0 0.0 0.0 0.0 0.0 0.0 0.0 0.0 236.0 114.0 130.0 -0.226415358859 0.0863368091342 -0.0570192855525 -0.1801164553 0.0 
0.0 0.0 0.0 0.0 0.0 0.0 0.0 0.0 0.0 0.0 0.0 0.0 237.0 114.0 131.0 -0.0570192855525 -0.1801164553 -0.155399419701 -0.040896212069 0.0 
0.0 0.0 0.0 0.0 0.0 0.0 0.0 0.0 0.0 0.0 0.0 0.0 236.0 114.0 131.0 -0.155399419701 -0.040896212069 -0.134666961462 -0.0644219957358 0.0 
0.0 0.0 0.0 0.0 0.0 0.0 0.0 0.0 0.0 0.0 0.0 0.0 237.0 115.0 131.0 -0.134666961462 -0.0644219957358 0.0993567713501 -0.0551095295026 0.0 
0.0 0.0 0.0 0.0 0.0 0.0 0.0 0.0 0.0 0.0 0.0 0.0 236.0 115.0 131.0 0.0993567713501 -0.0551095295026 -0.0471865781028 -0.138880273124 0.0 
0.0 0.0 0.0 0.0 0.0 0.0 0.0 0.0 0.0 0.0 0.0 0.0 232.0 117.0 130.0 -0.0471865781028 -0.138880273124 -0.0274135494695 -0.144537473356 0.0 
0.0 0.0 0.0 0.0 0.0 0.0 0.0 0.0 0.0 0.0 0.0 0.0 231.0 117.0 129.0 -0.0274135494695 -0.144537473356 -0.124920316197 0.104626641309 0.0 
0.0 0.0 0.0 0.0 0.0 0.0 0.0 0.0 0.0 0.0 0.0 0.0 233.0 116.0 130.0 -0.124920316197 0.104626641309 0.217359910109 -0.120521446928 0.0 
0.0 0.0 0.0 0.0 0.0 0.0 0.0 0.0 0.0 0.0 0.0 0.0 235.0 115.0 131.0 0.217359910109 -0.120521446928 0.0259167885093 -0.194979545756 0.0 
0.0 0.0 0.0 0.0 0.0 0.0 0.0 0.0 0.0 0.0 0.0 0.0 235.0 114.0 132.0 0.0259167885093 -0.194979545756 -0.33 0.33 0.0 
0.0 0.0 0.0 0.0 0.0 0.0 0.0 0.0 0.0 0.0 0.0 0.0 237.0 114.0 133.0 -0.33 0.33 0.296062413649 -0.0737917309463 0.0 
0.0 0.0 0.0 0.0 0.0 0.0 0.0 0.0 0.0 0.0 0.0 0.0 237.0 114.0 134.0 0.296062413649 -0.0737917309463 -0.0684076232868 -0.113520980435 0.0 
0.0 0.0 0.0 0.0 0.0 0.0 0.0 0.0 0.0 0.0 0.0 0.0 237.0 114.0 135.0 -0.0684076232868 -0.113520980435 0.210438212297 -0.00778345518729 0.0 
0.0 0.0 0.0 0.0 0.0 0.0 0.0 0.0 0.0 0.0 0.0 0.0 236.0 114.0 135.0 0.210438212297 -0.00778345518729 -0.0963954337304 -0.171083566449 0.0 
0.0 0.0 0.0 0.0 0.0 0.0 0.0 0.0 0.0 0.0 0.0 0.0 236.0 114.0 136.0 -0.0963954337304 -0.171083566449 -0.278370832055 -0.254898502615 0.0 
0.0 0.0 0.0 0.0 0.0 0.0 0.0 0.0 0.0 0.0 0.0 0.0 236.0 114.0 137.0 -0.278370832055 -0.254898502615 0.245272347297 -0.095055211607 0.0 
0.0 0.0 0.0 0.0 0.0 0.0 0.0 0.0 0.0 0.0 0.0 0.0 234.0 114.0 137.0 0.245272347297 -0.095055211607 -0.0700414658793 -0.0289421650527 0.0 
0.0 0.0 0.0 0.0 0.0 0.0 0.0 0.0 0.0 0.0 0.0 0.0 235.0 114.0 137.0 -0.0700414658793 -0.0289421650527 0.0568993444442 -0.00793047116756 0.0 
0.0 0.0 0.0 0.0 0.0 0.0 0.0 0.0 0.0 0.0 0.0 0.0 236.0 114.0 137.0 0.0568993444442 -0.00793047116756 -0.294847005119 -0.0351563354404 0.0 
0.0 0.0 0.0 0.0 0.0 0.0 0.0 0.0 0.0 0.0 0.0 0.0 237.0 114.0 138.0 -0.294847005119 -0.0351563354404 -0.313653123999 0.0316161418002 0.0 
0.0 0.0 0.0 0.0 0.0 0.0 0.0 0.0 0.0 0.0 0.0 0.0 237.0 114.0 138.0 -0.313653123999 0.0316161418002 0.204124326849 -0.283003585462 0.0 
0.0 0.0 0.0 0.0 0.0 0.0 0.0 0.0 0.0 0.0 0.0 0.0 236.0 113.0 138.0 0.204124326849 -0.283003585462 -0.143739394129 0.33 0.0 
0.0 0.0 0.0 0.0 0.0 0.0 0.0 0.0 0.0 0.0 0.0 0.0 236.0 113.0 138.0 -0.143739394129 0.33 -0.0719642285769 0.161394860608 0.0 
0.0 0.0 0.0 0.0 0.0 0.0 0.0 0.0 0.0 0.0 0.0 0.0 236.0 113.0 139.0 -0.0719642285769 0.161394860608 -0.0489319508001 -0.0995055452413 0.0 
0.0 0.0 0.0 0.0 0.0 0.0 0.0 0.0 0.0 0.0 0.0 0.0 237.0 114.0 139.0 -0.0489319508001 -0.0995055452413 -0.169006819089 -0.185893594636 0.0 
0.0 0.0 0.0 0.0 0.0 0.0 0.0 0.0 0.0 0.0 0.0 0.0 237.0 114.0 139.0 -0.169006819089 -0.185893594636 0.0860617427294 -0.160305681175 0.0 
0.0 0.0 0.0 0.0 0.0 0.0 0.0 0.0 0.0 0.0 0.0 0.0 236.0 114.0 140.0 0.0860617427294 -0.160305681175 -0.000610086057573 0.0972005348802 0.0 
0.0 0.0 0.0 0.0 0.0 0.0 0.0 0.0 0.0 0.0 0.0 0.0 235.0 114.0 140.0 -0.000610086057573 0.0972005348802 0.135575040541 -0.266928519211 0.0 
0.0 0.0 0.0 0.0 0.0 0.0 0.0 0.0 0.0 0.0 0.0 0.0 231.0 116.0 138.0 0.135575040541 -0.266928519211 -0.0937553987137 0.223904481333 0.0 
0.0 0.0 0.0 0.0 0.0 0.0 0.0 0.0 0.0 0.0 0.0 0.0 233.0 115.0 138.0 -0.0937553987137 0.223904481333 0.24314802946 0.0306705403197 0.0 
0.0 0.0 0.0 0.0 0.0 0.0 0.0 0.0 0.0 0.0 0.0 0.0 236.0 113.0 140.0 0.24314802946 0.0306705403197 0.189834219744 -0.0333510771769 0.0 
0.0 0.0 0.0 0.0 0.0 0.0 0.0 0.0 0.0 0.0 0.0 0.0 237.0 113.0 140.0 0.189834219744 -0.0333510771769 0.203585888245 0.200287463075 0.0 
0.0 0.0 0.0 0.0 0.0 0.0 0.0 0.0 0.0 0.0 0.0 0.0 237.0 113.0 141.0 0.203585888245 0.200287463075 0.140818643739 -0.013088086655 0.0 
0.0 0.0 0.0 0.0 0.0 0.0 0.0 0.0 0.0 0.0 0.0 0.0 237.0 113.0 141.0 0.140818643739 -0.013088086655 0.0915472876635 -0.0402407664481 0.0 
0.0 0.0 0.0 0.0 0.0 0.0 0.0 0.0 0.0 0.0 0.0 0.0 237.0 113.0 141.0 0.0915472876635 -0.0402407664481 0.0505559927766 -0.0453623606346 0.0 
0.0 0.0 0.0 0.0 0.0 0.0 0.0 0.0 0.0 0.0 0.0 0.0 236.0 113.0 141.0 0.0505559927766 -0.0453623606346 0.156449154727 0.23105825018 0.0 
0.0 0.0 0.0 0.0 0.0 0.0 0.0 0.0 0.0 0.0 0.0 0.0 231.0 115.0 140.0 0.156449154727 0.23105825018 0.275447696983 -0.33 0.0 
0.0 0.0 0.0 0.0 0.0 0.0 0.0 0.0 0.0 0.0 0.0 0.0 228.0 122.0 132.0 0.275447696983 -0.33 0.133235399288 -0.277864290165 0.0 
0.0 0.0 0.0 0.0 0.0 0.0 0.0 0.0 0.0 0.0 0.0 0.0 216.0 146.0 106.0 0.133235399288 -0.277864290165 -0.0432439538816 -0.0396271939575 -0.0240505998734 
0.0 0.0 0.0 0.0 0.0 0.0 0.0 0.0 0.0 0.0 0.0 0.0 218.0 145.0 107.0 -0.0432439538816 -0.0396271939575 -0.0481495478907 -0.33 0.0 
0.0 0.0 0.0 0.0 0.0 0.0 0.0 0.0 0.0 0.0 0.0 0.0 226.0 129.0 124.0 -0.0481495478907 -0.33 -0.00656789918727 -0.0784168953289 0.0240505998734 
0.0 0.0 0.0 0.0 0.0 0.0 0.0 0.0 0.0 0.0 0.0 0.0 228.0 125.0 129.0 -0.00656789918727 -0.0784168953289 0.195296590517 0.0630690473428 0.0 
0.0 0.0 0.0 0.0 0.0 0.0 0.0 0.0 0.0 0.0 0.0 0.0 228.0 124.0 129.0 0.195296590517 0.0630690473428 -0.0874363034986 -0.248129030073 0.0 
0.0 0.0 0.0 0.0 0.0 0.0 0.0 0.0 0.0 0.0 0.0 0.0 228.0 124.0 130.0 -0.0874363034986 -0.248129030073 0.00812374891756 0.154368970261 0.0 
0.0 0.0 0.0 0.0 0.0 0.0 0.0 0.0 0.0 0.0 0.0 0.0 228.0 124.0 130.0 0.00812374891756 0.154368970261 0.157734746421 -0.0311951815996 0.0 
0.0 0.0 0.0 0.0 0.0 0.0 0.0 0.0 0.0 0.0 0.0 0.0 221.0 135.0 119.0 0.157734746421 -0.0311951815996 -0.19818725767 0.0615666610045 0.0 
0.0 0.0 0.0 0.0 0.0 0.0 0.0 0.0 0.0 0.0 0.0 0.0 205.0 170.0 85.0 -0.19818725767 0.0615666610045 -0.105329175624 -0.203429917732 0.0 
0.0 0.0 0.0 0.0 0.0 0.0 0.0 0.0 0.0 0.0 0.0 0.0 212.0 157.0 96.0 -0.105329175624 -0.203429917732 0.0451454452582 -0.0220854119671 -0.0240505998734 
0.0 0.0 0.0 0.0 0.0 0.0 0.0 0.0 0.0 0.0 0.0 0.0 226.0 130.0 126.0 0.0451454452582 -0.0220854119671 0.0257915257212 0.061752163418 0.0240505998734 
0.0 0.0 0.0 0.0 0.0 0.0 0.0 0.0 0.0 0.0 0.0 0.0 229.0 123.0 134.0 0.0257915257212 0.061752163418 0.0544619343681 -0.0218874262501 0.0 
0.0 0.0 0.0 0.0 0.0 0.0 0.0 0.0 0.0 0.0 0.0 0.0 227.0 124.0 134.0 0.0544619343681 -0.0218874262501 0.0700393286539 -0.223015497653 0.0 
0.0 0.0 0.0 0.0 0.0 0.0 0.0 0.0 0.0 0.0 0.0 0.0 220.0 137.0 120.0 0.0700393286539 -0.223015497653 0.173430248723 -0.159833077579 0.0 
0.0 0.0 0.0 0.0 0.0 0.0 0.0 0.0 0.0 0.0 0.0 0.0 203.0 172.0 86.0 0.173430248723 -0.159833077579 0.0801054720737 -0.0237938890108 0.0 
0.0 0.0 0.0 0.0 0.0 0.0 0.0 0.0 0.0 0.0 0.0 0.0 191.0 195.0 69.0 0.0801054720737 -0.0237938890108 0.027570923283 -0.0722395187842 -0.0240505998734 
0.0 0.0 0.0 0.0 0.0 0.0 0.0 0.0 0.0 0.0 0.0 0.0 153.0 250.0 255.0 0.027570923283 -0.0722395187842 0.226598229479 0.063877574165 0.0240505998734 
0.0 0.0 0.0 0.0 0.0 0.0 0.0 0.0 0.0 0.0 0.0 0.0 139.0 250.0 255.0 0.226598229479 0.063877574165 -0.0320750576929 0.0410582850095 0.0 
0.0 0.0 0.0 0.0 0.0 0.0 0.0 0.0 0.0 0.0 0.0 0.0 122.0 245.0 255.0 -0.0320750576929 0.0410582850095 0.124378168388 0.135338217117 0.0 
0.0 0.0 0.0 0.0 0.0 0.0 0.0 0.0 0.0 0.0 0.0 0.0 123.0 248.0 222.0 0.124378168388 0.135338217117 0.0847459049169 0.142676092822 0.0 
0.0 0.0 0.0 0.0 0.0 0.0 0.0 0.0 0.0 0.0 0.0 0.0 127.0 249.0 181.0 0.0847459049169 0.142676092822 0.182030754158 0.197523656971 0.0334571084754 
0.0 0.0 0.0 0.0 0.0 100.0 0.0 100.0 0.0 0.0 0.0 0.0 131.0 251.0 138.0 0.182030754158 0.197523656971 0.16814058857 -0.00477919631716 0.0542803570829 
0.0 0.0 0.0 0.0 0.0 0.0 0.0 100.0 0.0 0.0 0.0 0.0 129.0 254.0 145.0 0.16814058857 -0.00477919631716 -0.125679129829 0.15930662542 0.13098611414 
# HEADER 7
0.0 0.0 0.0 0.0 0.0 0.0 0.0 0.0 0.0 0.0 0.0 0.0 133.0 250.0 255.0 0 0 0.195847678649 0.0628156288975 0.0809732596234 
0.0 0.0 0.0 0.0 0.0 0.0 0.0 0.0 0.0 0.0 0.0 0.0 118.0 248.0 254.0 0.195847678649 0.0628156288975 -0.106504842575 0.33 0.0 
0.0 0.0 0.0 0.0 0.0 0.0 0.0 0.0 0.0 0.0 0.0 0.0 131.0 246.0 187.0 -0.106504842575 0.33 0.110344490247 0.274149766493 0.0 
0.0 0.0 0.0 0.0 0.0 0.0 0.0 0.0 0.0 0.0 0.0 0.0 141.0 247.0 115.0 0.110344490247 0.274149766493 0.0194539945694 0.0139541786462 0.0 
0.0 0.0 0.0 0.0 0.0 0.0 0.0 0.0 0.0 0.0 0.0 0.0 142.0 247.0 101.0 0.0194539945694 0.0139541786462 -0.177403783917 0.110329313615 0.152692474731 
0.0 0.0 0.0 0.0 0.0 0.0 0.0 0.0 0.0 0.0 0.0 0.0 154.0 243.0 69.0 -0.177403783917 0.110329313615 0.0247634255127 0.100927018421 0.0553761037037 
0.0 0.0 0.0 0.0 0.0 0.0 0.0 0.0 0.0 0.0 0.0 0.0 172.0 220.0 51.0 0.0247634255127 0.100927018421 0.123966065502 0.111649783429 0.069332081751 
0.0 0.0 0.0 0.0 0.0 0.0 0.0 0.0 0.0 0.0 0.0 0.0 176.0 211.0 42.0 0.123966065502 0.111649783429 -0.067613307601 -0.177135119621 0.0714377013756 
0.0 0.0 0.0 0.0 0.0 0.0 0.0 0.0 0.0 0.0 0.0 0.0 181.0 206.0 62.0 -0.067613307601 -0.177135119621 0.0793873361209 -0.0674382553623 0.102279421726 
0.0 0.0 0.0 0.0 0.0 0.0 0.0 0.0 0.0 0.0 0.0 0.0 161.0 210.0 177.0 0.0793873361209 -0.0674382553623 0.25397878765 0.126202636412 -0.0229285293864 
0.0 0.0 0.0 0.0 0.0 0.0 0.0 0.0 0.0 0.0 0.0 0.0 153.0 231.0 143.0 0.25397878765 0.126202636412 0.14105299736 -0.045816012515 0.0 
0.0 0.0 0.0 0.0 0.0 0.0 0.0 0.0 0.0 0.0 0.0 0.0 135.0 246.0 171.0 0.14105299736 -0.045816012515 -0.0737291431515 0.0647111382809 0.0229285293864 
0.0 0.0 0.0 0.0 0.0 0.0 0.0 0.0 0.0 0.0 0.0 0.0 130.0 249.0 172.0 -0.0737291431515 0.0647111382809 -0.0639230968557 0.33 -0.0229285293864 
0.0 0.0 0.0 0.0 0.0 0.0 0.0 0.0 0.0 0.0 0.0 0.0 133.0 251.0 124.0 -0.0639230968557 0.33 0.105972211157 0.0708992694335 0.0229285293864 
0.0 0.0 0.0 0.0 0.0 0.0 100.0 0.0 0.0 0.0 0.0 0.0 134.0 252.0 104.0 0.105972211157 0.0708992694335 -0.039411905099 0.0796138481754 0.132311581242 
0.0 0.0 0.0 0.0 0.0 0.0 100.0 0.0 0.0 0.0 0.0 0.0 134.0 253.0 100.0 -0.039411905099 0.0796138481754 -0.0643237356671 0.22246571315 0.0708714248848 
0.0 0.0 0.0 0.0 0.0 0.0 100.0 0.0 0.0 0.0 0.0 0.0 143.0 248.0 57.0 -0.0643237356671 0.22246571315 0.0706489059466 0.10629236083 0.0147257004573 
0.0 0.0 0.0 0.0 0.0 0.0 0.0 0.0 0.0 0.0 0.0 0.0 153.0 240.0 43.0 0.0706489059466 0.10629236083 -0.185059211159 0.0371379194831 0.163097755345 
0.0 0.0 0.0 0.0 0.0 0.0 0.0 0.0 0.0 0.0 0.0 0.0 169.0 220.0 45.0 -0.185059211159 0.0371379194831 0.0557935535495 0.0352465396178 0.075797730252 
0.0 0.0 0.0 0.0 0.0 0.0 0.0 0.0 0.0 0.0 0.0 0.0 170.0 218.0 46.0 0.0557935535495 0.0352465396178 -0.140456848211 -0.0695697445457 0.0939514718402 
0.0 0.0 0.0 0.0 0.0 0.0 0.0 0.0 0.0 0.0 0.0 0.0 183.0 203.0 70.0 -0.140456848211 -0.0695697445457 0.0486983663777 0.0499407420264 0.0100137280138 
0.0 0.0 0.0 0.0 0.0 0.0 0.0 0.0 0.0 0.0 0.0 0.0 179.0 209.0 63.0 0.0486983663777 0.0499407420264 0.144107341828 -0.0842233443597 -0.0145631738483 
# HEADER 8
0.0 0.0 0.0 0.0 0.0 0.0 0.0 0.0 0.0 0.0 0.0 0.0 133.0 249.0 255.0 0 0 0.195715419354 -0.0549570180474 -0.0759628480344 
0.0 0.0 0.0 0.0 0.0 0.0 0.0 0.0 0.0 0.0 0.0 0.0 119.0 251.0 255.0 0.195715419354 -0.0549570180474 -0.022585914538 0.146424503564 0.0 
0.0 0.0 0.0 0.0 0.0 0.0 0.0 0.0 0.0 0.0 0.0 0.0 119.0 251.0 255.0 -0.022585914538 0.146424503564 -0.0202164147491 0.100830328585 0.0 
0.0 0.0 0.0 0.0 0.0 0.0 0.0 0.0 0.0 0.0 0.0 0.0 123.0 247.0 230.0 -0.0202164147491 0.100830328585 -0.0417529380579 0.236862074104 0.0 
0.0 0.0 0.0 0.0 0.0 0.0 0.0 0.0 0.0 0.0 0.0 0.0 140.0 246.0 158.0 -0.0417529380579 0.236862074104 -0.0872043749112 0.194553679704 0.0759628480344 
0.0 0.0 0.0 0.0 0.0 0.0 0.0 0.0 0.0 0.0 0.0 0.0 158.0 239.0 88.0 -0.0872043749112 0.194553679704 -0.0768042872051 0.0341149807798 0.0 
0.0 0.0 0.0 0.0 0.0 0.0 0.0 0.0 0.0 0.0 0.0 0.0 171.0 226.0 75.0 -0.0768042872051 0.0341149807798 -0.195933597637 0.090711722103 0.0825092173987 
0.0 0.0 0.0 0.0 0.0 0.0 0.0 0.0 0.0 0.0 0.0 0.0 190.0 199.0 58.0 -0.195933597637 0.090711722103 -0.10127434679 -0.0401099979782 0.00125827476525 
0.0 0.0 0.0 0.0 0.0 0.0 0.0 0.0 0.0 0.0 0.0 0.0 215.0 152.0 107.0 -0.10127434679 -0.0401099979782 0.254713170842 -0.119853133487 0.0808806588029 
0.0 0.0 0.0 0.0 0.0 0.0 0.0 0.0 0.0 0.0 0.0 0.0 199.0 156.0 205.0 0.254713170842 -0.119853133487 -0.158607507366 0.10625026057 0.0 
0.0 0.0 0.0 0.0 0.0 0.0 0.0 0.0 0.0 0.0 0.0 0.0 171.0 207.0 157.0 -0.158607507366 0.10625026057 -0.0877032313884 0.109112824418 0.0 
0.0 0.0 0.0 0.0 0.0 0.0 0.0 0.0 0.0 0.0 0.0 0.0 153.0 245.0 93.0 -0.0877032313884 0.109112824418 0.0565283549097 -0.0863970318272 0.0 
0.0 0.0 0.0 0.0 0.0 0.0 0.0 0.0 0.0 0.0 0.0 0.0 144.0 248.0 131.0 0.0565283549097 -0.0863970318272 -0.033015199454 -0.00312801817384 0.0423845398191 
0.0 0.0 0.0 0.0 0.0 0.0 0.0 0.0 0.0 0.0 0.0 0.0 132.0 248.0 183.0 -0.033015199454 -0.00312801817384 -0.0634897038617 0.33 0.0173993319132 
0.0 0.0 0.0 0.0 0.0 0.0 0.0 0.0 0.0 0.0 0.0 0.0 143.0 247.0 125.0 -0.0634897038617 0.33 0.00201348660184 0.33 0.0 
0.0 0.0 0.0 0.0 0.0 0.0 0.0 0.0 0.0 0.0 0.0 0.0 160.0 239.0 50.0 0.00201348660184 0.33 0.0549694257657 -0.196663462996 0.0501894057838 
0.0 0.0 0.0 0.0 0.0 0.0 0.0 0.0 0.0 0.0 0.0 0.0 173.0 217.0 98.0 0.0549694257657 -0.196663462996 -0.0404468990265 -0.131789206101 0.205696393325 
0.0 0.0 0.0 0.0 0.0 0.0 0.0 0.0 0.0 0.0 0.0 0.0 169.0 189.0 234.0 -0.0404468990265 -0.131789206101 0.110003134688 -0.0462394743117 0.060763339404 
0.0 0.0 0.0 0.0 0.0 0.0 0.0 0.0 0.0 0.0 0.0 0.0 160.0 223.0 255.0 0.110003134688 -0.0462394743117 0.0377292126195 -0.0901568332073 0.0 
0.0 0.0 0.0 0.0 0.0 0.0 0.0 0.0 0.0 0.0 0.0 0.0 141.0 250.0 255.0 0.0377292126195 -0.0901568332073 0.151053348368 -0.0474158531311 0.0 
0.0 0.0 0.0 0.0 0.0 0.0 0.0 0.0 0.0 0.0 0.0 0.0 120.0 251.0 255.0 0.151053348368 -0.0474158531311 0.0392804879091 0.027761284362 0.0 
0.0 0.0 0.0 0.0 0.0 0.0 0.0 0.0 0.0 0.0 0.0 0.0 117.0 252.0 255.0 0.0392804879091 0.027761284362 0.230237381251 -0.0515068759883 0.0 
0.0 0.0 0.0 0.0 0.0 0.0 0.0 0.0 0.0 0.0 0.0 0.0 113.0 255.0 255.0 0.230237381251 -0.0515068759883 0.147405782971 -0.124685086589 0.0 
0.0 0.0 0.0 0.0 0.0 0.0 0.0 0.0 0.0 0.0 0.0 0.0 109.0 255.0 255.0 0.147405782971 -0.124685086589 0.089679448322 0.0920534881115 0.0 
0.0 0.0 0.0 0.0 0.0 0.0 0.0 0.0 0.0 0.0 0.0 0.0 108.0 255.0 255.0 0.089679448322 0.0920534881115 0.203756329195 0.0649293426589 0.0 
0.0 0.0 0.0 0.0 0.0 0.0 0.0 0.0 0.0 0.0 0.0 0.0 106.0 255.0 255.0 0.203756329195 0.0649293426589 0.0934226783393 0.0206638683369 0.0 
0.0 0.0 0.0 0.0 0.0 0.0 0.0 0.0 0.0 0.0 0.0 0.0 106.0 255.0 252.0 0.0934226783393 0.0206638683369 0.116242272019 0.162491390546 0.00871070875329 
0.0 0.0 0.0 0.0 0.0 0.0 0.0 0.0 0.0 0.0 0.0 0.0 108.0 255.0 232.0 0.116242272019 0.162491390546 0.202596489271 0.145494680091 0.0 
0.0 100.0 100.0 0.0 0.0 100.0 0.0 0.0 0.0 0.0 100.0 0.0 110.0 255.0 209.0 0.202596489271 0.145494680091 0.087036375007 0.33 0.0084481276013 
0.0 0.0 100.0 0.0 0.0 100.0 0.0 100.0 0.0 0.0 100.0 0.0 115.0 255.0 169.0 0.087036375007 0.33 -0.0785696195512 0.0510185086391 0.0429221851109 
0.0 0.0 100.0 0.0 0.0 100.0 0.0 100.0 0.0 0.0 0.0 0.0 116.0 255.0 160.0 -0.0785696195512 0.0510185086391 0.064492714415 0.211335015848 0.0772246578831 
# HEADER 9
0.0 0.0 0.0 0.0 0.0 0.0 0.0 0.0 0.0 0.0 0.0 0.0 133.0 250.0 255.0 0 0 0.130662291247 -0.078689548576 0.21368211742 
0.0 0.0 0.0 0.0 0.0 0.0 0.0 0.0 0.0 0.0 0.0 0.0 134.0 250.0 255.0 0.130662291247 -0.078689548576 0.0923090890212 0.011741131905 0.0 
0.0 0.0 0.0 0.0 0.0 0.0 0.0 0.0 0.0 0.0 0.0 0.0 122.0 251.0 255.0 0.0923090890212 0.011741131905 0.151935961985 -0.139476798493 0.0 
# HEADER 10
0.0 0.0 0.0 0.0 0.0 0.0 0.0 0.0 0.0 0.0 0.0 0.0 133.0 247.0 255.0 0 0 0.135300622585 -0.0807755315731 0.0 
0.0 0.0 0.0 0.0 0.0 0.0 0.0 0.0 0.0 0.0 0.0 0.0 123.0 251.0 255.0 0.135300622585 -0.0807755315731 0.210111420715 0.0101490966197 0.0 
0.0 0.0 0.0 0.0 0.0 0.0 0.0 0.0 0.0 0.0 0.0 0.0 116.0 254.0 255.0 0.210111420715 0.0101490966197 0.10365325818 0.202572332878 0.0 
0.0 0.0 0.0 0.0 0.0 0.0 0.0 0.0 0.0 0.0 0.0 0.0 110.0 255.0 255.0 0.10365325818 0.202572332878 -0.00636880857329 0.0137757300439 0.0 
0.0 0.0 0.0 0.0 0.0 0.0 0.0 0.0 0.0 0.0 0.0 0.0 109.0 254.0 248.0 -0.00636880857329 0.0137757300439 -0.246200055863 0.169383152429 0.0 
0.0 0.0 0.0 0.0 0.0 0.0 0.0 0.0 0.0 0.0 0.0 0.0 125.0 247.0 199.0 -0.246200055863 0.169383152429 -0.133890067178 0.143380885609 0.0 
0.0 0.0 0.0 0.0 0.0 0.0 0.0 0.0 0.0 0.0 0.0 0.0 144.0 244.0 136.0 -0.133890067178 0.143380885609 0.213776083484 0.213278749788 0.00196463697039 
0.0 0.0 0.0 0.0 0.0 0.0 0.0 0.0 0.0 0.0 0.0 0.0 148.0 247.0 76.0 0.213776083484 0.213278749788 0.129901908502 0.0042244093621 0.0355840826583 
0.0 0.0 0.0 0.0 0.0 0.0 100.0 0.0 0.0 0.0 0.0 0.0 145.0 251.0 68.0 0.129901908502 0.0042244093621 0.0608115571536 0.0639808333051 0.147765769382 
0.0 0.0 0.0 0.0 0.0 0.0 100.0 0.0 0.0 0.0 0.0 0.0 144.0 250.0 62.0 0.0608115571536 0.0639808333051 -0.21414768009 0.19101418045 0.0760108724072 
0.0 0.0 0.0 0.0 0.0 0.0 0.0 0.0 0.0 0.0 0.0 0.0 158.0 234.0 42.0 -0.21414768009 0.19101418045 -0.150430641143 -0.262635913262 0.0 
0.0 0.0 0.0 0.0 0.0 0.0 0.0 0.0 0.0 0.0 0.0 0.0 179.0 207.0 74.0 -0.150430641143 -0.262635913262 0.179526640985 0.0066887210798 0.115148803449 
0.0 0.0 0.0 0.0 0.0 0.0 0.0 0.0 0.0 0.0 0.0 0.0 187.0 189.0 137.0 0.179526640985 0.0066887210798 0.146364828742 0.288425682958 0.0892280714762 
0.0 0.0 0.0 0.0 0.0 0.0 0.0 0.0 0.0 0.0 0.0 0.0 205.0 173.0 77.0 0.146364828742 0.288425682958 0.0116620333808 -0.236091087684 0.0 
0.0 0.0 0.0 0.0 0.0 0.0 0.0 0.0 0.0 0.0 0.0 0.0 227.0 134.0 161.0 0.0116620333808 -0.236091087684 0.080230299374 0.146999888694 0.0 
0.0 0.0 0.0 0.0 0.0 0.0 0.0 0.0 0.0 0.0 0.0 0.0 221.0 141.0 131.0 0.080230299374 0.146999888694 0.101216289864 -0.143536965822 0.0 
0.0 0.0 0.0 0.0 0.0 0.0 0.0 0.0 0.0 0.0 0.0 0.0 204.0 151.0 194.0 0.101216289864 -0.143536965822 0.0652019593988 0.0223090482204 0.0 
0.0 0.0 0.0 0.0 0.0 0.0 0.0 0.0 0.0 0.0 0.0 0.0 193.0 168.0 189.0 0.0652019593988 0.0223090482204 0.295982914852 0.12679617364 0.0 
0.0 0.0 0.0 0.0 0.0 0.0 0.0 0.0 0.0 0.0 0.0 0.0 170.0 218.0 112.0 0.295982914852 0.12679617364 -0.163740616161 -0.0218043017566 0.0 
0.0 0.0 0.0 0.0 0.0 0.0 0.0 0.0 0.0 0.0 0.0 0.0 177.0 202.0 141.0 -0.163740616161 -0.0218043017566 0.109513856539 -0.15832780608 0.0 
0.0 0.0 0.0 0.0 0.0 0.0 0.0 0.0 0.0 0.0 0.0 0.0 195.0 175.0 239.0 0.109513856539 -0.15832780608 -0.274366847917 0.227789261934 0.0 
0.0 0.0 0.0 0.0 0.0 0.0 0.0 0.0 0.0 0.0 0.0 0.0 218.0 136.0 209.0 -0.274366847917 0.227789261934 -0.0514395976184 -0.202667593313 0.0 
0.0 0.0 0.0 0.0 0.0 0.0 0.0 0.0 0.0 0.0 0.0 0.0 230.0 157.0 239.0 -0.0514395976184 -0.202667593313 -0.127990300079 0.11753684576 0.0 
0.0 0.0 0.0 0.0 0.0 0.0 0.0 0.0 0.0 0.0 0.0 0.0 230.0 143.0 221.0 -0.127990300079 0.11753684576 0.262454105239 -0.120036634527 0.0 
0.0 0.0 0.0 0.0 0.0 0.0 0.0 0.0 0.0 0.0 0.0 0.0 220.0 167.0 249.0 0.262454105239 -0.120036634527 -0.132045622114 -0.00436559287819 0.0 
0.0 0.0 0.0 0.0 0.0 0.0 0.0 0.0 0.0 0.0 0.0 0.0 227.0 186.0 254.0 -0.132045622114 -0.00436559287819 -0.12277805529 -0.33 0.0 
0.0 0.0 0.0 0.0 0.0 0.0 0.0 0.0 0.0 0.0 0.0 0.0 235.0 245.0 255.0 -0.12277805529 -0.33 0.0917513307322 -0.0846406024369 0.0 
0.0 0.0 0.0 0.0 0.0 0.0 0.0 0.0 0.0 0.0 0.0 0.0 231.0 248.0 255.0 0.0917513307322 -0.0846406024369 0.0146124458793 -0.21480953231 0.0 
0.0 0.0 0.0 0.0 0.0 0.0 0.0 0.0 0.0 0.0 0.0 0.0 221.0 250.0 255.0 0.0146124458793 -0.21480953231 0.0161886709273 0.0390676087134 0.0 
0.0 0.0 0.0 0.0 0.0 0.0 0.0 0.0 0.0 0.0 0.0 0.0 202.0 246.0 255.0 0.0161886709273 0.0390676087134 0.00045337422921 -0.112519624791 0.0 
0.0 0.0 0.0 0.0 0.0 0.0 0.0 0.0 0.0 0.0 0.0 0.0 198.0 250.0 255.0 0.00045337422921 -0.112519624791 0.0752649176898 -0.173816636238 0.0 
0.0 0.0 0.0 0.0 0.0 0.0 0.0 0.0 0.0 0.0 0.0 0.0 187.0 250.0 255.0 0.0752649176898 -0.173816636238 0.117742430262 0.0627657274711 0.0 
0.0 0.0 0.0 0.0 0.0 0.0 0.0 0.0 0.0 0.0 0.0 0.0 166.0 250.0 255.0 0.117742430262 0.0627657274711 0.33 0.142922037199 0.0 
0.0 0.0 0.0 0.0 0.0 0.0 0.0 0.0 0.0 0.0 0.0 0.0 133.0 229.0 253.0 0.33 0.142922037199 0.0908019829724 0.107793534821 0.0 
0.0 0.0 0.0 0.0 0.0 0.0 0.0 0.0 0.0 0.0 0.0 0.0 129.0 248.0 199.0 0.0908019829724 0.107793534821 -0.124465146614 0.0966275395339 0.0 
0.0 0.0 0.0 0.0 0.0 0.0 0.0 0.0 0.0 0.0 0.0 0.0 131.0 248.0 170.0 -0.124465146614 0.0966275395339 -0.189897760052 0.202519162907 0.0 
0.0 0.0 0.0 0.0 0.0 100.0 0.0 0.0 0.0 0.0 0.0 0.0 135.0 250.0 130.0 -0.189897760052 0.202519162907 -0.0199351735293 0.1253019202 -0.00662282488624 
0.0 0.0 0.0 0.0 0.0 0.0 100.0 0.0 0.0 0.0 0.0 0.0 143.0 249.0 90.0 -0.0199351735293 0.1253019202 -0.0897400830532 0.0410631842182 0.130269550813 
0.0 0.0 0.0 0.0 0.0 0.0 0.0 0.0 0.0 0.0 0.0 0.0 150.0 247.0 75.0 -0.0897400830532 0.0410631842182 0.0834571521683 -0.055923951532 0.142257502636 
0.0 0.0 0.0 0.0 0.0 0.0 0.0 0.0 0.0 0.0 0.0 0.0 163.0 228.0 114.0 0.0834571521683 -0.055923951532 -0.13144504366 0.0624328837453 0.0 
0.0 0.0 0.0 0.0 0.0 0.0 0.0 0.0 0.0 0.0 0.0 0.0 170.0 219.0 112.0 -0.13144504366 0.0624328837453 0.0122307456164 -0.0339868778675 0.0358721735132 
0.0 0.0 0.0 0.0 0.0 0.0 0.0 0.0 0.0 0.0 0.0 0.0 182.0 191.0 159.0 0.0122307456164 -0.0339868778675 0.198663824323 -0.0580962021076 -0.0358721735132 
0.0 0.0 0.0 0.0 0.0 0.0 0.0 0.0 0.0 0.0 0.0 0.0 166.0 190.0 241.0 0.198663824323 -0.0580962021076 -0.0213648732684 0.0145685010653 0.0 
0.0 0.0 0.0 0.0 0.0 0.0 0.0 0.0 0.0 0.0 0.0 0.0 161.0 197.0 239.0 -0.0213648732684 0.0145685010653 0.00119444557261 -0.0647688386111 0.0477201613321 
0.0 0.0 0.0 0.0 0.0 0.0 0.0 0.0 0.0 0.0 0.0 0.0 164.0 211.0 255.0 0.00119444557261 -0.0647688386111 -0.0446109013874 -0.0199019898831 0.0 
0.0 0.0 0.0 0.0 0.0 0.0 0.0 0.0 0.0 0.0 0.0 0.0 169.0 239.0 255.0 -0.0446109013874 -0.0199019898831 0.0414136304514 -0.153368312461 0.0 
0.0 0.0 0.0 0.0 0.0 0.0 0.0 0.0 0.0 0.0 0.0 0.0 168.0 250.0 255.0 0.0414136304514 -0.153368312461 0.0786658498328 -0.207462746749 0.0 
0.0 0.0 0.0 0.0 0.0 0.0 0.0 0.0 0.0 0.0 0.0 0.0 159.0 250.0 255.0 0.0786658498328 -0.207462746749 0.106951145269 0.0353008884919 0.0 
0.0 0.0 0.0 0.0 0.0 0.0 0.0 0.0 0.0 0.0 0.0 0.0 148.0 250.0 255.0 0.106951145269 0.0353008884919 -0.0520656216216 0.0764369357806 0.0 
0.0 0.0 0.0 0.0 0.0 0.0 0.0 0.0 0.0 0.0 0.0 0.0 134.0 238.0 255.0 -0.0520656216216 0.0764369357806 0.0623599630961 -0.0181470441496 0.0 
0.0 0.0 0.0 0.0 0.0 0.0 0.0 0.0 0.0 0.0 0.0 0.0 122.0 250.0 255.0 0.0623599630961 -0.0181470441496 -0.0385375409269 0.0856328836303 0.0 
0.0 0.0 0.0 0.0 0.0 0.0 0.0 0.0 0.0 0.0 0.0 0.0 118.0 249.0 250.0 -0.0385375409269 0.0856328836303 0.230108580849 0.0752629960613 0.0 
0.0 0.0 0.0 0.0 0.0 0.0 0.0 0.0 0.0 0.0 0.0 0.0 121.0 250.0 223.0 0.230108580849 0.0752629960613 0.0507667857909 0.100264744441 0.0 
0.0 0.0 0.0 0.0 0.0 0.0 0.0 0.0 0.0 0.0 0.0 0.0 123.0 250.0 196.0 0.0507667857909 0.100264744441 -0.0841909591156 0.0282150224717 -0.0477201613321 
0.0 0.0 0.0 0.0 0.0 0.0 0.0 0.0 0.0 0.0 0.0 0.0 129.0 247.0 183.0 -0.0841909591156 0.0282150224717 -0.0588057573248 0.27858186718 0.0477201613321 
0.0 0.0 0.0 0.0 0.0 0.0 0.0 0.0 0.0 0.0 0.0 0.0 145.0 247.0 113.0 -0.0588057573248 0.27858186718 0.0849654348098 0.0766893470366 0.0475111249809 
0.0 0.0 0.0 0.0 0.0 0.0 0.0 0.0 0.0 0.0 0.0 0.0 149.0 247.0 79.0 0.0849654348098 0.0766893470366 0.322722044329 0.193785319842 0.060564977547 
0.0 0.0 0.0 0.0 0.0 0.0 100.0 0.0 0.0 0.0 0.0 0.0 147.0 249.0 49.0 0.322722044329 0.193785319842 0.153856805619 0.153914234308 0.0613531811177 
0.0 0.0 0.0 0.0 0.0 0.0 100.0 0.0 0.0 0.0 0.0 0.0 144.0 247.0 40.0 0.153856805619 0.153914234308 -0.0090795468074 -0.0649359823478 0.167833820587 
0.0 0.0 0.0 0.0 0.0 0.0 100.0 0.0 0.0 0.0 0.0 0.0 142.0 255.0 50.0 -0.0090795468074 -0.0649359823478 -0.0416461650085 -0.0581283394778 0.0595271418592 
0.0 0.0 0.0 0.0 0.0 0.0 100.0 0.0 0.0 0.0 0.0 0.0 141.0 255.0 56.0 -0.0416461650085 -0.0581283394778 -0.284382988677 0.122673233683 0.0 
0.0 0.0 0.0 0.0 0.0 0.0 100.0 0.0 0.0 0.0 0.0 0.0 141.0 255.0 56.0 -0.284382988677 0.122673233683 -0.302136691074 -0.258166664574 -0.0164881404493 
0.0 0.0 0.0 0.0 0.0 0.0 100.0 0.0 0.0 0.0 0.0 0.0 150.0 250.0 61.0 -0.302136691074 -0.258166664574 0.03114307061 -0.0165104749159 0.0 
0.0 0.0 0.0 0.0 0.0 0.0 0.0 0.0 0.0 0.0 0.0 0.0 137.0 230.0 235.0 0.03114307061 -0.0165104749159 0.113676253551 -0.112635372802 0.0164881404493 
0.0 0.0 0.0 0.0 0.0 0.0 0.0 0.0 0.0 0.0 0.0 0.0 127.0 249.0 255.0 0.113676253551 -0.112635372802 0.0307240368387 0.206154645452 0.0 
0.0 0.0 0.0 0.0 0.0 0.0 0.0 0.0 0.0 0.0 0.0 0.0 121.0 247.0 245.0 0.0307240368387 0.206154645452 -0.0173429407318 -0.0704233662863 0.0 
