nrollouts: 10
# HEADER 1
0.0 0.0 0.0 0.0 0.0 0.0 0.0 0.0 0.0 0.0 0.0 0.0 132.0 247.0 255.0 0 0 0.316432712671 0.195317067454 0.0 
0.0 0.0 0.0 0.0 0.0 0.0 0.0 0.0 0.0 0.0 0.0 0.0 121.0 248.0 233.0 0.316432712671 0.195317067454 0.000342684159013 0.216680220702 0.0 
0.0 0.0 0.0 0.0 0.0 0.0 0.0 0.0 0.0 0.0 0.0 0.0 128.0 249.0 182.0 0.000342684159013 0.216680220702 0.145825306895 0.320697121742 0.0 
0.0 0.0 0.0 0.0 0.0 0.0 0.0 100.0 0.0 0.0 0.0 0.0 134.0 251.0 118.0 0.145825306895 0.320697121742 0.141100752911 -0.00402894170997 0.0167136445033 
0.0 0.0 0.0 0.0 0.0 0.0 100.0 100.0 0.0 0.0 0.0 0.0 134.0 254.0 118.0 0.141100752911 -0.00402894170997 -0.0734151640343 0.246041395105 0.193632959649 
0.0 0.0 0.0 0.0 0.0 0.0 100.0 100.0 0.0 0.0 0.0 0.0 135.0 252.0 96.0 -0.0734151640343 0.246041395105 -0.0114299894425 0.0302130459527 0.0178936450931 
0.0 0.0 0.0 0.0 0.0 0.0 100.0 0.0 0.0 0.0 0.0 0.0 138.0 251.0 83.0 -0.0114299894425 0.0302130459527 0.258421394962 0.156945938787 0.0549278294204 
0.0 0.0 0.0 0.0 0.0 0.0 100.0 0.0 0.0 0.0 0.0 0.0 144.0 249.0 57.0 0.258421394962 0.156945938787 -0.0395257937219 0.0353218500493 0.0540425952946 
0.0 0.0 0.0 0.0 0.0 0.0 100.0 0.0 0.0 0.0 0.0 0.0 148.0 247.0 49.0 -0.0395257937219 0.0353218500493 0.162487729089 0.0736007701787 0.0933599910454 
0.0 0.0 0.0 0.0 0.0 0.0 0.0 0.0 0.0 0.0 0.0 0.0 156.0 240.0 48.0 0.162487729089 0.0736007701787 -0.185080823066 -0.138786841421 0.0489977844161 
0.0 0.0 0.0 0.0 0.0 0.0 0.0 0.0 0.0 0.0 0.0 0.0 172.0 216.0 92.0 -0.185080823066 -0.138786841421 0.118324126566 -0.108270076689 0.0 
0.0 0.0 0.0 0.0 0.0 0.0 0.0 0.0 0.0 0.0 0.0 0.0 156.0 209.0 213.0 0.118324126566 -0.108270076689 -0.0831229159656 0.329017457213 -0.0183729691066 
0.0 0.0 0.0 0.0 0.0 0.0 0.0 0.0 0.0 0.0 0.0 0.0 160.0 220.0 155.0 -0.0831229159656 0.329017457213 0.321781139146 0.158497372173 0.0183729691066 
0.0 0.0 0.0 0.0 0.0 0.0 0.0 0.0 0.0 0.0 0.0 0.0 176.0 217.0 81.0 0.321781139146 0.158497372173 -0.0159979691764 0.03633535093 0.0 
0.0 0.0 0.0 0.0 0.0 0.0 0.0 0.0 0.0 0.0 0.0 0.0 179.0 215.0 66.0 -0.0159979691764 0.03633535093 0.090429329274 -0.0167016467992 0.0 
0.0 0.0 0.0 0.0 0.0 0.0 0.0 0.0 0.0 0.0 0.0 0.0 185.0 203.0 88.0 0.090429329274 -0.0167016467992 0.231573142754 -0.095719425141 0.0 
0.0 0.0 0.0 0.0 0.0 0.0 0.0 0.0 0.0 0.0 0.0 0.0 169.0 203.0 176.0 0.231573142754 -0.095719425141 -0.0294675249793 0.232805551338 -0.0183729691066 
0.0 0.0 0.0 0.0 0.0 0.0 0.0 0.0 0.0 0.0 0.0 0.0 165.0 219.0 131.0 -0.0294675249793 0.232805551338 -0.187711679113 0.171433226816 0.0 
0.0 0.0 0.0 0.0 0.0 0.0 0.0 0.0 0.0 0.0 0.0 0.0 183.0 210.0 68.0 -0.187711679113 0.171433226816 0.110337104576 -0.0106889921288 0.0183729691066 
0.0 0.0 0.0 0.0 0.0 0.0 0.0 0.0 0.0 0.0 0.0 0.0 207.0 169.0 98.0 0.110337104576 -0.0106889921288 0.199928630263 0.0167774789555 0.0 
0.0 0.0 0.0 0.0 0.0 0.0 0.0 0.0 0.0 0.0 0.0 0.0 221.0 148.0 106.0 0.199928630263 0.0167774789555 -0.0881465888316 0.146832397291 0.0 
0.0 0.0 0.0 0.0 0.0 0.0 0.0 0.0 0.0 0.0 0.0 0.0 229.0 136.0 62.0 -0.0881465888316 0.146832397291 -0.0903941289416 -0.216666725273 0.0 
0.0 0.0 0.0 0.0 0.0 0.0 0.0 0.0 0.0 0.0 0.0 0.0 236.0 120.0 90.0 -0.0903941289416 -0.216666725273 -0.153578867378 -0.105868128751 0.0 
0.0 0.0 0.0 0.0 0.0 0.0 0.0 0.0 0.0 0.0 0.0 0.0 236.0 117.0 106.0 -0.153578867378 -0.105868128751 0.127999537304 0.134657240087 -0.0183729691066 
0.0 0.0 0.0 0.0 0.0 0.0 0.0 0.0 0.0 0.0 0.0 0.0 234.0 117.0 108.0 0.127999537304 0.134657240087 0.0648664463721 -0.0950866370368 0.0 
0.0 0.0 0.0 0.0 0.0 0.0 0.0 0.0 0.0 0.0 0.0 0.0 230.0 119.0 107.0 0.0648664463721 -0.0950866370368 0.307243191398 -0.0636059753413 0.0 
0.0 0.0 0.0 0.0 0.0 0.0 0.0 0.0 0.0 0.0 0.0 0.0 221.0 137.0 88.0 0.307243191398 -0.0636059753413 -0.0222219174353 0.020846056029 0.0 
0.0 0.0 0.0 0.0 0.0 0.0 0.0 0.0 0.0 0.0 0.0 0.0 218.0 143.0 82.0 -0.0222219174353 0.020846056029 -0.141483189027 -0.0517270032473 0.0 
0.0 0.0 0.0 0.0 0.0 0.0 0.0 0.0 0.0 0.0 0.0 0.0 230.0 121.0 106.0 -0.141483189027 -0.0517270032473 -0.268525860766 -0.133747543209 0.0 
0.0 0.0 0.0 0.0 0.0 0.0 0.0 0.0 0.0 0.0 0.0 0.0 236.0 115.0 113.0 -0.268525860766 -0.133747543209 -0.101321755267 -0.212982857817 0.0 
0.0 0.0 0.0 0.0 0.0 0.0 0.0 0.0 0.0 0.0 0.0 0.0 236.0 115.0 114.0 -0.101321755267 -0.212982857817 0.266815835201 -0.132136551403 0.0 
0.0 0.0 0.0 0.0 0.0 0.0 0.0 0.0 0.0 0.0 0.0 0.0 236.0 114.0 115.0 0.266815835201 -0.132136551403 0.0197179373602 -0.174979558742 0.0 
0.0 0.0 0.0 0.0 0.0 0.0 0.0 0.0 0.0 0.0 0.0 0.0 236.0 114.0 116.0 0.0197179373602 -0.174979558742 0.011318467174 -0.0376615738179 0.0 
0.0 0.0 0.0 0.0 0.0 0.0 0.0 0.0 0.0 0.0 0.0 0.0 236.0 114.0 116.0 0.011318467174 -0.0376615738179 -0.243619776763 -0.265441806174 0.0 
0.0 0.0 0.0 0.0 0.0 0.0 0.0 0.0 0.0 0.0 0.0 0.0 236.0 114.0 116.0 -0.243619776763 -0.265441806174 0.191054730806 -0.0524566151235 0.0 
0.0 0.0 0.0 0.0 0.0 0.0 0.0 0.0 0.0 0.0 0.0 0.0 235.0 115.0 117.0 0.191054730806 -0.0524566151235 0.196161873968 0.0822803294547 0.0 
0.0 0.0 0.0 0.0 0.0 0.0 0.0 0.0 0.0 0.0 0.0 0.0 230.0 119.0 113.0 0.196161873968 0.0822803294547 0.0726440748992 -0.213859649472 0.0 
0.0 0.0 0.0 0.0 0.0 0.0 0.0 0.0 0.0 0.0 0.0 0.0 225.0 129.0 102.0 0.0726440748992 -0.213859649472 -0.0889005204975 0.00867433011634 0.0 
0.0 0.0 0.0 0.0 0.0 0.0 0.0 0.0 0.0 0.0 0.0 0.0 230.0 120.0 110.0 -0.0889005204975 0.00867433011634 -0.0632139022939 0.0122251258953 0.0 
0.0 0.0 0.0 0.0 0.0 0.0 0.0 0.0 0.0 0.0 0.0 0.0 233.0 117.0 114.0 -0.0632139022939 0.0122251258953 0.049865305653 -0.0776889652821 0.0 
0.0 0.0 0.0 0.0 0.0 0.0 0.0 0.0 0.0 0.0 0.0 0.0 231.0 116.0 116.0 0.049865305653 -0.0776889652821 0.0289208291162 -0.00875257319157 0.0 
0.0 0.0 0.0 0.0 0.0 0.0 0.0 0.0 0.0 0.0 0.0 0.0 230.0 117.0 115.0 0.0289208291162 -0.00875257319157 0.0771533649787 -0.21886416811 0.0 
0.0 0.0 0.0 0.0 0.0 0.0 0.0 0.0 0.0 0.0 0.0 0.0 230.0 118.0 114.0 0.0771533649787 -0.21886416811 -0.1674718697 -0.00646028045714 0.0 
0.0 0.0 0.0 0.0 0.0 0.0 0.0 0.0 0.0 0.0 0.0 0.0 228.0 123.0 110.0 -0.1674718697 -0.00646028045714 0.33 0.106420550442 0.0 
0.0 0.0 0.0 0.0 0.0 0.0 0.0 0.0 0.0 0.0 0.0 0.0 209.0 158.0 74.0 0.33 0.106420550442 -0.134097592113 -0.217542350755 0.0 
0.0 0.0 0.0 0.0 0.0 0.0 0.0 0.0 0.0 0.0 0.0 0.0 188.0 194.0 48.0 -0.134097592113 -0.217542350755 0.0121398684401 0.0128941216602 0.0 
0.0 0.0 0.0 0.0 0.0 0.0 0.0 0.0 0.0 0.0 0.0 0.0 184.0 198.0 47.0 0.0121398684401 0.0128941216602 0.00879174092709 -0.132580629422 0.0 
0.0 0.0 0.0 0.0 0.0 0.0 0.0 0.0 0.0 0.0 0.0 0.0 184.0 198.0 47.0 0.00879174092709 -0.132580629422 -0.133481288683 -0.0205617229553 0.0 
0.0 0.0 0.0 0.0 0.0 0.0 0.0 0.0 0.0 0.0 0.0 0.0 184.0 198.0 47.0 -0.133481288683 -0.0205617229553 0.0394446629996 -0.155594211825 0.0 
0.0 0.0 0.0 0.0 0.0 0.0 0.0 0.0 0.0 0.0 0.0 0.0 184.0 198.0 47.0 0.0394446629996 -0.155594211825 0.0366163098635 0.0422296928573 0.0 
0.0 0.0 0.0 0.0 0.0 0.0 0.0 0.0 0.0 0.0 0.0 0.0 184.0 199.0 47.0 0.0366163098635 0.0422296928573 0.0699198404979 -0.0975338590327 0.0 
0.0 0.0 0.0 0.0 0.0 0.0 0.0 0.0 0.0 0.0 0.0 0.0 184.0 199.0 47.0 0.0699198404979 -0.0975338590327 0.097167298796 -0.286584447516 0.0 
0.0 0.0 0.0 0.0 0.0 0.0 0.0 0.0 0.0 0.0 0.0 0.0 179.0 205.0 45.0 0.097167298796 -0.286584447516 -0.0681311003878 -0.0435071231655 0.0 
0.0 0.0 0.0 0.0 0.0 0.0 0.0 0.0 0.0 0.0 0.0 0.0 172.0 214.0 41.0 -0.0681311003878 -0.0435071231655 -0.133931912504 -0.0172285929214 -0.0183154583935 
0.0 0.0 0.0 0.0 0.0 0.0 0.0 0.0 0.0 0.0 0.0 0.0 183.0 200.0 47.0 -0.133931912504 -0.0172285929214 -0.33 -0.0694474405844 0.0 
0.0 0.0 0.0 0.0 0.0 0.0 0.0 0.0 0.0 0.0 0.0 0.0 209.0 156.0 80.0 -0.33 -0.0694474405844 -0.00565637065812 -0.0435242991497 0.0 
0.0 0.0 0.0 0.0 0.0 0.0 0.0 0.0 0.0 0.0 0.0 0.0 215.0 144.0 96.0 -0.00565637065812 -0.0435242991497 0.0599089322896 -0.121751328602 0.0183154583935 
0.0 0.0 0.0 0.0 0.0 0.0 0.0 0.0 0.0 0.0 0.0 0.0 213.0 149.0 93.0 0.0599089322896 -0.121751328602 0.0679052727058 -0.128265152103 0.0 
0.0 0.0 0.0 0.0 0.0 0.0 0.0 0.0 0.0 0.0 0.0 0.0 205.0 164.0 79.0 0.0679052727058 -0.128265152103 0.168709488131 -0.115449592061 0.0 
0.0 0.0 0.0 0.0 0.0 0.0 0.0 0.0 0.0 0.0 0.0 0.0 187.0 197.0 52.0 0.168709488131 -0.115449592061 -0.0980199838155 -0.159378511161 0.0 
0.0 0.0 0.0 0.0 0.0 0.0 0.0 0.0 0.0 0.0 0.0 0.0 195.0 183.0 63.0 -0.0980199838155 -0.159378511161 -0.050321139836 -0.270029180867 0.0 
0.0 0.0 0.0 0.0 0.0 0.0 0.0 0.0 0.0 0.0 0.0 0.0 208.0 158.0 84.0 -0.050321139836 -0.270029180867 -0.0222667495078 0.0861977793745 0.0 
0.0 0.0 0.0 0.0 0.0 0.0 0.0 0.0 0.0 0.0 0.0 0.0 214.0 145.0 99.0 -0.0222667495078 0.0861977793745 -0.0128283997547 -0.271975733681 0.0 
0.0 0.0 0.0 0.0 0.0 0.0 0.0 0.0 0.0 0.0 0.0 0.0 218.0 138.0 113.0 -0.0128283997547 -0.271975733681 -0.0685693623803 0.0354618926777 0.0 
0.0 0.0 0.0 0.0 0.0 0.0 0.0 0.0 0.0 0.0 0.0 0.0 214.0 237.0 255.0 -0.0685693623803 0.0354618926777 0.150272393911 0.0346230362731 0.0 
0.0 0.0 0.0 0.0 0.0 0.0 0.0 0.0 0.0 0.0 0.0 0.0 198.0 215.0 255.0 0.150272393911 0.0346230362731 0.116206568836 -0.0561922262566 0.0 
0.0 0.0 0.0 0.0 0.0 0.0 0.0 0.0 0.0 0.0 0.0 0.0 179.0 249.0 255.0 0.116206568836 -0.0561922262566 0.117674389155 -0.237289464148 0.0 
0.0 0.0 0.0 0.0 0.0 0.0 0.0 0.0 0.0 0.0 0.0 0.0 159.0 250.0 255.0 0.117674389155 -0.237289464148 -0.0655231764846 0.235815007741 0.0 
0.0 0.0 0.0 0.0 0.0 0.0 0.0 0.0 0.0 0.0 0.0 0.0 137.0 249.0 255.0 -0.0655231764846 0.235815007741 0.0277947926165 -0.00752225813076 0.0 
0.0 0.0 0.0 0.0 0.0 0.0 0.0 0.0 0.0 0.0 0.0 0.0 120.0 251.0 255.0 0.0277947926165 -0.00752225813076 -0.0611042445511 0.243099984222 0.0 
0.0 0.0 0.0 0.0 0.0 0.0 0.0 0.0 0.0 0.0 0.0 0.0 123.0 246.0 236.0 -0.0611042445511 0.243099984222 0.0640836442337 0.158902982086 0.0 
0.0 0.0 0.0 0.0 0.0 0.0 0.0 0.0 0.0 0.0 0.0 0.0 140.0 244.0 168.0 0.0640836442337 0.158902982086 -0.161856918699 -0.0125317064786 0.0 
0.0 0.0 0.0 0.0 0.0 0.0 0.0 0.0 0.0 0.0 0.0 0.0 159.0 212.0 197.0 -0.161856918699 -0.0125317064786 -0.110813099022 -0.025354190113 0.0183729691066 
0.0 0.0 0.0 0.0 0.0 0.0 0.0 0.0 0.0 0.0 0.0 0.0 176.0 190.0 245.0 -0.110813099022 -0.025354190113 -0.00350862330276 -0.280418603935 -0.0183729691066 
0.0 0.0 0.0 0.0 0.0 0.0 0.0 0.0 0.0 0.0 0.0 0.0 202.0 235.0 255.0 -0.00350862330276 -0.280418603935 -0.0456678730884 -0.0398981890163 0.0 
0.0 0.0 0.0 0.0 0.0 0.0 0.0 0.0 0.0 0.0 0.0 0.0 214.0 248.0 255.0 -0.0456678730884 -0.0398981890163 0.102374874032 -0.025213009696 0.0 
0.0 0.0 0.0 0.0 0.0 0.0 0.0 0.0 0.0 0.0 0.0 0.0 208.0 250.0 255.0 0.102374874032 -0.025213009696 0.0660099956752 -0.134723996052 0.0 
# HEADER 2
0.0 0.0 0.0 0.0 0.0 0.0 0.0 0.0 0.0 0.0 0.0 0.0 132.0 247.0 255.0 0 0 0.0652439820218 0.150453103541 0.0 
0.0 0.0 0.0 0.0 0.0 0.0 0.0 0.0 0.0 0.0 0.0 0.0 133.0 234.0 237.0 0.0652439820218 0.150453103541 -0.182755010569 -0.0764604172263 0.0 
0.0 0.0 0.0 0.0 0.0 0.0 0.0 0.0 0.0 0.0 0.0 0.0 132.0 235.0 255.0 -0.182755010569 -0.0764604172263 0.0202749656038 -0.0292447840203 0.0 
0.0 0.0 0.0 0.0 0.0 0.0 0.0 0.0 0.0 0.0 0.0 0.0 130.0 250.0 255.0 0.0202749656038 -0.0292447840203 0.0681778123995 0.138078240773 0.0 
0.0 0.0 0.0 0.0 0.0 0.0 0.0 0.0 0.0 0.0 0.0 0.0 124.0 242.0 255.0 0.0681778123995 0.138078240773 -0.00871011703626 0.064345289073 0.0 
0.0 0.0 0.0 0.0 0.0 0.0 0.0 0.0 0.0 0.0 0.0 0.0 126.0 245.0 222.0 -0.00871011703626 0.064345289073 -0.0315405382729 0.160041907467 0.0 
0.0 0.0 0.0 0.0 0.0 0.0 0.0 0.0 0.0 0.0 0.0 0.0 136.0 246.0 165.0 -0.0315405382729 0.160041907467 -0.0515023651577 0.170815428532 0.0 
0.0 0.0 0.0 0.0 0.0 0.0 0.0 0.0 0.0 0.0 0.0 0.0 150.0 244.0 108.0 -0.0515023651577 0.170815428532 0.0491468043643 0.0156818004775 0.0183729691066 
0.0 0.0 0.0 0.0 0.0 0.0 0.0 0.0 0.0 0.0 0.0 0.0 151.0 246.0 93.0 0.0491468043643 0.0156818004775 0.0711476829356 0.0784859834899 0.0 
0.0 0.0 0.0 0.0 0.0 0.0 0.0 0.0 0.0 0.0 0.0 0.0 149.0 247.0 79.0 0.0711476829356 0.0784859834899 0.138554681896 -0.110883359342 0.0184182967381 
0.0 0.0 0.0 0.0 0.0 0.0 0.0 0.0 0.0 0.0 0.0 0.0 143.0 249.0 117.0 0.138554681896 -0.110883359342 -0.100508432816 0.251223503339 0.0184512582518 
0.0 0.0 0.0 0.0 0.0 0.0 0.0 0.0 0.0 0.0 0.0 0.0 141.0 248.0 109.0 -0.100508432816 0.251223503339 0.0861870573077 0.0516481642544 0.00893088645198 
0.0 0.0 0.0 0.0 0.0 0.0 0.0 0.0 0.0 0.0 0.0 0.0 142.0 248.0 95.0 0.0861870573077 0.0516481642544 0.0475585503813 0.036404457188 -0.00893088645198 
0.0 0.0 0.0 0.0 0.0 0.0 100.0 0.0 0.0 0.0 0.0 0.0 142.0 249.0 93.0 0.0475585503813 0.036404457188 -0.309051918427 0.282745286129 0.0369513172457 
# HEADER 3
0.0 0.0 0.0 0.0 0.0 0.0 0.0 0.0 0.0 0.0 0.0 0.0 133.0 250.0 255.0 0 0 -0.248162920123 0.0736743157571 0.200265350041 
0.0 0.0 0.0 0.0 0.0 0.0 0.0 0.0 0.0 0.0 0.0 0.0 133.0 249.0 255.0 -0.248162920123 0.0736743157571 0.0771596288069 -0.00947056119696 0.017361823287 
0.0 0.0 0.0 0.0 0.0 0.0 0.0 0.0 0.0 0.0 0.0 0.0 133.0 249.0 255.0 0.0771596288069 -0.00947056119696 0.103523092761 0.0832129779773 0.0 
0.0 0.0 0.0 0.0 0.0 0.0 0.0 0.0 0.0 0.0 0.0 0.0 132.0 232.0 255.0 0.103523092761 0.0832129779773 0.33 0.0294469375643 0.0 
0.0 0.0 0.0 0.0 0.0 0.0 0.0 0.0 0.0 0.0 0.0 0.0 121.0 248.0 231.0 0.33 0.0294469375643 -0.00529939465474 0.0936569136002 -0.017361823287 
0.0 0.0 0.0 0.0 0.0 0.0 0.0 0.0 0.0 0.0 0.0 0.0 124.0 248.0 205.0 -0.00529939465474 0.0936569136002 0.242359885383 0.171680922163 0.0 
0.0 0.0 0.0 0.0 0.0 0.0 0.0 0.0 0.0 0.0 0.0 0.0 127.0 251.0 169.0 0.242359885383 0.171680922163 -0.0789110063485 0.33 0.017361823287 
0.0 0.0 0.0 0.0 0.0 0.0 0.0 100.0 0.0 0.0 0.0 0.0 130.0 253.0 118.0 -0.0789110063485 0.33 0.0827263499235 -0.00556607152263 0.0350981774623 
0.0 0.0 0.0 0.0 0.0 0.0 100.0 100.0 0.0 0.0 0.0 0.0 130.0 255.0 121.0 0.0827263499235 -0.00556607152263 -0.0134977430179 0.20941460936 0.148106989601 
0.0 0.0 0.0 0.0 0.0 0.0 100.0 100.0 0.0 0.0 0.0 0.0 134.0 252.0 101.0 -0.0134977430179 0.20941460936 -0.0289412036604 0.0989435996314 0.0307246910202 
0.0 0.0 0.0 0.0 0.0 0.0 100.0 0.0 0.0 0.0 0.0 0.0 141.0 249.0 75.0 -0.0289412036604 0.0989435996314 0.206000541444 0.175165257881 0.0683493565165 
0.0 0.0 0.0 0.0 0.0 0.0 100.0 0.0 0.0 0.0 0.0 0.0 141.0 251.0 50.0 0.206000541444 0.175165257881 0.103231393291 -0.041031027488 0.0429271128719 
0.0 0.0 0.0 0.0 0.0 0.0 100.0 0.0 0.0 0.0 0.0 0.0 140.0 255.0 58.0 0.103231393291 -0.041031027488 -0.141298209709 0.0825152109333 0.119374556819 
0.0 0.0 0.0 0.0 0.0 0.0 100.0 0.0 0.0 0.0 0.0 0.0 147.0 247.0 51.0 -0.141298209709 0.0825152109333 0.0574550516787 0.212273858092 0.0 
0.0 0.0 0.0 0.0 0.0 0.0 0.0 0.0 0.0 0.0 0.0 0.0 167.0 222.0 42.0 0.0574550516787 0.212273858092 -0.0133990105831 -0.0545603898449 0.0 
0.0 0.0 0.0 0.0 0.0 0.0 0.0 0.0 0.0 0.0 0.0 0.0 175.0 215.0 50.0 -0.0133990105831 -0.0545603898449 0.00901500958705 -0.148211889203 0.0767784591743 
0.0 0.0 0.0 0.0 0.0 0.0 0.0 0.0 0.0 0.0 0.0 0.0 176.0 217.0 54.0 0.00901500958705 -0.148211889203 0.0195558802474 -0.22762789089 0.0228966157334 
0.0 0.0 0.0 0.0 0.0 0.0 0.0 0.0 0.0 0.0 0.0 0.0 176.0 217.0 65.0 0.0195558802474 -0.22762789089 0.137978398759 -0.158227210289 0.0 
0.0 0.0 0.0 0.0 0.0 0.0 0.0 0.0 0.0 0.0 0.0 0.0 140.0 250.0 255.0 0.137978398759 -0.158227210289 0.100418723083 0.0399000905688 -0.0113243806716 
0.0 0.0 0.0 0.0 0.0 0.0 0.0 0.0 0.0 0.0 0.0 0.0 121.0 251.0 255.0 0.100418723083 0.0399000905688 0.202123491418 0.150123025761 0.0113243806716 
0.0 0.0 0.0 0.0 0.0 0.0 0.0 0.0 0.0 0.0 0.0 0.0 115.0 252.0 251.0 0.202123491418 0.150123025761 0.098623760626 0.181497505761 0.0 
0.0 0.0 0.0 0.0 0.0 0.0 0.0 0.0 0.0 0.0 0.0 0.0 118.0 253.0 218.0 0.098623760626 0.181497505761 -0.0998562169092 0.242709779075 0.0 
0.0 0.0 100.0 0.0 0.0 100.0 0.0 100.0 0.0 0.0 100.0 0.0 122.0 253.0 174.0 -0.0998562169092 0.242709779075 0.0777089374192 0.252450484018 0.0283822957041 
0.0 0.0 0.0 0.0 0.0 100.0 0.0 100.0 0.0 0.0 0.0 0.0 128.0 253.0 132.0 0.0777089374192 0.252450484018 0.113582677382 0.33 0.0608544631993 
0.0 0.0 0.0 0.0 0.0 0.0 100.0 0.0 0.0 0.0 0.0 0.0 132.0 254.0 88.0 0.113582677382 0.33 0.0469655153735 -0.0291188508697 0.118097378702 
0.0 0.0 0.0 0.0 0.0 0.0 100.0 0.0 0.0 0.0 0.0 0.0 132.0 255.0 94.0 0.0469655153735 -0.0291188508697 -0.0153039942383 0.0241013506263 0.123193111677 
0.0 0.0 0.0 0.0 0.0 0.0 100.0 0.0 0.0 0.0 0.0 0.0 134.0 255.0 92.0 -0.0153039942383 0.0241013506263 0.150703088922 -0.00581465569052 0.00675814288234 
0.0 0.0 0.0 0.0 0.0 0.0 100.0 0.0 0.0 0.0 0.0 0.0 138.0 254.0 95.0 0.150703088922 -0.00581465569052 0.0858247041467 -0.116365992017 0.0 
0.0 0.0 0.0 0.0 0.0 0.0 0.0 0.0 0.0 0.0 0.0 0.0 132.0 248.0 180.0 0.0858247041467 -0.116365992017 0.206745862863 0.280104703713 0.0 
0.0 0.0 0.0 0.0 0.0 0.0 0.0 0.0 0.0 0.0 0.0 0.0 137.0 248.0 150.0 0.206745862863 0.280104703713 0.218651653516 0.33 -0.0232045691001 
0.0 0.0 0.0 0.0 0.0 0.0 0.0 0.0 0.0 0.0 0.0 0.0 149.0 248.0 77.0 0.218651653516 0.33 -0.0567361356867 0.162073940211 0.0297852828549 
0.0 0.0 0.0 0.0 0.0 0.0 0.0 0.0 0.0 0.0 0.0 0.0 155.0 243.0 43.0 -0.0567361356867 0.162073940211 0.237350213338 -0.10033608175 0.131564905633 
0.0 0.0 0.0 0.0 0.0 0.0 0.0 0.0 0.0 0.0 0.0 0.0 157.0 246.0 55.0 0.237350213338 -0.10033608175 0.0454678837454 0.0192104763308 0.0937340975674 
0.0 0.0 0.0 0.0 0.0 0.0 0.0 0.0 0.0 0.0 0.0 0.0 159.0 241.0 76.0 0.0454678837454 0.0192104763308 0.0463262107684 -0.100655085322 -0.0260490400892 
0.0 0.0 0.0 0.0 0.0 0.0 0.0 0.0 0.0 0.0 0.0 0.0 150.0 238.0 147.0 0.0463262107684 -0.100655085322 0.249158058323 0.33 0.0293055254905 
0.0 0.0 0.0 0.0 0.0 0.0 0.0 0.0 0.0 0.0 0.0 0.0 143.0 248.0 121.0 0.249158058323 0.33 0.0614473186537 0.209804457161 -0.0293055254905 
0.0 0.0 0.0 0.0 0.0 0.0 100.0 0.0 0.0 0.0 0.0 0.0 145.0 250.0 72.0 0.0614473186537 0.209804457161 0.13400684713 0.182209768317 0.0585376046577 
0.0 0.0 0.0 0.0 0.0 0.0 100.0 0.0 0.0 0.0 0.0 0.0 146.0 248.0 43.0 0.13400684713 0.182209768317 -0.0321242982596 0.112761209972 0.114030755834 
0.0 0.0 0.0 0.0 0.0 0.0 100.0 0.0 0.0 0.0 0.0 0.0 146.0 247.0 40.0 -0.0321242982596 0.112761209972 -0.0995414514496 -0.110786259079 0.140374061224 
0.0 0.0 0.0 0.0 0.0 0.0 0.0 0.0 0.0 0.0 0.0 0.0 151.0 248.0 52.0 -0.0995414514496 -0.110786259079 0.0783234313485 -0.163037703502 0.0 
0.0 0.0 0.0 0.0 0.0 0.0 0.0 0.0 0.0 0.0 0.0 0.0 151.0 224.0 187.0 0.0783234313485 -0.163037703502 0.0168153127013 -0.136796992487 -0.0557994177637 
0.0 0.0 0.0 0.0 0.0 0.0 0.0 0.0 0.0 0.0 0.0 0.0 157.0 225.0 255.0 0.0168153127013 -0.136796992487 0.18024796411 -0.204217164702 0.0 
0.0 0.0 0.0 0.0 0.0 0.0 0.0 0.0 0.0 0.0 0.0 0.0 148.0 250.0 255.0 0.18024796411 -0.204217164702 0.117428333564 0.019024372537 0.0273926442537 
0.0 0.0 0.0 0.0 0.0 0.0 0.0 0.0 0.0 0.0 0.0 0.0 127.0 250.0 255.0 0.117428333564 0.019024372537 0.0525220327072 0.117140148684 0.0 
0.0 0.0 0.0 0.0 0.0 0.0 0.0 0.0 0.0 0.0 0.0 0.0 117.0 252.0 255.0 0.0525220327072 0.117140148684 0.0318649745495 0.15527573341 0.0 
0.0 0.0 0.0 0.0 0.0 0.0 0.0 0.0 0.0 0.0 0.0 0.0 120.0 251.0 226.0 0.0318649745495 0.15527573341 -0.152354443786 -0.107552138517 0.0 
0.0 0.0 0.0 0.0 0.0 0.0 0.0 0.0 0.0 0.0 0.0 0.0 120.0 245.0 254.0 -0.152354443786 -0.107552138517 0.0769824941603 0.33 0.0 
0.0 0.0 0.0 0.0 0.0 0.0 0.0 0.0 0.0 0.0 0.0 0.0 125.0 247.0 211.0 0.0769824941603 0.33 0.139196452914 0.275353624277 0.0 
0.0 0.0 0.0 0.0 0.0 100.0 0.0 0.0 0.0 0.0 0.0 0.0 131.0 250.0 152.0 0.139196452914 0.275353624277 0.0578771835643 0.33 0.0 
0.0 0.0 0.0 0.0 0.0 0.0 100.0 0.0 0.0 0.0 0.0 0.0 138.0 252.0 91.0 0.0578771835643 0.33 -0.151657313565 0.273035231952 0.0837147187682 
0.0 0.0 0.0 0.0 0.0 0.0 100.0 0.0 0.0 0.0 0.0 0.0 141.0 250.0 42.0 -0.151657313565 0.273035231952 -0.0100856282912 0.151923374551 0.167044785519 
0.0 0.0 0.0 0.0 0.0 0.0 100.0 0.0 0.0 0.0 0.0 0.0 142.0 247.0 37.0 -0.0100856282912 0.151923374551 -0.0249216394514 -0.00526384838385 0.171073579829 
0.0 0.0 0.0 0.0 0.0 0.0 0.0 0.0 0.0 0.0 0.0 0.0 145.0 248.0 41.0 -0.0249216394514 -0.00526384838385 0.111033043932 0.0697550589608 0.0331296906079 
0.0 0.0 0.0 0.0 0.0 0.0 0.0 0.0 0.0 0.0 0.0 0.0 143.0 247.0 40.0 0.111033043932 0.0697550589608 -0.0593074929368 -0.202765882017 -0.0271812505036 
0.0 0.0 0.0 0.0 0.0 0.0 100.0 0.0 0.0 0.0 0.0 0.0 142.0 255.0 48.0 -0.0593074929368 -0.202765882017 -0.065098680044 -0.0796235325044 0.0271812505036 
0.0 0.0 0.0 0.0 0.0 0.0 100.0 0.0 0.0 0.0 0.0 0.0 146.0 252.0 48.0 -0.065098680044 -0.0796235325044 -0.0143387796657 0.097734662541 -0.0271812505036 
0.0 0.0 0.0 0.0 0.0 0.0 0.0 0.0 0.0 0.0 0.0 0.0 154.0 248.0 60.0 -0.0143387796657 0.097734662541 0.0862383508206 -0.0748603002909 -0.0331852763687 
0.0 0.0 0.0 0.0 0.0 0.0 0.0 0.0 0.0 0.0 0.0 0.0 152.0 251.0 61.0 0.0862383508206 -0.0748603002909 0.0649564601258 0.0490033936294 0.0 
0.0 0.0 0.0 0.0 0.0 0.0 0.0 0.0 0.0 0.0 0.0 0.0 149.0 255.0 65.0 0.0649564601258 0.0490033936294 -0.173993774827 -0.00743606436526 0.0 
0.0 0.0 0.0 0.0 0.0 0.0 100.0 0.0 0.0 0.0 0.0 0.0 147.0 255.0 67.0 -0.173993774827 -0.00743606436526 -0.0358895427808 0.127550696718 0.0 
0.0 0.0 0.0 0.0 0.0 0.0 0.0 0.0 0.0 0.0 0.0 0.0 145.0 255.0 65.0 -0.0358895427808 0.127550696718 -0.0636388952464 -0.0611543669441 0.0 
0.0 0.0 0.0 0.0 0.0 0.0 100.0 0.0 0.0 0.0 0.0 0.0 144.0 255.0 68.0 -0.0636388952464 -0.0611543669441 -0.137961806097 0.0751213982255 0.0 
0.0 0.0 0.0 0.0 0.0 0.0 100.0 0.0 0.0 0.0 0.0 0.0 144.0 255.0 66.0 -0.137961806097 0.0751213982255 0.0480876039832 -0.133721488578 0.0 
0.0 0.0 0.0 0.0 0.0 0.0 0.0 0.0 0.0 0.0 0.0 0.0 144.0 255.0 69.0 0.0480876039832 -0.133721488578 -0.107521946483 0.0972750660433 0.0 
0.0 0.0 0.0 0.0 0.0 0.0 0.0 0.0 0.0 0.0 0.0 0.0 150.0 250.0 65.0 -0.107521946483 0.0972750660433 0.0517179315464 -0.0794780044131 0.0 
0.0 0.0 0.0 0.0 0.0 0.0 0.0 0.0 0.0 0.0 0.0 0.0 165.0 228.0 80.0 0.0517179315464 -0.0794780044131 0.245927721217 -0.104703920893 0.0 
0.0 0.0 0.0 0.0 0.0 0.0 0.0 0.0 0.0 0.0 0.0 0.0 152.0 248.0 71.0 0.245927721217 -0.104703920893 0.094469876466 0.0583722501732 0.0 
0.0 0.0 0.0 0.0 0.0 0.0 0.0 0.0 0.0 0.0 0.0 0.0 145.0 255.0 76.0 0.094469876466 0.0583722501732 -0.0188786761806 -0.00759986157654 0.0 
0.0 0.0 0.0 0.0 0.0 0.0 0.0 0.0 0.0 0.0 0.0 0.0 146.0 254.0 76.0 -0.0188786761806 -0.00759986157654 0.0450178093829 -0.211511068129 0.0 
0.0 0.0 0.0 0.0 0.0 0.0 0.0 0.0 0.0 0.0 0.0 0.0 148.0 252.0 74.0 0.0450178093829 -0.211511068129 0.222597029114 0.00353789526426 0.0 
0.0 0.0 0.0 0.0 0.0 0.0 0.0 0.0 0.0 0.0 0.0 0.0 145.0 255.0 77.0 0.222597029114 0.00353789526426 0.0803877550434 0.015193374393 0.0 
0.0 0.0 0.0 0.0 0.0 0.0 0.0 0.0 0.0 0.0 0.0 0.0 141.0 255.0 83.0 0.0803877550434 0.015193374393 0.0696103345345 0.293863929707 0.0 
0.0 0.0 0.0 0.0 0.0 0.0 0.0 0.0 0.0 0.0 0.0 0.0 140.0 255.0 84.0 0.0696103345345 0.293863929707 0.114819672327 -0.08690112922 0.00564377538805 
0.0 0.0 0.0 0.0 0.0 0.0 0.0 0.0 0.0 0.0 0.0 0.0 140.0 255.0 85.0 0.114819672327 -0.08690112922 0.0353297529481 0.0488251776679 0.0 
0.0 0.0 0.0 0.0 0.0 0.0 0.0 0.0 0.0 0.0 0.0 0.0 139.0 255.0 85.0 0.0353297529481 0.0488251776679 0.0614638477047 0.0929063529689 0.0 
0.0 0.0 0.0 0.0 0.0 0.0 0.0 0.0 0.0 0.0 0.0 0.0 140.0 255.0 81.0 0.0614638477047 0.0929063529689 -0.112302443764 -0.0522329136869 -0.00564377538805 
0.0 0.0 0.0 0.0 0.0 0.0 0.0 0.0 0.0 0.0 0.0 0.0 145.0 253.0 78.0 -0.112302443764 -0.0522329136869 -0.133356694191 0.00472567981967 0.0 
0.0 0.0 0.0 0.0 0.0 0.0 0.0 0.0 0.0 0.0 0.0 0.0 153.0 235.0 146.0 -0.133356694191 0.00472567981967 -0.00707739342574 0.151433985416 0.0 
0.0 0.0 0.0 0.0 0.0 0.0 0.0 0.0 0.0 0.0 0.0 0.0 165.0 227.0 110.0 -0.00707739342574 0.151433985416 -0.0604535121554 0.0205996660377 -0.00550474163072 
0.0 0.0 0.0 0.0 0.0 0.0 0.0 0.0 0.0 0.0 0.0 0.0 175.0 216.0 99.0 -0.0604535121554 0.0205996660377 -0.0366219426919 -0.063361170213 0.0327415778952 
0.0 0.0 0.0 0.0 0.0 0.0 0.0 0.0 0.0 0.0 0.0 0.0 184.0 189.0 163.0 -0.0366219426919 -0.063361170213 -0.0734462712372 0.121606907729 0.0 
0.0 0.0 0.0 0.0 0.0 0.0 0.0 0.0 0.0 0.0 0.0 0.0 193.0 184.0 134.0 -0.0734462712372 0.121606907729 0.114400476729 -0.150404785548 0.0 
0.0 0.0 0.0 0.0 0.0 0.0 0.0 0.0 0.0 0.0 0.0 0.0 184.0 179.0 201.0 0.114400476729 -0.150404785548 0.0190634898469 0.1099180102 0.0 
0.0 0.0 0.0 0.0 0.0 0.0 0.0 0.0 0.0 100.0 0.0 0.0 176.0 198.0 170.0 0.0190634898469 0.1099180102 0.138335333506 0.148671234746 0.0 
0.0 0.0 0.0 0.0 0.0 0.0 0.0 0.0 0.0 0.0 0.0 0.0 174.0 216.0 104.0 0.138335333506 0.148671234746 0.0197153277027 0.131376083707 0.0 
0.0 0.0 0.0 0.0 0.0 0.0 0.0 0.0 0.0 0.0 0.0 0.0 174.0 224.0 52.0 0.0197153277027 0.131376083707 0.00854299210823 -0.0188744502472 0.0 
0.0 0.0 0.0 0.0 0.0 0.0 0.0 0.0 0.0 0.0 0.0 0.0 175.0 222.0 60.0 0.00854299210823 -0.0188744502472 0.164848450118 -0.0466914311169 0.0932018977706 
0.0 0.0 0.0 0.0 0.0 0.0 0.0 0.0 0.0 0.0 0.0 0.0 174.0 214.0 129.0 0.164848450118 -0.0466914311169 0.0323981030933 0.138409914118 0.007079626004 
0.0 0.0 0.0 0.0 0.0 0.0 0.0 0.0 0.0 0.0 0.0 0.0 168.0 225.0 108.0 0.0323981030933 0.138409914118 0.30979115819 -0.0760218087816 0.0 
0.0 0.0 0.0 0.0 0.0 0.0 0.0 0.0 0.0 0.0 0.0 0.0 147.0 246.0 134.0 0.30979115819 -0.0760218087816 -0.0519204725232 0.292862079474 0.0263911669174 
0.0 0.0 0.0 0.0 0.0 0.0 0.0 0.0 0.0 0.0 0.0 0.0 141.0 249.0 116.0 -0.0519204725232 0.292862079474 0.216581762445 0.212183763262 -0.0334707929214 
0.0 0.0 0.0 0.0 0.0 0.0 100.0 0.0 0.0 0.0 0.0 0.0 142.0 252.0 68.0 0.216581762445 0.212183763262 0.00812484784173 0.202507419573 0.0670549870006 
0.0 0.0 0.0 0.0 0.0 0.0 100.0 0.0 0.0 0.0 0.0 0.0 141.0 249.0 40.0 0.00812484784173 0.202507419573 -0.0128185804323 -0.030722948824 0.176513471364 
0.0 0.0 0.0 0.0 0.0 0.0 100.0 0.0 0.0 0.0 0.0 0.0 139.0 255.0 48.0 -0.0128185804323 -0.030722948824 0.00471804881835 0.244344201829 0.140158706568 
0.0 0.0 0.0 0.0 0.0 0.0 100.0 0.0 0.0 0.0 0.0 0.0 139.0 251.0 41.0 0.00471804881835 0.244344201829 -0.201702530074 0.076797383607 -0.0107490933287 
0.0 0.0 0.0 0.0 0.0 0.0 0.0 0.0 0.0 0.0 0.0 0.0 150.0 240.0 38.0 -0.201702530074 0.076797383607 -0.0859996576444 -0.16534133655 0.0218542078796 
0.0 0.0 0.0 0.0 0.0 0.0 0.0 0.0 0.0 0.0 0.0 0.0 160.0 234.0 50.0 -0.0859996576444 -0.16534133655 -0.0554595519242 -0.0866166260537 0.0 
0.0 0.0 0.0 0.0 0.0 0.0 0.0 0.0 0.0 0.0 0.0 0.0 177.0 206.0 85.0 -0.0554595519242 -0.0866166260537 0.286814099533 -0.0668484094811 -0.0218542078796 
0.0 0.0 0.0 0.0 0.0 0.0 0.0 0.0 0.0 0.0 0.0 0.0 194.0 175.0 115.0 0.286814099533 -0.0668484094811 -0.0253213280847 -0.0410191221257 -0.0111251406083 
0.0 0.0 0.0 0.0 0.0 0.0 0.0 0.0 0.0 0.0 0.0 0.0 177.0 226.0 255.0 -0.0253213280847 -0.0410191221257 -0.120364151526 -0.0141977767333 0.0 
0.0 0.0 0.0 0.0 0.0 0.0 0.0 0.0 0.0 0.0 0.0 0.0 196.0 243.0 255.0 -0.120364151526 -0.0141977767333 0.0444391474884 0.114383049624 -0.0109331203951 
0.0 0.0 0.0 0.0 0.0 0.0 0.0 0.0 0.0 0.0 0.0 0.0 211.0 206.0 255.0 0.0444391474884 0.114383049624 0.233991121705 -0.1975896139 0.0109331203951 
0.0 0.0 0.0 0.0 0.0 0.0 0.0 0.0 0.0 0.0 0.0 0.0 230.0 233.0 255.0 0.233991121705 -0.1975896139 0.045749899722 0.0786113598647 -0.0109331203951 
0.0 0.0 0.0 0.0 0.0 0.0 0.0 0.0 0.0 0.0 0.0 0.0 231.0 217.0 254.0 0.045749899722 0.0786113598647 0.117234647591 -0.0927801842032 0.0 
0.0 0.0 0.0 0.0 0.0 0.0 0.0 0.0 0.0 0.0 0.0 0.0 230.0 239.0 255.0 0.117234647591 -0.0927801842032 0.0212766913217 -0.244536765875 0.0109331203951 
0.0 0.0 0.0 0.0 0.0 0.0 0.0 0.0 0.0 100.0 0.0 0.0 214.0 249.0 255.0 0.0212766913217 -0.244536765875 -0.16074137103 0.0431361007026 0.0 
0.0 0.0 0.0 0.0 0.0 0.0 0.0 0.0 0.0 0.0 0.0 0.0 192.0 246.0 255.0 -0.16074137103 0.0431361007026 0.0705060348332 0.0332491973221 0.0 
0.0 0.0 0.0 0.0 0.0 0.0 0.0 0.0 0.0 0.0 0.0 0.0 172.0 228.0 255.0 0.0705060348332 0.0332491973221 0.0645357675288 -0.00660065907337 0.0 
0.0 0.0 0.0 0.0 0.0 0.0 0.0 0.0 0.0 0.0 0.0 0.0 157.0 241.0 255.0 0.0645357675288 -0.00660065907337 0.298277999637 0.0429436480506 0.0 
0.0 0.0 0.0 0.0 0.0 0.0 0.0 0.0 0.0 0.0 0.0 0.0 127.0 238.0 255.0 0.298277999637 0.0429436480506 0.244116820155 -0.122497978131 0.0 
0.0 0.0 0.0 0.0 0.0 0.0 0.0 0.0 0.0 0.0 0.0 0.0 116.0 254.0 255.0 0.244116820155 -0.122497978131 0.0697140276728 -0.0212694741097 0.0329793484879 
0.0 0.0 0.0 0.0 0.0 0.0 0.0 0.0 0.0 0.0 0.0 0.0 113.0 255.0 255.0 0.0697140276728 -0.0212694741097 0.185078073609 0.208714585808 -0.0329793484879 
0.0 0.0 0.0 0.0 0.0 0.0 0.0 0.0 0.0 0.0 0.0 0.0 110.0 255.0 255.0 0.185078073609 0.208714585808 0.0241449804036 0.121964260727 0.0 
0.0 0.0 0.0 0.0 0.0 0.0 0.0 0.0 0.0 0.0 0.0 0.0 109.0 254.0 246.0 0.0241449804036 0.121964260727 0.162592189457 -0.0446347852599 0.0 
0.0 0.0 0.0 0.0 0.0 0.0 0.0 0.0 0.0 0.0 0.0 0.0 108.0 255.0 255.0 0.162592189457 -0.0446347852599 -0.03013843164 -0.0474511094396 0.0329793484879 
0.0 0.0 0.0 0.0 0.0 0.0 0.0 0.0 0.0 0.0 0.0 0.0 108.0 255.0 255.0 -0.03013843164 -0.0474511094396 0.117099745507 0.263999586226 0.0 
0.0 0.0 0.0 0.0 0.0 0.0 0.0 0.0 0.0 0.0 0.0 0.0 108.0 255.0 255.0 0.117099745507 0.263999586226 -0.0413545519224 0.00374302466647 -0.0329793484879 
0.0 0.0 0.0 0.0 0.0 0.0 0.0 0.0 0.0 0.0 0.0 0.0 107.0 255.0 252.0 -0.0413545519224 0.00374302466647 0.160615161867 0.0697876779892 0.0 
0.0 0.0 100.0 0.0 0.0 0.0 0.0 0.0 0.0 0.0 0.0 0.0 107.0 255.0 241.0 0.160615161867 0.0697876779892 0.18384191305 0.33 0.0329793484879 
0.0 100.0 100.0 0.0 0.0 100.0 0.0 100.0 0.0 100.0 0.0 0.0 111.0 255.0 204.0 0.18384191305 0.33 -0.0484017431484 0.155450499886 0.0 
0.0 0.0 100.0 0.0 0.0 100.0 0.0 100.0 0.0 0.0 0.0 0.0 121.0 252.0 166.0 -0.0484017431484 0.155450499886 0.0794235087134 0.0711182994887 0.0870736452566 
0.0 0.0 0.0 0.0 0.0 0.0 0.0 0.0 0.0 0.0 0.0 0.0 132.0 249.0 140.0 0.0794235087134 0.0711182994887 -0.0213611082956 0.198208715122 0.0549098242573 
0.0 0.0 0.0 0.0 0.0 0.0 0.0 0.0 0.0 0.0 0.0 0.0 143.0 248.0 87.0 -0.0213611082956 0.198208715122 0.112789073912 -0.0702681641813 0.0371554831585 
0.0 0.0 0.0 0.0 0.0 0.0 0.0 0.0 0.0 0.0 0.0 0.0 145.0 249.0 102.0 0.112789073912 -0.0702681641813 -0.118738851167 0.161994603197 0.149980181889 
0.0 0.0 0.0 0.0 0.0 0.0 0.0 0.0 0.0 0.0 0.0 0.0 154.0 240.0 91.0 -0.118738851167 0.161994603197 0.164857054748 0.0979195908839 -0.00101318505154 
0.0 0.0 0.0 0.0 0.0 0.0 0.0 0.0 0.0 0.0 0.0 0.0 152.0 247.0 53.0 0.164857054748 0.0979195908839 0.0406016902689 0.158630725356 0.028030983517 
0.0 0.0 0.0 0.0 0.0 0.0 0.0 0.0 0.0 0.0 0.0 0.0 151.0 245.0 40.0 0.0406016902689 0.158630725356 -0.0343627791912 -0.0546967089268 0.069332081751 
0.0 0.0 0.0 0.0 0.0 0.0 0.0 0.0 0.0 0.0 0.0 0.0 150.0 249.0 49.0 -0.0343627791912 -0.0546967089268 0.0483448125534 -0.131233071164 0.0859217695326 
0.0 0.0 0.0 0.0 0.0 0.0 0.0 0.0 0.0 0.0 0.0 0.0 149.0 252.0 62.0 0.0483448125534 -0.131233071164 -0.120247937825 -0.0848677003927 -0.0251894305902 
0.0 0.0 0.0 0.0 0.0 0.0 0.0 0.0 0.0 0.0 0.0 0.0 137.0 226.0 247.0 -0.120247937825 -0.0848677003927 0.169801487967 0.13002773618 0.0 
0.0 0.0 0.0 0.0 0.0 0.0 0.0 0.0 0.0 0.0 0.0 0.0 150.0 217.0 219.0 0.169801487967 0.13002773618 0.0909174743269 0.163750671012 -0.0148146186105 
0.0 0.0 0.0 0.0 0.0 0.0 0.0 0.0 0.0 0.0 0.0 0.0 151.0 235.0 146.0 0.0909174743269 0.163750671012 -0.0916376921234 0.202045833233 0.0255199810438 
0.0 0.0 0.0 0.0 0.0 0.0 0.0 0.0 0.0 0.0 0.0 0.0 161.0 236.0 81.0 -0.0916376921234 0.202045833233 0.142120500916 0.063228553805 0.0 
0.0 0.0 0.0 0.0 0.0 0.0 0.0 0.0 0.0 0.0 0.0 0.0 159.0 243.0 51.0 0.142120500916 0.063228553805 0.33 0.0499943719874 0.102279421726 
# HEADER 4
0.0 0.0 0.0 0.0 0.0 0.0 0.0 0.0 0.0 0.0 0.0 0.0 133.0 250.0 255.0 0 0 -0.112343807675 0.0771547372485 0.0206886106997 
0.0 0.0 0.0 0.0 0.0 0.0 0.0 0.0 0.0 0.0 0.0 0.0 142.0 237.0 255.0 -0.112343807675 0.0771547372485 -0.0900152629026 -0.0130974492481 0.0 
0.0 0.0 0.0 0.0 0.0 0.0 0.0 0.0 0.0 0.0 0.0 0.0 162.0 234.0 255.0 -0.0900152629026 -0.0130974492481 0.316358602261 -0.154099036553 0.0 
0.0 0.0 0.0 0.0 0.0 0.0 0.0 0.0 0.0 0.0 0.0 0.0 147.0 250.0 255.0 0.316358602261 -0.154099036553 0.312867839492 0.0197664034104 0.0 
0.0 0.0 0.0 0.0 0.0 0.0 0.0 0.0 0.0 0.0 0.0 0.0 118.0 251.0 255.0 0.312867839492 0.0197664034104 0.00348746817889 0.198104481012 0.0 
0.0 0.0 0.0 0.0 0.0 0.0 0.0 0.0 0.0 0.0 0.0 0.0 117.0 249.0 254.0 0.00348746817889 0.198104481012 -0.00736934295354 0.248576551509 0.0195314845049 
0.0 0.0 0.0 0.0 0.0 0.0 0.0 0.0 0.0 0.0 0.0 0.0 125.0 248.0 203.0 -0.00736934295354 0.248576551509 0.165906143256 0.13769713181 0.0 
0.0 0.0 0.0 0.0 0.0 0.0 0.0 0.0 0.0 0.0 0.0 0.0 129.0 249.0 160.0 0.165906143256 0.13769713181 -0.0316263290934 0.301458630075 0.0 
0.0 0.0 0.0 0.0 0.0 0.0 0.0 100.0 0.0 0.0 0.0 0.0 132.0 252.0 109.0 -0.0316263290934 0.301458630075 -0.096807800867 0.175607058637 0.103981337937 
0.0 0.0 0.0 0.0 0.0 0.0 100.0 0.0 0.0 0.0 0.0 0.0 134.0 253.0 76.0 -0.096807800867 0.175607058637 -0.0589247711502 -0.0300867117341 0.176785786232 
0.0 0.0 0.0 0.0 0.0 0.0 100.0 0.0 0.0 0.0 0.0 0.0 138.0 253.0 80.0 -0.0589247711502 -0.0300867117341 -0.0515310428849 0.000648354306866 0.195891945736 
0.0 0.0 0.0 0.0 0.0 0.0 0.0 0.0 0.0 0.0 0.0 0.0 143.0 248.0 84.0 -0.0515310428849 0.000648354306866 -0.0691586732124 0.0660435243455 -0.0267916723407 
0.0 0.0 0.0 0.0 0.0 0.0 0.0 0.0 0.0 0.0 0.0 0.0 153.0 239.0 76.0 -0.0691586732124 0.0660435243455 0.0350715970011 -0.101465937961 0.0221639569932 
0.0 0.0 0.0 0.0 0.0 0.0 0.0 0.0 0.0 0.0 0.0 0.0 150.0 235.0 126.0 0.0350715970011 -0.101465937961 0.0884317484453 0.0157957456035 0.0141842086812 
0.0 0.0 0.0 0.0 0.0 0.0 0.0 0.0 0.0 0.0 0.0 0.0 138.0 247.0 135.0 0.0884317484453 0.0157957456035 0.0727789532878 0.0771824839287 -0.0141842086812 
0.0 0.0 0.0 0.0 0.0 0.0 0.0 0.0 0.0 0.0 0.0 0.0 138.0 248.0 121.0 0.0727789532878 0.0771824839287 0.0643738470772 -0.0427586673761 0.0 
0.0 0.0 0.0 0.0 0.0 0.0 0.0 0.0 0.0 0.0 0.0 0.0 133.0 251.0 146.0 0.0643738470772 -0.0427586673761 -0.0863764682818 0.113544572621 0.0141842086812 
0.0 0.0 0.0 0.0 0.0 0.0 0.0 0.0 0.0 0.0 0.0 0.0 139.0 247.0 132.0 -0.0863764682818 0.113544572621 -0.111948744914 0.102807108533 -0.0141842086812 
0.0 0.0 0.0 0.0 0.0 0.0 0.0 0.0 0.0 0.0 0.0 0.0 153.0 239.0 94.0 -0.111948744914 0.102807108533 0.103812755817 -0.0245002199847 0.0141842086812 
0.0 0.0 0.0 0.0 0.0 0.0 0.0 0.0 0.0 0.0 0.0 0.0 147.0 244.0 109.0 0.103812755817 -0.0245002199847 -0.0615513570197 -0.0130648220404 0.027595856871 
0.0 0.0 0.0 0.0 0.0 0.0 0.0 0.0 0.0 0.0 0.0 0.0 146.0 235.0 165.0 -0.0615513570197 -0.0130648220404 0.0545518395226 0.33 0.0132114218536 
0.0 0.0 0.0 0.0 0.0 0.0 0.0 0.0 0.0 0.0 0.0 0.0 148.0 245.0 105.0 0.0545518395226 0.33 0.125244119283 0.134938142493 -0.0664249396789 
0.0 0.0 0.0 0.0 0.0 0.0 0.0 0.0 0.0 0.0 0.0 0.0 151.0 247.0 59.0 0.125244119283 0.134938142493 0.0227618135781 -0.265154099307 0.093578152119 
0.0 0.0 0.0 0.0 0.0 0.0 0.0 0.0 0.0 0.0 0.0 0.0 143.0 250.0 115.0 0.0227618135781 -0.265154099307 0.139557198196 0.0158144240601 0.169163453947 
0.0 0.0 0.0 0.0 0.0 0.0 0.0 0.0 0.0 0.0 0.0 0.0 137.0 250.0 144.0 0.139557198196 0.0158144240601 0.0718307659604 0.0640632238845 0.0 
0.0 0.0 0.0 0.0 0.0 0.0 0.0 0.0 0.0 0.0 0.0 0.0 137.0 250.0 132.0 0.0718307659604 0.0640632238845 -0.0102235380735 0.160669501954 -0.0119272394063 
0.0 0.0 0.0 0.0 0.0 0.0 0.0 0.0 0.0 0.0 0.0 0.0 139.0 250.0 105.0 -0.0102235380735 0.160669501954 -0.0106153033129 0.271775050274 0.0119272394063 
0.0 0.0 0.0 0.0 0.0 0.0 0.0 0.0 0.0 0.0 0.0 0.0 146.0 250.0 51.0 -0.0106153033129 0.271775050274 0.230310166107 -0.271074179427 0.0872628703834 
0.0 0.0 0.0 0.0 0.0 0.0 0.0 0.0 0.0 0.0 0.0 0.0 147.0 253.0 65.0 0.230310166107 -0.271074179427 -0.169000915248 -0.0334644826934 0.228720385807 
0.0 0.0 0.0 0.0 0.0 0.0 0.0 0.0 0.0 0.0 0.0 0.0 141.0 235.0 198.0 -0.169000915248 -0.0334644826934 -0.0106569634055 0.0122216540033 0.0 
0.0 0.0 0.0 0.0 0.0 0.0 0.0 0.0 0.0 0.0 0.0 0.0 144.0 231.0 204.0 -0.0106569634055 0.0122216540033 -0.0706589543812 -0.136880110841 -0.00769083007614 
0.0 0.0 0.0 0.0 0.0 0.0 0.0 0.0 0.0 0.0 0.0 0.0 148.0 222.0 255.0 -0.0706589543812 -0.136880110841 0.129490320381 0.13653384093 0.0 
0.0 0.0 0.0 0.0 0.0 0.0 0.0 0.0 0.0 0.0 0.0 0.0 160.0 198.0 245.0 0.129490320381 0.13653384093 -0.0287823868699 -0.184553892359 0.0 
0.0 0.0 0.0 0.0 0.0 0.0 0.0 0.0 0.0 0.0 0.0 0.0 168.0 223.0 255.0 -0.0287823868699 -0.184553892359 0.128072097944 -0.0726953030227 0.0 
0.0 0.0 0.0 0.0 0.0 0.0 0.0 0.0 0.0 0.0 0.0 0.0 161.0 249.0 255.0 0.128072097944 -0.0726953030227 0.0257461200097 -0.0410499193651 0.0 
0.0 0.0 0.0 0.0 0.0 0.0 0.0 0.0 0.0 0.0 0.0 0.0 152.0 250.0 255.0 0.0257461200097 -0.0410499193651 -0.0245700051125 0.0287093241929 0.0 
0.0 0.0 0.0 0.0 0.0 0.0 0.0 0.0 0.0 0.0 0.0 0.0 151.0 250.0 255.0 -0.0245700051125 0.0287093241929 0.223362627185 -0.0991666186461 0.0 
0.0 0.0 0.0 0.0 0.0 0.0 0.0 0.0 0.0 0.0 0.0 0.0 136.0 250.0 255.0 0.223362627185 -0.0991666186461 -0.057452653943 0.111197023585 0.0 
0.0 0.0 0.0 0.0 0.0 0.0 0.0 0.0 0.0 0.0 0.0 0.0 136.0 250.0 255.0 -0.057452653943 0.111197023585 0.329116226569 0.0674731440948 0.0 
0.0 0.0 0.0 0.0 0.0 0.0 0.0 0.0 0.0 0.0 0.0 0.0 144.0 217.0 255.0 0.329116226569 0.0674731440948 0.33 -0.08796901738 0.0 
0.0 0.0 0.0 0.0 0.0 0.0 0.0 0.0 0.0 0.0 0.0 0.0 129.0 249.0 255.0 0.33 -0.08796901738 0.0500163791469 -0.224475738732 0.0 
0.0 0.0 0.0 0.0 0.0 0.0 0.0 0.0 0.0 0.0 0.0 0.0 116.0 254.0 255.0 0.0500163791469 -0.224475738732 -0.104468303229 -0.127933797634 0.0 
0.0 0.0 0.0 0.0 0.0 0.0 0.0 0.0 0.0 0.0 0.0 0.0 111.0 255.0 255.0 -0.104468303229 -0.127933797634 0.0527145910119 -0.175213827637 0.0 
0.0 0.0 0.0 0.0 0.0 0.0 0.0 0.0 0.0 0.0 0.0 0.0 110.0 255.0 255.0 0.0527145910119 -0.175213827637 0.0574672301005 0.0178286071875 0.0 
0.0 0.0 0.0 0.0 0.0 0.0 0.0 0.0 0.0 0.0 0.0 0.0 110.0 255.0 255.0 0.0574672301005 0.0178286071875 -0.0163871284132 -0.0518371101365 0.0 
0.0 0.0 0.0 0.0 0.0 0.0 0.0 0.0 0.0 0.0 0.0 0.0 111.0 255.0 255.0 -0.0163871284132 -0.0518371101365 0.0521550399835 0.216195954805 0.00769083007614 
0.0 0.0 0.0 0.0 0.0 0.0 0.0 0.0 0.0 0.0 0.0 0.0 112.0 255.0 255.0 0.0521550399835 0.216195954805 0.0398516083347 -0.0796785737574 -0.00769083007614 
0.0 0.0 0.0 0.0 0.0 0.0 0.0 0.0 0.0 0.0 0.0 0.0 112.0 255.0 255.0 0.0398516083347 -0.0796785737574 -0.165804621331 -0.149360926445 0.0 
0.0 0.0 0.0 0.0 0.0 0.0 0.0 0.0 0.0 0.0 0.0 0.0 112.0 255.0 255.0 -0.165804621331 -0.149360926445 -0.0289646874797 -0.122931160596 0.0 
0.0 0.0 0.0 0.0 0.0 0.0 0.0 0.0 0.0 0.0 0.0 0.0 112.0 255.0 255.0 -0.0289646874797 -0.122931160596 0.157866438514 0.0553273769012 0.0 
0.0 0.0 0.0 0.0 0.0 0.0 0.0 0.0 0.0 0.0 0.0 0.0 110.0 255.0 255.0 0.157866438514 0.0553273769012 0.214873329986 0.00489937193915 0.0 
0.0 0.0 0.0 0.0 0.0 0.0 0.0 0.0 0.0 0.0 0.0 0.0 108.0 255.0 255.0 0.214873329986 0.00489937193915 0.0229106358415 0.199408433346 0.0 
0.0 0.0 0.0 0.0 0.0 0.0 0.0 0.0 0.0 0.0 0.0 0.0 107.0 255.0 250.0 0.0229106358415 0.199408433346 -0.249541571186 0.174558412476 0.00769083007614 
0.0 0.0 0.0 0.0 0.0 0.0 0.0 0.0 0.0 0.0 0.0 0.0 121.0 250.0 201.0 -0.249541571186 0.174558412476 0.221054209263 0.17240374658 0.0 
0.0 0.0 0.0 0.0 0.0 0.0 0.0 100.0 0.0 0.0 0.0 0.0 127.0 252.0 160.0 0.221054209263 0.17240374658 -0.0395889141742 0.0720496992363 0.0366610030491 
0.0 0.0 0.0 0.0 0.0 100.0 0.0 100.0 0.0 0.0 0.0 0.0 131.0 249.0 143.0 -0.0395889141742 0.0720496992363 0.0569328064417 0.118317623192 0.0742876864153 
0.0 0.0 0.0 0.0 0.0 0.0 0.0 0.0 0.0 0.0 0.0 0.0 141.0 247.0 106.0 0.0569328064417 0.118317623192 0.186848370779 -0.043861105246 0.0112312800411 
0.0 0.0 0.0 0.0 0.0 0.0 0.0 0.0 0.0 0.0 0.0 0.0 136.0 253.0 127.0 0.186848370779 -0.043861105246 0.149295126874 0.0988104415243 0.135117822799 
0.0 0.0 0.0 0.0 0.0 0.0 0.0 0.0 0.0 0.0 0.0 0.0 133.0 253.0 126.0 0.149295126874 0.0988104415243 0.0440968274511 0.0889738956983 0.00324750695997 
0.0 0.0 0.0 0.0 0.0 0.0 100.0 0.0 0.0 0.0 0.0 0.0 133.0 253.0 116.0 0.0440968274511 0.0889738956983 0.157696581884 -0.0717527349287 0.0 
0.0 0.0 0.0 0.0 0.0 0.0 0.0 0.0 0.0 0.0 0.0 0.0 128.0 255.0 143.0 0.157696581884 -0.0717527349287 -0.0771596667912 0.0109284358653 0.0 
0.0 0.0 0.0 0.0 0.0 0.0 0.0 0.0 0.0 0.0 0.0 0.0 130.0 251.0 155.0 -0.0771596667912 0.0109284358653 0.116000561281 0.231271492555 0.0 
0.0 0.0 0.0 0.0 0.0 0.0 0.0 0.0 0.0 0.0 0.0 0.0 133.0 250.0 125.0 0.116000561281 0.231271492555 0.0545550811412 -0.107562536806 0.0317751939751 
0.0 0.0 0.0 0.0 0.0 0.0 0.0 0.0 0.0 0.0 0.0 0.0 128.0 254.0 155.0 0.0545550811412 -0.107562536806 0.0306860038155 0.203048829219 0.00266269073661 
0.0 0.0 0.0 0.0 0.0 0.0 0.0 0.0 0.0 0.0 0.0 0.0 125.0 253.0 154.0 0.0306860038155 0.203048829219 0.0945612592907 0.219688703184 0.0353576666354 
0.0 0.0 0.0 0.0 0.0 0.0 100.0 0.0 0.0 0.0 0.0 0.0 130.0 253.0 120.0 0.0945612592907 0.219688703184 0.0506240626359 0.228863902847 0.0 
# HEADER 5
0.0 0.0 0.0 0.0 0.0 0.0 0.0 0.0 0.0 0.0 0.0 0.0 133.0 250.0 255.0 0 0 0.070606824579 0.33 0.303610158042 
0.0 0.0 0.0 0.0 0.0 0.0 0.0 0.0 0.0 0.0 0.0 0.0 132.0 232.0 252.0 0.070606824579 0.33 -0.00854555058723 0.0635488978366 0.0 
0.0 0.0 0.0 0.0 0.0 0.0 0.0 0.0 0.0 0.0 0.0 0.0 135.0 240.0 205.0 -0.00854555058723 0.0635488978366 0.0858630893516 0.0507810579959 0.0 
0.0 0.0 0.0 0.0 0.0 0.0 0.0 0.0 0.0 0.0 0.0 0.0 134.0 247.0 174.0 0.0858630893516 0.0507810579959 -0.0585424085244 0.0427402409685 0.0 
0.0 0.0 0.0 0.0 0.0 0.0 0.0 0.0 0.0 0.0 0.0 0.0 133.0 248.0 163.0 -0.0585424085244 0.0427402409685 0.0282131507927 0.162127813947 0.0 
0.0 0.0 0.0 0.0 0.0 0.0 0.0 0.0 0.0 0.0 0.0 0.0 135.0 249.0 134.0 0.0282131507927 0.162127813947 -0.305134612013 0.192776255365 0.0 
0.0 0.0 0.0 0.0 0.0 0.0 0.0 0.0 0.0 0.0 0.0 0.0 150.0 247.0 69.0 -0.305134612013 0.192776255365 0.1254601408 -0.16575933692 0.0780080466354 
0.0 0.0 0.0 0.0 0.0 0.0 0.0 0.0 0.0 0.0 0.0 0.0 170.0 211.0 137.0 0.1254601408 -0.16575933692 0.0109088278769 0.245241876114 0.17792286517 
0.0 0.0 0.0 0.0 0.0 0.0 0.0 0.0 0.0 0.0 0.0 0.0 189.0 191.0 107.0 0.0109088278769 0.245241876114 0.0603465518403 0.0352747557147 0.0380365045155 
0.0 0.0 0.0 0.0 0.0 0.0 0.0 0.0 0.0 0.0 0.0 0.0 213.0 159.0 87.0 0.0603465518403 0.0352747557147 0.0879615197658 -0.232060456402 0.0 
# HEADER 6
0.0 0.0 0.0 0.0 0.0 0.0 0.0 0.0 0.0 0.0 0.0 0.0 133.0 249.0 255.0 0 0 0.0832842777349 -0.236779948145 0.0 
0.0 0.0 0.0 0.0 0.0 0.0 0.0 0.0 0.0 0.0 0.0 0.0 124.0 250.0 255.0 0.0832842777349 -0.236779948145 -0.0175357442185 -0.113151915981 0.0 
0.0 0.0 0.0 0.0 0.0 0.0 0.0 0.0 0.0 0.0 0.0 0.0 121.0 250.0 255.0 -0.0175357442185 -0.113151915981 0.256013182825 0.224294433064 0.0 
0.0 0.0 0.0 0.0 0.0 0.0 0.0 0.0 0.0 0.0 0.0 0.0 116.0 253.0 255.0 0.256013182825 0.224294433064 0.009338875356 0.0228465394082 0.0 
0.0 0.0 0.0 0.0 0.0 0.0 0.0 0.0 0.0 0.0 0.0 0.0 111.0 254.0 254.0 0.009338875356 0.0228465394082 0.0232602900497 0.149751438837 0.0 
0.0 0.0 100.0 0.0 0.0 0.0 0.0 0.0 0.0 0.0 0.0 0.0 112.0 254.0 232.0 0.0232602900497 0.149751438837 -0.283452285751 -0.212484577236 0.0 
0.0 0.0 0.0 0.0 0.0 0.0 0.0 0.0 0.0 0.0 0.0 0.0 115.0 250.0 255.0 -0.283452285751 -0.212484577236 0.189864630834 0.0894437689797 0.0 
0.0 0.0 0.0 0.0 0.0 0.0 0.0 0.0 0.0 0.0 0.0 0.0 132.0 230.0 251.0 0.189864630834 0.0894437689797 0.0752436101409 0.119394325186 0.0 
0.0 0.0 0.0 0.0 0.0 0.0 0.0 0.0 0.0 0.0 0.0 0.0 136.0 238.0 194.0 0.0752436101409 0.119394325186 0.0514645186334 0.135477893816 0.0 
0.0 0.0 0.0 0.0 0.0 0.0 0.0 0.0 0.0 0.0 0.0 0.0 137.0 247.0 145.0 0.0514645186334 0.135477893816 0.131244009635 0.0949983255126 0.0 
0.0 0.0 0.0 0.0 0.0 0.0 0.0 100.0 0.0 0.0 0.0 0.0 139.0 247.0 120.0 0.131244009635 0.0949983255126 0.0501985798479 0.0591457165266 0.0 
0.0 0.0 0.0 0.0 0.0 0.0 0.0 0.0 0.0 0.0 0.0 0.0 140.0 248.0 109.0 0.0501985798479 0.0591457165266 -0.0583757177982 -0.121305099912 0.0952020245506 
0.0 0.0 0.0 0.0 0.0 0.0 0.0 0.0 0.0 0.0 0.0 0.0 138.0 246.0 161.0 -0.0583757177982 -0.121305099912 -0.0928149780732 0.264659579181 0.0477201613321 
0.0 0.0 0.0 0.0 0.0 0.0 0.0 0.0 0.0 0.0 0.0 0.0 148.0 241.0 127.0 -0.0928149780732 0.264659579181 -0.0848188182383 0.00159087007444 0.0 
0.0 0.0 0.0 0.0 0.0 0.0 0.0 0.0 0.0 0.0 0.0 0.0 162.0 227.0 114.0 -0.0848188182383 0.00159087007444 0.0395272190031 0.0527231551727 0.0 
0.0 0.0 0.0 0.0 0.0 0.0 0.0 0.0 0.0 0.0 0.0 0.0 176.0 212.0 98.0 0.0395272190031 0.0527231551727 -0.14230519223 -0.00985117736002 0.0 
0.0 0.0 0.0 0.0 0.0 0.0 0.0 0.0 0.0 0.0 0.0 0.0 192.0 184.0 129.0 -0.14230519223 -0.00985117736002 -0.186900905767 0.0777772946448 0.0 
0.0 0.0 0.0 0.0 0.0 0.0 0.0 0.0 0.0 0.0 0.0 0.0 207.0 168.0 107.0 -0.186900905767 0.0777772946448 -0.0149384769442 -0.0178322426551 0.0 
0.0 0.0 0.0 0.0 0.0 0.0 0.0 0.0 0.0 0.0 0.0 0.0 227.0 133.0 146.0 -0.0149384769442 -0.0178322426551 0.104364553917 0.0663645480396 0.0 
0.0 0.0 0.0 0.0 0.0 0.0 0.0 0.0 0.0 0.0 0.0 0.0 219.0 148.0 115.0 0.104364553917 0.0663645480396 -0.0929174793641 -0.33 0.0 
0.0 0.0 0.0 0.0 0.0 0.0 0.0 0.0 0.0 0.0 0.0 0.0 225.0 141.0 205.0 -0.0929174793641 -0.33 -0.236465819582 0.202682074736 0.0 
0.0 0.0 0.0 0.0 0.0 0.0 0.0 0.0 0.0 0.0 0.0 0.0 230.0 122.0 177.0 -0.236465819582 0.202682074736 0.0145292757553 -0.0102524415756 0.0 
0.0 0.0 0.0 0.0 0.0 0.0 0.0 0.0 0.0 0.0 0.0 0.0 230.0 123.0 185.0 0.0145292757553 -0.0102524415756 -0.0757613635801 -0.184693404626 0.0 
0.0 0.0 0.0 0.0 0.0 0.0 0.0 0.0 0.0 0.0 0.0 0.0 229.0 154.0 237.0 -0.0757613635801 -0.184693404626 0.129651002303 0.0150213411543 0.0 
0.0 0.0 0.0 0.0 0.0 0.0 0.0 0.0 0.0 0.0 0.0 0.0 211.0 167.0 243.0 0.129651002303 0.0150213411543 0.105103751544 -0.104092370354 0.0 
0.0 0.0 0.0 0.0 0.0 0.0 0.0 0.0 0.0 0.0 0.0 0.0 194.0 212.0 255.0 0.105103751544 -0.104092370354 0.0618216056461 -0.206732317131 0.0 
0.0 0.0 0.0 0.0 0.0 0.0 0.0 0.0 0.0 0.0 0.0 0.0 175.0 250.0 255.0 0.0618216056461 -0.206732317131 -0.0593649958121 -0.156799754185 0.0 
0.0 0.0 0.0 0.0 0.0 0.0 0.0 0.0 0.0 0.0 0.0 0.0 155.0 251.0 255.0 -0.0593649958121 -0.156799754185 -0.0738212640922 0.007801466429 0.0 
0.0 0.0 0.0 0.0 0.0 0.0 0.0 0.0 0.0 0.0 0.0 0.0 158.0 251.0 255.0 -0.0738212640922 0.007801466429 -0.00197045037521 0.161353566193 0.0 
0.0 0.0 0.0 0.0 0.0 0.0 0.0 0.0 0.0 0.0 0.0 0.0 169.0 224.0 255.0 -0.00197045037521 0.161353566193 0.0231087468523 0.0691189215896 0.0 
0.0 0.0 0.0 0.0 0.0 0.0 0.0 0.0 0.0 0.0 0.0 0.0 179.0 174.0 247.0 0.0231087468523 0.0691189215896 0.206883744616 0.074599247581 0.0 
0.0 0.0 0.0 0.0 0.0 0.0 0.0 0.0 0.0 0.0 0.0 0.0 193.0 165.0 199.0 0.206883744616 0.074599247581 0.0235503192196 -0.0697406516726 0.0 
0.0 0.0 0.0 0.0 0.0 0.0 0.0 0.0 0.0 0.0 0.0 0.0 192.0 165.0 239.0 0.0235503192196 -0.0697406516726 -0.134181601381 0.323382849061 0.0 
0.0 0.0 0.0 0.0 0.0 0.0 0.0 0.0 0.0 0.0 0.0 0.0 204.0 155.0 182.0 -0.134181601381 0.323382849061 -0.0480545281541 0.0919739317874 0.0 
0.0 0.0 0.0 0.0 0.0 0.0 0.0 0.0 0.0 0.0 0.0 0.0 221.0 147.0 115.0 -0.0480545281541 0.0919739317874 0.163204585326 0.0595542286247 0.0 
0.0 0.0 0.0 0.0 0.0 0.0 0.0 0.0 0.0 0.0 0.0 0.0 230.0 135.0 84.0 0.163204585326 0.0595542286247 0.307280516675 -0.0852730863401 0.0 
0.0 0.0 0.0 0.0 0.0 0.0 0.0 0.0 0.0 0.0 0.0 0.0 236.0 122.0 119.0 0.307280516675 -0.0852730863401 0.0166152411395 -0.036934099295 0.0 
0.0 0.0 0.0 0.0 0.0 0.0 0.0 0.0 0.0 0.0 0.0 0.0 231.0 127.0 202.0 0.0166152411395 -0.036934099295 0.0216656733341 0.167766511298 0.0 
0.0 0.0 0.0 0.0 0.0 0.0 0.0 0.0 0.0 0.0 0.0 0.0 230.0 123.0 161.0 0.0216656733341 0.167766511298 -0.110941696523 0.0217085329822 0.0 
0.0 0.0 0.0 0.0 0.0 0.0 0.0 0.0 0.0 0.0 0.0 0.0 231.0 128.0 128.0 -0.110941696523 0.0217085329822 0.108970787608 -0.0729818936817 0.0 
0.0 0.0 0.0 0.0 0.0 0.0 0.0 0.0 0.0 0.0 0.0 0.0 226.0 127.0 185.0 0.108970787608 -0.0729818936817 0.0973757299382 -0.176499788199 0.0 
0.0 0.0 0.0 0.0 0.0 0.0 0.0 0.0 0.0 0.0 0.0 0.0 209.0 171.0 247.0 0.0973757299382 -0.176499788199 -0.222931938089 -0.113102173806 0.0 
0.0 0.0 0.0 0.0 0.0 0.0 0.0 0.0 0.0 0.0 0.0 0.0 196.0 238.0 255.0 -0.222931938089 -0.113102173806 0.193039005352 0.0386559287179 0.0 
0.0 0.0 0.0 0.0 0.0 0.0 0.0 0.0 0.0 0.0 0.0 0.0 176.0 240.0 255.0 0.193039005352 0.0386559287179 0.0561455122707 0.20809793674 0.0 
0.0 0.0 0.0 0.0 0.0 0.0 0.0 0.0 0.0 0.0 0.0 0.0 157.0 198.0 247.0 0.0561455122707 0.20809793674 -0.120290640582 0.0998042903462 0.0 
0.0 0.0 0.0 0.0 0.0 0.0 0.0 0.0 0.0 0.0 0.0 0.0 152.0 225.0 179.0 -0.120290640582 0.0998042903462 0.057213419291 0.0726897145476 0.0 
0.0 0.0 0.0 0.0 0.0 0.0 0.0 0.0 0.0 0.0 0.0 0.0 148.0 242.0 134.0 0.057213419291 0.0726897145476 0.0297761890072 0.11263924113 0.0 
0.0 0.0 0.0 0.0 0.0 0.0 0.0 0.0 0.0 0.0 0.0 0.0 148.0 247.0 97.0 0.0297761890072 0.11263924113 -0.0260288705772 0.024378827711 0.0 
0.0 0.0 0.0 0.0 0.0 0.0 0.0 0.0 0.0 0.0 0.0 0.0 150.0 247.0 89.0 -0.0260288705772 0.024378827711 0.0887967001235 -0.0651679391605 0.0475111249809 
0.0 0.0 0.0 0.0 0.0 0.0 0.0 0.0 0.0 0.0 0.0 0.0 145.0 247.0 129.0 0.0887967001235 -0.0651679391605 -0.0122547232951 0.229062956732 0.0 
0.0 0.0 0.0 0.0 0.0 0.0 0.0 0.0 0.0 0.0 0.0 0.0 144.0 247.0 113.0 -0.0122547232951 0.229062956732 0.0579294064946 0.0870986490052 0.0 
0.0 0.0 0.0 0.0 0.0 0.0 0.0 0.0 0.0 0.0 0.0 0.0 148.0 247.0 82.0 0.0579294064946 0.0870986490052 0.233776005876 -0.104878950407 0.0470913197162 
0.0 0.0 0.0 0.0 0.0 0.0 0.0 0.0 0.0 0.0 0.0 0.0 141.0 252.0 111.0 0.233776005876 -0.104878950407 -0.0016730735079 0.150490031715 0.0604639880431 
0.0 0.0 0.0 0.0 0.0 0.0 0.0 0.0 0.0 0.0 0.0 0.0 137.0 252.0 116.0 -0.0016730735079 0.150490031715 0.0313244988195 0.150766451884 0.0 
0.0 0.0 0.0 0.0 0.0 0.0 100.0 0.0 0.0 0.0 0.0 0.0 137.0 252.0 94.0 0.0313244988195 0.150766451884 0.114442894874 0.33 0.0 
0.0 0.0 0.0 0.0 0.0 0.0 100.0 0.0 0.0 0.0 0.0 0.0 139.0 253.0 50.0 0.114442894874 0.33 -0.109923296594 -0.0582888282183 0.0608969990463 
0.0 0.0 0.0 0.0 0.0 0.0 100.0 0.0 0.0 0.0 0.0 0.0 145.0 253.0 51.0 -0.109923296594 -0.0582888282183 0.149820439866 0.0834417067435 0.197619832753 
0.0 0.0 0.0 0.0 0.0 0.0 100.0 0.0 0.0 0.0 0.0 0.0 145.0 251.0 49.0 0.149820439866 0.0834417067435 0.0161812862274 0.0914833427784 0.0585211818313 
0.0 0.0 0.0 0.0 0.0 0.0 100.0 0.0 0.0 0.0 0.0 0.0 144.0 248.0 45.0 0.0161812862274 0.0914833427784 -0.0967878753633 0.0873019432136 0.0 
0.0 0.0 0.0 0.0 0.0 0.0 100.0 0.0 0.0 0.0 0.0 0.0 150.0 243.0 41.0 -0.0967878753633 0.0873019432136 -0.141261922247 0.145743039748 0.0 
0.0 0.0 0.0 0.0 0.0 0.0 0.0 0.0 0.0 0.0 0.0 0.0 170.0 215.0 41.0 -0.141261922247 0.145743039748 -0.0540218437928 -0.122076058725 0.0 
0.0 0.0 0.0 0.0 0.0 0.0 0.0 0.0 0.0 0.0 0.0 0.0 183.0 202.0 58.0 -0.0540218437928 -0.122076058725 0.218562081342 -0.0491238298104 0.091885893832 
0.0 0.0 0.0 0.0 0.0 0.0 0.0 0.0 0.0 0.0 0.0 0.0 191.0 184.0 152.0 0.218562081342 -0.0491238298104 0.00212232942219 0.0895195996777 0.0 
0.0 0.0 0.0 0.0 0.0 0.0 0.0 0.0 0.0 0.0 0.0 0.0 196.0 183.0 134.0 0.00212232942219 0.0895195996777 0.14103709315 0.0011828006077 0.0178936450931 
0.0 0.0 0.0 0.0 0.0 0.0 0.0 0.0 0.0 0.0 0.0 0.0 207.0 167.0 129.0 0.14103709315 0.0011828006077 -0.0871627694005 -0.0166034574671 0.0 
0.0 0.0 0.0 0.0 0.0 0.0 0.0 0.0 0.0 0.0 0.0 0.0 219.0 145.0 171.0 -0.0871627694005 -0.0166034574671 -0.100327100141 -0.0827681202456 0.0 
0.0 0.0 0.0 0.0 0.0 0.0 0.0 0.0 0.0 0.0 0.0 0.0 230.0 152.0 224.0 -0.100327100141 -0.0827681202456 0.0748144186986 -0.00801162133296 0.0 
0.0 0.0 0.0 0.0 0.0 0.0 0.0 0.0 0.0 0.0 0.0 0.0 231.0 166.0 243.0 0.0748144186986 -0.00801162133296 0.132497473277 -0.269030916382 0.0 
0.0 0.0 0.0 0.0 0.0 0.0 0.0 0.0 0.0 0.0 0.0 0.0 235.0 225.0 255.0 0.132497473277 -0.269030916382 0.204340197578 -0.1528239221 0.0 
0.0 0.0 0.0 0.0 0.0 0.0 0.0 0.0 0.0 0.0 0.0 0.0 236.0 245.0 255.0 0.204340197578 -0.1528239221 0.167076830557 -0.166699764308 0.0 
0.0 0.0 0.0 0.0 0.0 0.0 0.0 0.0 0.0 0.0 0.0 0.0 231.0 248.0 255.0 0.167076830557 -0.166699764308 0.147980479845 -0.166485305347 0.0 
0.0 0.0 0.0 0.0 0.0 0.0 0.0 0.0 0.0 0.0 0.0 0.0 217.0 250.0 255.0 0.147980479845 -0.166485305347 -0.0164059130087 -0.122324606095 0.0 
0.0 0.0 0.0 0.0 0.0 0.0 0.0 0.0 0.0 0.0 0.0 0.0 213.0 250.0 255.0 -0.0164059130087 -0.122324606095 0.26391068694 -0.176537487851 0.0 
0.0 0.0 0.0 0.0 0.0 0.0 0.0 0.0 0.0 0.0 0.0 0.0 214.0 249.0 255.0 0.26391068694 -0.176537487851 0.150255292021 -0.0771227567742 0.0 
0.0 0.0 0.0 0.0 0.0 0.0 0.0 0.0 0.0 0.0 0.0 0.0 217.0 249.0 255.0 0.150255292021 -0.0771227567742 0.0471812911356 -0.0816262183502 0.0 
0.0 0.0 0.0 0.0 0.0 0.0 0.0 0.0 0.0 0.0 0.0 0.0 213.0 250.0 255.0 0.0471812911356 -0.0816262183502 0.0639945553331 0.0508194555345 0.0 
0.0 0.0 0.0 0.0 0.0 0.0 0.0 0.0 0.0 0.0 0.0 0.0 198.0 244.0 255.0 0.0639945553331 0.0508194555345 -0.232251450003 -0.106416513478 0.0 
0.0 0.0 0.0 0.0 0.0 0.0 0.0 0.0 0.0 0.0 0.0 0.0 186.0 251.0 255.0 -0.232251450003 -0.106416513478 0.33 -0.0216309662869 0.0 
0.0 0.0 0.0 0.0 0.0 0.0 0.0 0.0 0.0 0.0 0.0 0.0 172.0 251.0 255.0 0.33 -0.0216309662869 0.012146615215 0.150827113933 0.0 
0.0 0.0 0.0 0.0 0.0 0.0 0.0 0.0 0.0 0.0 0.0 0.0 167.0 246.0 255.0 0.012146615215 0.150827113933 0.0292982062458 0.179020108232 0.0 
0.0 0.0 0.0 0.0 0.0 0.0 0.0 0.0 0.0 0.0 0.0 0.0 156.0 201.0 246.0 0.0292982062458 0.179020108232 0.15624367394 -0.100959807395 0.0 
# HEADER 7
0.0 0.0 0.0 0.0 0.0 0.0 0.0 0.0 0.0 0.0 0.0 0.0 133.0 247.0 255.0 0 0 -0.0851603942213 -0.190481594149 0.0 
0.0 0.0 0.0 0.0 0.0 0.0 0.0 0.0 0.0 0.0 0.0 0.0 143.0 251.0 255.0 -0.0851603942213 -0.190481594149 -0.0370425362218 0.284281221692 0.0 
0.0 0.0 0.0 0.0 0.0 0.0 0.0 0.0 0.0 0.0 0.0 0.0 159.0 237.0 255.0 -0.0370425362218 0.284281221692 0.0855041266029 0.0916949622612 0.0 
0.0 0.0 0.0 0.0 0.0 0.0 0.0 0.0 0.0 0.0 0.0 0.0 172.0 179.0 247.0 0.0855041266029 0.0916949622612 0.093413411516 -0.0118911960937 0.0 
0.0 0.0 0.0 0.0 0.0 0.0 0.0 0.0 0.0 0.0 0.0 0.0 187.0 177.0 249.0 0.093413411516 -0.0118911960937 0.0631859880944 0.105050497918 0.0 
0.0 0.0 0.0 0.0 0.0 0.0 0.0 0.0 0.0 0.0 0.0 0.0 180.0 175.0 224.0 0.0631859880944 0.105050497918 0.217261344291 0.0898990270867 0.0 
0.0 0.0 0.0 0.0 0.0 0.0 0.0 0.0 0.0 0.0 0.0 0.0 171.0 208.0 154.0 0.217261344291 0.0898990270867 0.231238460227 0.0919463033843 0.0 
0.0 0.0 0.0 0.0 0.0 0.0 0.0 0.0 0.0 0.0 0.0 0.0 164.0 228.0 106.0 0.231238460227 0.0919463033843 0.33 -0.102350758162 0.0 
0.0 0.0 0.0 0.0 0.0 0.0 0.0 0.0 0.0 0.0 0.0 0.0 143.0 243.0 152.0 0.33 -0.102350758162 0.138816053985 0.00233199817265 0.0 
0.0 0.0 0.0 0.0 0.0 0.0 0.0 0.0 0.0 0.0 0.0 0.0 130.0 251.0 177.0 0.138816053985 0.00233199817265 -0.0555474816461 0.0746795275818 0.0 
0.0 0.0 100.0 0.0 0.0 0.0 0.0 0.0 0.0 0.0 0.0 0.0 126.0 252.0 168.0 -0.0555474816461 0.0746795275818 0.0349353561943 0.126620906137 0.0 
0.0 0.0 100.0 0.0 0.0 100.0 0.0 100.0 0.0 0.0 0.0 0.0 127.0 252.0 150.0 0.0349353561943 0.126620906137 0.12016009618 0.183890252011 0.0 
0.0 0.0 0.0 0.0 0.0 0.0 0.0 100.0 0.0 0.0 0.0 0.0 130.0 252.0 117.0 0.12016009618 0.183890252011 0.00693180882274 0.268984301342 0.0181070765628 
0.0 0.0 0.0 0.0 0.0 0.0 100.0 0.0 0.0 0.0 0.0 0.0 134.0 252.0 76.0 0.00693180882274 0.268984301342 0.0159524557354 0.0102848692397 0.109294498296 
0.0 0.0 0.0 0.0 0.0 0.0 100.0 0.0 0.0 0.0 0.0 0.0 135.0 253.0 65.0 0.0159524557354 0.0102848692397 -0.15892554449 0.290237528183 0.142344922056 
0.0 0.0 0.0 0.0 0.0 0.0 100.0 0.0 0.0 0.0 0.0 0.0 147.0 240.0 39.0 -0.15892554449 0.290237528183 0.306859625597 0.050633942346 0.0369229779464 
0.0 0.0 0.0 0.0 0.0 0.0 0.0 0.0 0.0 0.0 0.0 0.0 166.0 219.0 40.0 0.306859625597 0.050633942346 -0.04584672482 -0.0663200697472 0.128820344548 
0.0 0.0 0.0 0.0 0.0 0.0 0.0 0.0 0.0 0.0 0.0 0.0 176.0 212.0 52.0 -0.04584672482 -0.0663200697472 0.0420566978406 -0.0990999639467 0.0721622950226 
0.0 0.0 0.0 0.0 0.0 0.0 0.0 0.0 0.0 0.0 0.0 0.0 172.0 207.0 151.0 0.0420566978406 -0.0990999639467 0.294550111507 0.10698329537 0.000997351997391 
0.0 0.0 0.0 0.0 0.0 0.0 0.0 0.0 0.0 0.0 0.0 0.0 146.0 246.0 118.0 0.294550111507 0.10698329537 0.0572701226492 0.00652484577336 -0.0172385058295 
0.0 0.0 0.0 0.0 0.0 0.0 0.0 0.0 0.0 0.0 0.0 0.0 143.0 247.0 113.0 0.0572701226492 0.00652484577336 0.0186236048471 -0.163370361979 0.0172385058295 
0.0 0.0 0.0 0.0 0.0 0.0 0.0 0.0 0.0 0.0 0.0 0.0 132.0 245.0 187.0 0.0186236048471 -0.163370361979 0.109688143338 -0.0531589008068 0.0 
# HEADER 8
0.0 0.0 0.0 0.0 0.0 0.0 0.0 0.0 0.0 0.0 0.0 0.0 134.0 247.0 255.0 0 0 0.0872892781197 0.033516946629 0.0 
0.0 0.0 0.0 0.0 0.0 0.0 0.0 0.0 0.0 0.0 0.0 0.0 133.0 230.0 255.0 0.0872892781197 0.033516946629 0.0165728496342 -0.0142358069328 0.0 
0.0 0.0 0.0 0.0 0.0 0.0 0.0 0.0 0.0 0.0 0.0 0.0 133.0 239.0 255.0 0.0165728496342 -0.0142358069328 0.219329578774 -0.111294968075 0.0 
0.0 0.0 0.0 0.0 0.0 0.0 0.0 0.0 0.0 0.0 0.0 0.0 119.0 251.0 255.0 0.219329578774 -0.111294968075 0.224524363352 0.246593078065 0.0 
0.0 0.0 0.0 0.0 0.0 0.0 0.0 0.0 0.0 0.0 0.0 0.0 113.0 255.0 255.0 0.224524363352 0.246593078065 0.158236065041 0.00269767171945 0.0 
0.0 0.0 0.0 0.0 0.0 0.0 0.0 0.0 0.0 0.0 0.0 0.0 109.0 255.0 255.0 0.158236065041 0.00269767171945 0.0216200744501 0.0645833701916 0.0 
0.0 0.0 0.0 0.0 0.0 0.0 0.0 0.0 0.0 0.0 0.0 0.0 107.0 255.0 248.0 0.0216200744501 0.0645833701916 -0.0348710376906 0.278771248093 0.0 
0.0 0.0 0.0 0.0 0.0 0.0 0.0 100.0 0.0 0.0 100.0 0.0 117.0 252.0 201.0 -0.0348710376906 0.278771248093 0.192055131251 0.165431084247 0.0 
0.0 0.0 0.0 0.0 0.0 100.0 0.0 100.0 0.0 0.0 100.0 0.0 129.0 250.0 153.0 0.192055131251 0.165431084247 -0.0227401547892 0.147190074543 0.0677298719085 
0.0 0.0 0.0 0.0 0.0 0.0 0.0 100.0 0.0 0.0 0.0 0.0 139.0 248.0 108.0 -0.0227401547892 0.147190074543 -0.25428382634 0.33 0.10195388881 
0.0 0.0 0.0 0.0 0.0 0.0 0.0 0.0 0.0 0.0 0.0 0.0 159.0 237.0 47.0 -0.25428382634 0.33 -0.112225974063 -0.0626182138534 0.078372876677 
0.0 0.0 0.0 0.0 0.0 0.0 0.0 0.0 0.0 0.0 0.0 0.0 179.0 209.0 74.0 -0.112225974063 -0.0626182138534 -0.0868302712116 0.0479967194654 0.190912553884 
0.0 0.0 0.0 0.0 0.0 0.0 0.0 0.0 0.0 0.0 0.0 0.0 187.0 197.0 79.0 -0.0868302712116 0.0479967194654 0.0360922692193 -0.0127678227908 0.0255883317686 
0.0 0.0 0.0 0.0 0.0 0.0 0.0 0.0 0.0 0.0 0.0 0.0 203.0 168.0 113.0 0.0360922692193 -0.0127678227908 0.151742811479 0.0364411980725 0.0268080713421 
0.0 0.0 0.0 0.0 0.0 0.0 0.0 0.0 0.0 0.0 0.0 0.0 193.0 185.0 97.0 0.151742811479 0.0364411980725 -0.069187049764 0.18406490152 -0.0268080713421 
0.0 0.0 0.0 0.0 0.0 0.0 0.0 0.0 0.0 0.0 0.0 0.0 175.0 215.0 49.0 -0.069187049764 0.18406490152 0.0506016010195 -0.0596144077386 0.0268080713421 
0.0 0.0 0.0 0.0 0.0 0.0 0.0 0.0 0.0 0.0 0.0 0.0 171.0 223.0 59.0 0.0506016010195 -0.0596144077386 -0.0317926850313 -0.19171953253 0.0124030895528 
0.0 0.0 0.0 0.0 0.0 0.0 0.0 0.0 0.0 0.0 0.0 0.0 167.0 206.0 185.0 -0.0317926850313 -0.19171953253 0.088293743419 0.282369046211 0.0 
0.0 0.0 0.0 0.0 0.0 0.0 0.0 0.0 0.0 0.0 0.0 0.0 170.0 211.0 144.0 0.088293743419 0.282369046211 0.103944354916 0.0591100069485 0.0 
0.0 0.0 0.0 0.0 0.0 0.0 0.0 0.0 0.0 0.0 0.0 0.0 166.0 226.0 94.0 0.103944354916 0.0591100069485 0.0182991823712 -0.281041331547 0.0121521652657 
0.0 0.0 0.0 0.0 0.0 0.0 0.0 0.0 0.0 0.0 0.0 0.0 160.0 213.0 190.0 0.0182991823712 -0.281041331547 -0.185146321456 0.167128504757 0.0 
0.0 0.0 0.0 0.0 0.0 0.0 0.0 0.0 0.0 0.0 0.0 0.0 169.0 207.0 164.0 -0.185146321456 0.167128504757 0.187994167962 0.210705210864 -0.0121521652657 
0.0 0.0 0.0 0.0 0.0 0.0 0.0 0.0 0.0 0.0 0.0 0.0 165.0 229.0 85.0 0.187994167962 0.210705210864 0.0484074086041 -0.0163259994226 0.0121521652657 
0.0 0.0 0.0 0.0 0.0 0.0 0.0 0.0 0.0 0.0 0.0 0.0 151.0 247.0 80.0 0.0484074086041 -0.0163259994226 0.0190508710447 -0.048320288967 0.0 
0.0 0.0 0.0 0.0 0.0 0.0 0.0 0.0 0.0 0.0 0.0 0.0 143.0 243.0 152.0 0.0190508710447 -0.048320288967 -0.0678902075058 0.12372406375 0.0 
0.0 0.0 0.0 0.0 0.0 0.0 0.0 0.0 0.0 0.0 0.0 0.0 142.0 245.0 137.0 -0.0678902075058 0.12372406375 -0.181436317898 0.33 0.0 
0.0 0.0 0.0 0.0 0.0 0.0 0.0 0.0 0.0 0.0 0.0 0.0 163.0 236.0 64.0 -0.181436317898 0.33 0.0497512953534 -0.031462291025 0.0 
0.0 0.0 0.0 0.0 0.0 0.0 0.0 0.0 0.0 0.0 0.0 0.0 164.0 235.0 70.0 0.0497512953534 -0.031462291025 0.137779184292 0.115368072614 0.0796512140092 
0.0 0.0 0.0 0.0 0.0 0.0 0.0 0.0 0.0 0.0 0.0 0.0 152.0 247.0 57.0 0.137779184292 0.115368072614 -0.000551554035156 -0.261091266059 -0.00610773275717 
0.0 0.0 0.0 0.0 0.0 0.0 0.0 0.0 0.0 0.0 0.0 0.0 146.0 247.0 121.0 -0.000551554035156 -0.261091266059 0.061473774534 -0.197045700981 0.028242880501 
0.0 0.0 0.0 0.0 0.0 0.0 0.0 0.0 0.0 0.0 0.0 0.0 126.0 236.0 254.0 0.061473774534 -0.197045700981 0.0352356959663 0.197717710246 -0.028242880501 
# HEADER 9
0.0 0.0 0.0 0.0 0.0 0.0 0.0 0.0 0.0 0.0 0.0 0.0 134.0 249.0 255.0 0 0 -0.0624296204836 0.0404013058371 0.028242880501 
0.0 0.0 0.0 0.0 0.0 0.0 0.0 0.0 0.0 0.0 0.0 0.0 143.0 222.0 255.0 -0.0624296204836 0.0404013058371 -0.0172891129474 0.0823072616585 -0.028242880501 
0.0 0.0 0.0 0.0 0.0 0.0 0.0 0.0 0.0 0.0 0.0 0.0 150.0 217.0 222.0 -0.0172891129474 0.0823072616585 0.14834839426 0.267514491069 0.028242880501 
# HEADER 10
0.0 0.0 0.0 0.0 0.0 0.0 0.0 0.0 0.0 0.0 0.0 0.0 133.0 249.0 255.0 0 0 -0.0606952673243 -0.119057857785 0.0 
0.0 0.0 0.0 0.0 0.0 0.0 0.0 0.0 0.0 0.0 0.0 0.0 141.0 250.0 255.0 -0.0606952673243 -0.119057857785 0.100415801976 0.116476861111 -0.028242880501 
0.0 0.0 0.0 0.0 0.0 0.0 0.0 0.0 0.0 0.0 0.0 0.0 134.0 250.0 255.0 0.100415801976 0.116476861111 0.133603011341 0.0863917171026 0.0 
0.0 0.0 0.0 0.0 0.0 0.0 0.0 0.0 0.0 0.0 0.0 0.0 119.0 248.0 247.0 0.133603011341 0.0863917171026 -0.0817783227301 -0.0764230695273 0.0 
0.0 0.0 0.0 0.0 0.0 0.0 0.0 0.0 0.0 0.0 0.0 0.0 121.0 250.0 255.0 -0.0817783227301 -0.0764230695273 -0.0728515825103 0.126253685666 0.028242880501 
0.0 0.0 0.0 0.0 0.0 0.0 0.0 0.0 0.0 0.0 0.0 0.0 134.0 227.0 250.0 -0.0728515825103 0.126253685666 0.0206681871168 0.0376388637362 0.0 
0.0 0.0 0.0 0.0 0.0 0.0 0.0 0.0 0.0 0.0 0.0 0.0 138.0 230.0 221.0 0.0206681871168 0.0376388637362 0.197830523394 0.238725889124 -0.028242880501 
0.0 0.0 0.0 0.0 0.0 0.0 0.0 100.0 0.0 0.0 0.0 0.0 136.0 247.0 155.0 0.197830523394 0.238725889124 0.167034320645 0.121739062403 0.028242880501 
0.0 0.0 0.0 0.0 0.0 0.0 0.0 100.0 0.0 0.0 0.0 0.0 137.0 249.0 121.0 0.167034320645 0.121739062403 -0.0378385539826 0.0830991276696 0.0 
0.0 0.0 0.0 0.0 0.0 0.0 100.0 100.0 0.0 0.0 0.0 0.0 136.0 251.0 106.0 -0.0378385539826 0.0830991276696 -0.209668691499 0.0937674313007 0.0892838259236 
0.0 0.0 0.0 0.0 0.0 0.0 100.0 100.0 0.0 0.0 0.0 0.0 145.0 247.0 83.0 -0.209668691499 0.0937674313007 0.094023117723 0.19981788828 0.0484977258387 
0.0 0.0 0.0 0.0 0.0 0.0 100.0 0.0 0.0 0.0 0.0 0.0 148.0 247.0 46.0 0.094023117723 0.19981788828 0.00741392121277 0.187520497347 0.0471703683423 
0.0 0.0 0.0 0.0 0.0 0.0 100.0 0.0 0.0 0.0 0.0 0.0 147.0 244.0 39.0 0.00741392121277 0.187520497347 -0.121042955941 0.139827124102 0.0828732667606 
0.0 0.0 0.0 0.0 0.0 0.0 100.0 0.0 0.0 0.0 0.0 0.0 161.0 226.0 39.0 -0.121042955941 0.139827124102 -0.053710404021 -0.0956305155667 0.0606291696285 
0.0 0.0 0.0 0.0 0.0 0.0 0.0 0.0 0.0 0.0 0.0 0.0 171.0 219.0 51.0 -0.053710404021 -0.0956305155667 0.0130647532063 -0.176822209281 0.0422813788465 
0.0 0.0 0.0 0.0 0.0 0.0 0.0 0.0 0.0 0.0 0.0 0.0 174.0 214.0 61.0 0.0130647532063 -0.176822209281 0.177419792814 0.0740392634237 0.0 
0.0 0.0 0.0 0.0 0.0 0.0 0.0 0.0 0.0 0.0 0.0 0.0 162.0 234.0 50.0 0.177419792814 0.0740392634237 -0.00444262270459 0.0201080709358 -0.0300268122107 
0.0 0.0 0.0 0.0 0.0 0.0 100.0 0.0 0.0 0.0 0.0 0.0 150.0 248.0 46.0 -0.00444262270459 0.0201080709358 -0.117072872862 -0.180239403125 0.0 
0.0 0.0 0.0 0.0 0.0 0.0 100.0 0.0 0.0 0.0 0.0 0.0 145.0 255.0 48.0 -0.117072872862 -0.180239403125 -0.12002854724 0.33 0.0 
0.0 0.0 0.0 0.0 0.0 0.0 100.0 0.0 0.0 0.0 0.0 0.0 150.0 247.0 47.0 -0.12002854724 0.33 0.141333790907 -0.00105845433301 -0.00604500007946 
0.0 0.0 0.0 0.0 0.0 0.0 100.0 0.0 0.0 0.0 0.0 0.0 149.0 249.0 46.0 0.141333790907 -0.00105845433301 0.139144106708 -0.245320525554 0.00604500007946 
0.0 0.0 0.0 0.0 0.0 0.0 100.0 0.0 0.0 0.0 0.0 0.0 145.0 255.0 48.0 0.139144106708 -0.245320525554 0.104547076409 -0.0530542627774 0.0 
0.0 0.0 0.0 0.0 0.0 0.0 100.0 0.0 0.0 0.0 0.0 0.0 144.0 255.0 49.0 0.104547076409 -0.0530542627774 -0.142308110719 0.0603417679853 0.0 
0.0 0.0 0.0 0.0 0.0 0.0 100.0 0.0 0.0 0.0 0.0 0.0 150.0 250.0 48.0 -0.142308110719 0.0603417679853 -0.0349310681519 -0.00503131685195 -0.00604500007946 
0.0 0.0 0.0 0.0 0.0 0.0 0.0 0.0 0.0 0.0 0.0 0.0 168.0 229.0 54.0 -0.0349310681519 -0.00503131685195 -0.0388425891881 0.147256697939 0.00604500007946 
0.0 0.0 0.0 0.0 0.0 0.0 0.0 0.0 0.0 0.0 0.0 0.0 183.0 207.0 71.0 -0.0388425891881 0.147256697939 0.142085664153 -0.286476101724 0.0 
0.0 0.0 0.0 0.0 0.0 0.0 0.0 0.0 0.0 0.0 0.0 0.0 174.0 220.0 62.0 0.142085664153 -0.286476101724 -0.158407870109 0.109571362251 0.0 
0.0 0.0 0.0 0.0 0.0 0.0 0.0 0.0 0.0 0.0 0.0 0.0 157.0 243.0 49.0 -0.158407870109 0.109571362251 -0.111069109255 0.0697618928675 0.0 
0.0 0.0 0.0 0.0 0.0 0.0 100.0 0.0 0.0 0.0 0.0 0.0 151.0 253.0 48.0 -0.111069109255 0.0697618928675 -0.0270335490489 0.0537218727035 -0.00604500007946 
0.0 0.0 0.0 0.0 0.0 0.0 100.0 0.0 0.0 0.0 0.0 0.0 153.0 248.0 43.0 -0.0270335490489 0.0537218727035 -0.015301617802 0.104801784316 0.00604500007946 
0.0 0.0 0.0 0.0 0.0 0.0 0.0 0.0 0.0 0.0 0.0 0.0 159.0 239.0 42.0 -0.015301617802 0.104801784316 0.231856706165 -0.098192456973 0.0 
0.0 0.0 0.0 0.0 0.0 0.0 100.0 0.0 0.0 0.0 0.0 0.0 151.0 255.0 45.0 0.231856706165 -0.098192456973 0.278566817311 0.159269980322 0.0300268122107 
0.0 0.0 0.0 0.0 0.0 0.0 100.0 0.0 0.0 0.0 0.0 0.0 145.0 254.0 45.0 0.278566817311 0.159269980322 -0.132904896822 0.262951708223 -0.0300268122107 
0.0 0.0 0.0 0.0 0.0 0.0 100.0 0.0 0.0 0.0 0.0 0.0 155.0 237.0 38.0 -0.132904896822 0.262951708223 -0.193986356198 0.148986958438 0.0 
0.0 0.0 0.0 0.0 0.0 0.0 0.0 0.0 0.0 0.0 0.0 0.0 177.0 206.0 38.0 -0.193986356198 0.148986958438 -0.00883302626986 -0.0608597377607 0.0300268122107 
0.0 0.0 0.0 0.0 0.0 0.0 0.0 0.0 0.0 0.0 0.0 0.0 195.0 187.0 53.0 -0.00883302626986 -0.0608597377607 0.193781217835 -0.0994551187738 0.0954739724238 
0.0 0.0 0.0 0.0 0.0 0.0 0.0 0.0 0.0 0.0 0.0 0.0 191.0 193.0 54.0 0.193781217835 -0.0994551187738 0.0385670674046 -0.209145627804 -0.0255144553156 
0.0 0.0 0.0 0.0 0.0 0.0 0.0 0.0 0.0 0.0 0.0 0.0 177.0 212.0 46.0 0.0385670674046 -0.209145627804 0.199036179023 0.101548109091 0.0 
0.0 0.0 0.0 0.0 0.0 0.0 0.0 0.0 0.0 0.0 0.0 0.0 163.0 230.0 39.0 0.199036179023 0.101548109091 0.177194595054 0.0681360030522 0.0 
0.0 0.0 0.0 0.0 0.0 0.0 100.0 0.0 0.0 0.0 0.0 0.0 150.0 246.0 37.0 0.177194595054 0.0681360030522 0.0946900087446 -0.0872147019502 -0.0296103938396 
0.0 0.0 0.0 0.0 0.0 0.0 100.0 0.0 0.0 0.0 0.0 0.0 144.0 254.0 37.0 0.0946900087446 -0.0872147019502 0.0799020082156 -0.143920867913 0.0 
0.0 0.0 0.0 0.0 0.0 0.0 100.0 0.0 0.0 0.0 0.0 0.0 143.0 254.0 37.0 0.0799020082156 -0.143920867913 -0.0845218493992 0.201716173714 0.025021680493 
0.0 0.0 0.0 0.0 0.0 0.0 100.0 0.0 0.0 0.0 0.0 0.0 151.0 244.0 37.0 -0.0845218493992 0.201716173714 -0.16546301989 -0.0507166109772 0.0 
0.0 0.0 0.0 0.0 0.0 0.0 0.0 0.0 0.0 0.0 0.0 0.0 172.0 220.0 45.0 -0.16546301989 -0.0507166109772 -0.169672798879 -0.0875914611731 -0.025021680493 
0.0 0.0 0.0 0.0 0.0 0.0 0.0 0.0 0.0 0.0 0.0 0.0 194.0 188.0 66.0 -0.169672798879 -0.0875914611731 0.243597730486 -0.142505232525 0.0296103938396 
0.0 0.0 0.0 0.0 0.0 0.0 0.0 0.0 0.0 0.0 0.0 0.0 212.0 155.0 96.0 0.243597730486 -0.142505232525 0.115644163428 0.0294390301291 0.0 
0.0 0.0 0.0 0.0 0.0 0.0 0.0 0.0 0.0 0.0 0.0 0.0 231.0 122.0 135.0 0.115644163428 0.0294390301291 -0.259442250495 -0.152543334804 0.0 
0.0 0.0 0.0 0.0 0.0 0.0 0.0 0.0 0.0 0.0 0.0 0.0 232.0 246.0 255.0 -0.259442250495 -0.152543334804 -0.109551160937 0.0670821095074 0.0 
0.0 0.0 0.0 0.0 0.0 0.0 0.0 0.0 0.0 0.0 0.0 0.0 231.0 218.0 255.0 -0.109551160937 0.0670821095074 0.00634340959958 0.145153104505 0.0 
0.0 0.0 0.0 0.0 0.0 0.0 0.0 0.0 0.0 0.0 0.0 0.0 231.0 168.0 241.0 0.00634340959958 0.145153104505 0.0547593365418 0.0737296643474 0.0 
0.0 0.0 0.0 0.0 0.0 0.0 0.0 0.0 0.0 0.0 0.0 0.0 231.0 138.0 217.0 0.0547593365418 0.0737296643474 0.158318013694 -0.000620177401881 0.0 
0.0 0.0 0.0 0.0 0.0 0.0 0.0 0.0 0.0 0.0 0.0 0.0 223.0 134.0 220.0 0.158318013694 -0.000620177401881 0.163814736625 -0.0178265056227 0.0 
0.0 0.0 0.0 0.0 0.0 0.0 0.0 0.0 0.0 0.0 0.0 0.0 199.0 163.0 245.0 0.163814736625 -0.0178265056227 0.0685768936882 0.0466308715523 0.0 
0.0 0.0 0.0 0.0 0.0 0.0 0.0 0.0 0.0 0.0 0.0 0.0 179.0 183.0 225.0 0.0685768936882 0.0466308715523 -0.0422689388045 0.065116000473 0.0 
0.0 0.0 0.0 0.0 0.0 0.0 0.0 0.0 0.0 0.0 0.0 0.0 179.0 195.0 178.0 -0.0422689388045 0.065116000473 0.112360222553 0.148054775243 0.0 
0.0 0.0 0.0 0.0 0.0 0.0 0.0 0.0 0.0 0.0 0.0 0.0 173.0 218.0 113.0 0.112360222553 0.148054775243 0.233898271435 0.0874722266646 0.0 
0.0 0.0 0.0 0.0 0.0 0.0 0.0 0.0 0.0 0.0 0.0 0.0 161.0 242.0 66.0 0.233898271435 0.0874722266646 -0.164272366397 -0.0697267659453 0.0255144553156 
0.0 0.0 0.0 0.0 0.0 0.0 0.0 0.0 0.0 0.0 0.0 0.0 170.0 221.0 114.0 -0.164272366397 -0.0697267659453 0.168427250473 0.1597963897 0.0339157557559 
0.0 0.0 0.0 0.0 0.0 0.0 0.0 0.0 0.0 0.0 0.0 0.0 184.0 205.0 99.0 0.168427250473 0.1597963897 -0.0556545977153 0.0736635130941 0.0 
0.0 0.0 0.0 0.0 0.0 0.0 0.0 0.0 0.0 0.0 0.0 0.0 197.0 191.0 65.0 -0.0556545977153 0.0736635130941 -0.161406776579 0.0498383464869 0.0 
0.0 0.0 0.0 0.0 0.0 0.0 0.0 0.0 0.0 0.0 0.0 0.0 210.0 173.0 56.0 -0.161406776579 0.0498383464869 0.255517824314 -0.0756241955116 0.0 
0.0 0.0 0.0 0.0 0.0 0.0 0.0 0.0 0.0 0.0 0.0 0.0 210.0 163.0 89.0 0.255517824314 -0.0756241955116 0.0353258014674 -0.200610016113 0.00366613306016 
0.0 0.0 0.0 0.0 0.0 0.0 0.0 0.0 0.0 0.0 0.0 0.0 175.0 188.0 208.0 0.0353258014674 -0.200610016113 0.105578852654 0.0386068031537 -0.00366613306016 
0.0 0.0 0.0 0.0 0.0 0.0 0.0 0.0 0.0 0.0 0.0 0.0 157.0 215.0 197.0 0.105578852654 0.0386068031537 0.268847536863 0.00562411795285 0.00366613306016 
0.0 0.0 0.0 0.0 0.0 0.0 0.0 0.0 0.0 0.0 0.0 0.0 144.0 236.0 179.0 0.268847536863 0.00562411795285 0.0599835868789 0.242996943376 0.0 
0.0 0.0 0.0 0.0 0.0 0.0 0.0 0.0 0.0 0.0 0.0 0.0 141.0 247.0 130.0 0.0599835868789 0.242996943376 -0.0871246205247 0.05857982721 -0.00366613306016 
