nrollouts: 10
# HEADER 1
0.0 0.0 0.0 0.0 0.0 0.0 0.0 0.0 0.0 0.0 0.0 0.0 133.0 247.0 255.0 0 0 -0.266613921212 -0.124115017461 0.0 
0.0 0.0 0.0 0.0 0.0 0.0 0.0 0.0 0.0 0.0 0.0 0.0 158.0 249.0 255.0 -0.266613921212 -0.124115017461 0.181210406643 0.0657694017945 0.0 
0.0 0.0 0.0 0.0 0.0 0.0 0.0 0.0 0.0 0.0 0.0 0.0 150.0 250.0 255.0 0.181210406643 0.0657694017945 -0.00285285231873 0.131745407972 0.0 
0.0 0.0 0.0 0.0 0.0 0.0 0.0 0.0 0.0 0.0 0.0 0.0 125.0 239.0 249.0 -0.00285285231873 0.131745407972 0.0473725410917 0.184216032988 0.0 
0.0 0.0 0.0 0.0 0.0 0.0 0.0 0.0 0.0 0.0 0.0 0.0 125.0 248.0 199.0 0.0473725410917 0.184216032988 0.181763076342 0.0076233687311 0.0 
0.0 0.0 0.0 0.0 0.0 0.0 0.0 0.0 0.0 0.0 0.0 0.0 123.0 251.0 193.0 0.181763076342 0.0076233687311 0.107308593023 0.00879943346873 0.0167930184477 
0.0 0.0 0.0 0.0 0.0 0.0 0.0 0.0 0.0 0.0 0.0 0.0 119.0 253.0 195.0 0.107308593023 0.00879943346873 -0.0267791628626 -0.147787375964 0.0 
0.0 0.0 0.0 0.0 0.0 0.0 0.0 0.0 0.0 0.0 0.0 0.0 113.0 251.0 248.0 -0.0267791628626 -0.147787375964 0.124427557405 0.134178164633 0.0 
0.0 0.0 0.0 0.0 0.0 0.0 0.0 0.0 0.0 0.0 0.0 0.0 113.0 252.0 234.0 0.124427557405 0.134178164633 0.116318952346 0.165422413875 0.0 
0.0 0.0 100.0 0.0 0.0 0.0 0.0 0.0 0.0 0.0 0.0 0.0 115.0 252.0 204.0 0.116318952346 0.165422413875 0.0145801441575 0.196216955636 0.0 
0.0 0.0 100.0 0.0 0.0 100.0 0.0 100.0 0.0 0.0 0.0 0.0 119.0 252.0 172.0 0.0145801441575 0.196216955636 0.0817998112065 0.275690696142 0.0170966971825 
0.0 0.0 0.0 0.0 0.0 100.0 0.0 100.0 0.0 0.0 0.0 0.0 123.0 253.0 135.0 0.0817998112065 0.275690696142 -0.0686315637858 0.271983252011 0.0763669243494 
0.0 0.0 0.0 0.0 0.0 0.0 100.0 0.0 0.0 0.0 0.0 0.0 136.0 251.0 84.0 -0.0686315637858 0.271983252011 -0.129431875248 0.204263585338 0.111256444576 
0.0 0.0 0.0 0.0 0.0 0.0 0.0 0.0 0.0 0.0 0.0 0.0 146.0 247.0 42.0 -0.129431875248 0.204263585338 0.0856292765807 -0.157411043847 0.147022166911 
0.0 0.0 0.0 0.0 0.0 0.0 0.0 0.0 0.0 0.0 0.0 0.0 154.0 246.0 57.0 0.0856292765807 -0.157411043847 0.168249534676 -0.221121757903 0.160182419742 
0.0 0.0 0.0 0.0 0.0 0.0 0.0 0.0 0.0 0.0 0.0 0.0 152.0 216.0 213.0 0.168249534676 -0.221121757903 -0.0507964430904 -0.0617041572839 0.0247461730926 
0.0 0.0 0.0 0.0 0.0 0.0 0.0 0.0 0.0 0.0 0.0 0.0 156.0 228.0 255.0 -0.0507964430904 -0.0617041572839 -0.00488531084909 0.0307343499577 0.0 
0.0 0.0 0.0 0.0 0.0 0.0 0.0 0.0 0.0 0.0 0.0 0.0 164.0 213.0 254.0 -0.00488531084909 0.0307343499577 -0.04385446951 -0.0878344063102 0.0 
0.0 0.0 0.0 0.0 0.0 0.0 0.0 0.0 0.0 0.0 0.0 0.0 175.0 239.0 255.0 -0.04385446951 -0.0878344063102 0.114895837555 -0.0105848146665 0.0 
0.0 0.0 0.0 0.0 0.0 0.0 0.0 0.0 0.0 0.0 0.0 0.0 169.0 250.0 255.0 0.114895837555 -0.0105848146665 0.299742805863 0.00757963177565 0.0 
0.0 0.0 0.0 0.0 0.0 0.0 0.0 0.0 0.0 0.0 0.0 0.0 139.0 250.0 255.0 0.299742805863 0.00757963177565 0.181236690742 -0.145404817326 0.0 
0.0 0.0 0.0 0.0 0.0 0.0 0.0 0.0 0.0 0.0 0.0 0.0 118.0 252.0 255.0 0.181236690742 -0.145404817326 -0.0569381934324 0.149369379727 0.0 
0.0 0.0 0.0 0.0 0.0 0.0 0.0 0.0 0.0 0.0 0.0 0.0 114.0 255.0 255.0 -0.0569381934324 0.149369379727 -0.0292662507283 0.032697841148 0.0 
0.0 0.0 0.0 0.0 0.0 0.0 0.0 0.0 0.0 0.0 0.0 0.0 114.0 251.0 253.0 -0.0292662507283 0.032697841148 0.0011662021605 0.0680192243067 0.0 
0.0 0.0 0.0 0.0 0.0 0.0 0.0 0.0 0.0 0.0 0.0 0.0 119.0 250.0 230.0 0.0011662021605 0.0680192243067 0.0513663152023 -0.0259307460782 0.0 
0.0 0.0 0.0 0.0 0.0 0.0 0.0 0.0 0.0 0.0 0.0 0.0 114.0 251.0 251.0 0.0513663152023 -0.0259307460782 0.00412753879615 0.015038703089 -0.00628864788483 
0.0 0.0 0.0 0.0 0.0 0.0 0.0 0.0 0.0 0.0 0.0 0.0 112.0 251.0 250.0 0.00412753879615 0.015038703089 0.0653372027371 -0.0231670114503 0.00628864788483 
0.0 0.0 0.0 0.0 0.0 0.0 0.0 0.0 0.0 0.0 0.0 0.0 110.0 255.0 255.0 0.0653372027371 -0.0231670114503 0.0958164439634 0.225924459607 0.0 
0.0 0.0 0.0 0.0 0.0 0.0 0.0 0.0 0.0 0.0 0.0 0.0 111.0 254.0 241.0 0.0958164439634 0.225924459607 0.0860723715271 0.158837000327 0.0 
0.0 0.0 100.0 0.0 0.0 0.0 0.0 0.0 0.0 0.0 0.0 0.0 116.0 253.0 208.0 0.0860723715271 0.158837000327 0.0681635730218 0.200165607186 -0.00628864788483 
0.0 0.0 100.0 0.0 0.0 0.0 0.0 100.0 0.0 0.0 0.0 0.0 120.0 253.0 173.0 0.0681635730218 0.200165607186 0.223625428268 0.178453167528 0.0368130662809 
0.0 0.0 0.0 0.0 0.0 0.0 0.0 100.0 0.0 0.0 0.0 0.0 122.0 253.0 151.0 0.223625428268 0.178453167528 -0.0092529428784 0.0431493548886 0.0547814261893 
0.0 0.0 0.0 0.0 0.0 100.0 0.0 100.0 0.0 0.0 0.0 0.0 123.0 253.0 146.0 -0.0092529428784 0.0431493548886 -0.182868096094 0.179502962082 0.0539761647486 
0.0 0.0 0.0 0.0 0.0 0.0 0.0 100.0 0.0 0.0 0.0 0.0 135.0 248.0 112.0 -0.182868096094 0.179502962082 -0.119820172947 0.187042320828 0.0177623080219 
0.0 0.0 0.0 0.0 0.0 0.0 0.0 0.0 0.0 0.0 0.0 0.0 149.0 247.0 58.0 -0.119820172947 0.187042320828 0.138821742138 -0.0485232040505 0.0696414418547 
0.0 0.0 0.0 0.0 0.0 0.0 0.0 0.0 0.0 0.0 0.0 0.0 147.0 251.0 66.0 0.138821742138 -0.0485232040505 0.00511330569073 -0.0618242077931 0.130925548496 
0.0 0.0 0.0 0.0 0.0 0.0 100.0 0.0 0.0 0.0 0.0 0.0 141.0 254.0 88.0 0.00511330569073 -0.0618242077931 0.115632109382 0.0345053384716 0.0307246910202 
0.0 0.0 0.0 0.0 0.0 0.0 100.0 0.0 0.0 0.0 0.0 0.0 139.0 255.0 94.0 0.115632109382 0.0345053384716 0.11142052326 0.00665239880187 -0.015256048486 
0.0 0.0 0.0 0.0 0.0 0.0 100.0 0.0 0.0 0.0 0.0 0.0 139.0 254.0 91.0 0.11142052326 0.00665239880187 -0.021946439092 0.120512941429 0.0 
0.0 0.0 0.0 0.0 0.0 0.0 100.0 0.0 0.0 0.0 0.0 0.0 139.0 253.0 80.0 -0.021946439092 0.120512941429 0.0545101460163 -0.0480847866763 0.0 
0.0 0.0 0.0 0.0 0.0 0.0 100.0 0.0 0.0 0.0 0.0 0.0 138.0 254.0 91.0 0.0545101460163 -0.0480847866763 -0.0138194706037 -0.155860906328 0.0 
0.0 0.0 0.0 0.0 0.0 0.0 100.0 0.0 0.0 0.0 0.0 0.0 135.0 254.0 117.0 -0.0138194706037 -0.155860906328 -0.152075587576 0.043535790491 0.0 
0.0 0.0 0.0 0.0 0.0 0.0 0.0 0.0 0.0 0.0 0.0 0.0 118.0 249.0 222.0 -0.152075587576 0.043535790491 -0.0290612017434 0.18709066381 -0.0370264250575 
0.0 0.0 0.0 0.0 0.0 0.0 0.0 0.0 0.0 0.0 0.0 0.0 128.0 248.0 177.0 -0.0290612017434 0.18709066381 0.0432072811388 0.165573200886 0.0522824735435 
0.0 0.0 0.0 0.0 0.0 0.0 0.0 0.0 0.0 0.0 0.0 0.0 135.0 249.0 135.0 0.0432072811388 0.165573200886 0.122657610804 0.192294350441 0.0 
0.0 0.0 0.0 0.0 0.0 0.0 100.0 0.0 0.0 0.0 0.0 0.0 139.0 250.0 96.0 0.122657610804 0.192294350441 -0.202835586792 0.134065574062 0.0828974839249 
0.0 0.0 0.0 0.0 0.0 0.0 0.0 0.0 0.0 0.0 0.0 0.0 151.0 247.0 58.0 -0.202835586792 0.134065574062 0.101575342367 0.114914655823 0.134837017433 
0.0 0.0 0.0 0.0 0.0 0.0 0.0 0.0 0.0 0.0 0.0 0.0 151.0 247.0 43.0 0.101575342367 0.114914655823 0.00449285070407 0.0323947473811 0.118331339842 
0.0 0.0 0.0 0.0 0.0 0.0 0.0 0.0 0.0 0.0 0.0 0.0 151.0 247.0 42.0 0.00449285070407 0.0323947473811 0.0994117285452 0.0375131965543 0.0335847323664 
0.0 0.0 0.0 0.0 0.0 0.0 0.0 0.0 0.0 0.0 0.0 0.0 149.0 248.0 42.0 0.0994117285452 0.0375131965543 0.10600621911 -0.158011295035 0.0 
0.0 0.0 0.0 0.0 0.0 0.0 100.0 0.0 0.0 0.0 0.0 0.0 146.0 255.0 58.0 0.10600621911 -0.158011295035 -0.0141090003143 0.0410764214039 0.0 
0.0 0.0 0.0 0.0 0.0 0.0 100.0 0.0 0.0 0.0 0.0 0.0 145.0 255.0 60.0 -0.0141090003143 0.0410764214039 -0.0395953313592 -0.0407878574779 -0.0109421767472 
0.0 0.0 0.0 0.0 0.0 0.0 100.0 0.0 0.0 0.0 0.0 0.0 145.0 255.0 64.0 -0.0395953313592 -0.0407878574779 0.236814531552 -0.0125107707943 0.0 
0.0 0.0 0.0 0.0 0.0 0.0 100.0 0.0 0.0 0.0 0.0 0.0 141.0 255.0 69.0 0.236814531552 -0.0125107707943 0.137260610928 0.195984398746 0.0 
0.0 0.0 0.0 0.0 0.0 0.0 100.0 0.0 0.0 0.0 0.0 0.0 139.0 255.0 70.0 0.137260610928 0.195984398746 0.0483182688809 0.0379969919941 0.0 
0.0 0.0 0.0 0.0 0.0 0.0 100.0 0.0 0.0 0.0 0.0 0.0 138.0 255.0 63.0 0.0483182688809 0.0379969919941 -0.00846632771176 0.091789532132 0.0 
0.0 0.0 0.0 0.0 0.0 0.0 100.0 0.0 0.0 0.0 0.0 0.0 140.0 254.0 54.0 -0.00846632771176 0.091789532132 -0.145440130922 0.080037366492 0.0 
0.0 0.0 0.0 0.0 0.0 0.0 100.0 0.0 0.0 0.0 0.0 0.0 143.0 250.0 49.0 -0.145440130922 0.080037366492 0.263080842007 0.118078527108 0.0109421767472 
0.0 0.0 0.0 0.0 0.0 0.0 100.0 0.0 0.0 0.0 0.0 0.0 145.0 247.0 42.0 0.263080842007 0.118078527108 0.00771225036247 0.0481947130939 0.0291205215232 
0.0 0.0 0.0 0.0 0.0 0.0 0.0 0.0 0.0 0.0 0.0 0.0 145.0 247.0 41.0 0.00771225036247 0.0481947130939 0.19219026918 0.0150238261455 0.0105183377002 
0.0 0.0 0.0 0.0 0.0 0.0 0.0 0.0 0.0 0.0 0.0 0.0 145.0 247.0 41.0 0.19219026918 0.0150238261455 -0.120707893349 -0.100232342811 0.0102734272287 
0.0 0.0 0.0 0.0 0.0 0.0 0.0 0.0 0.0 0.0 0.0 0.0 152.0 247.0 50.0 -0.120707893349 -0.100232342811 -0.0702097561539 0.0985780466899 0.0 
0.0 0.0 0.0 0.0 0.0 0.0 0.0 0.0 0.0 0.0 0.0 0.0 166.0 232.0 57.0 -0.0702097561539 0.0985780466899 0.165765717394 0.0799654402658 -0.0287571407429 
0.0 0.0 0.0 0.0 0.0 0.0 0.0 0.0 0.0 0.0 0.0 0.0 162.0 236.0 47.0 0.165765717394 0.0799654402658 -0.0184142185127 -0.159830024197 0.0287571407429 
0.0 0.0 0.0 0.0 0.0 0.0 0.0 0.0 0.0 0.0 0.0 0.0 159.0 242.0 68.0 -0.0184142185127 -0.159830024197 -0.0934444975509 0.00408848848814 0.0 
0.0 0.0 0.0 0.0 0.0 0.0 0.0 0.0 0.0 0.0 0.0 0.0 161.0 233.0 109.0 -0.0934444975509 0.00408848848814 -0.185806644908 0.0529893919327 -0.0287571407429 
0.0 0.0 0.0 0.0 0.0 0.0 0.0 0.0 0.0 0.0 0.0 0.0 163.0 232.0 95.0 -0.185806644908 0.0529893919327 0.102346629265 0.187588989194 0.0 
0.0 0.0 0.0 0.0 0.0 0.0 0.0 0.0 0.0 0.0 0.0 0.0 159.0 243.0 53.0 0.102346629265 0.187588989194 0.070752030065 0.0525271028287 0.0287571407429 
0.0 0.0 0.0 0.0 0.0 0.0 0.0 0.0 0.0 0.0 0.0 0.0 154.0 247.0 46.0 0.070752030065 0.0525271028287 0.108615206518 0.287059209644 0.0489495066089 
0.0 0.0 0.0 0.0 0.0 0.0 0.0 0.0 0.0 0.0 0.0 0.0 151.0 243.0 37.0 0.108615206518 0.287059209644 0.0483196118199 0.207450410295 0.0389197587013 
0.0 0.0 0.0 0.0 0.0 0.0 0.0 0.0 0.0 0.0 0.0 0.0 149.0 241.0 37.0 0.0483196118199 0.207450410295 0.0348880467614 -0.101897238361 0.0388073149915 
0.0 0.0 0.0 0.0 0.0 0.0 0.0 0.0 0.0 0.0 0.0 0.0 147.0 253.0 43.0 0.0348880467614 -0.101897238361 0.0360212498615 0.0260982152494 0.038579322796 
0.0 0.0 0.0 0.0 0.0 0.0 0.0 0.0 0.0 0.0 0.0 0.0 147.0 252.0 46.0 0.0360212498615 0.0260982152494 0.112508688492 0.00761799265679 -0.0302162694452 
0.0 0.0 0.0 0.0 0.0 0.0 0.0 0.0 0.0 0.0 0.0 0.0 147.0 251.0 46.0 0.112508688492 0.00761799265679 0.262868576227 0.117559392618 0.0 
0.0 0.0 0.0 0.0 0.0 0.0 0.0 0.0 0.0 0.0 0.0 0.0 144.0 250.0 42.0 0.262868576227 0.117559392618 -0.0276764714982 -0.0371765133901 0.0 
0.0 0.0 0.0 0.0 0.0 0.0 0.0 0.0 0.0 0.0 0.0 0.0 145.0 253.0 47.0 -0.0276764714982 -0.0371765133901 0.10444261843 0.191423419555 0.0 
0.0 0.0 0.0 0.0 0.0 0.0 0.0 0.0 0.0 0.0 0.0 0.0 145.0 248.0 42.0 0.10444261843 0.191423419555 -0.040546883713 0.0137393660342 0.0 
# HEADER 2
0.0 0.0 0.0 0.0 0.0 0.0 0.0 0.0 0.0 0.0 0.0 0.0 133.0 250.0 255.0 0 0 0.0380724588375 0.125489605853 0.0380561726361 
0.0 0.0 0.0 0.0 0.0 0.0 0.0 0.0 0.0 0.0 0.0 0.0 132.0 244.0 255.0 0.0380724588375 0.125489605853 -0.0811279683265 0.0860355091929 0.0 
0.0 0.0 0.0 0.0 0.0 0.0 0.0 0.0 0.0 0.0 0.0 0.0 133.0 234.0 233.0 -0.0811279683265 0.0860355091929 0.0429891277063 0.171704050948 0.0 
0.0 0.0 0.0 0.0 0.0 0.0 0.0 0.0 0.0 0.0 0.0 0.0 137.0 247.0 162.0 0.0429891277063 0.171704050948 0.00250249219794 0.126809427966 0.0 
0.0 0.0 0.0 0.0 0.0 0.0 0.0 0.0 0.0 0.0 0.0 0.0 143.0 247.0 122.0 0.00250249219794 0.126809427966 -0.0356046258516 0.211262439026 0.0 
0.0 0.0 0.0 0.0 0.0 0.0 0.0 0.0 0.0 0.0 0.0 0.0 153.0 247.0 64.0 -0.0356046258516 0.211262439026 -0.0649958211908 -0.127319051657 0.00763990085225 
0.0 0.0 0.0 0.0 0.0 0.0 0.0 0.0 0.0 0.0 0.0 0.0 161.0 229.0 112.0 -0.0649958211908 -0.127319051657 0.168919299376 0.0954705093308 0.110060929537 
0.0 0.0 0.0 0.0 0.0 0.0 0.0 0.0 0.0 0.0 0.0 0.0 165.0 224.0 108.0 0.168919299376 0.0954705093308 0.33 -0.101479674558 0.0 
0.0 0.0 0.0 0.0 0.0 0.0 0.0 0.0 0.0 0.0 0.0 0.0 150.0 232.0 159.0 0.33 -0.101479674558 0.0369638793789 -0.0145276846012 0.0300268122107 
0.0 0.0 0.0 0.0 0.0 0.0 0.0 0.0 0.0 0.0 0.0 0.0 122.0 248.0 217.0 0.0369638793789 -0.0145276846012 -0.10795089511 0.0870831959185 -0.0300268122107 
0.0 0.0 0.0 0.0 0.0 0.0 0.0 0.0 0.0 0.0 0.0 0.0 131.0 246.0 192.0 -0.10795089511 0.0870831959185 -0.11961443665 0.0826157797566 0.0 
0.0 0.0 0.0 0.0 0.0 0.0 0.0 0.0 0.0 0.0 0.0 0.0 146.0 238.0 151.0 -0.11961443665 0.0826157797566 -0.015775363617 0.257356432477 0.0 
0.0 0.0 0.0 0.0 0.0 0.0 0.0 0.0 0.0 0.0 0.0 0.0 159.0 237.0 84.0 -0.015775363617 0.257356432477 0.0436705439775 0.107234461633 0.0300268122107 
0.0 0.0 0.0 0.0 0.0 0.0 0.0 0.0 0.0 0.0 0.0 0.0 161.0 237.0 48.0 0.0436705439775 0.107234461633 -0.119431252163 0.0757387275986 0.00551125447077 
# HEADER 3
0.0 0.0 0.0 0.0 0.0 0.0 0.0 0.0 0.0 0.0 0.0 0.0 133.0 250.0 255.0 0 0 0.0103055188959 0.0350299939835 0.037581888816 
0.0 0.0 0.0 0.0 0.0 0.0 0.0 0.0 0.0 0.0 0.0 0.0 132.0 247.0 255.0 0.0103055188959 0.0350299939835 0.118235055826 0.087348287323 0.0293055254905 
0.0 0.0 0.0 0.0 0.0 0.0 0.0 0.0 0.0 0.0 0.0 0.0 133.0 234.0 239.0 0.118235055826 0.087348287323 0.153472387642 0.13822095182 -0.0293055254905 
0.0 0.0 0.0 0.0 0.0 0.0 0.0 0.0 0.0 0.0 0.0 0.0 136.0 245.0 176.0 0.153472387642 0.13822095182 -0.116969123206 0.0728095873337 0.0260490400892 
0.0 0.0 0.0 0.0 0.0 0.0 0.0 0.0 0.0 0.0 0.0 0.0 140.0 247.0 144.0 -0.116969123206 0.0728095873337 0.33 0.0887044494014 0.00325648540136 
0.0 0.0 0.0 0.0 0.0 0.0 0.0 0.0 0.0 0.0 0.0 0.0 144.0 247.0 115.0 0.33 0.0887044494014 0.0197293006841 0.181307847972 0.0 
0.0 0.0 0.0 0.0 0.0 0.0 0.0 0.0 0.0 0.0 0.0 0.0 150.0 247.0 71.0 0.0197293006841 0.181307847972 0.296706279289 0.104122949753 0.0292320791672 
0.0 0.0 0.0 0.0 0.0 0.0 100.0 0.0 0.0 0.0 0.0 0.0 149.0 247.0 49.0 0.296706279289 0.104122949753 0.0559410563835 -0.0568220748635 0.115227034546 
0.0 0.0 0.0 0.0 0.0 0.0 100.0 0.0 0.0 0.0 0.0 0.0 143.0 255.0 63.0 0.0559410563835 -0.0568220748635 -0.201318270383 0.188734495323 0.0555629486622 
0.0 0.0 0.0 0.0 0.0 0.0 100.0 0.0 0.0 0.0 0.0 0.0 141.0 255.0 57.0 -0.201318270383 0.188734495323 0.0816324345046 0.0232947122196 0.0 
0.0 0.0 0.0 0.0 0.0 0.0 100.0 0.0 0.0 0.0 0.0 0.0 139.0 255.0 54.0 0.0816324345046 0.0232947122196 0.25178834423 0.132029385714 0.0277914213911 
0.0 0.0 0.0 0.0 0.0 0.0 100.0 0.0 0.0 0.0 0.0 0.0 138.0 253.0 47.0 0.25178834423 0.132029385714 0.177255482424 0.00455431186846 0.0 
0.0 0.0 0.0 0.0 0.0 0.0 100.0 0.0 0.0 0.0 0.0 0.0 137.0 253.0 44.0 0.177255482424 0.00455431186846 -0.180509726719 -0.0806365602806 0.027773041597 
0.0 0.0 0.0 0.0 0.0 0.0 100.0 0.0 0.0 0.0 0.0 0.0 144.0 253.0 51.0 -0.180509726719 -0.0806365602806 -0.00111732358315 0.165038272924 0.0288152004259 
0.0 0.0 0.0 0.0 0.0 0.0 0.0 0.0 0.0 0.0 0.0 0.0 160.0 235.0 49.0 -0.00111732358315 0.165038272924 -0.0509642990669 -0.00769570352604 -0.056588242023 
0.0 0.0 0.0 0.0 0.0 0.0 0.0 0.0 0.0 0.0 0.0 0.0 175.0 217.0 62.0 -0.0509642990669 -0.00769570352604 0.11721261641 -0.0833129313655 2.39946949085e-05 
0.0 0.0 0.0 0.0 0.0 0.0 0.0 0.0 0.0 0.0 0.0 0.0 172.0 212.0 122.0 0.11721261641 -0.0833129313655 0.206378228387 0.00944753734074 0.0 
0.0 0.0 0.0 0.0 0.0 0.0 0.0 0.0 0.0 0.0 0.0 0.0 149.0 243.0 124.0 0.206378228387 0.00944753734074 -0.0450829237652 0.191417418 0.0 
0.0 0.0 0.0 0.0 0.0 0.0 0.0 0.0 0.0 0.0 0.0 0.0 144.0 249.0 99.0 -0.0450829237652 0.191417418 0.0049676596565 -0.0829297820302 0.0 
0.0 0.0 0.0 0.0 0.0 0.0 0.0 0.0 0.0 0.0 0.0 0.0 139.0 252.0 122.0 0.0049676596565 -0.0829297820302 0.0162051131133 -0.126687619913 0.0557994177637 
0.0 0.0 0.0 0.0 0.0 0.0 0.0 0.0 0.0 0.0 0.0 0.0 122.0 245.0 234.0 0.0162051131133 -0.126687619913 0.0903847398951 0.291033901576 -0.0557994177637 
0.0 0.0 0.0 0.0 0.0 0.0 0.0 0.0 0.0 0.0 0.0 0.0 123.0 249.0 202.0 0.0903847398951 0.291033901576 0.0312474006374 0.135029301068 0.0 
0.0 0.0 100.0 0.0 0.0 100.0 0.0 100.0 0.0 0.0 0.0 0.0 126.0 251.0 169.0 0.0312474006374 0.135029301068 -0.0581193346992 -0.0635161325808 0.0557994177637 
0.0 0.0 0.0 0.0 0.0 0.0 0.0 0.0 0.0 0.0 0.0 0.0 125.0 249.0 200.0 -0.0581193346992 -0.0635161325808 0.215069639283 0.0652385333294 0.0271745953491 
0.0 0.0 0.0 0.0 0.0 0.0 0.0 0.0 0.0 0.0 0.0 0.0 132.0 245.0 186.0 0.215069639283 0.0652385333294 -0.171103806667 0.251514164692 -0.0279184084698 
0.0 0.0 0.0 0.0 0.0 0.0 0.0 0.0 0.0 0.0 0.0 0.0 152.0 240.0 117.0 -0.171103806667 0.251514164692 0.124075954431 -0.0540319062857 0.0279184084698 
0.0 0.0 0.0 0.0 0.0 0.0 0.0 0.0 0.0 0.0 0.0 0.0 148.0 240.0 143.0 0.124075954431 -0.0540319062857 0.193688741117 0.201423478314 0.0 
0.0 0.0 0.0 0.0 0.0 0.0 0.0 0.0 0.0 0.0 0.0 0.0 141.0 247.0 123.0 0.193688741117 0.201423478314 0.020968158042 0.207422472152 0.0 
0.0 0.0 0.0 0.0 0.0 0.0 0.0 0.0 0.0 0.0 0.0 0.0 145.0 248.0 77.0 0.020968158042 0.207422472152 -0.0152392472749 0.124659440309 0.0 
0.0 0.0 0.0 0.0 0.0 0.0 100.0 0.0 0.0 0.0 0.0 0.0 147.0 248.0 49.0 -0.0152392472749 0.124659440309 -0.0636360852231 -0.0726903822217 0.138898784946 
0.0 0.0 0.0 0.0 0.0 0.0 0.0 0.0 0.0 0.0 0.0 0.0 151.0 249.0 62.0 -0.0636360852231 -0.0726903822217 -0.00742616191698 0.175238204635 0.0843011443151 
0.0 0.0 0.0 0.0 0.0 0.0 0.0 0.0 0.0 0.0 0.0 0.0 153.0 247.0 57.0 -0.00742616191698 0.175238204635 0.212212487551 -0.088473631345 0.0 
0.0 0.0 0.0 0.0 0.0 0.0 0.0 0.0 0.0 0.0 0.0 0.0 152.0 248.0 76.0 0.212212487551 -0.088473631345 0.0342679360319 -0.1165800954 0.0278852388841 
0.0 0.0 0.0 0.0 0.0 0.0 0.0 0.0 0.0 0.0 0.0 0.0 143.0 230.0 206.0 0.0342679360319 -0.1165800954 0.194524578803 0.0583557669864 -0.0278852388841 
0.0 0.0 0.0 0.0 0.0 0.0 0.0 0.0 0.0 0.0 0.0 0.0 130.0 247.0 193.0 0.194524578803 0.0583557669864 0.0721643764841 0.275012291759 -0.0040559235356 
0.0 0.0 100.0 0.0 0.0 0.0 0.0 0.0 0.0 0.0 0.0 0.0 131.0 251.0 152.0 0.0721643764841 0.275012291759 -0.101978147543 0.33 0.0 
0.0 0.0 0.0 0.0 0.0 0.0 100.0 0.0 0.0 0.0 0.0 0.0 135.0 253.0 90.0 -0.101978147543 0.33 -0.0707082442067 0.247098141088 0.0923252638541 
0.0 0.0 0.0 0.0 0.0 0.0 100.0 0.0 0.0 0.0 0.0 0.0 144.0 247.0 42.0 -0.0707082442067 0.247098141088 -0.0869501990429 0.182949895204 0.18145513637 
0.0 0.0 0.0 0.0 0.0 0.0 0.0 0.0 0.0 0.0 0.0 0.0 160.0 225.0 38.0 -0.0869501990429 0.182949895204 -0.0336922650982 -0.151489092274 0.176790136621 
0.0 0.0 0.0 0.0 0.0 0.0 0.0 0.0 0.0 0.0 0.0 0.0 168.0 224.0 46.0 -0.0336922650982 -0.151489092274 -0.00611173425716 -0.0904666525034 0.0762270448647 
0.0 0.0 0.0 0.0 0.0 0.0 0.0 0.0 0.0 0.0 0.0 0.0 164.0 217.0 164.0 -0.00611173425716 -0.0904666525034 0.0964901899132 0.0947669096557 -0.0571733149262 
0.0 0.0 0.0 0.0 0.0 0.0 0.0 0.0 0.0 0.0 0.0 0.0 154.0 231.0 143.0 0.0964901899132 0.0947669096557 0.177759555439 0.0777314997144 -0.00962226769632 
0.0 0.0 0.0 0.0 0.0 0.0 0.0 0.0 0.0 0.0 0.0 0.0 147.0 247.0 103.0 0.177759555439 0.0777314997144 -0.0228961521488 0.203927275198 0.033588484954 
0.0 0.0 0.0 0.0 0.0 0.0 0.0 0.0 0.0 0.0 0.0 0.0 153.0 247.0 54.0 -0.0228961521488 0.203927275198 0.156533261724 0.0324000590992 0.0433585767787 
0.0 0.0 0.0 0.0 0.0 0.0 0.0 0.0 0.0 0.0 0.0 0.0 151.0 247.0 48.0 0.156533261724 0.0324000590992 0.191862591777 0.0397727580704 0.165287920935 
0.0 0.0 0.0 0.0 0.0 0.0 100.0 0.0 0.0 0.0 0.0 0.0 147.0 251.0 48.0 0.191862591777 0.0397727580704 0.0832422326101 0.137913288579 0.0438675998171 
0.0 0.0 0.0 0.0 0.0 0.0 100.0 0.0 0.0 0.0 0.0 0.0 146.0 247.0 41.0 0.0832422326101 0.137913288579 -0.153303394251 0.123468984986 0.0 
0.0 0.0 0.0 0.0 0.0 0.0 100.0 0.0 0.0 0.0 0.0 0.0 145.0 247.0 39.0 -0.153303394251 0.123468984986 -0.0615425496934 -0.115059518591 0.0371056598063 
0.0 0.0 0.0 0.0 0.0 0.0 0.0 0.0 0.0 0.0 0.0 0.0 149.0 250.0 48.0 -0.0615425496934 -0.115059518591 -0.136094798078 0.310990562429 0.0310705980802 
0.0 0.0 0.0 0.0 0.0 0.0 0.0 0.0 0.0 0.0 0.0 0.0 166.0 231.0 47.0 -0.136094798078 0.310990562429 -0.0144012671999 -0.233526511137 -0.043608569249 
0.0 0.0 0.0 0.0 0.0 0.0 0.0 0.0 0.0 0.0 0.0 0.0 183.0 204.0 87.0 -0.0144012671999 -0.233526511137 0.0364733602165 0.0244076408056 0.0310658573443 
0.0 0.0 0.0 0.0 0.0 0.0 0.0 0.0 0.0 0.0 0.0 0.0 178.0 208.0 114.0 0.0364733602165 0.0244076408056 0.00177888733437 -0.128916150151 -0.00582111966812 
0.0 0.0 0.0 0.0 0.0 0.0 0.0 0.0 0.0 0.0 0.0 0.0 172.0 199.0 192.0 0.00177888733437 -0.128916150151 0.0388864197233 0.0593072106115 0.0 
0.0 0.0 0.0 0.0 0.0 0.0 0.0 0.0 0.0 0.0 0.0 0.0 167.0 206.0 181.0 0.0388864197233 0.0593072106115 0.229965667019 0.18079660116 0.0 
0.0 0.0 0.0 0.0 0.0 0.0 0.0 0.0 0.0 0.0 0.0 0.0 169.0 222.0 111.0 0.229965667019 0.18079660116 0.0987308184938 0.137848408372 0.0 
0.0 0.0 0.0 0.0 0.0 0.0 0.0 0.0 0.0 0.0 0.0 0.0 165.0 235.0 57.0 0.0987308184938 0.137848408372 0.118473186449 0.177783126937 0.0310628255574 
0.0 0.0 0.0 0.0 0.0 0.0 0.0 0.0 0.0 0.0 0.0 0.0 161.0 233.0 40.0 0.118473186449 0.177783126937 -0.0412592899321 0.0287143479988 0.108922882667 
0.0 0.0 0.0 0.0 0.0 0.0 0.0 0.0 0.0 0.0 0.0 0.0 166.0 226.0 39.0 -0.0412592899321 0.0287143479988 0.0633938287801 0.0403589570653 0.110654185975 
0.0 0.0 0.0 0.0 0.0 0.0 0.0 0.0 0.0 0.0 0.0 0.0 174.0 216.0 41.0 0.0633938287801 0.0403589570653 -0.0289901051916 0.0755122448198 0.0281926072955 
0.0 0.0 0.0 0.0 0.0 0.0 0.0 0.0 0.0 0.0 0.0 0.0 183.0 202.0 41.0 -0.0289901051916 0.0755122448198 0.0273300185799 -0.296585191949 0.0142182807662 
0.0 0.0 0.0 0.0 0.0 0.0 0.0 0.0 0.0 0.0 0.0 0.0 184.0 204.0 59.0 0.0273300185799 -0.296585191949 0.0502250035047 -0.194967325071 0.043080812794 
0.0 0.0 0.0 0.0 0.0 0.0 0.0 0.0 0.0 0.0 0.0 0.0 162.0 203.0 222.0 0.0502250035047 -0.194967325071 0.00517493829716 -0.0149891995455 -0.0255199810438 
0.0 0.0 0.0 0.0 0.0 0.0 0.0 0.0 0.0 0.0 0.0 0.0 158.0 211.0 255.0 0.00517493829716 -0.0149891995455 0.226263368973 0.155458258356 0.0255199810438 
0.0 0.0 0.0 0.0 0.0 0.0 0.0 0.0 0.0 0.0 0.0 0.0 142.0 226.0 220.0 0.226263368973 0.155458258356 0.260427656448 0.0777546730553 -0.0255199810438 
0.0 0.0 0.0 0.0 0.0 0.0 0.0 0.0 0.0 0.0 0.0 0.0 131.0 247.0 176.0 0.260427656448 0.0777546730553 0.0756941484988 0.33 0.0255199810438 
0.0 0.0 0.0 0.0 0.0 100.0 0.0 100.0 0.0 0.0 0.0 0.0 131.0 251.0 129.0 0.0756941484988 0.33 -0.0649088220858 0.0230305661001 0.0 
0.0 0.0 0.0 0.0 0.0 0.0 0.0 0.0 0.0 0.0 0.0 0.0 137.0 248.0 111.0 -0.0649088220858 0.0230305661001 0.0622834140812 0.0586949983662 0.14647210586 
0.0 0.0 0.0 0.0 0.0 0.0 0.0 0.0 0.0 0.0 0.0 0.0 139.0 248.0 103.0 0.0622834140812 0.0586949983662 0.193740695186 0.0965986374574 0.0588445453722 
0.0 0.0 0.0 0.0 0.0 0.0 0.0 0.0 0.0 0.0 0.0 0.0 140.0 250.0 87.0 0.193740695186 0.0965986374574 -0.0114098310879 0.0727580572187 0.029274351737 
0.0 0.0 0.0 0.0 0.0 0.0 0.0 0.0 0.0 0.0 0.0 0.0 143.0 248.0 73.0 -0.0114098310879 0.0727580572187 0.00215262256454 0.0932284291294 0.0412054400419 
0.0 0.0 0.0 0.0 0.0 0.0 0.0 0.0 0.0 0.0 0.0 0.0 145.0 248.0 56.0 0.00215262256454 0.0932284291294 0.0689327513909 0.0183469754057 0.0590380757189 
0.0 0.0 0.0 0.0 0.0 0.0 0.0 0.0 0.0 0.0 0.0 0.0 145.0 248.0 52.0 0.0689327513909 0.0183469754057 0.0758462820254 0.10269006346 0.073431493428 
0.0 0.0 0.0 0.0 0.0 0.0 0.0 0.0 0.0 0.0 0.0 0.0 145.0 247.0 45.0 0.0758462820254 0.10269006346 0.181821340233 -0.0319437238052 0.0288507832244 
0.0 0.0 0.0 0.0 0.0 0.0 0.0 0.0 0.0 0.0 0.0 0.0 144.0 254.0 53.0 0.181821340233 -0.0319437238052 0.13312733359 -0.0995739855684 0.0847014062506 
0.0 0.0 0.0 0.0 0.0 0.0 0.0 0.0 0.0 0.0 0.0 0.0 143.0 255.0 62.0 0.13312733359 -0.0995739855684 -0.0311880795447 0.133141255236 -0.064253778157 
0.0 0.0 0.0 0.0 0.0 0.0 0.0 0.0 0.0 0.0 0.0 0.0 147.0 252.0 61.0 -0.0311880795447 0.133141255236 0.172041244096 -0.0925445644637 -0.015134021288 
0.0 0.0 0.0 0.0 0.0 0.0 0.0 0.0 0.0 0.0 0.0 0.0 147.0 247.0 117.0 0.172041244096 -0.0925445644637 -0.224492928639 0.0635958986907 0.0 
0.0 0.0 0.0 0.0 0.0 0.0 0.0 0.0 0.0 0.0 0.0 0.0 158.0 229.0 131.0 -0.224492928639 0.0635958986907 0.0328588756154 0.0355068894121 0.0381745789481 
0.0 0.0 0.0 0.0 0.0 0.0 0.0 0.0 0.0 0.0 0.0 0.0 162.0 228.0 111.0 0.0328588756154 0.0355068894121 0.0364911987902 -0.104186751976 0.0111352787363 
0.0 0.0 0.0 0.0 0.0 0.0 0.0 0.0 0.0 0.0 0.0 0.0 152.0 225.0 176.0 0.0364911987902 -0.104186751976 0.158424088393 0.236256005084 -0.0373775556449 
0.0 0.0 0.0 0.0 0.0 0.0 0.0 0.0 0.0 0.0 0.0 0.0 147.0 241.0 130.0 0.158424088393 0.236256005084 0.216972978433 0.33 0.0373775556449 
0.0 0.0 0.0 0.0 0.0 0.0 0.0 0.0 0.0 0.0 0.0 0.0 149.0 248.0 59.0 0.216972978433 0.33 0.0659221629771 -0.0471486617257 -0.0373775556449 
0.0 0.0 0.0 0.0 0.0 0.0 0.0 0.0 0.0 0.0 0.0 0.0 143.0 255.0 64.0 0.0659221629771 -0.0471486617257 0.0605183472783 -0.0176820773373 0.264528558931 
0.0 0.0 0.0 0.0 0.0 0.0 0.0 0.0 0.0 0.0 0.0 0.0 142.0 255.0 74.0 0.0605183472783 -0.0176820773373 -0.0786754328291 0.0027763994639 0.0526966554745 
0.0 0.0 0.0 0.0 0.0 0.0 0.0 0.0 0.0 0.0 0.0 0.0 141.0 255.0 76.0 -0.0786754328291 0.0027763994639 -0.0345392443766 0.133769064569 -0.0137118958767 
0.0 0.0 0.0 0.0 0.0 0.0 0.0 0.0 0.0 0.0 0.0 0.0 142.0 254.0 68.0 -0.0345392443766 0.133769064569 -0.109923867671 0.185572053265 0.0 
0.0 0.0 0.0 0.0 0.0 0.0 0.0 0.0 0.0 0.0 0.0 0.0 149.0 247.0 45.0 -0.109923867671 0.185572053265 0.083428104179 0.110827458759 0.0137118958767 
0.0 0.0 0.0 0.0 0.0 0.0 0.0 0.0 0.0 0.0 0.0 0.0 150.0 243.0 40.0 0.083428104179 0.110827458759 -0.0918886219464 -0.0661426397798 0.0708343702751 
0.0 0.0 0.0 0.0 0.0 0.0 0.0 0.0 0.0 0.0 0.0 0.0 146.0 253.0 48.0 -0.0918886219464 -0.0661426397798 0.100909335358 -0.146407267816 0.0216713603857 
0.0 0.0 0.0 0.0 0.0 0.0 0.0 0.0 0.0 0.0 0.0 0.0 145.0 255.0 53.0 0.100909335358 -0.146407267816 0.223394405598 -0.0870707609655 -0.052980409709 
0.0 0.0 0.0 0.0 0.0 0.0 0.0 0.0 0.0 0.0 0.0 0.0 142.0 255.0 57.0 0.223394405598 -0.0870707609655 0.0809643737404 0.199175641564 0.0444050911151 
0.0 0.0 0.0 0.0 0.0 0.0 0.0 0.0 0.0 0.0 0.0 0.0 140.0 255.0 59.0 0.0809643737404 0.199175641564 0.122194101862 0.0706854224333 0.0 
0.0 0.0 0.0 0.0 0.0 0.0 100.0 0.0 0.0 0.0 0.0 0.0 139.0 255.0 59.0 0.122194101862 0.0706854224333 -0.0088851406397 0.143605230394 0.0 
0.0 0.0 0.0 0.0 0.0 0.0 0.0 0.0 0.0 0.0 0.0 0.0 139.0 254.0 50.0 -0.0088851406397 0.143605230394 -0.0683036118069 0.123941150458 0.0128036033124 
0.0 0.0 0.0 0.0 0.0 0.0 0.0 0.0 0.0 0.0 0.0 0.0 144.0 247.0 41.0 -0.0683036118069 0.123941150458 -0.060478339659 0.121447367752 -0.00422828471843 
0.0 0.0 0.0 0.0 0.0 0.0 0.0 0.0 0.0 0.0 0.0 0.0 155.0 236.0 40.0 -0.060478339659 0.121447367752 0.109707750536 -0.0779829115361 0.0 
0.0 0.0 0.0 0.0 0.0 0.0 0.0 0.0 0.0 0.0 0.0 0.0 149.0 248.0 43.0 0.109707750536 -0.0779829115361 0.0987863031328 -0.0906192848782 0.0409412636735 
0.0 0.0 0.0 0.0 0.0 0.0 0.0 0.0 0.0 0.0 0.0 0.0 146.0 255.0 48.0 0.0987863031328 -0.0906192848782 0.149012985961 0.10007966014 -0.00642415285037 
0.0 0.0 0.0 0.0 0.0 0.0 0.0 0.0 0.0 0.0 0.0 0.0 143.0 255.0 50.0 0.149012985961 0.10007966014 -0.0775979076902 -0.0894373437988 0.0 
0.0 0.0 0.0 0.0 0.0 0.0 0.0 0.0 0.0 0.0 0.0 0.0 142.0 255.0 51.0 -0.0775979076902 -0.0894373437988 -0.125747609984 -0.135521067709 -0.0345171108231 
0.0 0.0 0.0 0.0 0.0 0.0 0.0 0.0 0.0 0.0 0.0 0.0 142.0 255.0 51.0 -0.125747609984 -0.135521067709 0.033272941256 0.0867562455432 0.0 
0.0 0.0 0.0 0.0 0.0 0.0 0.0 0.0 0.0 0.0 0.0 0.0 142.0 255.0 52.0 0.033272941256 0.0867562455432 -0.0303617962807 -0.123773712854 0.0 
0.0 0.0 0.0 0.0 0.0 0.0 0.0 0.0 0.0 0.0 0.0 0.0 145.0 255.0 50.0 -0.0303617962807 -0.123773712854 -0.00124644632818 0.122924826509 0.0 
0.0 0.0 0.0 0.0 0.0 0.0 0.0 0.0 0.0 0.0 0.0 0.0 149.0 252.0 49.0 -0.00124644632818 0.122924826509 0.0632001904601 -0.0732400605511 0.0469114803154 
0.0 0.0 0.0 0.0 0.0 0.0 0.0 0.0 0.0 0.0 0.0 0.0 138.0 238.0 241.0 0.0632001904601 -0.0732400605511 -0.129546611681 -0.0225943948742 -0.0123943694923 
0.0 0.0 0.0 0.0 0.0 0.0 0.0 0.0 0.0 0.0 0.0 0.0 144.0 240.0 255.0 -0.129546611681 -0.0225943948742 0.091097721599 0.256149465323 -0.0126935804428 
0.0 0.0 0.0 0.0 0.0 0.0 0.0 0.0 0.0 0.0 0.0 0.0 140.0 229.0 238.0 0.091097721599 0.256149465323 0.0509119239437 0.153338232229 0.0 
0.0 0.0 0.0 0.0 0.0 0.0 0.0 0.0 0.0 0.0 0.0 0.0 137.0 247.0 170.0 0.0509119239437 0.153338232229 0.0555327304514 0.194944953278 0.0 
0.0 0.0 0.0 0.0 0.0 0.0 0.0 0.0 0.0 0.0 0.0 0.0 144.0 247.0 120.0 0.0555327304514 0.194944953278 0.0533321414685 0.133253255975 0.0126935804428 
0.0 0.0 0.0 0.0 0.0 0.0 0.0 0.0 0.0 0.0 0.0 0.0 147.0 249.0 82.0 0.0533321414685 0.133253255975 -0.0439412972553 0.0629251882366 0.110231202393 
0.0 0.0 0.0 0.0 0.0 0.0 0.0 0.0 0.0 0.0 0.0 0.0 149.0 250.0 68.0 -0.0439412972553 0.0629251882366 0.254287205028 0.123138144295 0.129261179306 
0.0 0.0 0.0 0.0 0.0 0.0 0.0 0.0 0.0 0.0 0.0 0.0 150.0 248.0 49.0 0.254287205028 0.123138144295 -0.0455029594985 0.0682917715519 0.0601743680631 
0.0 0.0 0.0 0.0 0.0 0.0 0.0 0.0 0.0 0.0 0.0 0.0 153.0 247.0 45.0 -0.0455029594985 0.0682917715519 0.0981878553372 -0.00312597920956 0.0865588553741 
0.0 0.0 0.0 0.0 0.0 0.0 0.0 0.0 0.0 0.0 0.0 0.0 152.0 249.0 50.0 0.0981878553372 -0.00312597920956 0.0599527219611 0.126673654199 0.0 
0.0 0.0 0.0 0.0 0.0 0.0 0.0 0.0 0.0 0.0 0.0 0.0 151.0 247.0 45.0 0.0599527219611 0.126673654199 -0.0629334820445 -0.111760276955 0.0220005831302 
0.0 0.0 0.0 0.0 0.0 0.0 0.0 0.0 0.0 0.0 0.0 0.0 154.0 248.0 59.0 -0.0629334820445 -0.111760276955 0.0996424080787 0.0701248567516 0.00689578999269 
0.0 0.0 0.0 0.0 0.0 0.0 0.0 0.0 0.0 0.0 0.0 0.0 151.0 247.0 76.0 0.0996424080787 0.0701248567516 0.246810965108 0.0667542381311 -0.00689578999269 
0.0 0.0 0.0 0.0 0.0 0.0 0.0 0.0 0.0 0.0 0.0 0.0 146.0 251.0 70.0 0.246810965108 0.0667542381311 0.00793123910415 0.0635022629721 0.0 
0.0 0.0 0.0 0.0 0.0 0.0 0.0 0.0 0.0 0.0 0.0 0.0 143.0 252.0 64.0 0.00793123910415 0.0635022629721 0.0855941724312 -0.0790664023775 0.0370153873568 
0.0 0.0 0.0 0.0 0.0 0.0 0.0 0.0 0.0 0.0 0.0 0.0 140.0 255.0 83.0 0.0855941724312 -0.0790664023775 0.0357219219745 0.101779565106 0.0124253037223 
0.0 0.0 0.0 0.0 0.0 0.0 0.0 0.0 0.0 0.0 0.0 0.0 140.0 254.0 80.0 0.0357219219745 0.101779565106 -0.0567656955263 0.107372840812 0.0248469953361 
0.0 0.0 0.0 0.0 0.0 0.0 0.0 0.0 0.0 0.0 0.0 0.0 140.0 253.0 66.0 -0.0567656955263 0.107372840812 -0.00130087955928 -0.0483988617896 -0.0309568144997 
0.0 0.0 0.0 0.0 0.0 0.0 0.0 0.0 0.0 0.0 0.0 0.0 140.0 255.0 79.0 -0.00130087955928 -0.0483988617896 -0.13103580892 -0.0596789901404 0.0366668582265 
0.0 0.0 0.0 0.0 0.0 0.0 0.0 0.0 0.0 0.0 0.0 0.0 139.0 254.0 92.0 -0.13103580892 -0.0596789901404 0.153949901717 0.128836102754 0.0 
0.0 0.0 0.0 0.0 0.0 0.0 0.0 0.0 0.0 0.0 0.0 0.0 138.0 255.0 101.0 0.153949901717 0.128836102754 -0.0413207453485 0.123253494241 -0.00571004372683 
0.0 0.0 0.0 0.0 0.0 0.0 0.0 0.0 0.0 0.0 0.0 0.0 139.0 253.0 85.0 -0.0413207453485 0.123253494241 0.145470810922 0.115705755796 0.0 
0.0 0.0 0.0 0.0 0.0 0.0 0.0 0.0 0.0 0.0 0.0 0.0 140.0 253.0 68.0 0.145470810922 0.115705755796 0.183237402035 0.0580189795239 0.00571004372683 
0.0 0.0 0.0 0.0 0.0 0.0 0.0 0.0 0.0 0.0 0.0 0.0 141.0 253.0 61.0 0.183237402035 0.0580189795239 0.0045810690473 -0.0258592959299 0.0691960296461 
0.0 0.0 0.0 0.0 0.0 0.0 0.0 0.0 0.0 0.0 0.0 0.0 140.0 255.0 72.0 0.0045810690473 -0.0258592959299 0.0161477367016 -0.197745202993 0.037424422086 
0.0 0.0 0.0 0.0 0.0 0.0 0.0 0.0 0.0 0.0 0.0 0.0 139.0 255.0 86.0 0.0161477367016 -0.197745202993 -0.0644657535818 -0.0974940025435 -0.0329817918017 
0.0 0.0 0.0 0.0 0.0 0.0 0.0 0.0 0.0 0.0 0.0 0.0 137.0 254.0 106.0 -0.0644657535818 -0.0974940025435 0.113514917505 0.1359702896 0.0290549052382 
0.0 0.0 0.0 0.0 0.0 0.0 0.0 0.0 0.0 0.0 0.0 0.0 119.0 250.0 227.0 0.113514917505 0.1359702896 0.113927959454 0.126383723147 -0.0334975355225 
0.0 0.0 0.0 0.0 0.0 100.0 0.0 0.0 0.0 0.0 0.0 0.0 121.0 252.0 198.0 0.113927959454 0.126383723147 0.1671649482 -0.00139626248415 -0.00460066902238 
0.0 0.0 100.0 0.0 0.0 100.0 0.0 0.0 0.0 100.0 0.0 0.0 118.0 253.0 206.0 0.1671649482 -0.00139626248415 -0.0439187783388 0.272702053104 0.00460066902238 
# HEADER 4
0.0 0.0 0.0 0.0 0.0 0.0 0.0 0.0 0.0 0.0 0.0 0.0 133.0 250.0 255.0 0 0 0.186626899658 -0.00258006198197 0.144486087774 
0.0 0.0 0.0 0.0 0.0 0.0 0.0 0.0 0.0 0.0 0.0 0.0 119.0 252.0 255.0 0.186626899658 -0.00258006198197 0.0523621423773 -0.0050828102241 0.0 
0.0 0.0 0.0 0.0 0.0 0.0 0.0 0.0 0.0 0.0 0.0 0.0 115.0 255.0 255.0 0.0523621423773 -0.0050828102241 0.0615871301225 0.0569126857136 0.0 
0.0 0.0 0.0 0.0 0.0 0.0 0.0 0.0 0.0 0.0 0.0 0.0 113.0 255.0 255.0 0.0615871301225 0.0569126857136 0.0700245891389 -0.0796447456552 0.0 
0.0 0.0 0.0 0.0 0.0 0.0 0.0 0.0 0.0 0.0 0.0 0.0 112.0 255.0 255.0 0.0700245891389 -0.0796447456552 0.0850957736027 0.274918990107 0.0 
0.0 0.0 0.0 0.0 0.0 0.0 0.0 0.0 0.0 0.0 0.0 0.0 110.0 255.0 255.0 0.0850957736027 0.274918990107 0.237857509432 -0.0116581243348 0.0 
0.0 0.0 0.0 0.0 0.0 0.0 0.0 0.0 0.0 0.0 0.0 0.0 109.0 255.0 255.0 0.237857509432 -0.0116581243348 -0.0414743035268 0.184834449966 0.0362229716576 
0.0 0.0 0.0 0.0 0.0 0.0 0.0 0.0 0.0 0.0 0.0 0.0 109.0 255.0 244.0 -0.0414743035268 0.184834449966 0.235160013519 0.154368413363 -0.0362229716576 
0.0 0.0 100.0 0.0 0.0 0.0 0.0 0.0 0.0 0.0 0.0 0.0 111.0 255.0 216.0 0.235160013519 0.154368413363 0.0848508113167 -0.10950725085 0.00196463697039 
0.0 0.0 0.0 0.0 0.0 0.0 0.0 0.0 0.0 0.0 0.0 0.0 102.0 255.0 253.0 0.0848508113167 -0.10950725085 -0.00984754209114 0.0614339628608 0.0355840826583 
0.0 0.0 0.0 0.0 0.0 0.0 0.0 0.0 0.0 0.0 0.0 0.0 104.0 255.0 245.0 -0.00984754209114 0.0614339628608 0.0253763362355 0.0502766552326 0.0363511239205 
0.0 0.0 100.0 0.0 0.0 0.0 0.0 0.0 0.0 0.0 0.0 0.0 106.0 255.0 232.0 0.0253763362355 0.0502766552326 0.0243617417034 0.235969743577 0.0 
0.0 0.0 100.0 0.0 0.0 100.0 0.0 0.0 0.0 0.0 100.0 0.0 111.0 255.0 201.0 0.0243617417034 0.235969743577 -0.0843154959712 0.33 0.0 
0.0 0.0 100.0 0.0 0.0 100.0 0.0 100.0 0.0 0.0 0.0 0.0 117.0 255.0 159.0 -0.0843154959712 0.33 -0.0373916380402 0.323880021474 0.000631029872632 
0.0 0.0 0.0 0.0 0.0 0.0 100.0 0.0 0.0 0.0 0.0 0.0 130.0 253.0 102.0 -0.0373916380402 0.323880021474 0.0119534220864 -0.0370962814984 0.109385916618 
0.0 0.0 0.0 0.0 0.0 0.0 100.0 0.0 0.0 0.0 0.0 0.0 131.0 255.0 108.0 0.0119534220864 -0.0370962814984 -0.00181269682186 0.0989725825907 0.192557374827 
0.0 0.0 0.0 0.0 0.0 0.0 100.0 0.0 0.0 0.0 0.0 0.0 132.0 254.0 101.0 -0.00181269682186 0.0989725825907 -0.0168033579785 0.124280832563 0.0382362408867 
0.0 0.0 0.0 0.0 0.0 0.0 100.0 0.0 0.0 0.0 0.0 0.0 135.0 252.0 85.0 -0.0168033579785 0.124280832563 0.0280004843082 -0.157708846532 0.00573466491672 
0.0 0.0 0.0 0.0 0.0 0.0 100.0 0.0 0.0 0.0 0.0 0.0 133.0 255.0 104.0 0.0280004843082 -0.157708846532 0.0225003094794 0.120932083265 0.0386343407865 
0.0 0.0 0.0 0.0 0.0 0.0 100.0 0.0 0.0 0.0 0.0 0.0 133.0 254.0 100.0 0.0225003094794 0.120932083265 -0.0428157216299 0.0503248622578 0.0 
0.0 0.0 0.0 0.0 0.0 0.0 100.0 0.0 0.0 0.0 0.0 0.0 140.0 248.0 88.0 -0.0428157216299 0.0503248622578 0.065469225102 -0.0230619058816 0.0 
0.0 0.0 0.0 0.0 0.0 0.0 100.0 0.0 0.0 0.0 0.0 0.0 140.0 253.0 99.0 0.065469225102 -0.0230619058816 0.0389773396351 0.144092453968 0.0 
0.0 0.0 0.0 0.0 0.0 0.0 100.0 0.0 0.0 0.0 0.0 0.0 140.0 252.0 89.0 0.0389773396351 0.144092453968 0.111128170651 0.0699851876349 0.0 
0.0 0.0 0.0 0.0 0.0 0.0 100.0 0.0 0.0 0.0 0.0 0.0 140.0 251.0 80.0 0.111128170651 0.0699851876349 0.0340527163451 -0.0906779262722 0.0 
0.0 0.0 0.0 0.0 0.0 0.0 100.0 0.0 0.0 0.0 0.0 0.0 137.0 255.0 99.0 0.0340527163451 -0.0906779262722 -0.128772858376 0.0751369478875 0.0 
0.0 0.0 0.0 0.0 0.0 0.0 100.0 0.0 0.0 0.0 0.0 0.0 146.0 247.0 90.0 -0.128772858376 0.0751369478875 0.0724400982576 -0.0277526155812 0.0 
0.0 0.0 0.0 0.0 0.0 0.0 0.0 0.0 0.0 0.0 0.0 0.0 156.0 242.0 113.0 0.0724400982576 -0.0277526155812 0.055810912452 -0.0497441376109 0.0 
0.0 0.0 0.0 0.0 0.0 0.0 0.0 0.0 0.0 0.0 0.0 0.0 144.0 232.0 203.0 0.055810912452 -0.0497441376109 0.030706914417 0.161296365055 0.00662282488624 
0.0 0.0 0.0 0.0 0.0 0.0 0.0 0.0 0.0 0.0 0.0 0.0 141.0 245.0 166.0 0.030706914417 0.161296365055 -0.00849213053453 0.103067544282 0.0 
0.0 0.0 0.0 0.0 0.0 0.0 0.0 0.0 0.0 0.0 0.0 0.0 145.0 247.0 129.0 -0.00849213053453 0.103067544282 -0.0157583167017 0.188056926196 0.0 
0.0 0.0 0.0 0.0 0.0 0.0 0.0 0.0 0.0 0.0 0.0 0.0 153.0 248.0 81.0 -0.0157583167017 0.188056926196 0.0560796744193 0.153534976909 0.0388809864685 
0.0 0.0 0.0 0.0 0.0 0.0 0.0 0.0 0.0 0.0 0.0 0.0 154.0 247.0 48.0 0.0560796744193 0.153534976909 0.0122048726276 -0.0504153797126 0.131821217544 
0.0 0.0 0.0 0.0 0.0 0.0 0.0 0.0 0.0 0.0 0.0 0.0 153.0 252.0 58.0 0.0122048726276 -0.0504153797126 -0.00890689618852 -0.140949331243 0.190433310864 
0.0 0.0 0.0 0.0 0.0 0.0 0.0 0.0 0.0 0.0 0.0 0.0 143.0 244.0 165.0 -0.00890689618852 -0.140949331243 0.12471766659 -0.0747971236295 -0.0125099847082 
0.0 0.0 0.0 0.0 0.0 0.0 0.0 0.0 0.0 0.0 0.0 0.0 123.0 244.0 251.0 0.12471766659 -0.0747971236295 0.0280128541899 0.263703109051 0.0125099847082 
0.0 0.0 0.0 0.0 0.0 0.0 0.0 0.0 0.0 0.0 0.0 0.0 125.0 249.0 217.0 0.0280128541899 0.263703109051 0.0637841472607 0.124890312873 0.0 
0.0 0.0 100.0 0.0 0.0 0.0 0.0 0.0 0.0 0.0 0.0 0.0 128.0 250.0 179.0 0.0637841472607 0.124890312873 0.165072426159 0.0309392358717 0.0 
0.0 0.0 100.0 0.0 0.0 100.0 0.0 0.0 0.0 0.0 0.0 0.0 126.0 252.0 175.0 0.165072426159 0.0309392358717 -0.0295533239725 0.0864920791586 0.0 
0.0 0.0 100.0 0.0 0.0 100.0 0.0 0.0 0.0 0.0 0.0 0.0 129.0 251.0 159.0 -0.0295533239725 0.0864920791586 0.0141841980846 0.265456803111 0.0470913197162 
0.0 0.0 0.0 0.0 0.0 0.0 0.0 0.0 0.0 0.0 0.0 0.0 141.0 248.0 101.0 0.0141841980846 0.265456803111 -0.065328051668 0.096720204857 0.0134736578309 
0.0 0.0 0.0 0.0 0.0 0.0 0.0 0.0 0.0 0.0 0.0 0.0 150.0 247.0 62.0 -0.065328051668 0.096720204857 0.122814519589 0.0604996403083 0.168768829362 
0.0 0.0 0.0 0.0 0.0 0.0 0.0 0.0 0.0 0.0 0.0 0.0 150.0 247.0 52.0 0.122814519589 0.0604996403083 0.005563500457 -0.0354002934656 0.0935124486631 
0.0 0.0 0.0 0.0 0.0 0.0 0.0 0.0 0.0 0.0 0.0 0.0 145.0 253.0 66.0 0.005563500457 -0.0354002934656 0.0501726196657 0.223108494473 0.0432258839861 
0.0 0.0 0.0 0.0 0.0 0.0 0.0 0.0 0.0 0.0 0.0 0.0 144.0 251.0 57.0 0.0501726196657 0.223108494473 0.0977425189061 -0.00839463978002 0.0 
0.0 0.0 0.0 0.0 0.0 0.0 0.0 0.0 0.0 0.0 0.0 0.0 144.0 253.0 58.0 0.0977425189061 -0.00839463978002 0.0628215711046 0.0379968173308 0.0 
0.0 0.0 0.0 0.0 0.0 0.0 0.0 0.0 0.0 0.0 0.0 0.0 144.0 252.0 56.0 0.0628215711046 0.0379968173308 0.0215083794495 0.029326607533 0.0170966971825 
0.0 0.0 0.0 0.0 0.0 0.0 0.0 0.0 0.0 0.0 0.0 0.0 144.0 251.0 55.0 0.0215083794495 0.029326607533 -0.0273890319302 0.0900078500779 0.0 
0.0 0.0 0.0 0.0 0.0 0.0 0.0 0.0 0.0 0.0 0.0 0.0 147.0 247.0 49.0 -0.0273890319302 0.0900078500779 -0.0439983541202 0.000422893462695 0.0 
0.0 0.0 0.0 0.0 0.0 0.0 0.0 0.0 0.0 0.0 0.0 0.0 152.0 243.0 48.0 -0.0439983541202 0.000422893462695 -0.0261841224399 0.0173108191341 0.0414244846489 
0.0 0.0 0.0 0.0 0.0 0.0 0.0 0.0 0.0 0.0 0.0 0.0 157.0 238.0 50.0 -0.0261841224399 0.0173108191341 -0.0155608130193 -0.0224126833928 -0.0240260615787 
0.0 0.0 0.0 0.0 0.0 0.0 0.0 0.0 0.0 0.0 0.0 0.0 163.0 232.0 65.0 -0.0155608130193 -0.0224126833928 0.0165005964591 -0.0716243328784 0.0413643980521 
0.0 0.0 0.0 0.0 0.0 0.0 0.0 0.0 0.0 0.0 0.0 0.0 161.0 223.0 142.0 0.0165005964591 -0.0716243328784 0.291309716424 0.225534646528 -0.0173383364734 
0.0 0.0 0.0 0.0 0.0 0.0 0.0 0.0 0.0 0.0 0.0 0.0 145.0 247.0 112.0 0.291309716424 0.225534646528 0.238327423254 -0.113737351689 0.0 
0.0 0.0 0.0 0.0 0.0 0.0 0.0 0.0 0.0 0.0 0.0 0.0 132.0 253.0 148.0 0.238327423254 -0.113737351689 0.0118462014891 0.0235816590616 0.0173383364734 
0.0 0.0 0.0 0.0 0.0 0.0 0.0 0.0 0.0 0.0 0.0 0.0 123.0 254.0 176.0 0.0118462014891 0.0235816590616 -0.0962860439565 0.184574964375 -0.0173383364734 
0.0 0.0 0.0 0.0 0.0 100.0 0.0 100.0 0.0 0.0 0.0 0.0 122.0 254.0 157.0 -0.0962860439565 0.184574964375 0.0309727163636 0.210785177764 0.0 
0.0 0.0 0.0 0.0 0.0 100.0 0.0 100.0 0.0 0.0 0.0 0.0 124.0 254.0 132.0 0.0309727163636 0.210785177764 -0.0203876200462 0.217776296748 -0.0240260615787 
0.0 0.0 0.0 0.0 0.0 0.0 100.0 100.0 0.0 0.0 0.0 0.0 126.0 255.0 108.0 -0.0203876200462 0.217776296748 0.261487669772 -0.110602124579 0.0768333695005 
0.0 0.0 0.0 0.0 0.0 0.0 0.0 100.0 0.0 0.0 0.0 0.0 123.0 255.0 134.0 0.261487669772 -0.110602124579 -0.0274983711419 0.132523640464 0.0933915763544 
0.0 0.0 0.0 0.0 0.0 0.0 0.0 100.0 0.0 0.0 0.0 0.0 128.0 254.0 125.0 -0.0274983711419 0.132523640464 0.171621795367 0.279275898509 0.000359149139312 
0.0 0.0 0.0 0.0 0.0 0.0 100.0 0.0 0.0 0.0 0.0 0.0 132.0 253.0 91.0 0.171621795367 0.279275898509 0.0499145453162 -0.0775850241632 0.0177984044485 
0.0 0.0 0.0 0.0 0.0 0.0 100.0 0.0 0.0 0.0 0.0 0.0 130.0 255.0 105.0 0.0499145453162 -0.0775850241632 -0.0353714185126 0.108637543718 0.0543935257759 
0.0 0.0 0.0 0.0 0.0 0.0 100.0 0.0 0.0 0.0 0.0 0.0 130.0 255.0 100.0 -0.0353714185126 0.108637543718 -0.0551359050315 0.270092414649 0.018431150144 
0.0 0.0 0.0 0.0 0.0 0.0 100.0 0.0 0.0 0.0 0.0 0.0 140.0 250.0 61.0 -0.0551359050315 0.270092414649 -0.01315224362 -0.0282942193323 0.0185633103242 
0.0 0.0 0.0 0.0 0.0 0.0 0.0 0.0 0.0 0.0 0.0 0.0 145.0 253.0 63.0 -0.01315224362 -0.0282942193323 0.00889294631774 -0.129023030789 0.105363314993 
0.0 0.0 0.0 0.0 0.0 0.0 0.0 0.0 0.0 0.0 0.0 0.0 145.0 254.0 75.0 0.00889294631774 -0.129023030789 -0.177442696738 -0.0989362688949 0.0184182967381 
# HEADER 5
0.0 0.0 0.0 0.0 0.0 0.0 0.0 0.0 0.0 0.0 0.0 0.0 133.0 249.0 255.0 0 0 0.00373795201248 0.17366953467 0.0458004414418 
0.0 0.0 0.0 0.0 0.0 0.0 0.0 0.0 0.0 0.0 0.0 0.0 132.0 230.0 246.0 0.00373795201248 0.17366953467 0.134947157122 -0.0328631248896 0.0 
0.0 0.0 0.0 0.0 0.0 0.0 0.0 0.0 0.0 0.0 0.0 0.0 118.0 246.0 254.0 0.134947157122 -0.0328631248896 0.0311417048742 0.105086484999 0.0 
0.0 0.0 0.0 0.0 0.0 0.0 0.0 0.0 0.0 0.0 0.0 0.0 118.0 248.0 235.0 0.0311417048742 0.105086484999 0.180257263238 0.287903713763 0.0 
0.0 0.0 0.0 0.0 0.0 0.0 0.0 0.0 0.0 0.0 0.0 0.0 126.0 249.0 178.0 0.180257263238 0.287903713763 0.172123155209 0.172721080186 0.0 
0.0 0.0 0.0 0.0 0.0 100.0 0.0 100.0 0.0 0.0 0.0 0.0 131.0 251.0 134.0 0.172123155209 0.172721080186 0.113942389866 0.107566446623 -0.00893088645198 
0.0 0.0 0.0 0.0 0.0 0.0 0.0 100.0 0.0 0.0 0.0 0.0 131.0 252.0 116.0 0.113942389866 0.107566446623 -0.0935307136957 0.18098540099 0.0923113672483 
0.0 0.0 0.0 0.0 0.0 0.0 100.0 0.0 0.0 0.0 0.0 0.0 141.0 248.0 77.0 -0.0935307136957 0.18098540099 0.246870744891 0.0705174209644 0.0549806969943 
0.0 0.0 0.0 0.0 0.0 0.0 0.0 0.0 0.0 0.0 0.0 0.0 149.0 246.0 54.0 0.246870744891 0.0705174209644 0.0418975709998 0.0919551132708 0.125044885202 
0.0 0.0 0.0 0.0 0.0 0.0 0.0 0.0 0.0 0.0 0.0 0.0 165.0 224.0 50.0 0.0418975709998 0.0919551132708 0.0567149372104 -0.140474357496 0.101515343757 
# HEADER 6
0.0 0.0 0.0 0.0 0.0 0.0 0.0 0.0 0.0 0.0 0.0 0.0 133.0 249.0 255.0 0 0 0.0161501489942 0.0544982836695 0.0482532091571 
0.0 0.0 0.0 0.0 0.0 0.0 0.0 0.0 0.0 0.0 0.0 0.0 133.0 230.0 255.0 0.0161501489942 0.0544982836695 0.211940776925 0.0504237050842 -0.0482532091571 
0.0 0.0 0.0 0.0 0.0 0.0 0.0 0.0 0.0 0.0 0.0 0.0 124.0 247.0 223.0 0.211940776925 0.0504237050842 0.16361112432 0.122068124375 0.0 
0.0 0.0 0.0 0.0 0.0 0.0 0.0 0.0 0.0 0.0 0.0 0.0 125.0 249.0 191.0 0.16361112432 0.122068124375 0.00625375677202 0.0275892965122 0.0482532091571 
0.0 0.0 100.0 0.0 0.0 0.0 0.0 0.0 0.0 0.0 0.0 0.0 122.0 251.0 187.0 0.00625375677202 0.0275892965122 0.0169791288937 0.133154404998 0.0 
0.0 0.0 100.0 0.0 0.0 100.0 0.0 100.0 0.0 0.0 0.0 0.0 122.0 252.0 173.0 0.0169791288937 0.133154404998 0.15270165787 0.0914202263566 0.0 
0.0 0.0 100.0 0.0 0.0 100.0 0.0 100.0 0.0 0.0 0.0 0.0 122.0 252.0 162.0 0.15270165787 0.0914202263566 0.0959956667651 0.1593871345 0.0156781552794 
0.0 0.0 0.0 0.0 0.0 100.0 0.0 100.0 0.0 0.0 0.0 0.0 124.0 253.0 144.0 0.0959956667651 0.1593871345 -0.121112594439 -0.0195294978641 0.0539996971627 
0.0 0.0 0.0 0.0 0.0 0.0 0.0 100.0 0.0 0.0 0.0 0.0 129.0 251.0 155.0 -0.121112594439 -0.0195294978641 0.0248861005537 0.187165470541 0.0302873566593 
0.0 0.0 0.0 0.0 0.0 0.0 0.0 0.0 0.0 0.0 0.0 0.0 135.0 248.0 133.0 0.0248861005537 0.187165470541 -0.080251143703 0.15056903937 0.0 
0.0 0.0 0.0 0.0 0.0 0.0 0.0 0.0 0.0 0.0 0.0 0.0 146.0 247.0 85.0 -0.080251143703 0.15056903937 0.0531537147096 0.143546783807 0.0293351211231 
0.0 0.0 0.0 0.0 0.0 0.0 100.0 0.0 0.0 0.0 0.0 0.0 149.0 247.0 49.0 0.0531537147096 0.143546783807 -0.0245557243093 0.151520924841 0.081436447524 
0.0 0.0 0.0 0.0 0.0 0.0 100.0 0.0 0.0 0.0 0.0 0.0 148.0 246.0 40.0 -0.0245557243093 0.151520924841 0.00485447859307 0.135700772265 0.119187484908 
0.0 0.0 0.0 0.0 0.0 0.0 100.0 0.0 0.0 0.0 0.0 0.0 147.0 245.0 39.0 0.00485447859307 0.135700772265 0.156806460683 -0.115820427098 0.0239080690247 
0.0 0.0 0.0 0.0 0.0 0.0 100.0 0.0 0.0 0.0 0.0 0.0 147.0 253.0 49.0 0.156806460683 -0.115820427098 0.18253748143 -0.0997875224353 0.0286363558184 
0.0 0.0 0.0 0.0 0.0 0.0 100.0 0.0 0.0 0.0 0.0 0.0 147.0 254.0 58.0 0.18253748143 -0.0997875224353 0.0620157236478 0.0161083408294 -0.0286363558184 
0.0 0.0 0.0 0.0 0.0 0.0 100.0 0.0 0.0 0.0 0.0 0.0 146.0 254.0 62.0 0.0620157236478 0.0161083408294 -0.197153332458 0.0264887807519 0.0 
0.0 0.0 0.0 0.0 0.0 0.0 0.0 0.0 0.0 0.0 0.0 0.0 145.0 254.0 63.0 -0.197153332458 0.0264887807519 0.0249355070281 -0.0328063772542 0.0 
0.0 0.0 0.0 0.0 0.0 0.0 100.0 0.0 0.0 0.0 0.0 0.0 145.0 254.0 64.0 0.0249355070281 -0.0328063772542 0.0276392791146 -0.026519200253 0.0 
0.0 0.0 0.0 0.0 0.0 0.0 100.0 0.0 0.0 0.0 0.0 0.0 145.0 254.0 65.0 0.0276392791146 -0.026519200253 0.174449957718 -0.151033249461 0.0 
0.0 0.0 0.0 0.0 0.0 0.0 100.0 0.0 0.0 0.0 0.0 0.0 145.0 254.0 66.0 0.174449957718 -0.151033249461 0.0713991567648 -0.132352997979 0.0 
0.0 0.0 0.0 0.0 0.0 0.0 100.0 0.0 0.0 0.0 0.0 0.0 145.0 254.0 66.0 0.0713991567648 -0.132352997979 -0.0587390613363 0.124164460411 0.0 
0.0 0.0 0.0 0.0 0.0 0.0 0.0 0.0 0.0 0.0 0.0 0.0 149.0 251.0 65.0 -0.0587390613363 0.124164460411 0.0621444241131 0.304889518241 0.0 
0.0 0.0 0.0 0.0 0.0 0.0 0.0 0.0 0.0 0.0 0.0 0.0 129.0 247.0 214.0 0.0621444241131 0.304889518241 0.122178582792 0.279588428787 0.0 
0.0 0.0 0.0 0.0 0.0 0.0 0.0 0.0 0.0 0.0 0.0 0.0 134.0 249.0 156.0 0.122178582792 0.279588428787 0.0712611767533 0.33 0.0115722350618 
0.0 0.0 0.0 0.0 0.0 0.0 0.0 100.0 0.0 0.0 0.0 0.0 140.0 251.0 92.0 0.0712611767533 0.33 0.0958477048857 0.162518656293 0.0397066763757 
0.0 0.0 0.0 0.0 0.0 0.0 100.0 0.0 0.0 0.0 0.0 0.0 142.0 252.0 58.0 0.0958477048857 0.162518656293 0.00912105589779 -0.102021902605 0.14872372851 
0.0 0.0 0.0 0.0 0.0 0.0 100.0 0.0 0.0 0.0 0.0 0.0 142.0 255.0 70.0 0.00912105589779 -0.102021902605 0.208429394828 0.185610391167 0.122929717995 
0.0 0.0 0.0 0.0 0.0 0.0 100.0 0.0 0.0 0.0 0.0 0.0 141.0 255.0 63.0 0.208429394828 0.185610391167 0.0407477669327 0.0836813365845 0.0 
0.0 0.0 0.0 0.0 0.0 0.0 100.0 0.0 0.0 0.0 0.0 0.0 141.0 254.0 54.0 0.0407477669327 0.0836813365845 0.238252001627 -0.06649934631 0.0 
0.0 0.0 0.0 0.0 0.0 0.0 100.0 0.0 0.0 0.0 0.0 0.0 139.0 255.0 68.0 0.238252001627 -0.06649934631 0.0183566026414 0.0851306835462 0.0304915070742 
0.0 0.0 0.0 0.0 0.0 0.0 100.0 0.0 0.0 0.0 0.0 0.0 138.0 255.0 64.0 0.0183566026414 0.0851306835462 0.186118196162 0.218307681809 0.0 
0.0 0.0 0.0 0.0 0.0 0.0 100.0 0.0 0.0 0.0 0.0 0.0 138.0 252.0 48.0 0.186118196162 0.218307681809 -0.0476844142087 -0.103985889988 0.0 
0.0 0.0 0.0 0.0 0.0 0.0 100.0 0.0 0.0 0.0 0.0 0.0 142.0 255.0 53.0 -0.0476844142087 -0.103985889988 0.065476456276 0.115154354477 0.0372515796625 
0.0 0.0 0.0 0.0 0.0 0.0 100.0 0.0 0.0 0.0 0.0 0.0 144.0 251.0 49.0 0.065476456276 0.115154354477 -0.0827369663795 0.0709172163484 -0.0239127230254 
0.0 0.0 0.0 0.0 0.0 0.0 100.0 0.0 0.0 0.0 0.0 0.0 150.0 246.0 44.0 -0.0827369663795 0.0709172163484 -0.140100697645 0.0325137655801 0.0301222895817 
0.0 0.0 0.0 0.0 0.0 0.0 0.0 0.0 0.0 0.0 0.0 0.0 161.0 235.0 46.0 -0.140100697645 0.0325137655801 0.136182204454 -0.00560738052364 0.0 
0.0 0.0 0.0 0.0 0.0 0.0 0.0 0.0 0.0 0.0 0.0 0.0 155.0 244.0 49.0 0.136182204454 -0.00560738052364 -0.00111316529686 -0.191357630167 0.0 
0.0 0.0 0.0 0.0 0.0 0.0 0.0 0.0 0.0 0.0 0.0 0.0 152.0 250.0 54.0 -0.00111316529686 -0.191357630167 -0.0992950315125 0.0391581359084 0.0 
0.0 0.0 0.0 0.0 0.0 0.0 0.0 0.0 0.0 0.0 0.0 0.0 152.0 250.0 55.0 -0.0992950315125 0.0391581359084 0.0252665489615 0.0407692344198 -0.0301222895817 
0.0 0.0 0.0 0.0 0.0 0.0 0.0 0.0 0.0 0.0 0.0 0.0 153.0 248.0 51.0 0.0252665489615 0.0407692344198 0.0906760013595 0.116901784982 0.0 
0.0 0.0 0.0 0.0 0.0 0.0 0.0 0.0 0.0 0.0 0.0 0.0 150.0 247.0 44.0 0.0906760013595 0.116901784982 -0.0629126846029 0.0599830930953 0.0 
0.0 0.0 0.0 0.0 0.0 0.0 0.0 0.0 0.0 0.0 0.0 0.0 155.0 242.0 43.0 -0.0629126846029 0.0599830930953 -0.207289274427 -0.0759934862165 0.0301222895817 
0.0 0.0 0.0 0.0 0.0 0.0 0.0 0.0 0.0 0.0 0.0 0.0 175.0 216.0 72.0 -0.207289274427 -0.0759934862165 0.218698817949 0.00568572245061 0.0 
0.0 0.0 0.0 0.0 0.0 0.0 0.0 0.0 0.0 0.0 0.0 0.0 166.0 231.0 65.0 0.218698817949 0.00568572245061 0.229243399675 -0.0839465840711 -0.0301222895817 
0.0 0.0 0.0 0.0 0.0 0.0 0.0 0.0 0.0 0.0 0.0 0.0 151.0 253.0 58.0 0.229243399675 -0.0839465840711 0.0104027991378 -0.0279664162113 0.0 
0.0 0.0 0.0 0.0 0.0 0.0 0.0 0.0 0.0 0.0 0.0 0.0 145.0 255.0 63.0 0.0104027991378 -0.0279664162113 -0.063019482658 0.15713278324 0.0 
0.0 0.0 0.0 0.0 0.0 0.0 100.0 0.0 0.0 0.0 0.0 0.0 142.0 255.0 67.0 -0.063019482658 0.15713278324 -0.0853469753416 -0.0725231949565 0.0 
0.0 0.0 0.0 0.0 0.0 0.0 0.0 0.0 0.0 0.0 0.0 0.0 146.0 254.0 63.0 -0.0853469753416 -0.0725231949565 -0.00518028797672 0.109668298734 0.0 
0.0 0.0 0.0 0.0 0.0 0.0 0.0 0.0 0.0 0.0 0.0 0.0 148.0 252.0 63.0 -0.00518028797672 0.109668298734 0.0170311855227 -0.00196033486344 0.0 
0.0 0.0 0.0 0.0 0.0 0.0 0.0 0.0 0.0 0.0 0.0 0.0 148.0 252.0 64.0 0.0170311855227 -0.00196033486344 -0.156788979673 -0.0713818025558 0.0 
0.0 0.0 0.0 0.0 0.0 0.0 0.0 0.0 0.0 0.0 0.0 0.0 148.0 252.0 69.0 -0.156788979673 -0.0713818025558 0.101367324707 0.0955394047152 0.0 
0.0 0.0 0.0 0.0 0.0 0.0 0.0 0.0 0.0 0.0 0.0 0.0 145.0 254.0 77.0 0.101367324707 0.0955394047152 0.16251638908 -0.0329872530394 0.0 
0.0 0.0 0.0 0.0 0.0 0.0 0.0 0.0 0.0 0.0 0.0 0.0 142.0 254.0 80.0 0.16251638908 -0.0329872530394 0.117582416297 0.0911756143309 0.0 
0.0 0.0 0.0 0.0 0.0 0.0 0.0 0.0 0.0 0.0 0.0 0.0 141.0 255.0 83.0 0.117582416297 0.0911756143309 -0.0230431492064 0.184605877985 0.0 
0.0 0.0 0.0 0.0 0.0 0.0 0.0 0.0 0.0 0.0 0.0 0.0 141.0 252.0 68.0 -0.0230431492064 0.184605877985 -0.0560204418081 0.013016584708 0.0 
0.0 0.0 0.0 0.0 0.0 0.0 0.0 0.0 0.0 0.0 0.0 0.0 146.0 248.0 60.0 -0.0560204418081 0.013016584708 0.0159606453605 -0.0640530816441 0.0301222895817 
0.0 0.0 0.0 0.0 0.0 0.0 0.0 0.0 0.0 0.0 0.0 0.0 147.0 251.0 75.0 0.0159606453605 -0.0640530816441 -0.0665068834118 0.0311176569814 0.0 
0.0 0.0 0.0 0.0 0.0 0.0 0.0 0.0 0.0 0.0 0.0 0.0 150.0 247.0 80.0 -0.0665068834118 0.0311176569814 0.00831353390021 -0.0583372919879 -0.0301222895817 
0.0 0.0 0.0 0.0 0.0 0.0 0.0 0.0 0.0 0.0 0.0 0.0 157.0 229.0 137.0 0.00831353390021 -0.0583372919879 0.194105787529 0.0104429794761 0.0301222895817 
0.0 0.0 0.0 0.0 0.0 0.0 0.0 0.0 0.0 0.0 0.0 0.0 146.0 241.0 144.0 0.194105787529 0.0104429794761 -0.175186835863 0.33 -0.0301222895817 
0.0 0.0 0.0 0.0 0.0 0.0 0.0 0.0 0.0 0.0 0.0 0.0 157.0 239.0 84.0 -0.175186835863 0.33 0.10390548878 0.0694687400226 0.0 
0.0 0.0 0.0 0.0 0.0 0.0 0.0 0.0 0.0 0.0 0.0 0.0 173.0 222.0 60.0 0.10390548878 0.0694687400226 0.0892629519088 0.0754487215986 0.0361672896612 
0.0 0.0 0.0 0.0 0.0 0.0 0.0 0.0 0.0 0.0 0.0 0.0 190.0 197.0 51.0 0.0892629519088 0.0754487215986 0.0991395350817 0.0269152898433 0.0300268122107 
0.0 0.0 0.0 0.0 0.0 0.0 0.0 0.0 0.0 0.0 0.0 0.0 204.0 179.0 52.0 0.0991395350817 0.0269152898433 0.133630289041 -0.0608953876577 0.0302448487409 
0.0 0.0 0.0 0.0 0.0 0.0 0.0 0.0 0.0 0.0 0.0 0.0 228.0 131.0 110.0 0.133630289041 -0.0608953876577 -0.190997519209 -0.0605255353835 0.0351259550207 
0.0 0.0 0.0 0.0 0.0 0.0 0.0 0.0 0.0 0.0 0.0 0.0 231.0 129.0 188.0 -0.190997519209 -0.0605255353835 -0.0249353113981 -0.0574683201588 -0.03000530379 
0.0 0.0 0.0 0.0 0.0 0.0 0.0 0.0 0.0 0.0 0.0 0.0 231.0 152.0 230.0 -0.0249353113981 -0.0574683201588 -0.00964331417033 0.208714123163 0.0 
0.0 0.0 0.0 0.0 0.0 0.0 0.0 0.0 0.0 0.0 0.0 0.0 231.0 132.0 202.0 -0.00964331417033 0.208714123163 -0.0460559346342 -0.178379445267 0.0 
0.0 0.0 0.0 0.0 0.0 0.0 0.0 0.0 0.0 0.0 0.0 0.0 231.0 154.0 234.0 -0.0460559346342 -0.178379445267 0.0932024116111 -0.160472012465 0.0 
0.0 0.0 0.0 0.0 0.0 0.0 0.0 0.0 0.0 0.0 0.0 0.0 230.0 210.0 255.0 0.0932024116111 -0.160472012465 0.157604032606 -0.210352161432 0.0 
0.0 0.0 0.0 0.0 0.0 0.0 0.0 0.0 0.0 0.0 0.0 0.0 215.0 249.0 255.0 0.157604032606 -0.210352161432 0.131489243065 -0.142045077977 0.0 
0.0 0.0 0.0 0.0 0.0 0.0 0.0 0.0 0.0 0.0 0.0 0.0 193.0 250.0 255.0 0.131489243065 -0.142045077977 0.195184081176 -0.0586529794548 0.0 
0.0 0.0 0.0 0.0 0.0 0.0 0.0 0.0 0.0 0.0 0.0 0.0 169.0 251.0 255.0 0.195184081176 -0.0586529794548 0.111966594048 0.0267191643074 0.0 
0.0 0.0 0.0 0.0 0.0 0.0 0.0 0.0 0.0 100.0 0.0 0.0 149.0 251.0 255.0 0.111966594048 0.0267191643074 0.149944381932 0.197593459579 0.0 
0.0 0.0 0.0 0.0 0.0 0.0 0.0 0.0 0.0 0.0 0.0 0.0 126.0 239.0 252.0 0.149944381932 0.197593459579 -0.150279389856 0.056759380379 0.0 
0.0 0.0 0.0 0.0 0.0 0.0 0.0 0.0 0.0 0.0 0.0 0.0 136.0 236.0 214.0 -0.150279389856 0.056759380379 0.0238922335866 0.221808718516 0.0 
0.0 0.0 0.0 0.0 0.0 0.0 0.0 0.0 0.0 0.0 0.0 0.0 144.0 244.0 142.0 0.0238922335866 0.221808718516 -0.0831505020862 0.145246380835 0.0 
0.0 0.0 0.0 0.0 0.0 0.0 0.0 0.0 0.0 0.0 0.0 0.0 149.0 247.0 93.0 -0.0831505020862 0.145246380835 -0.00736460805912 0.127145414028 0.03000530379 
0.0 0.0 0.0 0.0 0.0 0.0 0.0 0.0 0.0 0.0 0.0 0.0 153.0 247.0 56.0 -0.00736460805912 0.127145414028 0.0944593291152 0.154224710718 0.0342862939728 
0.0 0.0 0.0 0.0 0.0 0.0 0.0 0.0 0.0 0.0 0.0 0.0 155.0 243.0 42.0 0.0944593291152 0.154224710718 0.0622710306577 -0.156713397253 0.118617221977 
# HEADER 7
0.0 0.0 0.0 0.0 0.0 0.0 0.0 0.0 0.0 0.0 0.0 0.0 133.0 250.0 255.0 0 0 0.0661395784209 0.217765727623 0.00201423329004 
0.0 0.0 0.0 0.0 0.0 0.0 0.0 0.0 0.0 0.0 0.0 0.0 133.0 234.0 237.0 0.0661395784209 0.217765727623 -0.118128030531 0.0611307356334 0.0 
0.0 0.0 0.0 0.0 0.0 0.0 0.0 0.0 0.0 0.0 0.0 0.0 145.0 229.0 195.0 -0.118128030531 0.0611307356334 0.145249933 -0.187688370866 0.0 
0.0 0.0 0.0 0.0 0.0 0.0 0.0 0.0 0.0 0.0 0.0 0.0 162.0 204.0 254.0 0.145249933 -0.187688370866 -0.0498247569127 0.090259406683 0.0 
0.0 0.0 0.0 0.0 0.0 0.0 0.0 0.0 0.0 0.0 0.0 0.0 172.0 179.0 249.0 -0.0498247569127 0.090259406683 0.33 -0.106147251182 0.0 
0.0 0.0 0.0 0.0 0.0 0.0 0.0 0.0 0.0 0.0 0.0 0.0 184.0 204.0 254.0 0.33 -0.106147251182 0.190753731946 -0.0473054250812 0.0 
0.0 0.0 0.0 0.0 0.0 0.0 0.0 0.0 0.0 0.0 0.0 0.0 173.0 249.0 255.0 0.190753731946 -0.0473054250812 0.00915110330906 0.0446346653326 0.0 
0.0 0.0 0.0 0.0 0.0 0.0 0.0 0.0 0.0 0.0 0.0 0.0 168.0 242.0 255.0 0.00915110330906 0.0446346653326 -0.256199379941 -0.0496427237265 0.0 
0.0 0.0 0.0 0.0 0.0 0.0 0.0 0.0 0.0 0.0 0.0 0.0 167.0 250.0 255.0 -0.256199379941 -0.0496427237265 0.174596377499 0.0170198147157 0.0 
0.0 0.0 0.0 0.0 0.0 0.0 0.0 0.0 0.0 0.0 0.0 0.0 150.0 250.0 255.0 0.174596377499 0.0170198147157 -0.00922106091282 0.0210280066185 0.0 
0.0 0.0 0.0 0.0 0.0 0.0 0.0 0.0 0.0 0.0 0.0 0.0 143.0 243.0 255.0 -0.00922106091282 0.0210280066185 0.165286322678 -0.0132771352071 0.0 
0.0 0.0 0.0 0.0 0.0 0.0 0.0 0.0 0.0 0.0 0.0 0.0 125.0 250.0 255.0 0.165286322678 -0.0132771352071 0.0639247866771 0.137940599631 0.0 
0.0 0.0 0.0 0.0 0.0 0.0 0.0 0.0 0.0 0.0 0.0 0.0 116.0 250.0 250.0 0.0639247866771 0.137940599631 0.218411793081 0.111392269088 0.0 
0.0 0.0 0.0 0.0 0.0 0.0 0.0 0.0 0.0 0.0 0.0 0.0 117.0 251.0 220.0 0.218411793081 0.111392269088 0.111712179581 0.204366070205 0.0 
0.0 0.0 100.0 0.0 0.0 0.0 0.0 0.0 0.0 0.0 0.0 0.0 120.0 253.0 186.0 0.111712179581 0.204366070205 -0.0225205147299 0.192762266558 0.0287207153719 
0.0 0.0 0.0 0.0 0.0 0.0 0.0 100.0 0.0 0.0 0.0 0.0 128.0 251.0 143.0 -0.0225205147299 0.192762266558 -0.139587020334 0.173043542105 0.0272626196689 
0.0 0.0 0.0 0.0 0.0 0.0 0.0 0.0 0.0 0.0 0.0 0.0 142.0 247.0 91.0 -0.139587020334 0.173043542105 0.0938580779694 -0.100818396529 0.0845506487657 
0.0 0.0 0.0 0.0 0.0 0.0 0.0 0.0 0.0 0.0 0.0 0.0 151.0 236.0 130.0 0.0938580779694 -0.100818396529 -0.0497151893211 0.0466793487395 0.111131357717 
0.0 0.0 0.0 0.0 0.0 0.0 0.0 0.0 0.0 0.0 0.0 0.0 157.0 225.0 136.0 -0.0497151893211 0.0466793487395 0.134493804368 0.208183372707 0.0 
0.0 0.0 0.0 0.0 0.0 0.0 0.0 0.0 0.0 0.0 0.0 0.0 155.0 240.0 77.0 0.134493804368 0.208183372707 -0.00748341405092 -0.0497397281412 0.0 
0.0 0.0 0.0 0.0 0.0 0.0 0.0 0.0 0.0 0.0 0.0 0.0 152.0 242.0 97.0 -0.00748341405092 -0.0497397281412 -0.00155840607393 0.0438798308111 0.0544678595865 
0.0 0.0 0.0 0.0 0.0 0.0 0.0 0.0 0.0 0.0 0.0 0.0 152.0 242.0 97.0 -0.00155840607393 0.0438798308111 -0.0139423865517 0.041678486554 0.0 
# HEADER 8
0.0 0.0 0.0 0.0 0.0 0.0 0.0 0.0 0.0 0.0 0.0 0.0 133.0 250.0 255.0 0 0 -0.0144797117263 0.270507876992 -0.00227208142839 
0.0 0.0 0.0 0.0 0.0 0.0 0.0 0.0 0.0 0.0 0.0 0.0 132.0 231.0 250.0 -0.0144797117263 0.270507876992 0.23497961685 0.085654403992 0.0 
0.0 0.0 0.0 0.0 0.0 0.0 0.0 0.0 0.0 0.0 0.0 0.0 129.0 247.0 194.0 0.23497961685 0.085654403992 0.0695852736938 0.127480146582 0.0 
0.0 0.0 0.0 0.0 0.0 0.0 0.0 0.0 0.0 0.0 0.0 0.0 132.0 248.0 164.0 0.0695852736938 0.127480146582 -0.097288559592 0.2651645106 0.0 
0.0 0.0 0.0 0.0 0.0 0.0 0.0 0.0 0.0 0.0 0.0 0.0 146.0 247.0 95.0 -0.097288559592 0.2651645106 -0.0301840345822 0.212361411106 0.0562975754504 
0.0 0.0 0.0 0.0 0.0 0.0 0.0 0.0 0.0 0.0 0.0 0.0 164.0 232.0 45.0 -0.0301840345822 0.212361411106 0.0385439958902 -0.120584006629 0.112186383199 
0.0 0.0 0.0 0.0 0.0 0.0 0.0 0.0 0.0 0.0 0.0 0.0 179.0 212.0 74.0 0.0385439958902 -0.120584006629 0.203133572382 0.154082303689 0.14829623772 
0.0 0.0 0.0 0.0 0.0 0.0 0.0 0.0 0.0 0.0 0.0 0.0 183.0 207.0 72.0 0.203133572382 0.154082303689 0.193100062672 -0.0838822016215 0.0334508735444 
0.0 0.0 0.0 0.0 0.0 0.0 0.0 0.0 0.0 0.0 0.0 0.0 178.0 208.0 103.0 0.193100062672 -0.0838822016215 0.0922345719254 -0.19740011692 0.0266213336183 
0.0 0.0 0.0 0.0 0.0 0.0 0.0 0.0 0.0 0.0 0.0 0.0 149.0 214.0 227.0 0.0922345719254 -0.19740011692 -0.16745908503 -0.0383931833456 -0.0266213336183 
0.0 0.0 0.0 0.0 0.0 0.0 0.0 0.0 0.0 0.0 0.0 0.0 151.0 230.0 255.0 -0.16745908503 -0.0383931833456 0.104734166666 -0.0735391523083 0.0 
0.0 0.0 0.0 0.0 0.0 0.0 0.0 0.0 0.0 0.0 0.0 0.0 178.0 250.0 255.0 0.104734166666 -0.0735391523083 0.167536361023 -0.272215400348 0.0266213336183 
0.0 0.0 0.0 0.0 0.0 0.0 0.0 0.0 0.0 0.0 0.0 0.0 169.0 250.0 255.0 0.167536361023 -0.272215400348 0.205110500543 -0.0351796423908 0.0 
0.0 0.0 0.0 0.0 0.0 0.0 0.0 0.0 0.0 0.0 0.0 0.0 142.0 250.0 255.0 0.205110500543 -0.0351796423908 -0.123754476447 0.0367778798123 0.0 
0.0 0.0 0.0 0.0 0.0 0.0 0.0 0.0 0.0 0.0 0.0 0.0 148.0 250.0 255.0 -0.123754476447 0.0367778798123 -0.0367977133842 0.003422624701 0.0 
0.0 0.0 0.0 0.0 0.0 0.0 0.0 0.0 0.0 0.0 0.0 0.0 166.0 244.0 255.0 -0.0367977133842 0.003422624701 0.226125613955 0.00355161482177 -0.0266213336183 
0.0 0.0 0.0 0.0 0.0 0.0 0.0 0.0 0.0 0.0 0.0 0.0 185.0 227.0 255.0 0.226125613955 0.00355161482177 0.268598022184 0.00987426682547 0.0266213336183 
0.0 0.0 0.0 0.0 0.0 0.0 0.0 0.0 0.0 0.0 0.0 0.0 202.0 201.0 255.0 0.268598022184 0.00987426682547 0.0122336337059 0.134761847333 0.0 
0.0 0.0 0.0 0.0 0.0 0.0 0.0 0.0 0.0 0.0 0.0 0.0 203.0 163.0 240.0 0.0122336337059 0.134761847333 -0.0536500744848 -0.134057599164 0.0 
0.0 0.0 0.0 0.0 0.0 0.0 0.0 0.0 0.0 0.0 0.0 0.0 202.0 189.0 255.0 -0.0536500744848 -0.134057599164 0.2058512853 0.112168063193 0.0 
0.0 0.0 0.0 0.0 0.0 0.0 0.0 0.0 0.0 0.0 0.0 0.0 176.0 184.0 251.0 0.2058512853 0.112168063193 0.239694652485 -0.141653297172 0.0 
0.0 0.0 0.0 0.0 0.0 0.0 0.0 0.0 0.0 0.0 0.0 0.0 154.0 235.0 255.0 0.239694652485 -0.141653297172 0.0173392358113 0.0445467225526 0.0 
0.0 0.0 0.0 0.0 0.0 0.0 0.0 0.0 0.0 0.0 0.0 0.0 126.0 240.0 255.0 0.0173392358113 0.0445467225526 -0.00334044451055 0.0510515187435 0.0 
0.0 0.0 0.0 0.0 0.0 0.0 0.0 0.0 0.0 0.0 0.0 0.0 120.0 249.0 233.0 -0.00334044451055 0.0510515187435 0.0310078186472 0.199404704173 0.0 
0.0 0.0 100.0 0.0 0.0 0.0 0.0 0.0 0.0 0.0 0.0 0.0 125.0 250.0 190.0 0.0310078186472 0.199404704173 0.045256603679 0.33 0.0 
0.0 0.0 0.0 0.0 0.0 100.0 0.0 0.0 0.0 0.0 0.0 0.0 135.0 251.0 123.0 0.045256603679 0.33 -0.103653738839 0.219773717064 0.0670549870006 
0.0 0.0 0.0 0.0 0.0 0.0 0.0 0.0 0.0 0.0 0.0 0.0 148.0 247.0 59.0 -0.103653738839 0.219773717064 -0.00333587460727 -0.0297437546034 0.143205942542 
0.0 0.0 0.0 0.0 0.0 0.0 0.0 0.0 0.0 0.0 0.0 0.0 159.0 240.0 64.0 -0.00333587460727 -0.0297437546034 0.0608201812699 -0.0154104952797 0.17346623539 
0.0 0.0 0.0 0.0 0.0 0.0 0.0 0.0 0.0 0.0 0.0 0.0 155.0 239.0 108.0 0.0608201812699 -0.0154104952797 -0.0488660821173 0.108960490991 0.0111051145509 
0.0 0.0 0.0 0.0 0.0 0.0 0.0 0.0 0.0 0.0 0.0 0.0 158.0 236.0 97.0 -0.0488660821173 0.108960490991 0.128494098351 -0.0356879946648 -0.0218542078796 
0.0 0.0 0.0 0.0 0.0 0.0 0.0 0.0 0.0 0.0 0.0 0.0 149.0 244.0 116.0 0.128494098351 -0.0356879946648 0.122038374502 0.0363590389447 0.0218542078796 
# HEADER 9
0.0 0.0 0.0 0.0 0.0 0.0 0.0 0.0 0.0 0.0 0.0 0.0 132.0 249.0 255.0 0 0 0.0593832100099 0.129677422238 0.0218542078796 
0.0 0.0 0.0 0.0 0.0 0.0 0.0 0.0 0.0 0.0 0.0 0.0 125.0 242.0 240.0 0.0593832100099 0.129677422238 -0.159539519973 0.092234736229 0.0 
0.0 0.0 0.0 0.0 0.0 0.0 0.0 0.0 0.0 0.0 0.0 0.0 137.0 240.0 192.0 -0.159539519973 0.092234736229 0.177425368526 0.0745480851198 0.0 
# HEADER 10
0.0 0.0 0.0 0.0 0.0 0.0 0.0 0.0 0.0 0.0 0.0 0.0 133.0 250.0 255.0 0 0 0.0283802121149 0.165231914132 0.0 
0.0 0.0 0.0 0.0 0.0 0.0 0.0 0.0 0.0 0.0 0.0 0.0 133.0 231.0 245.0 0.0283802121149 0.165231914132 0.148188080855 0.182716117475 0.0 
0.0 0.0 0.0 0.0 0.0 0.0 0.0 0.0 0.0 0.0 0.0 0.0 136.0 245.0 173.0 0.148188080855 0.182716117475 -0.0482508957451 0.33 0.0 
0.0 0.0 0.0 0.0 0.0 0.0 0.0 0.0 0.0 0.0 0.0 0.0 151.0 247.0 83.0 -0.0482508957451 0.33 -0.00656785056914 -0.022003976063 0.0 
0.0 0.0 0.0 0.0 0.0 0.0 0.0 0.0 0.0 0.0 0.0 0.0 154.0 243.0 93.0 -0.00656785056914 -0.022003976063 0.148642744653 0.0680093048977 0.166596240768 
0.0 0.0 0.0 0.0 0.0 0.0 0.0 0.0 0.0 0.0 0.0 0.0 149.0 247.0 87.0 0.148642744653 0.0680093048977 -0.144344513375 0.0873058566644 -0.0185278861755 
0.0 0.0 0.0 0.0 0.0 0.0 0.0 0.0 0.0 0.0 0.0 0.0 160.0 238.0 66.0 -0.144344513375 0.0873058566644 -0.0708359727332 0.0474697820839 0.0 
0.0 0.0 0.0 0.0 0.0 0.0 0.0 0.0 0.0 0.0 0.0 0.0 170.0 225.0 57.0 -0.0708359727332 0.0474697820839 0.0621253449897 -0.147929362151 0.0995554801372 
0.0 0.0 0.0 0.0 0.0 0.0 0.0 0.0 0.0 0.0 0.0 0.0 170.0 218.0 113.0 0.0621253449897 -0.147929362151 0.1871541637 -0.131530511581 0.0263018211467 
0.0 0.0 0.0 0.0 0.0 0.0 0.0 0.0 0.0 0.0 0.0 0.0 150.0 211.0 236.0 0.1871541637 -0.131530511581 0.14765935404 0.250764628309 -0.0297571447696 
0.0 0.0 0.0 0.0 0.0 0.0 0.0 0.0 0.0 0.0 0.0 0.0 141.0 237.0 183.0 0.14765935404 0.250764628309 0.0369301476953 0.229700090257 0.0 
0.0 0.0 0.0 0.0 0.0 0.0 0.0 0.0 0.0 0.0 0.0 0.0 142.0 247.0 111.0 0.0369301476953 0.229700090257 -0.14103002942 0.0657483898731 0.0297571447696 
0.0 0.0 0.0 0.0 0.0 0.0 100.0 0.0 0.0 0.0 0.0 0.0 145.0 247.0 86.0 -0.14103002942 0.0657483898731 0.0127352709104 -0.0438944097571 0.095881436974 
0.0 0.0 0.0 0.0 0.0 0.0 0.0 0.0 0.0 0.0 0.0 0.0 141.0 252.0 106.0 0.0127352709104 -0.0438944097571 0.03457782277 0.0524658722912 0.0840188105098 
0.0 0.0 0.0 0.0 0.0 0.0 0.0 0.0 0.0 0.0 0.0 0.0 139.0 251.0 112.0 0.03457782277 0.0524658722912 -0.0314508699726 0.32638027955 -0.0264265761903 
0.0 0.0 0.0 0.0 0.0 0.0 100.0 0.0 0.0 0.0 0.0 0.0 147.0 248.0 63.0 -0.0314508699726 0.32638027955 0.128916281252 -0.0802033496726 0.0264265761903 
0.0 0.0 0.0 0.0 0.0 0.0 100.0 0.0 0.0 0.0 0.0 0.0 145.0 254.0 67.0 0.128916281252 -0.0802033496726 0.0814920843972 -0.017260990433 0.130652095259 
0.0 0.0 0.0 0.0 0.0 0.0 100.0 0.0 0.0 0.0 0.0 0.0 141.0 255.0 85.0 0.0814920843972 -0.017260990433 -0.234433046885 -0.00689099508465 0.0220860737247 
0.0 0.0 0.0 0.0 0.0 0.0 0.0 0.0 0.0 0.0 0.0 0.0 136.0 241.0 182.0 -0.234433046885 -0.00689099508465 -0.102069590819 0.122765790772 -0.015163306521 
0.0 0.0 0.0 0.0 0.0 0.0 0.0 0.0 0.0 0.0 0.0 0.0 151.0 231.0 153.0 -0.102069590819 0.122765790772 0.159907396238 0.167306846506 -0.0151431573291 
0.0 0.0 0.0 0.0 0.0 0.0 0.0 0.0 0.0 0.0 0.0 0.0 150.0 245.0 90.0 0.159907396238 0.167306846506 0.0489661661336 -0.0346760504141 0.0229285293864 
0.0 0.0 0.0 0.0 0.0 0.0 0.0 0.0 0.0 0.0 0.0 0.0 145.0 248.0 105.0 0.0489661661336 -0.0346760504141 -0.0342462091614 -0.15278707211 0.0589250492969 
0.0 0.0 0.0 0.0 0.0 0.0 0.0 0.0 0.0 0.0 0.0 0.0 126.0 242.0 223.0 -0.0342462091614 -0.15278707211 0.0498550578162 0.181511079841 -0.00600589649819 
0.0 0.0 0.0 0.0 0.0 0.0 0.0 0.0 0.0 0.0 0.0 0.0 126.0 248.0 195.0 0.0498550578162 0.181511079841 0.0132351211007 0.226010428623 0.0 
0.0 0.0 0.0 0.0 0.0 0.0 0.0 0.0 0.0 0.0 0.0 0.0 133.0 249.0 142.0 0.0132351211007 0.226010428623 -0.0226847623934 -0.00954592307032 0.0207283440689 
0.0 0.0 0.0 0.0 0.0 0.0 0.0 0.0 0.0 0.0 0.0 0.0 133.0 251.0 147.0 -0.0226847623934 -0.00954592307032 0.0455336557317 0.1660585367 0.0998695244165 
0.0 0.0 0.0 0.0 0.0 0.0 0.0 0.0 0.0 0.0 0.0 0.0 134.0 249.0 128.0 0.0455336557317 0.1660585367 0.0997987721939 0.181555149947 0.0128087510715 
0.0 0.0 0.0 0.0 0.0 0.0 100.0 0.0 0.0 0.0 0.0 0.0 139.0 250.0 88.0 0.0997987721939 0.181555149947 0.120917727281 0.284363969449 0.0462293246475 
0.0 0.0 0.0 0.0 0.0 0.0 100.0 0.0 0.0 0.0 0.0 0.0 142.0 248.0 43.0 0.120917727281 0.284363969449 0.33 0.0106874004648 0.196068779335 
0.0 0.0 0.0 0.0 0.0 0.0 100.0 0.0 0.0 0.0 0.0 0.0 139.0 249.0 40.0 0.33 0.0106874004648 -0.0566149711889 -0.0915775260406 0.227176722739 
0.0 0.0 0.0 0.0 0.0 0.0 100.0 0.0 0.0 0.0 0.0 0.0 143.0 255.0 48.0 -0.0566149711889 -0.0915775260406 -0.0384113454058 -0.11186416896 0.0401231677917 
0.0 0.0 0.0 0.0 0.0 0.0 0.0 0.0 0.0 0.0 0.0 0.0 151.0 252.0 53.0 -0.0384113454058 -0.11186416896 0.0966574670604 0.061913262301 -0.0266152699636 
0.0 0.0 0.0 0.0 0.0 0.0 0.0 0.0 0.0 0.0 0.0 0.0 139.0 247.0 158.0 0.0966574670604 0.061913262301 0.103792150678 0.178140019259 -0.0662969150034 
0.0 0.0 0.0 0.0 0.0 0.0 0.0 0.0 0.0 0.0 0.0 0.0 139.0 248.0 124.0 0.103792150678 0.178140019259 0.0463945170092 0.109700383768 0.0525850191267 
0.0 0.0 0.0 0.0 0.0 0.0 100.0 0.0 0.0 0.0 0.0 0.0 141.0 251.0 96.0 0.0463945170092 0.109700383768 0.019146287442 0.00692946769505 0.0938858293089 
0.0 0.0 0.0 0.0 0.0 0.0 100.0 0.0 0.0 0.0 0.0 0.0 141.0 251.0 91.0 0.019146287442 0.00692946769505 -0.0177413092372 -0.00785578688508 0.0946990310745 
0.0 0.0 0.0 0.0 0.0 0.0 100.0 0.0 0.0 0.0 0.0 0.0 140.0 253.0 103.0 -0.0177413092372 -0.00785578688508 -0.0239225098169 0.260631104817 0.0112654727304 
0.0 0.0 0.0 0.0 0.0 0.0 100.0 0.0 0.0 0.0 0.0 0.0 147.0 248.0 74.0 -0.0239225098169 0.260631104817 0.142864442988 -0.0513453154106 0.00809866788666 
0.0 0.0 0.0 0.0 0.0 0.0 100.0 0.0 0.0 0.0 0.0 0.0 144.0 255.0 79.0 0.142864442988 -0.0513453154106 0.0269712398467 0.130878871302 0.0756305357701 
0.0 0.0 0.0 0.0 0.0 0.0 100.0 0.0 0.0 0.0 0.0 0.0 144.0 253.0 74.0 0.0269712398467 0.130878871302 0.259334660594 -0.0910018006683 0.0335256783028 
0.0 0.0 0.0 0.0 0.0 0.0 100.0 0.0 0.0 0.0 0.0 0.0 142.0 255.0 89.0 0.259334660594 -0.0910018006683 0.0725547814423 0.33 -0.0127158884651 
0.0 0.0 0.0 0.0 0.0 0.0 100.0 0.0 0.0 0.0 0.0 0.0 143.0 252.0 79.0 0.0725547814423 0.33 0.0362370772216 -0.0624471090778 0.0127158884651 
0.0 0.0 0.0 0.0 0.0 0.0 100.0 0.0 0.0 0.0 0.0 0.0 142.0 254.0 88.0 0.0362370772216 -0.0624471090778 -0.0632154080874 0.0998307860119 -0.0127158884651 
0.0 0.0 0.0 0.0 0.0 0.0 100.0 0.0 0.0 0.0 0.0 0.0 147.0 247.0 79.0 -0.0632154080874 0.0998307860119 0.0350529236873 0.00970666291205 0.0127158884651 
0.0 0.0 0.0 0.0 0.0 0.0 0.0 0.0 0.0 0.0 0.0 0.0 154.0 244.0 72.0 0.0350529236873 0.00970666291205 -0.260316973728 0.0891602321083 0.0 
0.0 0.0 0.0 0.0 0.0 0.0 0.0 0.0 0.0 0.0 0.0 0.0 170.0 226.0 64.0 -0.260316973728 0.0891602321083 0.197507686562 -0.165692534238 0.0 
0.0 0.0 0.0 0.0 0.0 0.0 0.0 0.0 0.0 0.0 0.0 0.0 194.0 178.0 144.0 0.197507686562 -0.165692534238 -0.0394220677588 0.0873016731927 -0.0127158884651 
0.0 0.0 0.0 0.0 0.0 0.0 0.0 0.0 0.0 0.0 0.0 0.0 199.0 175.0 134.0 -0.0394220677588 0.0873016731927 0.117876271597 -0.0412275744991 0.0917751354178 
0.0 0.0 0.0 0.0 0.0 0.0 0.0 0.0 0.0 0.0 0.0 0.0 191.0 177.0 169.0 0.117876271597 -0.0412275744991 0.172475644647 -0.226991641605 0.0 
0.0 0.0 0.0 0.0 0.0 0.0 0.0 0.0 0.0 0.0 0.0 0.0 164.0 200.0 254.0 0.172475644647 -0.226991641605 0.299427369408 0.0157294036095 0.0 
0.0 0.0 0.0 0.0 0.0 0.0 0.0 0.0 0.0 0.0 0.0 0.0 139.0 222.0 253.0 0.299427369408 0.0157294036095 0.203783024566 0.0183264355412 -0.00944055168694 
0.0 0.0 0.0 0.0 0.0 0.0 0.0 0.0 0.0 0.0 0.0 0.0 124.0 248.0 230.0 0.203783024566 0.0183264355412 0.0420329801677 -0.0281904063822 0.00944055168694 
0.0 0.0 0.0 0.0 0.0 0.0 0.0 0.0 0.0 0.0 0.0 0.0 114.0 253.0 254.0 0.0420329801677 -0.0281904063822 0.100250229544 -0.000899209949159 0.0 
0.0 0.0 0.0 0.0 0.0 0.0 0.0 0.0 0.0 0.0 0.0 0.0 111.0 255.0 255.0 0.100250229544 -0.000899209949159 0.1098713537 0.144338296061 0.0 
0.0 0.0 0.0 0.0 0.0 0.0 0.0 0.0 0.0 0.0 0.0 0.0 111.0 255.0 242.0 0.1098713537 0.144338296061 0.257218358237 0.175732396533 0.0 
0.0 0.0 100.0 0.0 0.0 0.0 0.0 0.0 0.0 0.0 0.0 0.0 113.0 254.0 213.0 0.257218358237 0.175732396533 0.199326871385 0.224914533808 0.0 
0.0 0.0 100.0 0.0 0.0 100.0 0.0 100.0 0.0 0.0 100.0 0.0 115.0 255.0 183.0 0.199326871385 0.224914533808 -0.180991320463 0.153572062782 0.0442370250964 
0.0 0.0 100.0 0.0 0.0 100.0 0.0 100.0 0.0 0.0 0.0 0.0 128.0 251.0 147.0 -0.180991320463 0.153572062782 0.020866795033 0.225367317098 0.0513703127122 
0.0 0.0 0.0 0.0 0.0 0.0 100.0 0.0 0.0 0.0 0.0 0.0 138.0 251.0 94.0 0.020866795033 0.225367317098 0.0133913598604 0.109473625202 0.0707601437737 
0.0 0.0 0.0 0.0 0.0 0.0 100.0 0.0 0.0 0.0 0.0 0.0 140.0 252.0 69.0 0.0133913598604 0.109473625202 0.115915348708 0.00801529494398 0.144357802698 
0.0 0.0 0.0 0.0 0.0 0.0 100.0 0.0 0.0 0.0 0.0 0.0 140.0 252.0 64.0 0.115915348708 0.00801529494398 0.11439759286 -0.154569643864 0.137715663853 
0.0 0.0 0.0 0.0 0.0 0.0 100.0 0.0 0.0 0.0 0.0 0.0 138.0 255.0 86.0 0.11439759286 -0.154569643864 -0.00438967958759 0.0270155042223 0.00189508786015 
0.0 0.0 0.0 0.0 0.0 0.0 100.0 0.0 0.0 0.0 0.0 0.0 138.0 255.0 91.0 -0.00438967958759 0.0270155042223 0.116404060346 0.146971216649 0.0336889947981 
0.0 0.0 0.0 0.0 0.0 0.0 100.0 0.0 0.0 0.0 0.0 0.0 139.0 253.0 77.0 0.116404060346 0.146971216649 0.239083052969 0.14159091024 -0.0355840826583 
0.0 0.0 0.0 0.0 0.0 0.0 100.0 0.0 0.0 0.0 0.0 0.0 139.0 253.0 57.0 0.239083052969 0.14159091024 -0.0307459471544 0.240499319226 0.0355840826583 
0.0 0.0 0.0 0.0 0.0 0.0 100.0 0.0 0.0 0.0 0.0 0.0 142.0 247.0 38.0 -0.0307459471544 0.240499319226 0.149630166414 -0.0844961395719 0.0369821537931 
