nrollouts: 10
# HEADER 1
0.0 0.0 0.0 0.0 0.0 0.0 0.0 0.0 0.0 0.0 0.0 0.0 133.0 247.0 255.0 0 0 -0.0599826340969 0.250394626037 0.0 
0.0 0.0 0.0 0.0 0.0 0.0 0.0 0.0 0.0 0.0 0.0 0.0 134.0 235.0 227.0 -0.0599826340969 0.250394626037 -0.104468027302 -0.196079608569 0.0 
0.0 0.0 0.0 0.0 0.0 0.0 0.0 0.0 0.0 0.0 0.0 0.0 133.0 238.0 255.0 -0.104468027302 -0.196079608569 -0.269569334576 0.122456979357 0.0 
0.0 0.0 0.0 0.0 0.0 0.0 0.0 0.0 0.0 0.0 0.0 0.0 133.0 230.0 247.0 -0.269569334576 0.122456979357 -0.0280844632596 0.16978736574 0.0 
0.0 0.0 0.0 0.0 0.0 0.0 0.0 0.0 0.0 0.0 0.0 0.0 143.0 236.0 178.0 -0.0280844632596 0.16978736574 -0.116694259135 0.191886640123 0.0 
0.0 0.0 0.0 0.0 0.0 0.0 0.0 0.0 0.0 0.0 0.0 0.0 162.0 230.0 114.0 -0.116694259135 0.191886640123 0.171740998867 0.0372899841319 0.0 
0.0 0.0 0.0 0.0 0.0 0.0 0.0 0.0 0.0 0.0 0.0 0.0 160.0 238.0 86.0 0.171740998867 0.0372899841319 -0.094890045729 0.130492888118 0.0 
0.0 0.0 0.0 0.0 0.0 0.0 0.0 0.0 0.0 0.0 0.0 0.0 167.0 233.0 55.0 -0.094890045729 0.130492888118 0.0240282051804 -0.17998485859 0.0 
0.0 0.0 0.0 0.0 0.0 0.0 0.0 0.0 0.0 0.0 0.0 0.0 169.0 221.0 117.0 0.0240282051804 -0.17998485859 0.0755884805728 0.150562593724 0.0493980262102 
0.0 0.0 0.0 0.0 0.0 0.0 0.0 0.0 0.0 0.0 0.0 0.0 159.0 237.0 99.0 0.0755884805728 0.150562593724 0.0819980287655 0.188024951437 0.0102244619596 
0.0 0.0 0.0 0.0 0.0 0.0 0.0 0.0 0.0 0.0 0.0 0.0 155.0 246.0 49.0 0.0819980287655 0.188024951437 0.0287435912598 0.162745828145 0.0285675564668 
0.0 0.0 0.0 0.0 0.0 0.0 0.0 0.0 0.0 0.0 0.0 0.0 157.0 238.0 40.0 0.0287435912598 0.162745828145 0.19972608513 -0.252985347727 0.0867020777618 
0.0 0.0 0.0 0.0 0.0 0.0 0.0 0.0 0.0 0.0 0.0 0.0 149.0 252.0 50.0 0.19972608513 -0.252985347727 -0.0689786133948 -0.11605178703 0.0763588508432 
0.0 0.0 0.0 0.0 0.0 0.0 100.0 0.0 0.0 0.0 0.0 0.0 146.0 255.0 56.0 -0.0689786133948 -0.11605178703 -0.0294436519745 0.0792617658248 -0.0299023272978 
0.0 0.0 0.0 0.0 0.0 0.0 100.0 0.0 0.0 0.0 0.0 0.0 148.0 254.0 56.0 -0.0294436519745 0.0792617658248 -0.0630219493221 -0.33 -0.0293647472106 
0.0 0.0 0.0 0.0 0.0 0.0 0.0 0.0 0.0 0.0 0.0 0.0 137.0 225.0 246.0 -0.0630219493221 -0.33 0.0264794023655 -0.0707832836213 0.0 
0.0 0.0 0.0 0.0 0.0 0.0 0.0 0.0 0.0 0.0 0.0 0.0 136.0 249.0 255.0 0.0264794023655 -0.0707832836213 0.33 0.184143890309 0.0373160932359 
0.0 0.0 0.0 0.0 0.0 0.0 0.0 0.0 0.0 0.0 0.0 0.0 115.0 250.0 255.0 0.33 0.184143890309 -0.0761873584905 0.073250555869 0.0 
0.0 0.0 0.0 0.0 0.0 0.0 0.0 0.0 0.0 0.0 0.0 0.0 111.0 253.0 237.0 -0.0761873584905 0.073250555869 0.222180916079 0.216034903835 0.0 
0.0 0.0 100.0 0.0 0.0 0.0 0.0 0.0 0.0 0.0 0.0 0.0 111.0 254.0 210.0 0.222180916079 0.216034903835 -0.207128109988 -0.10658768982 0.0 
0.0 0.0 0.0 0.0 0.0 0.0 0.0 0.0 0.0 0.0 0.0 0.0 101.0 255.0 252.0 -0.207128109988 -0.10658768982 -0.0102626872189 -0.23371145325 0.0295908821248 
0.0 0.0 0.0 0.0 0.0 0.0 0.0 0.0 0.0 0.0 0.0 0.0 102.0 255.0 255.0 -0.0102626872189 -0.23371145325 -0.166310634609 0.269975154066 0.0 
0.0 0.0 0.0 0.0 0.0 0.0 0.0 0.0 0.0 0.0 0.0 0.0 109.0 252.0 255.0 -0.166310634609 0.269975154066 0.33 0.113426412219 0.0 
0.0 0.0 0.0 0.0 0.0 0.0 0.0 0.0 0.0 0.0 0.0 0.0 125.0 246.0 210.0 0.33 0.113426412219 -0.180525491046 0.0778502024323 -0.0218355533036 
0.0 0.0 0.0 0.0 0.0 0.0 0.0 0.0 0.0 0.0 0.0 0.0 143.0 237.0 163.0 -0.180525491046 0.0778502024323 -0.119625712293 0.0172581738682 0.0292821501371 
0.0 0.0 0.0 0.0 0.0 0.0 0.0 0.0 0.0 0.0 0.0 0.0 160.0 219.0 158.0 -0.119625712293 0.0172581738682 -0.0390097157464 0.173570492126 -0.0292821501371 
0.0 0.0 0.0 0.0 0.0 0.0 0.0 0.0 0.0 0.0 0.0 0.0 172.0 216.0 108.0 -0.0390097157464 0.173570492126 -0.189781929293 0.33 0.0 
0.0 0.0 0.0 0.0 0.0 0.0 0.0 0.0 0.0 0.0 0.0 0.0 193.0 193.0 49.0 -0.189781929293 0.33 0.226926893876 0.127251682572 0.0292821501371 
0.0 0.0 0.0 0.0 0.0 0.0 0.0 0.0 0.0 0.0 0.0 0.0 197.0 172.0 39.0 0.226926893876 0.127251682572 -0.167341541758 0.279621400736 0.0728566763561 
0.0 0.0 0.0 0.0 0.0 0.0 0.0 0.0 0.0 0.0 0.0 0.0 210.0 116.0 38.0 -0.167341541758 0.279621400736 -0.212518268236 -0.0446728828025 0.129743985666 
0.0 0.0 0.0 0.0 0.0 0.0 0.0 0.0 0.0 0.0 0.0 0.0 222.0 87.0 54.0 -0.212518268236 -0.0446728828025 0.0626663971033 -0.242321920295 0.292423931998 
0.0 0.0 0.0 0.0 0.0 0.0 0.0 0.0 0.0 0.0 0.0 0.0 226.0 78.0 68.0 0.0626663971033 -0.242321920295 0.0479567562332 -0.00946541862942 0.0278154160861 
0.0 0.0 0.0 0.0 0.0 0.0 0.0 0.0 0.0 0.0 0.0 0.0 222.0 82.0 65.0 0.0479567562332 -0.00946541862942 -0.319401523826 -0.283124578603 0.0 
0.0 0.0 0.0 0.0 0.0 0.0 0.0 0.0 0.0 0.0 0.0 0.0 230.0 73.0 77.0 -0.319401523826 -0.283124578603 -0.260021958551 -0.0169300357864 0.0 
0.0 0.0 0.0 0.0 0.0 0.0 0.0 0.0 0.0 0.0 0.0 0.0 235.0 68.0 82.0 -0.260021958551 -0.0169300357864 -0.129834613631 -0.33 0.0 
0.0 0.0 0.0 0.0 0.0 0.0 0.0 0.0 0.0 0.0 0.0 0.0 236.0 68.0 83.0 -0.129834613631 -0.33 -0.125578067285 0.170877753606 0.0 
0.0 0.0 0.0 0.0 0.0 0.0 0.0 0.0 0.0 0.0 0.0 0.0 236.0 68.0 83.0 -0.125578067285 0.170877753606 0.131380733318 0.33 0.0 
0.0 0.0 0.0 0.0 0.0 0.0 0.0 0.0 0.0 0.0 0.0 0.0 236.0 68.0 83.0 0.131380733318 0.33 -0.0824533325216 0.168527615546 0.0 
0.0 0.0 0.0 0.0 0.0 0.0 0.0 0.0 0.0 0.0 0.0 0.0 235.0 68.0 84.0 -0.0824533325216 0.168527615546 0.33 0.245555512737 0.0 
0.0 0.0 0.0 0.0 0.0 0.0 0.0 0.0 0.0 0.0 0.0 0.0 234.0 73.0 61.0 0.33 0.245555512737 0.0688457828731 -0.296387037179 0.0 
0.0 0.0 0.0 0.0 0.0 0.0 0.0 0.0 0.0 0.0 0.0 0.0 235.0 65.0 77.0 0.0688457828731 -0.296387037179 -0.0736856896269 -0.0263420074746 0.0 
0.0 0.0 0.0 0.0 0.0 0.0 0.0 0.0 0.0 0.0 0.0 0.0 235.0 64.0 79.0 -0.0736856896269 -0.0263420074746 0.0741730414968 0.0277021238033 0.0 
0.0 0.0 0.0 0.0 0.0 0.0 0.0 0.0 0.0 0.0 0.0 0.0 235.0 64.0 80.0 0.0741730414968 0.0277021238033 0.109108187094 -0.33 0.0 
0.0 0.0 0.0 0.0 0.0 0.0 0.0 0.0 0.0 0.0 0.0 0.0 231.0 65.0 81.0 0.109108187094 -0.33 0.169635057747 0.226241707941 0.0 
0.0 0.0 0.0 0.0 0.0 0.0 0.0 0.0 0.0 0.0 0.0 0.0 230.0 66.0 80.0 0.169635057747 0.226241707941 0.33 -0.149012847853 0.0 
0.0 0.0 0.0 0.0 0.0 0.0 0.0 0.0 0.0 0.0 0.0 0.0 226.0 70.0 75.0 0.33 -0.149012847853 -0.0747790219043 -0.33 0.0 
0.0 0.0 0.0 0.0 0.0 0.0 0.0 0.0 0.0 0.0 0.0 0.0 220.0 77.0 66.0 -0.0747790219043 -0.33 -0.267465616469 0.0915930103142 0.0 
0.0 0.0 0.0 0.0 0.0 0.0 0.0 0.0 0.0 0.0 0.0 0.0 214.0 87.0 54.0 -0.267465616469 0.0915930103142 0.0504746109879 -0.0668077425451 0.0 
0.0 0.0 0.0 0.0 0.0 0.0 0.0 0.0 0.0 0.0 0.0 0.0 209.0 92.0 49.0 0.0504746109879 -0.0668077425451 -0.125095135438 0.0486882573681 0.0 
0.0 0.0 0.0 0.0 0.0 0.0 0.0 0.0 0.0 0.0 0.0 0.0 207.0 95.0 48.0 -0.125095135438 0.0486882573681 0.0450921501008 -0.133950253859 0.0 
0.0 0.0 0.0 0.0 0.0 0.0 0.0 0.0 0.0 0.0 0.0 0.0 204.0 97.0 47.0 0.0450921501008 -0.133950253859 0.0826440827447 0.268321081888 0.0277490469021 
0.0 0.0 0.0 0.0 0.0 0.0 0.0 0.0 0.0 0.0 0.0 0.0 202.0 99.0 46.0 0.0826440827447 0.268321081888 0.166690199356 0.0380216413651 -0.027773041597 
0.0 0.0 0.0 0.0 0.0 0.0 0.0 0.0 0.0 0.0 0.0 0.0 197.0 105.0 42.0 0.166690199356 0.0380216413651 0.035888742761 0.0974204335634 0.0 
0.0 0.0 0.0 0.0 0.0 0.0 0.0 0.0 0.0 0.0 0.0 0.0 195.0 107.0 41.0 0.035888742761 0.0974204335634 -0.128886647136 0.0490786884263 0.0 
0.0 0.0 0.0 0.0 0.0 0.0 0.0 0.0 0.0 0.0 0.0 0.0 204.0 98.0 46.0 -0.128886647136 0.0490786884263 -0.33 0.205780674944 0.0 
0.0 0.0 0.0 0.0 0.0 0.0 0.0 0.0 0.0 0.0 0.0 0.0 211.0 91.0 46.0 -0.33 0.205780674944 0.33 -0.156780684151 0.027773041597 
0.0 0.0 0.0 0.0 0.0 0.0 0.0 0.0 0.0 0.0 0.0 0.0 209.0 88.0 50.0 0.33 -0.156780684151 -0.158879480969 -0.259206761074 -0.0277490469021 
0.0 0.0 0.0 0.0 0.0 0.0 0.0 0.0 0.0 0.0 0.0 0.0 199.0 98.0 45.0 -0.158879480969 -0.259206761074 -0.0531969898229 -0.0703337907413 0.0 
0.0 0.0 0.0 0.0 0.0 0.0 0.0 0.0 0.0 0.0 0.0 0.0 188.0 109.0 39.0 -0.0531969898229 -0.0703337907413 -0.111446319409 0.0881079795243 -2.39946949085e-05 
0.0 0.0 0.0 0.0 0.0 0.0 0.0 0.0 0.0 0.0 0.0 0.0 179.0 116.0 38.0 -0.111446319409 0.0881079795243 0.33 0.140640319753 0.0 
0.0 0.0 0.0 0.0 0.0 0.0 0.0 0.0 0.0 0.0 0.0 0.0 172.0 122.0 36.0 0.33 0.140640319753 0.0147395363868 -0.190022904666 0.028139474661 
0.0 0.0 0.0 0.0 0.0 0.0 0.0 0.0 0.0 0.0 0.0 0.0 168.0 126.0 36.0 0.0147395363868 -0.190022904666 -0.0282625502737 0.142701579163 0.0 
0.0 0.0 0.0 0.0 0.0 0.0 0.0 0.0 0.0 0.0 0.0 0.0 172.0 122.0 36.0 -0.0282625502737 0.142701579163 -0.33 0.0136884997016 0.0 
0.0 0.0 0.0 0.0 0.0 0.0 0.0 0.0 0.0 0.0 0.0 0.0 192.0 104.0 41.0 -0.33 0.0136884997016 -0.0115432814985 4.34630993256e-05 0.0 
0.0 0.0 0.0 0.0 0.0 0.0 0.0 0.0 0.0 0.0 0.0 0.0 212.0 84.0 57.0 -0.0115432814985 4.34630993256e-05 -0.0559227851675 -4.23473236132e-05 -0.028115479966 
0.0 0.0 0.0 0.0 0.0 0.0 0.0 0.0 0.0 0.0 0.0 0.0 228.0 66.0 78.0 -0.0559227851675 -4.23473236132e-05 -0.103703163801 -0.20485054616 0.0 
0.0 0.0 0.0 0.0 0.0 0.0 0.0 0.0 0.0 0.0 0.0 0.0 235.0 59.0 88.0 -0.103703163801 -0.20485054616 -0.0212691348015 0.0503922258523 0.0273926442537 
0.0 0.0 0.0 0.0 0.0 0.0 0.0 0.0 0.0 0.0 0.0 0.0 235.0 58.0 88.0 -0.0212691348015 0.0503922258523 0.00598185165775 0.33 0.0 
0.0 0.0 0.0 0.0 0.0 0.0 0.0 0.0 0.0 0.0 0.0 0.0 231.0 65.0 68.0 0.00598185165775 0.33 0.0516678090062 0.33 0.0 
0.0 0.0 0.0 0.0 0.0 0.0 0.0 0.0 0.0 0.0 0.0 0.0 230.0 34.0 39.0 0.0516678090062 0.33 -0.107589336279 0.0345752709767 0.0 
0.0 0.0 0.0 0.0 0.0 0.0 0.0 0.0 0.0 0.0 0.0 0.0 227.0 34.0 38.0 -0.107589336279 0.0345752709767 0.144937078995 0.0961611909112 0.0 
0.0 0.0 0.0 0.0 0.0 0.0 0.0 0.0 0.0 0.0 0.0 0.0 210.0 34.0 38.0 0.144937078995 0.0961611909112 -0.0846010844467 -0.209029522022 0.0 
0.0 0.0 0.0 0.0 0.0 0.0 0.0 0.0 0.0 0.0 0.0 0.0 220.0 47.0 69.0 -0.0846010844467 -0.209029522022 -0.118192593856 -0.0702955180371 0.0 
0.0 0.0 0.0 0.0 0.0 0.0 0.0 0.0 0.0 0.0 0.0 0.0 232.0 40.0 100.0 -0.118192593856 -0.0702955180371 0.25735143102 -0.0670419421589 -0.0273926442537 
0.0 0.0 0.0 0.0 0.0 0.0 0.0 0.0 0.0 0.0 0.0 0.0 234.0 39.0 104.0 0.25735143102 -0.0670419421589 -0.2162993934 -0.101114933122 0.0 
0.0 0.0 0.0 0.0 0.0 0.0 0.0 0.0 0.0 0.0 0.0 0.0 236.0 38.0 105.0 -0.2162993934 -0.101114933122 0.110365352674 -0.00146175022283 0.0 
0.0 0.0 0.0 0.0 0.0 0.0 0.0 0.0 0.0 0.0 0.0 0.0 231.0 39.0 107.0 0.110365352674 -0.00146175022283 -0.254669038449 -0.33 0.0 
# HEADER 2
0.0 0.0 0.0 0.0 0.0 0.0 0.0 0.0 0.0 0.0 0.0 0.0 133.0 249.0 255.0 0 0 0.33 -0.0938215581216 0.0 
0.0 0.0 0.0 0.0 0.0 0.0 0.0 0.0 0.0 0.0 0.0 0.0 118.0 251.0 255.0 0.33 -0.0938215581216 0.210527400976 0.144123974321 0.0 
0.0 0.0 0.0 0.0 0.0 0.0 0.0 0.0 0.0 0.0 0.0 0.0 113.0 254.0 255.0 0.210527400976 0.144123974321 0.0232515864665 0.0604104874899 0.0 
0.0 0.0 0.0 0.0 0.0 0.0 0.0 0.0 0.0 0.0 0.0 0.0 109.0 253.0 251.0 0.0232515864665 0.0604104874899 0.136010186353 0.00599782654013 0.0 
0.0 0.0 0.0 0.0 0.0 0.0 0.0 0.0 0.0 0.0 0.0 0.0 107.0 254.0 250.0 0.136010186353 0.00599782654013 0.0866554005994 0.166800017615 0.0 
0.0 0.0 100.0 0.0 0.0 0.0 0.0 0.0 0.0 0.0 0.0 0.0 107.0 255.0 230.0 0.0866554005994 0.166800017615 -0.016467318664 0.0565385132313 0.0277490469021 
0.0 0.0 100.0 0.0 0.0 0.0 0.0 0.0 0.0 0.0 0.0 0.0 109.0 255.0 220.0 -0.016467318664 0.0565385132313 -0.0182330178386 0.0128261103862 0.0280503708616 
0.0 0.0 100.0 0.0 0.0 0.0 0.0 0.0 0.0 0.0 0.0 0.0 112.0 253.0 216.0 -0.0182330178386 0.0128261103862 -0.147320216899 0.125188639494 0.0 
0.0 0.0 0.0 0.0 0.0 0.0 0.0 0.0 0.0 0.0 0.0 0.0 125.0 248.0 175.0 -0.147320216899 0.125188639494 0.120581311112 0.177657414688 -0.000743813120736 
0.0 0.0 0.0 0.0 0.0 0.0 0.0 0.0 0.0 0.0 0.0 0.0 132.0 250.0 130.0 0.120581311112 0.177657414688 0.0129702991177 0.192221666158 0.0279184084698 
0.0 0.0 0.0 0.0 0.0 0.0 100.0 0.0 0.0 0.0 0.0 0.0 135.0 251.0 92.0 0.0129702991177 0.192221666158 0.265525382516 0.0324787533141 0.0545567960448 
0.0 0.0 0.0 0.0 0.0 0.0 100.0 0.0 0.0 0.0 0.0 0.0 135.0 252.0 83.0 0.265525382516 0.0324787533141 0.133136229622 -0.131973668069 0.0843419889011 
0.0 0.0 0.0 0.0 0.0 0.0 100.0 0.0 0.0 0.0 0.0 0.0 132.0 255.0 107.0 0.133136229622 -0.131973668069 -0.255317039851 0.266581168412 0.060078214929 
0.0 0.0 0.0 0.0 0.0 0.0 100.0 0.0 0.0 0.0 0.0 0.0 144.0 247.0 88.0 -0.255317039851 0.266581168412 0.117763545345 0.160607096121 -0.0284882623763 
# HEADER 3
0.0 0.0 0.0 0.0 0.0 0.0 0.0 0.0 0.0 0.0 0.0 0.0 133.0 250.0 255.0 0 0 0.0656632004554 -0.0960676764177 0.20252423609 
0.0 0.0 0.0 0.0 0.0 0.0 0.0 0.0 0.0 0.0 0.0 0.0 124.0 251.0 255.0 0.0656632004554 -0.0960676764177 0.269202280794 0.170627402229 0.0 
0.0 0.0 0.0 0.0 0.0 0.0 0.0 0.0 0.0 0.0 0.0 0.0 116.0 254.0 255.0 0.269202280794 0.170627402229 -0.0413554010336 0.33 0.0 
0.0 0.0 0.0 0.0 0.0 0.0 0.0 0.0 0.0 0.0 0.0 0.0 123.0 249.0 219.0 -0.0413554010336 0.33 -0.167099624974 -0.148995400922 -0.0272368362645 
0.0 0.0 0.0 0.0 0.0 0.0 0.0 0.0 0.0 0.0 0.0 0.0 122.0 244.0 254.0 -0.167099624974 -0.148995400922 -0.33 0.200171869358 0.0272368362645 
0.0 0.0 0.0 0.0 0.0 0.0 0.0 0.0 0.0 0.0 0.0 0.0 130.0 240.0 220.0 -0.33 0.200171869358 0.074790250454 -0.0324552996525 0.0 
0.0 0.0 0.0 0.0 0.0 0.0 0.0 0.0 0.0 0.0 0.0 0.0 136.0 226.0 247.0 0.074790250454 -0.0324552996525 -0.319259356091 0.107905601712 0.0 
0.0 0.0 0.0 0.0 0.0 0.0 0.0 0.0 0.0 0.0 0.0 0.0 145.0 222.0 219.0 -0.319259356091 0.107905601712 -0.0757764075397 0.0893964152319 0.0 
0.0 0.0 0.0 0.0 0.0 0.0 0.0 0.0 0.0 0.0 0.0 0.0 161.0 219.0 166.0 -0.0757764075397 0.0893964152319 0.159237501552 0.137825801709 0.0 
0.0 0.0 0.0 0.0 0.0 0.0 0.0 0.0 0.0 0.0 0.0 0.0 176.0 213.0 108.0 0.159237501552 0.137825801709 0.0797553980646 -0.305671060191 0.0 
0.0 0.0 0.0 0.0 0.0 0.0 0.0 0.0 0.0 0.0 0.0 0.0 188.0 170.0 214.0 0.0797553980646 -0.305671060191 -0.161206872416 -0.00305792510451 0.0 
0.0 0.0 0.0 0.0 0.0 0.0 0.0 0.0 0.0 0.0 0.0 0.0 207.0 171.0 237.0 -0.161206872416 -0.00305792510451 0.195031427088 -0.172313260246 0.0 
0.0 0.0 0.0 0.0 0.0 0.0 0.0 0.0 0.0 0.0 0.0 0.0 197.0 218.0 255.0 0.195031427088 -0.172313260246 -0.33 0.112643392494 0.0 
0.0 0.0 0.0 0.0 0.0 0.0 0.0 0.0 0.0 0.0 0.0 0.0 209.0 188.0 253.0 -0.33 0.112643392494 0.127550782945 0.0774397703857 0.0 
0.0 0.0 0.0 0.0 0.0 0.0 0.0 0.0 0.0 0.0 0.0 0.0 229.0 143.0 227.0 0.127550782945 0.0774397703857 -0.137378743252 -0.0386050088772 0.0 
0.0 0.0 0.0 0.0 0.0 0.0 0.0 0.0 0.0 0.0 0.0 0.0 233.0 154.0 242.0 -0.137378743252 -0.0386050088772 -0.33 -0.0458673682396 0.0 
0.0 0.0 0.0 0.0 0.0 0.0 0.0 0.0 0.0 0.0 0.0 0.0 235.0 193.0 255.0 -0.33 -0.0458673682396 -0.111288481047 0.283271433709 0.0 
0.0 0.0 0.0 0.0 0.0 0.0 0.0 0.0 0.0 0.0 0.0 0.0 235.0 157.0 238.0 -0.111288481047 0.283271433709 -0.121006504875 0.104419810299 0.0 
0.0 0.0 0.0 0.0 0.0 0.0 0.0 0.0 0.0 0.0 0.0 0.0 235.0 121.0 202.0 -0.121006504875 0.104419810299 0.119202414216 -0.0834957054674 0.0 
0.0 0.0 0.0 0.0 0.0 0.0 0.0 0.0 0.0 0.0 0.0 0.0 235.0 138.0 231.0 0.119202414216 -0.0834957054674 -0.0301356954008 0.15112293348 0.0 
0.0 0.0 0.0 0.0 0.0 0.0 0.0 0.0 0.0 0.0 0.0 0.0 234.0 122.0 205.0 -0.0301356954008 0.15112293348 -0.0132999203423 -0.117508046846 0.0 
0.0 0.0 0.0 0.0 0.0 0.0 0.0 0.0 0.0 0.0 0.0 0.0 235.0 142.0 234.0 -0.0132999203423 -0.117508046846 0.0381163867201 -0.156712291091 0.0 
0.0 0.0 0.0 0.0 0.0 0.0 0.0 0.0 0.0 0.0 0.0 0.0 235.0 198.0 255.0 0.0381163867201 -0.156712291091 0.0520320821472 -0.00567971055409 0.0 
0.0 0.0 0.0 0.0 0.0 0.0 0.0 0.0 0.0 0.0 0.0 0.0 235.0 228.0 255.0 0.0520320821472 -0.00567971055409 0.11469164012 0.0401266533766 0.0 
0.0 0.0 0.0 0.0 0.0 0.0 0.0 0.0 0.0 0.0 0.0 0.0 222.0 217.0 255.0 0.11469164012 0.0401266533766 -0.33 0.310457514543 0.0 
0.0 0.0 0.0 0.0 0.0 0.0 0.0 0.0 0.0 0.0 0.0 0.0 231.0 152.0 235.0 -0.33 0.310457514543 0.145070610196 -0.106798562542 0.0 
0.0 0.0 0.0 0.0 0.0 0.0 0.0 0.0 0.0 0.0 0.0 0.0 235.0 167.0 250.0 0.145070610196 -0.106798562542 0.069064584539 0.235519437543 0.0 
0.0 0.0 0.0 0.0 0.0 0.0 0.0 0.0 0.0 0.0 0.0 0.0 231.0 145.0 231.0 0.069064584539 0.235519437543 0.0676550268264 -0.163343158422 0.0 
0.0 0.0 0.0 0.0 0.0 0.0 0.0 0.0 0.0 0.0 0.0 0.0 221.0 174.0 254.0 0.0676550268264 -0.163343158422 -0.00304042355305 0.269992156278 0.0 
0.0 0.0 0.0 0.0 0.0 0.0 0.0 0.0 0.0 0.0 0.0 0.0 205.0 156.0 239.0 -0.00304042355305 0.269992156278 -0.0502115395531 -0.158114922583 0.0 
0.0 0.0 0.0 0.0 0.0 0.0 0.0 0.0 0.0 0.0 0.0 0.0 191.0 192.0 255.0 -0.0502115395531 -0.158114922583 -0.0720844723306 -0.0622238208871 0.0 
0.0 0.0 0.0 0.0 0.0 0.0 0.0 0.0 0.0 0.0 0.0 0.0 199.0 240.0 255.0 -0.0720844723306 -0.0622238208871 0.216612479122 -0.0288268364004 0.0 
0.0 0.0 0.0 0.0 0.0 0.0 0.0 0.0 0.0 0.0 0.0 0.0 214.0 249.0 255.0 0.216612479122 -0.0288268364004 0.0895695540863 -0.0477035747974 0.0 
0.0 0.0 0.0 0.0 0.0 0.0 0.0 0.0 0.0 0.0 0.0 0.0 209.0 250.0 255.0 0.0895695540863 -0.0477035747974 -0.022026633637 0.176443916683 0.0 
0.0 0.0 0.0 0.0 0.0 0.0 0.0 0.0 0.0 0.0 0.0 0.0 204.0 218.0 255.0 -0.022026633637 0.176443916683 0.126160545984 -0.256845252211 0.0 
0.0 0.0 0.0 0.0 0.0 0.0 0.0 0.0 0.0 0.0 0.0 0.0 209.0 248.0 255.0 0.126160545984 -0.256845252211 -0.0202710662278 0.04978658194 0.0 
0.0 0.0 0.0 0.0 0.0 0.0 0.0 0.0 0.0 0.0 0.0 0.0 212.0 234.0 255.0 -0.0202710662278 0.04978658194 0.106723026049 0.126570511703 0.0 
0.0 0.0 0.0 0.0 0.0 0.0 0.0 0.0 0.0 0.0 0.0 0.0 197.0 189.0 253.0 0.106723026049 0.126570511703 0.204510133945 -0.167381278716 0.0 
0.0 0.0 0.0 0.0 0.0 0.0 0.0 0.0 0.0 0.0 0.0 0.0 176.0 246.0 255.0 0.204510133945 -0.167381278716 0.302576325027 0.0343592432088 0.0 
0.0 0.0 0.0 0.0 0.0 0.0 0.0 0.0 0.0 0.0 0.0 0.0 146.0 248.0 255.0 0.302576325027 0.0343592432088 0.33 0.0570671745085 0.0 
0.0 0.0 0.0 0.0 0.0 0.0 0.0 0.0 0.0 0.0 0.0 0.0 120.0 248.0 247.0 0.33 0.0570671745085 0.162834094288 0.0467612128717 0.0 
0.0 0.0 0.0 0.0 0.0 0.0 0.0 0.0 0.0 0.0 0.0 0.0 120.0 249.0 226.0 0.162834094288 0.0467612128717 -0.128179668511 0.18537331964 0.0 
0.0 0.0 0.0 0.0 0.0 0.0 0.0 0.0 0.0 0.0 0.0 0.0 133.0 247.0 170.0 -0.128179668511 0.18537331964 -0.0531905458724 0.256807173247 0.0 
0.0 0.0 0.0 0.0 0.0 0.0 0.0 0.0 0.0 0.0 0.0 0.0 153.0 244.0 91.0 -0.0531905458724 0.256807173247 -0.153344189069 -0.33 0.0331296906079 
0.0 0.0 0.0 0.0 0.0 0.0 0.0 0.0 0.0 0.0 0.0 0.0 164.0 208.0 187.0 -0.153344189069 -0.33 -0.0297261348344 -0.238611843669 0.0600722071628 
0.0 0.0 0.0 0.0 0.0 0.0 0.0 0.0 0.0 0.0 0.0 0.0 168.0 228.0 255.0 -0.0297261348344 -0.238611843669 0.208958357741 0.0400449252968 0.0334707929214 
0.0 0.0 0.0 0.0 0.0 0.0 0.0 0.0 0.0 0.0 0.0 0.0 173.0 217.0 255.0 0.208958357741 0.0400449252968 0.142264315588 -0.0251409431519 0.0 
0.0 0.0 0.0 0.0 0.0 0.0 0.0 0.0 0.0 0.0 0.0 0.0 162.0 240.0 255.0 0.142264315588 -0.0251409431519 0.0307019022745 -0.200800672039 0.0 
0.0 0.0 0.0 0.0 0.0 0.0 0.0 0.0 0.0 0.0 0.0 0.0 142.0 250.0 255.0 0.0307019022745 -0.200800672039 -0.115739891495 -0.110099831881 0.0 
0.0 0.0 0.0 0.0 0.0 0.0 0.0 0.0 0.0 0.0 0.0 0.0 148.0 250.0 255.0 -0.115739891495 -0.110099831881 0.0525835056616 -0.0153388731794 0.0 
0.0 0.0 0.0 0.0 0.0 0.0 0.0 0.0 0.0 0.0 0.0 0.0 168.0 250.0 255.0 0.0525835056616 -0.0153388731794 0.0870686217145 0.0446788483827 0.0 
0.0 0.0 0.0 0.0 0.0 0.0 0.0 0.0 0.0 0.0 0.0 0.0 188.0 245.0 255.0 0.0870686217145 0.0446788483827 -0.0918033668541 0.33 0.0 
0.0 0.0 0.0 0.0 0.0 0.0 0.0 0.0 0.0 0.0 0.0 0.0 202.0 169.0 248.0 -0.0918033668541 0.33 -0.0893590266868 -0.136798246113 0.0 
0.0 0.0 0.0 0.0 0.0 0.0 0.0 0.0 0.0 0.0 0.0 0.0 220.0 187.0 255.0 -0.0893590266868 -0.136798246113 0.0524378129848 0.139668548038 0.0 
0.0 0.0 0.0 0.0 0.0 0.0 0.0 0.0 0.0 0.0 0.0 0.0 230.0 160.0 242.0 0.0524378129848 0.139668548038 0.187345017548 -0.0828075361139 0.0 
0.0 0.0 0.0 0.0 0.0 0.0 0.0 0.0 0.0 0.0 0.0 0.0 218.0 191.0 254.0 0.187345017548 -0.0828075361139 0.132448842607 0.0951728776521 0.0 
0.0 0.0 0.0 0.0 0.0 0.0 0.0 0.0 0.0 0.0 0.0 0.0 190.0 185.0 252.0 0.132448842607 0.0951728776521 -0.0472032694737 0.33 0.0 
0.0 0.0 0.0 0.0 0.0 0.0 0.0 0.0 0.0 0.0 0.0 0.0 169.0 203.0 176.0 -0.0472032694737 0.33 0.231066853507 0.280813697994 0.0 
0.0 0.0 0.0 0.0 0.0 0.0 0.0 0.0 0.0 0.0 0.0 0.0 159.0 240.0 75.0 0.231066853507 0.280813697994 0.21791167577 -0.233925635596 0.0 
0.0 0.0 0.0 0.0 0.0 0.0 0.0 0.0 0.0 0.0 0.0 0.0 144.0 248.0 130.0 0.21791167577 -0.233925635596 -0.0581043131776 0.33 0.0754570744213 
0.0 0.0 0.0 0.0 0.0 0.0 0.0 0.0 0.0 0.0 0.0 0.0 148.0 247.0 102.0 -0.0581043131776 0.33 -0.00292102477618 -0.249569678904 0.0 
0.0 0.0 0.0 0.0 0.0 0.0 0.0 0.0 0.0 0.0 0.0 0.0 148.0 231.0 178.0 -0.00292102477618 -0.249569678904 -0.0662946763832 0.187000985628 0.0677413383951 
0.0 0.0 0.0 0.0 0.0 0.0 0.0 0.0 0.0 0.0 0.0 0.0 148.0 235.0 154.0 -0.0662946763832 0.187000985628 0.0786860504809 0.0639598883178 0.00912364135406 
0.0 0.0 0.0 0.0 0.0 0.0 0.0 0.0 0.0 0.0 0.0 0.0 145.0 246.0 115.0 0.0786860504809 0.0639598883178 0.166200263115 -0.0514924041609 0.024468082451 
0.0 0.0 0.0 0.0 0.0 0.0 0.0 0.0 0.0 0.0 0.0 0.0 135.0 250.0 152.0 0.166200263115 -0.0514924041609 -0.0308509404337 0.111227003121 0.0430199471962 
0.0 0.0 0.0 0.0 0.0 0.0 0.0 0.0 0.0 0.0 0.0 0.0 132.0 251.0 150.0 -0.0308509404337 0.111227003121 0.234701780369 0.0557330900853 -0.0239662172576 
0.0 0.0 0.0 0.0 0.0 0.0 0.0 0.0 0.0 0.0 0.0 0.0 130.0 252.0 144.0 0.234701780369 0.0557330900853 -0.242355087421 -0.0999341732113 0.0338676855609 
0.0 0.0 0.0 0.0 0.0 0.0 0.0 0.0 0.0 0.0 0.0 0.0 129.0 247.0 191.0 -0.242355087421 -0.0999341732113 -0.0995888719362 0.21378923771 0.0 
0.0 0.0 0.0 0.0 0.0 0.0 0.0 0.0 0.0 0.0 0.0 0.0 148.0 233.0 155.0 -0.0995888719362 0.21378923771 -0.0239953329883 -0.0144821623486 -0.0338676855609 
0.0 0.0 0.0 0.0 0.0 0.0 0.0 0.0 0.0 0.0 0.0 0.0 157.0 218.0 176.0 -0.0239953329883 -0.0144821623486 -0.117372490326 0.0824292768443 0.0338676855609 
0.0 0.0 0.0 0.0 0.0 0.0 0.0 0.0 0.0 0.0 0.0 0.0 168.0 209.0 153.0 -0.117372490326 0.0824292768443 -0.195487916262 0.14982313094 -0.0338676855609 
0.0 0.0 0.0 0.0 0.0 0.0 0.0 0.0 0.0 0.0 0.0 0.0 190.0 194.0 98.0 -0.195487916262 0.14982313094 -0.0797378881379 -0.33 0.0338676855609 
0.0 0.0 0.0 0.0 0.0 0.0 0.0 0.0 0.0 0.0 0.0 0.0 203.0 158.0 201.0 -0.0797378881379 -0.33 -0.26862089141 0.0896582187843 0.0 
0.0 0.0 0.0 0.0 0.0 0.0 0.0 0.0 0.0 0.0 0.0 0.0 224.0 130.0 191.0 -0.26862089141 0.0896582187843 0.303724465038 0.190538297587 -0.0338676855609 
0.0 0.0 0.0 0.0 0.0 0.0 0.0 0.0 0.0 0.0 0.0 0.0 208.0 167.0 98.0 0.303724465038 0.190538297587 0.0787472904992 -0.169754439394 0.0 
0.0 0.0 0.0 0.0 0.0 0.0 0.0 0.0 0.0 0.0 0.0 0.0 188.0 184.0 154.0 0.0787472904992 -0.169754439394 0.132168461421 0.109329481084 0.0338676855609 
0.0 0.0 0.0 0.0 0.0 0.0 0.0 0.0 0.0 0.0 0.0 0.0 165.0 221.0 128.0 0.132168461421 0.109329481084 0.229436646847 0.131753720793 -0.0338676855609 
0.0 0.0 0.0 0.0 0.0 0.0 0.0 0.0 0.0 0.0 0.0 0.0 152.0 247.0 71.0 0.229436646847 0.131753720793 0.114438090673 -0.33 0.0338676855609 
0.0 0.0 0.0 0.0 0.0 0.0 0.0 0.0 0.0 0.0 0.0 0.0 137.0 251.0 137.0 0.114438090673 -0.33 -0.229274178495 -0.0921856267339 0.0877374655583 
0.0 0.0 0.0 0.0 0.0 0.0 0.0 0.0 0.0 0.0 0.0 0.0 129.0 231.0 254.0 -0.229274178495 -0.0921856267339 -0.00258988187866 0.231817985752 -0.0226786158059 
0.0 0.0 0.0 0.0 0.0 0.0 0.0 0.0 0.0 0.0 0.0 0.0 136.0 234.0 215.0 -0.00258988187866 0.231817985752 0.0994229659546 -0.243972433552 0.0226786158059 
0.0 0.0 0.0 0.0 0.0 0.0 0.0 0.0 0.0 0.0 0.0 0.0 135.0 233.0 255.0 0.0994229659546 -0.243972433552 0.0603191699253 0.262235791788 0.0 
0.0 0.0 0.0 0.0 0.0 0.0 0.0 0.0 0.0 0.0 0.0 0.0 136.0 231.0 227.0 0.0603191699253 0.262235791788 -0.207992586352 0.110586343989 0.0 
0.0 0.0 0.0 0.0 0.0 0.0 0.0 0.0 0.0 0.0 0.0 0.0 143.0 240.0 163.0 -0.207992586352 0.110586343989 -0.112107738578 -0.239064628008 0.0 
0.0 0.0 0.0 0.0 0.0 0.0 0.0 0.0 0.0 0.0 0.0 0.0 147.0 210.0 249.0 -0.112107738578 -0.239064628008 0.0965767094434 0.323411960045 0.0 
0.0 0.0 0.0 0.0 0.0 0.0 0.0 0.0 0.0 0.0 0.0 0.0 146.0 227.0 196.0 0.0965767094434 0.323411960045 0.0775994444097 0.33 0.0 
0.0 0.0 0.0 0.0 0.0 0.0 0.0 0.0 0.0 0.0 0.0 0.0 147.0 247.0 95.0 0.0775994444097 0.33 -0.0542928733854 0.186176405458 0.0 
0.0 0.0 0.0 0.0 0.0 0.0 0.0 0.0 0.0 0.0 0.0 0.0 150.0 247.0 48.0 -0.0542928733854 0.186176405458 -0.0158765013153 0.268300164425 0.0992288792351 
0.0 0.0 0.0 0.0 0.0 0.0 0.0 0.0 0.0 0.0 0.0 0.0 155.0 237.0 38.0 -0.0158765013153 0.268300164425 -0.210024699438 -0.230779370479 0.162383203812 
0.0 0.0 0.0 0.0 0.0 0.0 0.0 0.0 0.0 0.0 0.0 0.0 156.0 244.0 48.0 -0.210024699438 -0.230779370479 0.33 -0.167085543967 0.138437318863 
0.0 0.0 0.0 0.0 0.0 0.0 0.0 0.0 0.0 0.0 0.0 0.0 149.0 225.0 197.0 0.33 -0.167085543967 -0.0144028722018 -0.00651098375107 -0.0711642760348 
0.0 0.0 0.0 0.0 0.0 0.0 0.0 0.0 0.0 0.0 0.0 0.0 146.0 213.0 249.0 -0.0144028722018 -0.00651098375107 0.313952420289 0.241999830784 0.0 
0.0 0.0 0.0 0.0 0.0 0.0 0.0 0.0 0.0 0.0 0.0 0.0 133.0 246.0 183.0 0.313952420289 0.241999830784 0.286413875129 -0.249597741371 0.0 
0.0 0.0 0.0 0.0 0.0 0.0 0.0 0.0 0.0 0.0 0.0 0.0 114.0 251.0 249.0 0.286413875129 -0.249597741371 -0.33 0.0818157486227 0.0293986054344 
0.0 0.0 0.0 0.0 0.0 0.0 0.0 0.0 0.0 0.0 0.0 0.0 109.0 254.0 246.0 -0.33 0.0818157486227 0.1148701216 0.0050735419395 0.0137346870835 
0.0 0.0 0.0 0.0 0.0 0.0 0.0 0.0 0.0 0.0 0.0 0.0 108.0 254.0 243.0 0.1148701216 0.0050735419395 0.124436955106 -0.0243845665484 0.0 
0.0 0.0 0.0 0.0 0.0 0.0 0.0 0.0 0.0 0.0 0.0 0.0 106.0 255.0 255.0 0.124436955106 -0.0243845665484 0.0427984468454 -0.216525197153 0.0 
0.0 0.0 0.0 0.0 0.0 0.0 0.0 0.0 0.0 0.0 0.0 0.0 106.0 255.0 255.0 0.0427984468454 -0.216525197153 0.152465329668 -0.172500710144 0.0 
0.0 0.0 0.0 0.0 0.0 0.0 0.0 0.0 0.0 0.0 0.0 0.0 105.0 255.0 255.0 0.152465329668 -0.172500710144 -0.178345962947 -0.200129297336 0.0 
0.0 0.0 0.0 0.0 0.0 0.0 0.0 0.0 0.0 0.0 0.0 0.0 105.0 255.0 255.0 -0.178345962947 -0.200129297336 -0.0694022401261 -0.0942207602584 0.0 
0.0 0.0 0.0 0.0 0.0 0.0 0.0 0.0 0.0 0.0 0.0 0.0 105.0 255.0 255.0 -0.0694022401261 -0.0942207602584 -0.253421503696 0.0510372200813 0.0 
0.0 0.0 0.0 0.0 0.0 0.0 0.0 0.0 0.0 0.0 0.0 0.0 111.0 253.0 255.0 -0.253421503696 0.0510372200813 -0.0953108652611 -0.0542731137474 0.0 
0.0 0.0 0.0 0.0 0.0 0.0 0.0 0.0 0.0 0.0 0.0 0.0 119.0 251.0 255.0 -0.0953108652611 -0.0542731137474 0.246639409197 0.000424644648273 0.0 
0.0 0.0 0.0 0.0 0.0 0.0 0.0 0.0 0.0 0.0 0.0 0.0 116.0 253.0 255.0 0.246639409197 0.000424644648273 0.210807433193 0.179602664892 0.0 
0.0 0.0 0.0 0.0 0.0 0.0 0.0 0.0 0.0 0.0 0.0 0.0 111.0 255.0 255.0 0.210807433193 0.179602664892 0.239377750327 0.33 0.0 
0.0 0.0 0.0 0.0 0.0 0.0 0.0 0.0 0.0 0.0 0.0 0.0 109.0 255.0 237.0 0.239377750327 0.33 0.33 0.33 0.0 
0.0 0.0 100.0 0.0 0.0 100.0 0.0 100.0 0.0 0.0 100.0 0.0 112.0 255.0 193.0 0.33 0.33 0.0467779921224 0.232597622238 0.0554736640027 
0.0 0.0 100.0 0.0 0.0 100.0 0.0 100.0 0.0 0.0 100.0 0.0 114.0 255.0 167.0 0.0467779921224 0.232597622238 -0.23659522424 -0.0932719722212 0.0814614957378 
0.0 0.0 0.0 0.0 0.0 0.0 0.0 100.0 0.0 0.0 0.0 0.0 119.0 252.0 191.0 -0.23659522424 -0.0932719722212 -0.0725539879827 -0.169170425628 0.056092502534 
0.0 0.0 0.0 0.0 0.0 0.0 0.0 0.0 0.0 0.0 0.0 0.0 118.0 248.0 255.0 -0.0725539879827 -0.169170425628 0.0639756063165 -0.33 -0.0349322580642 
0.0 0.0 0.0 0.0 0.0 0.0 0.0 0.0 0.0 0.0 0.0 0.0 118.0 250.0 255.0 0.0639756063165 -0.33 -0.0466791348847 0.0764818706502 -0.0148146186105 
0.0 0.0 0.0 0.0 0.0 0.0 0.0 0.0 0.0 0.0 0.0 0.0 120.0 250.0 255.0 -0.0466791348847 0.0764818706502 -0.173540277566 0.33 0.0 
0.0 0.0 0.0 0.0 0.0 0.0 0.0 0.0 0.0 0.0 0.0 0.0 131.0 239.0 229.0 -0.173540277566 0.33 -0.106745416025 0.187008258634 0.0 
0.0 0.0 0.0 0.0 0.0 0.0 0.0 0.0 0.0 0.0 0.0 0.0 150.0 234.0 151.0 -0.106745416025 0.187008258634 0.00287869413483 0.0172433607959 0.0255199810438 
0.0 0.0 0.0 0.0 0.0 0.0 0.0 0.0 0.0 0.0 0.0 0.0 167.0 217.0 140.0 0.00287869413483 0.0172433607959 0.201091021858 0.112346691447 0.0 
0.0 0.0 0.0 0.0 0.0 0.0 0.0 0.0 0.0 0.0 0.0 0.0 161.0 232.0 100.0 0.201091021858 0.112346691447 -0.0948777504947 -0.33 -0.0255199810438 
0.0 0.0 0.0 0.0 0.0 0.0 0.0 0.0 0.0 0.0 0.0 0.0 137.0 242.0 187.0 -0.0948777504947 -0.33 0.0536824226842 0.33 0.0400040492007 
0.0 0.0 0.0 0.0 0.0 0.0 0.0 0.0 0.0 0.0 0.0 0.0 134.0 248.0 155.0 0.0536824226842 0.33 -0.188777665168 -0.0745671523215 -0.0103086087306 
0.0 0.0 0.0 0.0 0.0 0.0 0.0 0.0 0.0 0.0 0.0 0.0 139.0 236.0 194.0 -0.188777665168 -0.0745671523215 0.268403283544 -0.0981997631898 0.0540516693486 
0.0 0.0 0.0 0.0 0.0 0.0 0.0 0.0 0.0 0.0 0.0 0.0 123.0 242.0 255.0 0.268403283544 -0.0981997631898 0.317866258756 -0.33 0.00600764341075 
0.0 0.0 0.0 0.0 0.0 0.0 0.0 0.0 0.0 0.0 0.0 0.0 112.0 254.0 255.0 0.317866258756 -0.33 0.0533647232861 -0.0640353193785 0.0 
0.0 0.0 0.0 0.0 0.0 0.0 0.0 0.0 0.0 0.0 0.0 0.0 111.0 255.0 255.0 0.0533647232861 -0.0640353193785 0.112045071614 0.171484178811 0.0 
0.0 0.0 0.0 0.0 0.0 0.0 0.0 0.0 0.0 0.0 0.0 0.0 111.0 255.0 255.0 0.112045071614 0.171484178811 -0.0347924403718 -0.13793643184 0.0 
0.0 0.0 0.0 0.0 0.0 0.0 0.0 0.0 0.0 0.0 0.0 0.0 112.0 254.0 255.0 -0.0347924403718 -0.13793643184 -0.0679152287522 -0.0467696792911 0.0 
0.0 0.0 0.0 0.0 0.0 0.0 0.0 0.0 0.0 0.0 0.0 0.0 115.0 252.0 255.0 -0.0679152287522 -0.0467696792911 -0.303652391821 -0.155425574149 0.0 
0.0 0.0 0.0 0.0 0.0 0.0 0.0 0.0 0.0 0.0 0.0 0.0 134.0 251.0 255.0 -0.303652391821 -0.155425574149 -0.294129258428 0.027764320502 0.0 
0.0 0.0 0.0 0.0 0.0 0.0 0.0 0.0 0.0 0.0 0.0 0.0 164.0 250.0 255.0 -0.294129258428 0.027764320502 0.1981468188 -0.21940488761 0.0 
0.0 0.0 0.0 0.0 0.0 0.0 0.0 0.0 0.0 0.0 0.0 0.0 195.0 249.0 255.0 0.1981468188 -0.21940488761 -0.00748900183622 0.0952944059637 0.0 
0.0 0.0 0.0 0.0 0.0 0.0 0.0 0.0 0.0 0.0 0.0 0.0 200.0 232.0 255.0 -0.00748900183622 0.0952944059637 -0.211680139574 0.0794413810012 0.0 
0.0 0.0 0.0 0.0 0.0 0.0 0.0 0.0 0.0 0.0 0.0 0.0 198.0 184.0 251.0 -0.211680139574 0.0794413810012 0.07854401616 0.186317814564 0.0 
0.0 0.0 0.0 0.0 0.0 0.0 0.0 0.0 0.0 0.0 0.0 0.0 197.0 154.0 213.0 0.07854401616 0.186317814564 0.0132682446481 0.210141177087 0.0 
0.0 0.0 0.0 0.0 0.0 0.0 0.0 0.0 0.0 0.0 0.0 0.0 196.0 181.0 120.0 0.0132682446481 0.210141177087 -0.0856918566314 -0.0218781464469 0.0 
0.0 0.0 0.0 0.0 0.0 0.0 0.0 0.0 0.0 0.0 0.0 0.0 206.0 162.0 147.0 -0.0856918566314 -0.0218781464469 0.33 0.0937780643988 0.0233365102797 
0.0 0.0 0.0 0.0 0.0 0.0 0.0 0.0 0.0 0.0 0.0 0.0 215.0 154.0 120.0 0.33 0.0937780643988 0.0439532948432 -0.288466355602 -0.0233365102797 
# HEADER 4
0.0 0.0 0.0 0.0 0.0 0.0 0.0 0.0 0.0 0.0 0.0 0.0 133.0 248.0 255.0 0 0 -0.318095029313 -0.0725367359104 0.0 
0.0 0.0 0.0 0.0 0.0 0.0 0.0 0.0 0.0 0.0 0.0 0.0 134.0 250.0 255.0 -0.318095029313 -0.0725367359104 -0.0927282802522 0.014933569608 0.0 
0.0 0.0 0.0 0.0 0.0 0.0 0.0 0.0 0.0 0.0 0.0 0.0 134.0 250.0 255.0 -0.0927282802522 0.014933569608 -0.0341911450428 -0.277581333017 0.0 
0.0 0.0 0.0 0.0 0.0 0.0 0.0 0.0 0.0 0.0 0.0 0.0 134.0 250.0 255.0 -0.0341911450428 -0.277581333017 -0.120525490258 0.105722106407 0.0 
0.0 0.0 0.0 0.0 0.0 0.0 0.0 0.0 0.0 0.0 0.0 0.0 145.0 249.0 255.0 -0.120525490258 0.105722106407 -0.224513984065 -0.173007963057 0.0 
0.0 0.0 0.0 0.0 0.0 0.0 0.0 0.0 0.0 0.0 0.0 0.0 172.0 249.0 255.0 -0.224513984065 -0.173007963057 0.264608199675 -0.0682158897942 0.0 
0.0 0.0 0.0 0.0 0.0 0.0 0.0 0.0 0.0 0.0 0.0 0.0 161.0 250.0 255.0 0.264608199675 -0.0682158897942 -0.245359853148 0.108048048907 0.0 
0.0 0.0 0.0 0.0 0.0 0.0 0.0 0.0 0.0 0.0 0.0 0.0 171.0 243.0 255.0 -0.245359853148 0.108048048907 0.129679899644 -0.324773377481 0.0 
0.0 0.0 0.0 0.0 0.0 0.0 0.0 0.0 0.0 0.0 0.0 0.0 201.0 249.0 255.0 0.129679899644 -0.324773377481 -0.0897990120261 0.314805336437 0.0 
0.0 0.0 0.0 0.0 0.0 0.0 0.0 0.0 0.0 0.0 0.0 0.0 216.0 198.0 255.0 -0.0897990120261 0.314805336437 0.33 0.0529922802846 0.0 
0.0 0.0 0.0 0.0 0.0 0.0 0.0 0.0 0.0 0.0 0.0 0.0 227.0 155.0 236.0 0.33 0.0529922802846 0.15057987545 0.33 0.0 
0.0 0.0 0.0 0.0 0.0 0.0 0.0 0.0 0.0 0.0 0.0 0.0 213.0 143.0 174.0 0.15057987545 0.33 0.093823244757 0.291609880521 0.0 
0.0 0.0 0.0 0.0 0.0 0.0 0.0 0.0 0.0 0.0 0.0 0.0 199.0 183.0 68.0 0.093823244757 0.291609880521 -0.016288738828 -0.0737751403634 0.0 
0.0 0.0 0.0 0.0 0.0 0.0 0.0 0.0 0.0 0.0 0.0 0.0 200.0 177.0 93.0 -0.016288738828 -0.0737751403634 -0.0741393835487 0.0861159253048 0.0 
0.0 0.0 0.0 0.0 0.0 0.0 0.0 0.0 0.0 0.0 0.0 0.0 205.0 172.0 92.0 -0.0741393835487 0.0861159253048 -0.178283095087 0.223570989261 0.0 
0.0 0.0 0.0 0.0 0.0 0.0 0.0 0.0 0.0 0.0 0.0 0.0 215.0 154.0 50.0 -0.178283095087 0.223570989261 0.0824272383367 -0.0627932456065 0.0151161201543 
0.0 0.0 0.0 0.0 0.0 0.0 0.0 0.0 0.0 0.0 0.0 0.0 219.0 142.0 65.0 0.0824272383367 -0.0627932456065 0.15296415945 -0.153207694618 0.045482976209 
0.0 0.0 0.0 0.0 0.0 0.0 0.0 0.0 0.0 0.0 0.0 0.0 213.0 148.0 67.0 0.15296415945 -0.153207694618 0.195916405894 0.226463010673 0.0552754126466 
0.0 0.0 0.0 0.0 0.0 0.0 0.0 0.0 0.0 0.0 0.0 0.0 198.0 172.0 50.0 0.195916405894 0.226463010673 -0.33 0.00707541630233 0.0 
0.0 0.0 0.0 0.0 0.0 0.0 0.0 0.0 0.0 0.0 0.0 0.0 205.0 162.0 54.0 -0.33 0.00707541630233 0.11183336624 -0.33 0.0 
0.0 0.0 0.0 0.0 0.0 0.0 0.0 0.0 0.0 0.0 0.0 0.0 227.0 123.0 171.0 0.11183336624 -0.33 -0.121055198335 0.33 0.0 
0.0 0.0 0.0 0.0 0.0 0.0 0.0 0.0 0.0 0.0 0.0 0.0 230.0 126.0 125.0 -0.121055198335 0.33 -0.269997192549 0.103652216491 0.00542295786371 
0.0 0.0 0.0 0.0 0.0 0.0 0.0 0.0 0.0 0.0 0.0 0.0 231.0 126.0 66.0 -0.269997192549 0.103652216491 0.221511923518 0.151293638216 0.0302470365047 
0.0 0.0 0.0 0.0 0.0 0.0 0.0 0.0 0.0 0.0 0.0 0.0 226.0 109.0 43.0 0.221511923518 0.151293638216 -0.182065121791 -0.168991321767 -0.0302470365047 
0.0 0.0 0.0 0.0 0.0 0.0 0.0 0.0 0.0 0.0 0.0 0.0 234.0 92.0 66.0 -0.182065121791 -0.168991321767 -0.33 -0.151338180505 0.0151377908301 
0.0 0.0 0.0 0.0 0.0 0.0 0.0 0.0 0.0 0.0 0.0 0.0 236.0 89.0 71.0 -0.33 -0.151338180505 0.288423634755 -0.242108583003 0.0106516663985 
0.0 0.0 0.0 0.0 0.0 0.0 0.0 0.0 0.0 0.0 0.0 0.0 236.0 89.0 73.0 0.288423634755 -0.242108583003 0.236811284989 -0.33 0.0 
0.0 0.0 0.0 0.0 0.0 0.0 0.0 0.0 0.0 0.0 0.0 0.0 234.0 89.0 73.0 0.236811284989 -0.33 0.246265814679 0.0147024880366 0.0 
0.0 0.0 0.0 0.0 0.0 0.0 0.0 0.0 0.0 0.0 0.0 0.0 230.0 92.0 71.0 0.246265814679 0.0147024880366 -0.173006187825 0.00898940942088 0.0 
0.0 0.0 0.0 0.0 0.0 0.0 0.0 0.0 0.0 0.0 0.0 0.0 232.0 91.0 72.0 -0.173006187825 0.00898940942088 0.33 -0.33 0.0 
0.0 0.0 0.0 0.0 0.0 0.0 0.0 0.0 0.0 0.0 0.0 0.0 236.0 88.0 76.0 0.33 -0.33 0.241928104702 -0.216888204691 0.0 
0.0 0.0 0.0 0.0 0.0 0.0 0.0 0.0 0.0 0.0 0.0 0.0 232.0 88.0 75.0 0.241928104702 -0.216888204691 -0.124486339828 -0.193805087153 0.0 
0.0 0.0 0.0 0.0 0.0 0.0 0.0 0.0 0.0 0.0 0.0 0.0 226.0 97.0 66.0 -0.124486339828 -0.193805087153 -0.110065012213 -0.0146083345907 0.0 
0.0 0.0 0.0 0.0 0.0 0.0 0.0 0.0 0.0 0.0 0.0 0.0 229.0 94.0 68.0 -0.110065012213 -0.0146083345907 0.0493179890323 0.161863659563 0.0 
0.0 0.0 0.0 0.0 0.0 0.0 0.0 0.0 0.0 0.0 0.0 0.0 233.0 90.0 73.0 0.0493179890323 0.161863659563 0.33 -0.168887061277 0.0 
0.0 0.0 0.0 0.0 0.0 0.0 0.0 0.0 0.0 0.0 0.0 0.0 237.0 88.0 76.0 0.33 -0.168887061277 -0.22694416659 -0.261210235946 0.0 
0.0 0.0 0.0 0.0 0.0 0.0 0.0 0.0 0.0 0.0 0.0 0.0 237.0 88.0 76.0 -0.22694416659 -0.261210235946 -0.261319078437 0.030039042902 0.0 
0.0 0.0 0.0 0.0 0.0 0.0 0.0 0.0 0.0 0.0 0.0 0.0 237.0 88.0 76.0 -0.261319078437 0.030039042902 0.0916915501681 -0.0141646854195 0.0 
0.0 0.0 0.0 0.0 0.0 0.0 0.0 0.0 0.0 0.0 0.0 0.0 237.0 87.0 76.0 0.0916915501681 -0.0141646854195 -0.0266119178433 0.140732756776 0.0 
0.0 0.0 0.0 0.0 0.0 0.0 0.0 0.0 0.0 0.0 0.0 0.0 237.0 87.0 76.0 -0.0266119178433 0.140732756776 -0.00981569431391 0.221229535653 0.0 
0.0 0.0 0.0 0.0 0.0 0.0 0.0 0.0 0.0 0.0 0.0 0.0 237.0 88.0 76.0 -0.00981569431391 0.221229535653 -0.129744719708 -0.0583593457132 0.0 
0.0 0.0 0.0 0.0 0.0 0.0 0.0 0.0 0.0 0.0 0.0 0.0 237.0 88.0 76.0 -0.129744719708 -0.0583593457132 -0.111925498537 -0.184881510823 0.0 
0.0 0.0 0.0 0.0 0.0 0.0 0.0 0.0 0.0 0.0 0.0 0.0 237.0 88.0 75.0 -0.111925498537 -0.184881510823 -0.0808516834467 -0.125180347808 0.0 
0.0 0.0 0.0 0.0 0.0 0.0 0.0 0.0 0.0 0.0 0.0 0.0 238.0 88.0 76.0 -0.0808516834467 -0.125180347808 0.171884408021 -0.00763562092465 0.0 
0.0 0.0 0.0 0.0 0.0 0.0 0.0 0.0 0.0 0.0 0.0 0.0 237.0 88.0 76.0 0.171884408021 -0.00763562092465 0.017821706168 0.33 0.0 
0.0 0.0 0.0 0.0 0.0 0.0 0.0 0.0 0.0 0.0 0.0 0.0 237.0 88.0 76.0 0.017821706168 0.33 0.217813803649 0.265454080333 0.0 
0.0 0.0 0.0 0.0 0.0 0.0 0.0 0.0 0.0 0.0 0.0 0.0 237.0 88.0 75.0 0.217813803649 0.265454080333 -0.160768115885 -0.0320491091362 0.0 
0.0 0.0 0.0 0.0 0.0 0.0 0.0 0.0 0.0 0.0 0.0 0.0 237.0 88.0 75.0 -0.160768115885 -0.0320491091362 -0.33 0.33 0.0 
0.0 0.0 0.0 0.0 0.0 0.0 0.0 0.0 0.0 0.0 0.0 0.0 237.0 88.0 75.0 -0.33 0.33 -0.189567476466 -0.0965587857473 0.0 
0.0 0.0 0.0 0.0 0.0 0.0 0.0 0.0 0.0 0.0 0.0 0.0 237.0 88.0 76.0 -0.189567476466 -0.0965587857473 0.0141836098813 0.142185161175 0.0 
0.0 0.0 0.0 0.0 0.0 0.0 0.0 0.0 0.0 0.0 0.0 0.0 237.0 88.0 76.0 0.0141836098813 0.142185161175 -0.33 -0.0285449596461 0.0 
0.0 0.0 0.0 0.0 0.0 0.0 0.0 0.0 0.0 0.0 0.0 0.0 237.0 88.0 76.0 -0.33 -0.0285449596461 0.190970626489 -0.148359099221 0.0 
0.0 0.0 0.0 0.0 0.0 0.0 0.0 0.0 0.0 0.0 0.0 0.0 236.0 88.0 75.0 0.190970626489 -0.148359099221 -0.290553687378 -0.0709970471073 0.0 
0.0 0.0 0.0 0.0 0.0 0.0 0.0 0.0 0.0 0.0 0.0 0.0 231.0 92.0 70.0 -0.290553687378 -0.0709970471073 0.2470890439 -0.102680609999 0.0 
0.0 0.0 0.0 0.0 0.0 0.0 0.0 0.0 0.0 0.0 0.0 0.0 220.0 110.0 51.0 0.2470890439 -0.102680609999 -0.18683313949 -0.33 0.0 
0.0 0.0 0.0 0.0 0.0 0.0 0.0 0.0 0.0 0.0 0.0 0.0 229.0 97.0 64.0 -0.18683313949 -0.33 -0.274609114994 -0.310540741377 0.0 
0.0 0.0 0.0 0.0 0.0 0.0 0.0 0.0 0.0 0.0 0.0 0.0 236.0 91.0 72.0 -0.274609114994 -0.310540741377 0.26785074875 0.0463520715052 0.0 
0.0 0.0 0.0 0.0 0.0 0.0 0.0 0.0 0.0 0.0 0.0 0.0 237.0 89.0 74.0 0.26785074875 0.0463520715052 0.0897134852363 -0.0713475740846 0.0 
0.0 0.0 0.0 0.0 0.0 0.0 0.0 0.0 0.0 0.0 0.0 0.0 237.0 89.0 74.0 0.0897134852363 -0.0713475740846 -0.27401248097 0.33 0.0 
0.0 0.0 0.0 0.0 0.0 0.0 0.0 0.0 0.0 0.0 0.0 0.0 237.0 89.0 74.0 -0.27401248097 0.33 -0.0784511907723 0.0400540459462 0.0 
0.0 0.0 0.0 0.0 0.0 0.0 0.0 0.0 0.0 0.0 0.0 0.0 236.0 89.0 74.0 -0.0784511907723 0.0400540459462 -0.268158080562 0.246340561611 -0.015592216957 
0.0 0.0 0.0 0.0 0.0 0.0 0.0 0.0 0.0 0.0 0.0 0.0 236.0 89.0 74.0 -0.268158080562 0.246340561611 0.310610235817 -0.0750833128218 0.0 
0.0 0.0 0.0 0.0 0.0 0.0 0.0 0.0 0.0 0.0 0.0 0.0 236.0 89.0 74.0 0.310610235817 -0.0750833128218 0.0116004274846 0.0472544417711 0.015592216957 
0.0 0.0 0.0 0.0 0.0 0.0 0.0 0.0 0.0 0.0 0.0 0.0 236.0 89.0 74.0 0.0116004274846 0.0472544417711 -0.33 0.148344802082 0.0 
0.0 0.0 0.0 0.0 0.0 0.0 0.0 0.0 0.0 0.0 0.0 0.0 236.0 90.0 71.0 -0.33 0.148344802082 0.0361482351624 0.076595689787 0.0 
0.0 0.0 0.0 0.0 0.0 0.0 0.0 0.0 0.0 0.0 0.0 0.0 230.0 97.0 49.0 0.0361482351624 0.076595689787 0.33 -0.138882696549 0.0 
# HEADER 5
0.0 0.0 0.0 0.0 0.0 0.0 0.0 0.0 0.0 0.0 0.0 0.0 133.0 250.0 255.0 0 0 0.143820091707 -0.132956521512 -0.015592216957 
0.0 0.0 0.0 0.0 0.0 0.0 0.0 0.0 0.0 0.0 0.0 0.0 120.0 250.0 255.0 0.143820091707 -0.132956521512 0.0917716649562 0.244459321892 0.0 
0.0 0.0 0.0 0.0 0.0 0.0 0.0 0.0 0.0 0.0 0.0 0.0 117.0 253.0 255.0 0.0917716649562 0.244459321892 -0.211555791855 0.133074891649 0.0 
0.0 0.0 0.0 0.0 0.0 0.0 0.0 0.0 0.0 0.0 0.0 0.0 127.0 245.0 222.0 -0.211555791855 0.133074891649 0.0426087088786 0.0192910772168 0.0200497962331 
0.0 0.0 0.0 0.0 0.0 0.0 0.0 0.0 0.0 0.0 0.0 0.0 131.0 246.0 200.0 0.0426087088786 0.0192910772168 0.170313851969 0.20759597003 0.0 
0.0 0.0 0.0 0.0 0.0 0.0 0.0 0.0 0.0 0.0 0.0 0.0 135.0 248.0 155.0 0.170313851969 0.20759597003 0.0808679014354 0.226246711357 0.0 
0.0 0.0 0.0 0.0 0.0 0.0 0.0 0.0 0.0 0.0 0.0 0.0 141.0 248.0 101.0 0.0808679014354 0.226246711357 -0.1195636412 -0.214110740711 0.0301057706561 
0.0 0.0 0.0 0.0 0.0 0.0 0.0 0.0 0.0 0.0 0.0 0.0 133.0 249.0 155.0 -0.1195636412 -0.214110740711 -0.171750522551 0.1933913757 0.178997028878 
0.0 0.0 0.0 0.0 0.0 0.0 0.0 0.0 0.0 0.0 0.0 0.0 143.0 244.0 133.0 -0.171750522551 0.1933913757 0.0441403870313 0.160165295061 0.0175483270893 
0.0 0.0 0.0 0.0 0.0 0.0 0.0 0.0 0.0 0.0 0.0 0.0 149.0 247.0 78.0 0.0441403870313 0.160165295061 0.00978783557078 -0.190419995948 0.0 
# HEADER 6
0.0 0.0 0.0 0.0 0.0 0.0 0.0 0.0 0.0 0.0 0.0 0.0 133.0 249.0 255.0 0 0 0.272891762143 -0.16371875284 0.0161964672415 
0.0 0.0 0.0 0.0 0.0 0.0 0.0 0.0 0.0 0.0 0.0 0.0 133.0 250.0 255.0 0.272891762143 -0.16371875284 -0.277696024735 0.0654446246261 0.0 
0.0 0.0 0.0 0.0 0.0 0.0 0.0 0.0 0.0 0.0 0.0 0.0 153.0 249.0 255.0 -0.277696024735 0.0654446246261 -0.102572436619 -0.186105188894 0.0 
0.0 0.0 0.0 0.0 0.0 0.0 0.0 0.0 0.0 0.0 0.0 0.0 186.0 249.0 255.0 -0.102572436619 -0.186105188894 -0.0440252228917 -0.239589904793 0.0 
0.0 0.0 0.0 0.0 0.0 0.0 0.0 0.0 0.0 0.0 0.0 0.0 200.0 249.0 255.0 -0.0440252228917 -0.239589904793 -0.203661957141 -0.116694569896 0.0 
0.0 0.0 0.0 0.0 0.0 0.0 0.0 0.0 0.0 0.0 0.0 0.0 222.0 246.0 255.0 -0.203661957141 -0.116694569896 -0.163870757304 0.097600409729 0.0 
0.0 0.0 0.0 0.0 0.0 0.0 0.0 0.0 0.0 0.0 0.0 0.0 230.0 210.0 255.0 -0.163870757304 0.097600409729 0.18774281201 0.230045944659 0.0 
0.0 0.0 0.0 0.0 0.0 0.0 0.0 0.0 0.0 0.0 0.0 0.0 231.0 153.0 235.0 0.18774281201 0.230045944659 -0.0778982405955 0.278364484617 0.0 
0.0 0.0 0.0 0.0 0.0 0.0 0.0 0.0 0.0 0.0 0.0 0.0 231.0 115.0 181.0 -0.0778982405955 0.278364484617 0.33 0.247651822763 0.0 
0.0 0.0 0.0 0.0 0.0 0.0 0.0 0.0 0.0 0.0 0.0 0.0 224.0 142.0 84.0 0.33 0.247651822763 0.237045504868 0.0293044075204 0.0 
0.0 0.0 0.0 0.0 0.0 0.0 0.0 0.0 0.0 0.0 0.0 0.0 204.0 173.0 50.0 0.237045504868 0.0293044075204 0.33 0.124857598547 0.0152846741549 
0.0 0.0 0.0 0.0 0.0 0.0 0.0 0.0 0.0 0.0 0.0 0.0 194.0 177.0 40.0 0.33 0.124857598547 0.101851248677 -0.11352100692 0.0 
0.0 0.0 0.0 0.0 0.0 0.0 0.0 0.0 0.0 0.0 0.0 0.0 189.0 183.0 44.0 0.101851248677 -0.11352100692 0.263660541101 -0.111021795053 0.0587344280797 
0.0 0.0 0.0 0.0 0.0 0.0 0.0 0.0 0.0 0.0 0.0 0.0 184.0 192.0 44.0 0.263660541101 -0.111021795053 0.11591388093 -0.0940931766963 -0.0385138978403 
0.0 0.0 0.0 0.0 0.0 0.0 0.0 0.0 0.0 0.0 0.0 0.0 176.0 202.0 41.0 0.11591388093 -0.0940931766963 0.33 -0.299623654238 0.061412047024 
0.0 0.0 0.0 0.0 0.0 0.0 0.0 0.0 0.0 0.0 0.0 0.0 162.0 221.0 38.0 0.33 -0.299623654238 -0.0443276521297 -0.235582377264 -0.0118278459241 
0.0 0.0 0.0 0.0 0.0 0.0 0.0 0.0 0.0 0.0 0.0 0.0 147.0 241.0 36.0 -0.0443276521297 -0.235582377264 -0.240997535135 0.257899574289 0.0118278459241 
0.0 0.0 0.0 0.0 0.0 0.0 100.0 0.0 0.0 0.0 0.0 0.0 161.0 226.0 38.0 -0.240997535135 0.257899574289 -0.0624246807792 0.109628060732 0.0 
0.0 0.0 0.0 0.0 0.0 0.0 0.0 0.0 0.0 0.0 0.0 0.0 185.0 196.0 51.0 -0.0624246807792 0.109628060732 -0.091055513437 0.138474800718 -0.0265319877805 
0.0 0.0 0.0 0.0 0.0 0.0 0.0 0.0 0.0 0.0 0.0 0.0 210.0 151.0 90.0 -0.091055513437 0.138474800718 0.0637769188372 -0.0670427629511 -0.0149651830484 
0.0 0.0 0.0 0.0 0.0 0.0 0.0 0.0 0.0 0.0 0.0 0.0 210.0 149.0 93.0 0.0637769188372 -0.0670427629511 0.00733650157505 -0.189918997898 0.0 
0.0 0.0 0.0 0.0 0.0 0.0 0.0 0.0 0.0 0.0 0.0 0.0 209.0 152.0 92.0 0.00733650157505 -0.189918997898 0.209925406061 -0.315127935067 0.0 
0.0 0.0 0.0 0.0 0.0 0.0 0.0 0.0 0.0 0.0 0.0 0.0 194.0 180.0 65.0 0.209925406061 -0.315127935067 -0.0920925793503 -0.124002754137 -0.0102858915771 
0.0 0.0 0.0 0.0 0.0 0.0 0.0 0.0 0.0 0.0 0.0 0.0 200.0 171.0 73.0 -0.0920925793503 -0.124002754137 0.101193492148 -0.136470929421 0.0102858915771 
0.0 0.0 0.0 0.0 0.0 0.0 0.0 0.0 0.0 0.0 0.0 0.0 197.0 177.0 69.0 0.101193492148 -0.136470929421 0.33 0.175273984762 -0.0102858915771 
0.0 0.0 0.0 0.0 0.0 0.0 0.0 0.0 0.0 0.0 0.0 0.0 175.0 210.0 47.0 0.33 0.175273984762 -0.0579474988497 -0.154430832439 0.0 
0.0 0.0 0.0 0.0 0.0 0.0 0.0 0.0 0.0 0.0 0.0 0.0 178.0 207.0 47.0 -0.0579474988497 -0.154430832439 0.047750707448 0.00376057370544 0.0102858915771 
0.0 0.0 0.0 0.0 0.0 0.0 0.0 0.0 0.0 0.0 0.0 0.0 190.0 188.0 59.0 0.047750707448 0.00376057370544 0.0211004535843 0.0138382376079 0.0 
0.0 0.0 0.0 0.0 0.0 0.0 0.0 0.0 0.0 0.0 0.0 0.0 193.0 183.0 63.0 0.0211004535843 0.0138382376079 -0.147812840118 -0.128156714133 -0.0102858915771 
0.0 0.0 0.0 0.0 0.0 0.0 0.0 0.0 0.0 0.0 0.0 0.0 193.0 184.0 63.0 -0.147812840118 -0.128156714133 -0.0198306980513 0.0388042799833 0.0 
0.0 0.0 0.0 0.0 0.0 0.0 0.0 0.0 0.0 0.0 0.0 0.0 192.0 185.0 62.0 -0.0198306980513 0.0388042799833 -0.0803793543252 -0.0860755786069 0.0 
0.0 0.0 0.0 0.0 0.0 0.0 0.0 0.0 0.0 0.0 0.0 0.0 192.0 186.0 62.0 -0.0803793543252 -0.0860755786069 -0.0230110918826 0.130319585075 0.0 
0.0 0.0 0.0 0.0 0.0 0.0 0.0 0.0 0.0 0.0 0.0 0.0 195.0 181.0 65.0 -0.0230110918826 0.130319585075 0.0224175079042 -0.189392056891 0.0 
0.0 0.0 0.0 0.0 0.0 0.0 0.0 0.0 0.0 0.0 0.0 0.0 196.0 179.0 67.0 0.0224175079042 -0.189392056891 -0.265914880566 0.022676062608 0.0 
0.0 0.0 0.0 0.0 0.0 0.0 0.0 0.0 0.0 0.0 0.0 0.0 212.0 149.0 95.0 -0.265914880566 0.022676062608 0.12405726188 -0.215377515457 0.0 
0.0 0.0 0.0 0.0 0.0 0.0 0.0 0.0 0.0 0.0 0.0 0.0 212.0 147.0 99.0 0.12405726188 -0.215377515457 0.33 -0.0465396679536 0.0 
0.0 0.0 0.0 0.0 0.0 0.0 0.0 0.0 0.0 0.0 0.0 0.0 187.0 194.0 56.0 0.33 -0.0465396679536 0.143806367585 0.12970026933 0.0 
0.0 0.0 0.0 0.0 0.0 0.0 0.0 0.0 0.0 0.0 0.0 0.0 174.0 214.0 47.0 0.143806367585 0.12970026933 0.0280087560548 -0.0497522281151 0.0 
0.0 0.0 0.0 0.0 0.0 0.0 0.0 0.0 0.0 0.0 0.0 0.0 162.0 229.0 40.0 0.0280087560548 -0.0497522281151 -0.177395794019 0.33 0.0102858915771 
0.0 0.0 0.0 0.0 0.0 0.0 0.0 0.0 0.0 0.0 0.0 0.0 153.0 240.0 38.0 -0.177395794019 0.33 0.0217951780568 -0.33 0.0110099782517 
0.0 0.0 0.0 0.0 0.0 0.0 0.0 0.0 0.0 0.0 0.0 0.0 146.0 250.0 37.0 0.0217951780568 -0.33 0.0216800891423 -0.0218167143042 0.00395520479666 
0.0 0.0 0.0 0.0 0.0 0.0 0.0 0.0 0.0 0.0 0.0 0.0 144.0 252.0 37.0 0.0216800891423 -0.0218167143042 0.13927157726 -0.135647300595 0.0 
0.0 0.0 0.0 0.0 0.0 0.0 0.0 0.0 0.0 0.0 0.0 0.0 143.0 253.0 37.0 0.13927157726 -0.135647300595 0.254588046487 0.194569376554 0.0 
0.0 0.0 0.0 0.0 0.0 0.0 0.0 0.0 0.0 0.0 0.0 0.0 141.0 254.0 38.0 0.254588046487 0.194569376554 -0.260481312696 0.196567384064 0.0 
0.0 0.0 0.0 0.0 0.0 0.0 0.0 0.0 0.0 0.0 0.0 0.0 151.0 242.0 38.0 -0.260481312696 0.196567384064 -0.0229038740479 0.33 0.0 
0.0 0.0 0.0 0.0 0.0 0.0 0.0 0.0 0.0 0.0 0.0 0.0 163.0 230.0 40.0 -0.0229038740479 0.33 0.156185222759 0.114938946805 0.0 
0.0 0.0 0.0 0.0 0.0 0.0 0.0 0.0 0.0 0.0 0.0 0.0 172.0 216.0 40.0 0.156185222759 0.114938946805 0.164239657421 -0.10077870296 -0.0149651830484 
0.0 0.0 0.0 0.0 0.0 0.0 0.0 0.0 0.0 0.0 0.0 0.0 164.0 227.0 41.0 0.164239657421 -0.10077870296 0.174772214247 0.25727774287 -0.0289463100793 
0.0 0.0 0.0 0.0 0.0 0.0 0.0 0.0 0.0 0.0 0.0 0.0 154.0 235.0 37.0 0.174772214247 0.25727774287 0.298222477158 -0.193729517461 0.0439114931277 
0.0 0.0 0.0 0.0 0.0 0.0 0.0 0.0 0.0 0.0 0.0 0.0 144.0 250.0 37.0 0.298222477158 -0.193729517461 -0.193973214649 0.160496748755 0.00363383859682 
0.0 0.0 0.0 0.0 0.0 0.0 0.0 0.0 0.0 0.0 0.0 0.0 157.0 234.0 38.0 -0.193973214649 0.160496748755 0.0256277708828 0.191781191886 -0.00363383859682 
0.0 0.0 0.0 0.0 0.0 0.0 0.0 0.0 0.0 0.0 0.0 0.0 165.0 220.0 37.0 0.0256277708828 0.191781191886 0.162576955213 0.256354228895 0.0 
0.0 0.0 0.0 0.0 0.0 0.0 0.0 0.0 0.0 0.0 0.0 0.0 169.0 205.0 37.0 0.162576955213 0.256354228895 -0.0744962832314 -0.231151117229 -0.0439114931277 
0.0 0.0 0.0 0.0 0.0 0.0 0.0 0.0 0.0 0.0 0.0 0.0 178.0 202.0 41.0 -0.0744962832314 -0.231151117229 -0.188929141633 -0.260013855441 0.141762697221 
0.0 0.0 0.0 0.0 0.0 0.0 0.0 0.0 0.0 0.0 0.0 0.0 191.0 187.0 50.0 -0.188929141633 -0.260013855441 -0.030258606847 -0.150964432925 0.000374301892759 
0.0 0.0 0.0 0.0 0.0 0.0 0.0 0.0 0.0 0.0 0.0 0.0 200.0 173.0 60.0 -0.030258606847 -0.150964432925 -0.0947658933375 0.115323698386 -0.0140861977694 
0.0 0.0 0.0 0.0 0.0 0.0 0.0 0.0 0.0 0.0 0.0 0.0 215.0 147.0 85.0 -0.0947658933375 0.115323698386 0.00316717364345 0.293987049243 -0.000221852427661 
0.0 0.0 0.0 0.0 0.0 0.0 0.0 0.0 0.0 0.0 0.0 0.0 225.0 128.0 105.0 0.00316717364345 0.293987049243 -0.33 0.239845163612 0.0 
0.0 0.0 0.0 0.0 0.0 0.0 0.0 0.0 0.0 0.0 0.0 0.0 227.0 135.0 59.0 -0.33 0.239845163612 0.129691044397 0.00932642831202 0.0 
0.0 0.0 0.0 0.0 0.0 0.0 0.0 0.0 0.0 0.0 0.0 0.0 225.0 131.0 50.0 0.129691044397 0.00932642831202 -0.0255268051227 0.0883866787199 0.000221852427661 
0.0 0.0 0.0 0.0 0.0 0.0 0.0 0.0 0.0 0.0 0.0 0.0 213.0 140.0 41.0 -0.0255268051227 0.0883866787199 -0.0460034020944 -0.107866640188 0.0 
0.0 0.0 0.0 0.0 0.0 0.0 0.0 0.0 0.0 0.0 0.0 0.0 220.0 132.0 54.0 -0.0460034020944 -0.107866640188 -0.260250008349 -0.272507274396 0.0552577681244 
0.0 0.0 0.0 0.0 0.0 0.0 0.0 0.0 0.0 0.0 0.0 0.0 233.0 111.0 83.0 -0.260250008349 -0.272507274396 -0.33 -0.201926949938 0.0 
0.0 0.0 0.0 0.0 0.0 0.0 0.0 0.0 0.0 0.0 0.0 0.0 236.0 108.0 89.0 -0.33 -0.201926949938 -0.072382312604 -0.0324626984812 0.0 
0.0 0.0 0.0 0.0 0.0 0.0 0.0 0.0 0.0 0.0 0.0 0.0 236.0 108.0 90.0 -0.072382312604 -0.0324626984812 0.002255732027 -0.152823873912 0.00219732919109 
0.0 0.0 0.0 0.0 0.0 0.0 0.0 0.0 0.0 0.0 0.0 0.0 236.0 108.0 90.0 0.002255732027 -0.152823873912 0.33 0.117084084897 0.0 
0.0 0.0 0.0 0.0 0.0 0.0 0.0 0.0 0.0 0.0 0.0 0.0 237.0 108.0 91.0 0.33 0.117084084897 0.224836523687 0.33 0.0 
0.0 0.0 0.0 0.0 0.0 0.0 0.0 0.0 0.0 0.0 0.0 0.0 235.0 109.0 91.0 0.224836523687 0.33 -0.141597593618 -0.318254893293 0.0 
0.0 0.0 0.0 0.0 0.0 0.0 0.0 0.0 0.0 0.0 0.0 0.0 236.0 109.0 91.0 -0.141597593618 -0.318254893293 0.25976310785 -0.0123397897019 0.0 
0.0 0.0 0.0 0.0 0.0 0.0 0.0 0.0 0.0 0.0 0.0 0.0 232.0 110.0 89.0 0.25976310785 -0.0123397897019 -0.026495493237 -0.14491639961 0.0 
0.0 0.0 0.0 0.0 0.0 0.0 0.0 0.0 0.0 0.0 0.0 0.0 230.0 110.0 90.0 -0.026495493237 -0.14491639961 -0.135355401891 -0.0219461940754 0.0 
0.0 0.0 0.0 0.0 0.0 0.0 0.0 0.0 0.0 0.0 0.0 0.0 236.0 107.0 94.0 -0.135355401891 -0.0219461940754 -0.215299700625 0.12981736289 0.0 
0.0 0.0 0.0 0.0 0.0 0.0 0.0 0.0 0.0 0.0 0.0 0.0 236.0 106.0 94.0 -0.215299700625 0.12981736289 -0.099748152945 0.0478590352885 0.0 
0.0 0.0 0.0 0.0 0.0 0.0 0.0 0.0 0.0 0.0 0.0 0.0 237.0 106.0 94.0 -0.099748152945 0.0478590352885 0.0714999532137 0.0720320669274 0.0 
0.0 0.0 0.0 0.0 0.0 0.0 0.0 0.0 0.0 0.0 0.0 0.0 236.0 106.0 95.0 0.0714999532137 0.0720320669274 0.133139771684 0.0376445326435 0.0 
0.0 0.0 0.0 0.0 0.0 0.0 0.0 0.0 0.0 0.0 0.0 0.0 231.0 108.0 94.0 0.133139771684 0.0376445326435 0.324466279704 0.0121041005996 0.0 
0.0 0.0 0.0 0.0 0.0 0.0 0.0 0.0 0.0 0.0 0.0 0.0 225.0 119.0 80.0 0.324466279704 0.0121041005996 0.215705601146 -0.237102330335 -0.00219732919109 
0.0 0.0 0.0 0.0 0.0 0.0 0.0 0.0 0.0 0.0 0.0 0.0 216.0 133.0 67.0 0.215705601146 -0.237102330335 0.0350754499745 0.0794623932233 0.0 
0.0 0.0 0.0 0.0 0.0 0.0 0.0 0.0 0.0 0.0 0.0 0.0 211.0 141.0 60.0 0.0350754499745 0.0794623932233 0.187841355272 0.307967860712 0.0 
0.0 0.0 0.0 0.0 0.0 0.0 0.0 0.0 0.0 0.0 0.0 0.0 199.0 159.0 44.0 0.187841355272 0.307967860712 0.27330866967 -0.0595894399644 0.0 
0.0 0.0 0.0 0.0 0.0 0.0 0.0 0.0 0.0 0.0 0.0 0.0 188.0 172.0 40.0 0.27330866967 -0.0595894399644 0.0195938982681 0.33 0.0158945314835 
# HEADER 7
0.0 0.0 0.0 0.0 0.0 0.0 0.0 0.0 0.0 0.0 0.0 0.0 133.0 249.0 255.0 0 0 0.263431067073 0.135883441245 -0.0158945314835 
0.0 0.0 0.0 0.0 0.0 0.0 0.0 0.0 0.0 0.0 0.0 0.0 118.0 251.0 255.0 0.263431067073 0.135883441245 -0.0433853753351 0.0755737387288 0.0 
0.0 0.0 0.0 0.0 0.0 0.0 0.0 0.0 0.0 0.0 0.0 0.0 121.0 247.0 242.0 -0.0433853753351 0.0755737387288 0.0213735884043 -0.0103956339492 0.0158945314835 
0.0 0.0 0.0 0.0 0.0 0.0 0.0 0.0 0.0 0.0 0.0 0.0 120.0 246.0 250.0 0.0213735884043 -0.0103956339492 -0.106721354112 0.142818930918 0.0 
0.0 0.0 0.0 0.0 0.0 0.0 0.0 0.0 0.0 0.0 0.0 0.0 129.0 243.0 218.0 -0.106721354112 0.142818930918 -0.22736991087 0.33 0.0 
0.0 0.0 0.0 0.0 0.0 0.0 0.0 0.0 0.0 0.0 0.0 0.0 157.0 231.0 127.0 -0.22736991087 0.33 0.105576166804 0.0476130921857 -0.0158945314835 
0.0 0.0 0.0 0.0 0.0 0.0 0.0 0.0 0.0 0.0 0.0 0.0 158.0 238.0 91.0 0.105576166804 0.0476130921857 -0.287386977966 0.04583592744 0.0158945314835 
0.0 0.0 0.0 0.0 0.0 0.0 0.0 0.0 0.0 0.0 0.0 0.0 151.0 246.0 76.0 -0.287386977966 0.04583592744 0.219712789585 0.262065135462 -0.00274171458447 
0.0 0.0 0.0 0.0 0.0 0.0 100.0 0.0 0.0 0.0 0.0 0.0 150.0 246.0 42.0 0.219712789585 0.262065135462 0.193130689694 0.155461479101 0.0420353262325 
0.0 0.0 0.0 0.0 0.0 0.0 100.0 0.0 0.0 0.0 0.0 0.0 146.0 247.0 38.0 0.193130689694 0.155461479101 -0.146754703879 -0.238335119574 0.151346305431 
0.0 0.0 0.0 0.0 0.0 0.0 100.0 0.0 0.0 0.0 0.0 0.0 143.0 255.0 50.0 -0.146754703879 -0.238335119574 -0.203221267956 -0.0972556427598 0.0425971099215 
0.0 0.0 0.0 0.0 0.0 0.0 0.0 0.0 0.0 0.0 0.0 0.0 141.0 244.0 188.0 -0.203221267956 -0.0972556427598 -0.119209841387 0.0862550681124 0.0127158884651 
0.0 0.0 0.0 0.0 0.0 0.0 0.0 0.0 0.0 0.0 0.0 0.0 148.0 231.0 174.0 -0.119209841387 0.0862550681124 -0.0177625840637 0.33 -0.0213289201967 
0.0 0.0 0.0 0.0 0.0 0.0 0.0 0.0 0.0 0.0 0.0 0.0 161.0 233.0 91.0 -0.0177625840637 0.33 -0.33 -0.0413820385905 0.0 
0.0 0.0 0.0 0.0 0.0 0.0 0.0 0.0 0.0 0.0 0.0 0.0 183.0 196.0 128.0 -0.33 -0.0413820385905 -0.289722864713 -0.0895618091636 -0.0121967581061 
0.0 0.0 0.0 0.0 0.0 0.0 0.0 0.0 0.0 0.0 0.0 0.0 204.0 165.0 220.0 -0.289722864713 -0.0895618091636 0.0913284583291 -0.102663907151 0.0473298256265 
0.0 0.0 0.0 0.0 0.0 0.0 0.0 0.0 0.0 0.0 0.0 0.0 231.0 181.0 252.0 0.0913284583291 -0.102663907151 0.173754093243 -0.0133957006314 0.0 
0.0 0.0 0.0 0.0 0.0 0.0 0.0 0.0 0.0 0.0 0.0 0.0 236.0 210.0 255.0 0.173754093243 -0.0133957006314 0.143596075562 -0.33 0.0 
0.0 0.0 0.0 0.0 0.0 0.0 0.0 0.0 0.0 0.0 0.0 0.0 236.0 242.0 255.0 0.143596075562 -0.33 0.0454969971626 -0.23371411121 0.0 
0.0 0.0 0.0 0.0 0.0 0.0 0.0 0.0 0.0 0.0 0.0 0.0 236.0 243.0 255.0 0.0454969971626 -0.23371411121 0.33 0.0320448319403 0.0 
0.0 0.0 0.0 0.0 0.0 0.0 0.0 0.0 0.0 0.0 0.0 0.0 218.0 238.0 255.0 0.33 0.0320448319403 -0.0528153260781 -0.33 0.0 
0.0 0.0 0.0 0.0 0.0 0.0 0.0 0.0 0.0 0.0 0.0 0.0 189.0 250.0 255.0 -0.0528153260781 -0.33 -0.100853151034 0.110424791123 0.0 
# HEADER 8
0.0 0.0 0.0 0.0 0.0 0.0 0.0 0.0 0.0 0.0 0.0 0.0 133.0 247.0 255.0 0 0 -0.111560699201 0.181142748561 0.0243173721528 
0.0 0.0 0.0 0.0 0.0 0.0 0.0 0.0 0.0 0.0 0.0 0.0 134.0 234.0 236.0 -0.111560699201 0.181142748561 0.301116038542 0.0701634055037 0.0 
0.0 0.0 0.0 0.0 0.0 0.0 0.0 0.0 0.0 0.0 0.0 0.0 132.0 247.0 188.0 0.301116038542 0.0701634055037 -0.199150273607 0.011243958734 -0.0138041473237 
0.0 0.0 0.0 0.0 0.0 0.0 0.0 0.0 0.0 0.0 0.0 0.0 138.0 241.0 182.0 -0.199150273607 0.011243958734 0.192922457137 0.325298887644 0.0 
0.0 0.0 0.0 0.0 0.0 0.0 0.0 0.0 0.0 0.0 0.0 0.0 165.0 229.0 106.0 0.192922457137 0.325298887644 -0.14166161285 0.232229224484 0.0 
0.0 0.0 0.0 0.0 0.0 0.0 0.0 0.0 0.0 0.0 0.0 0.0 187.0 203.0 50.0 -0.14166161285 0.232229224484 0.298662797101 -0.0942882506242 0.0 
0.0 0.0 0.0 0.0 0.0 0.0 0.0 0.0 0.0 0.0 0.0 0.0 183.0 208.0 62.0 0.298662797101 -0.0942882506242 -0.0245096353654 0.0334217666269 0.123296272049 
0.0 0.0 0.0 0.0 0.0 0.0 0.0 0.0 0.0 0.0 0.0 0.0 162.0 238.0 48.0 -0.0245096353654 0.0334217666269 -0.265887778246 -0.0850236252491 0.0356836411901 
0.0 0.0 0.0 0.0 0.0 0.0 100.0 0.0 0.0 0.0 0.0 0.0 150.0 253.0 50.0 -0.265887778246 -0.0850236252491 0.135789086479 0.180471970698 0.0 
0.0 0.0 0.0 0.0 0.0 0.0 100.0 0.0 0.0 0.0 0.0 0.0 147.0 254.0 49.0 0.135789086479 0.180471970698 -0.0599963293973 0.0473545870561 0.0 
0.0 0.0 0.0 0.0 0.0 0.0 100.0 0.0 0.0 0.0 0.0 0.0 150.0 247.0 44.0 -0.0599963293973 0.0473545870561 -0.181315800936 0.0833221208032 0.0 
0.0 0.0 0.0 0.0 0.0 0.0 0.0 0.0 0.0 0.0 0.0 0.0 166.0 228.0 43.0 -0.181315800936 0.0833221208032 0.120816353309 -0.198232372345 0.0 
0.0 0.0 0.0 0.0 0.0 0.0 0.0 0.0 0.0 0.0 0.0 0.0 161.0 236.0 49.0 0.120816353309 -0.198232372345 0.0901375296849 -0.0128081607799 0.0079652503427 
0.0 0.0 0.0 0.0 0.0 0.0 0.0 0.0 0.0 0.0 0.0 0.0 139.0 246.0 153.0 0.0901375296849 -0.0128081607799 -0.274918188566 0.33 0.0205587138463 
0.0 0.0 0.0 0.0 0.0 0.0 0.0 0.0 0.0 0.0 0.0 0.0 140.0 248.0 121.0 -0.274918188566 0.33 0.215861307604 -0.208656174482 0.0 
0.0 0.0 0.0 0.0 0.0 0.0 0.0 0.0 0.0 0.0 0.0 0.0 130.0 251.0 173.0 0.215861307604 -0.208656174482 -0.0673581319177 -0.0636498089416 0.0443518331253 
0.0 0.0 0.0 0.0 0.0 0.0 0.0 0.0 0.0 0.0 0.0 0.0 112.0 251.0 254.0 -0.0673581319177 -0.0636498089416 -0.33 0.15288863909 0.0370153873568 
0.0 0.0 0.0 0.0 0.0 0.0 0.0 0.0 0.0 0.0 0.0 0.0 124.0 246.0 222.0 -0.33 0.15288863909 0.301789593454 0.33 0.0 
0.0 0.0 0.0 0.0 0.0 0.0 0.0 0.0 0.0 0.0 0.0 0.0 132.0 248.0 153.0 0.301789593454 0.33 -0.0912882809344 0.33 0.0252473317379 
0.0 0.0 0.0 0.0 0.0 0.0 100.0 0.0 0.0 0.0 0.0 0.0 135.0 252.0 94.0 -0.0912882809344 0.33 -0.0967281551387 -0.0559094059036 0.0177350110474 
0.0 0.0 0.0 0.0 0.0 0.0 100.0 0.0 0.0 0.0 0.0 0.0 131.0 255.0 107.0 -0.0967281551387 -0.0559094059036 0.0556575483024 0.285378576522 0.21564675439 
0.0 0.0 0.0 0.0 0.0 0.0 100.0 0.0 0.0 0.0 0.0 0.0 132.0 255.0 94.0 0.0556575483024 0.285378576522 -0.148992730803 0.107638465844 0.0719352065788 
0.0 0.0 0.0 0.0 0.0 0.0 100.0 0.0 0.0 0.0 0.0 0.0 143.0 248.0 67.0 -0.148992730803 0.107638465844 0.21572576967 0.0870344333223 -0.0350729775565 
0.0 0.0 0.0 0.0 0.0 0.0 100.0 0.0 0.0 0.0 0.0 0.0 144.0 251.0 52.0 0.21572576967 0.0870344333223 -0.323028041664 -0.273004406753 0.072074686671 
0.0 0.0 0.0 0.0 0.0 0.0 0.0 0.0 0.0 0.0 0.0 0.0 150.0 248.0 85.0 -0.323028041664 -0.273004406753 0.15603139906 0.132993726826 0.0744129363466 
0.0 0.0 0.0 0.0 0.0 0.0 0.0 0.0 0.0 0.0 0.0 0.0 146.0 247.0 109.0 0.15603139906 0.132993726826 -0.0629974056397 0.0773467619293 0.0 
0.0 0.0 0.0 0.0 0.0 0.0 0.0 0.0 0.0 0.0 0.0 0.0 143.0 250.0 94.0 -0.0629974056397 0.0773467619293 0.119695699916 -0.33 0.0 
0.0 0.0 0.0 0.0 0.0 0.0 0.0 0.0 0.0 0.0 0.0 0.0 130.0 253.0 161.0 0.119695699916 -0.33 -0.0660606048864 -0.33 0.0378565986923 
0.0 0.0 0.0 0.0 0.0 0.0 0.0 0.0 0.0 0.0 0.0 0.0 111.0 255.0 255.0 -0.0660606048864 -0.33 -0.155759224929 0.33 0.0 
0.0 0.0 0.0 0.0 0.0 0.0 0.0 0.0 0.0 0.0 0.0 0.0 117.0 249.0 243.0 -0.155759224929 0.33 0.0165233983236 -0.158443879388 0.0 
0.0 0.0 0.0 0.0 0.0 0.0 0.0 0.0 0.0 0.0 0.0 0.0 117.0 251.0 255.0 0.0165233983236 -0.158443879388 0.0232166738962 0.161573589083 0.0 
# HEADER 9
0.0 0.0 0.0 0.0 0.0 0.0 0.0 0.0 0.0 0.0 0.0 0.0 133.0 247.0 255.0 0 0 0.234038881823 -0.33 0.0 
0.0 0.0 0.0 0.0 0.0 0.0 0.0 0.0 0.0 0.0 0.0 0.0 119.0 250.0 255.0 0.234038881823 -0.33 -0.0679350133085 0.00479488588586 0.0410565336621 
0.0 0.0 0.0 0.0 0.0 0.0 0.0 0.0 0.0 0.0 0.0 0.0 122.0 250.0 255.0 -0.0679350133085 0.00479488588586 -0.0320283419998 0.188451352638 -0.0410565336621 
# HEADER 10
0.0 0.0 0.0 0.0 0.0 0.0 0.0 0.0 0.0 0.0 0.0 0.0 133.0 249.0 255.0 0 0 0.0260507070089 0.104910645525 0.0 
0.0 0.0 0.0 0.0 0.0 0.0 0.0 0.0 0.0 0.0 0.0 0.0 133.0 231.0 249.0 0.0260507070089 0.104910645525 0.104763673871 -0.165183046331 0.0410565336621 
0.0 0.0 0.0 0.0 0.0 0.0 0.0 0.0 0.0 0.0 0.0 0.0 119.0 250.0 255.0 0.104763673871 -0.165183046331 0.0540692045907 0.0132319887931 -0.0410565336621 
0.0 0.0 0.0 0.0 0.0 0.0 0.0 0.0 0.0 0.0 0.0 0.0 116.0 252.0 255.0 0.0540692045907 0.0132319887931 0.123688315711 0.0889937601146 0.0 
0.0 0.0 0.0 0.0 0.0 0.0 0.0 0.0 0.0 0.0 0.0 0.0 115.0 250.0 246.0 0.123688315711 0.0889937601146 -0.045234244126 0.0666547642772 0.0 
0.0 0.0 0.0 0.0 0.0 0.0 0.0 0.0 0.0 0.0 0.0 0.0 123.0 248.0 213.0 -0.045234244126 0.0666547642772 0.0711144295552 0.165808656171 0.0 
0.0 0.0 0.0 0.0 0.0 0.0 0.0 0.0 0.0 0.0 0.0 0.0 129.0 249.0 172.0 0.0711144295552 0.165808656171 -0.142727061936 0.0038758483894 0.0 
0.0 0.0 0.0 0.0 0.0 0.0 0.0 100.0 0.0 0.0 0.0 0.0 129.0 250.0 163.0 -0.142727061936 0.0038758483894 -0.0818074595373 0.33 0.0381542737149 
0.0 0.0 0.0 0.0 0.0 0.0 0.0 0.0 0.0 0.0 0.0 0.0 143.0 248.0 102.0 -0.0818074595373 0.33 0.107980971799 0.0443714964051 0.0383433939538 
0.0 0.0 0.0 0.0 0.0 0.0 100.0 0.0 0.0 0.0 0.0 0.0 145.0 248.0 77.0 0.107980971799 0.0443714964051 -0.0483925046979 -0.0838709826673 0.19764935842 
0.0 0.0 0.0 0.0 0.0 0.0 100.0 0.0 0.0 0.0 0.0 0.0 144.0 249.0 105.0 -0.0483925046979 -0.0838709826673 0.00874119473479 -0.183541861185 0.0456078653679 
0.0 0.0 0.0 0.0 0.0 0.0 0.0 0.0 0.0 0.0 0.0 0.0 138.0 224.0 242.0 0.00874119473479 -0.183541861185 -0.198375898612 -0.308149175223 0.0 
0.0 0.0 0.0 0.0 0.0 0.0 0.0 0.0 0.0 0.0 0.0 0.0 156.0 250.0 255.0 -0.198375898612 -0.308149175223 0.116237921628 0.0814016784543 0.0 
0.0 0.0 0.0 0.0 0.0 0.0 0.0 0.0 0.0 0.0 0.0 0.0 151.0 250.0 255.0 0.116237921628 0.0814016784543 -0.0325016904407 -0.227817885987 0.0 
0.0 0.0 0.0 0.0 0.0 0.0 0.0 0.0 0.0 0.0 0.0 0.0 132.0 251.0 255.0 -0.0325016904407 -0.227817885987 0.0516378005708 0.0633797985918 0.0 
0.0 0.0 0.0 0.0 0.0 0.0 0.0 0.0 0.0 0.0 0.0 0.0 118.0 251.0 255.0 0.0516378005708 0.0633797985918 0.02233530182 -0.112497700701 0.0 
0.0 0.0 0.0 0.0 0.0 0.0 0.0 0.0 0.0 0.0 0.0 0.0 116.0 253.0 255.0 0.02233530182 -0.112497700701 -0.28065511736 0.272771245331 0.0 
0.0 0.0 0.0 0.0 0.0 0.0 0.0 0.0 0.0 0.0 0.0 0.0 114.0 253.0 255.0 -0.28065511736 0.272771245331 0.0552277404414 0.215675449112 0.0 
0.0 0.0 0.0 0.0 0.0 0.0 0.0 0.0 0.0 0.0 0.0 0.0 115.0 251.0 229.0 0.0552277404414 0.215675449112 -0.185434550471 -0.147032768476 0.0 
0.0 0.0 0.0 0.0 0.0 0.0 0.0 0.0 0.0 0.0 0.0 0.0 110.0 253.0 255.0 -0.185434550471 -0.147032768476 -0.0542532645188 -0.0683303356276 0.0 
0.0 0.0 0.0 0.0 0.0 0.0 0.0 0.0 0.0 0.0 0.0 0.0 110.0 255.0 255.0 -0.0542532645188 -0.0683303356276 0.113784573962 -0.153170191319 0.0 
0.0 0.0 0.0 0.0 0.0 0.0 0.0 0.0 0.0 0.0 0.0 0.0 109.0 255.0 255.0 0.113784573962 -0.153170191319 0.00385325999328 -0.280705734435 0.0 
0.0 0.0 0.0 0.0 0.0 0.0 0.0 0.0 0.0 0.0 0.0 0.0 108.0 255.0 255.0 0.00385325999328 -0.280705734435 -0.226370746587 0.33 0.0 
0.0 0.0 0.0 0.0 0.0 0.0 0.0 0.0 0.0 0.0 0.0 0.0 113.0 252.0 255.0 -0.226370746587 0.33 0.180271094783 -0.245607470016 0.0 
0.0 0.0 0.0 0.0 0.0 0.0 0.0 0.0 0.0 0.0 0.0 0.0 112.0 255.0 255.0 0.180271094783 -0.245607470016 -0.0432417107694 0.244378603154 0.0 
0.0 0.0 0.0 0.0 0.0 0.0 0.0 0.0 0.0 0.0 0.0 0.0 109.0 255.0 255.0 -0.0432417107694 0.244378603154 -0.308292083213 0.33 0.0 
0.0 0.0 0.0 0.0 0.0 0.0 0.0 0.0 0.0 0.0 0.0 0.0 123.0 248.0 209.0 -0.308292083213 0.33 -0.0115026632691 0.275863914883 0.0 
0.0 0.0 0.0 0.0 0.0 0.0 0.0 0.0 0.0 0.0 0.0 0.0 139.0 248.0 134.0 -0.0115026632691 0.275863914883 0.0217293300447 0.204779126898 0.0 
0.0 0.0 0.0 0.0 0.0 0.0 100.0 0.0 0.0 0.0 0.0 0.0 145.0 249.0 81.0 0.0217293300447 0.204779126898 -0.0129361265762 0.262690151181 0.083927040656 
0.0 0.0 0.0 0.0 0.0 0.0 100.0 0.0 0.0 0.0 0.0 0.0 149.0 248.0 40.0 -0.0129361265762 0.262690151181 -0.287167365145 -0.261116891491 0.187474746695 
0.0 0.0 0.0 0.0 0.0 0.0 0.0 0.0 0.0 0.0 0.0 0.0 163.0 234.0 87.0 -0.287167365145 -0.261116891491 -0.148747405787 -0.139442517351 0.180962291514 
0.0 0.0 0.0 0.0 0.0 0.0 0.0 0.0 0.0 0.0 0.0 0.0 169.0 190.0 236.0 -0.148747405787 -0.139442517351 0.273923580199 0.224843684002 0.0302694364546 
0.0 0.0 0.0 0.0 0.0 0.0 0.0 0.0 0.0 0.0 0.0 0.0 160.0 217.0 179.0 0.273923580199 0.224843684002 0.141913864723 -0.0531144540016 0.0 
0.0 0.0 0.0 0.0 0.0 0.0 0.0 0.0 0.0 0.0 0.0 0.0 141.0 233.0 207.0 0.141913864723 -0.0531144540016 0.152057219753 -0.0718714194223 0.0 
0.0 0.0 0.0 0.0 0.0 0.0 0.0 0.0 0.0 0.0 0.0 0.0 118.0 249.0 255.0 0.152057219753 -0.0718714194223 -0.0630550178683 -0.0297351082528 0.0 
0.0 0.0 0.0 0.0 0.0 0.0 0.0 0.0 0.0 0.0 0.0 0.0 115.0 255.0 255.0 -0.0630550178683 -0.0297351082528 0.310163456066 0.0634761664202 0.0 
0.0 0.0 0.0 0.0 0.0 0.0 0.0 0.0 0.0 0.0 0.0 0.0 112.0 255.0 255.0 0.310163456066 0.0634761664202 0.0302813309641 0.204472352586 0.0 
0.0 0.0 0.0 0.0 0.0 0.0 0.0 0.0 0.0 0.0 0.0 0.0 111.0 255.0 239.0 0.0302813309641 0.204472352586 -0.0879358480601 0.125978560149 0.0 
0.0 0.0 100.0 0.0 0.0 0.0 0.0 0.0 0.0 0.0 0.0 0.0 121.0 251.0 200.0 -0.0879358480601 0.125978560149 -0.00304938258703 0.206240025273 -0.0302694364546 
0.0 0.0 0.0 0.0 0.0 0.0 0.0 100.0 0.0 0.0 0.0 0.0 130.0 250.0 153.0 -0.00304938258703 0.206240025273 0.0154848466641 -0.0505500040519 0.0454015391607 
0.0 0.0 0.0 0.0 0.0 0.0 0.0 0.0 0.0 0.0 0.0 0.0 126.0 252.0 177.0 0.0154848466641 -0.0505500040519 -0.0551825940906 0.0405663153955 0.118937134695 
0.0 0.0 0.0 0.0 0.0 0.0 0.0 0.0 0.0 0.0 0.0 0.0 129.0 248.0 177.0 -0.0551825940906 0.0405663153955 0.181165406679 -0.023142551305 0.0 
0.0 0.0 0.0 0.0 0.0 0.0 0.0 0.0 0.0 0.0 0.0 0.0 122.0 251.0 209.0 0.181165406679 -0.023142551305 0.205587996984 -0.018435235015 0.0 
0.0 0.0 0.0 0.0 0.0 0.0 0.0 0.0 0.0 0.0 0.0 0.0 108.0 254.0 253.0 0.205587996984 -0.018435235015 0.222733321961 0.0571732579819 0.0 
0.0 0.0 0.0 0.0 0.0 0.0 0.0 0.0 0.0 0.0 0.0 0.0 106.0 255.0 248.0 0.222733321961 0.0571732579819 0.245249807011 0.0654149773297 0.0 
0.0 0.0 0.0 0.0 0.0 0.0 0.0 0.0 0.0 0.0 0.0 0.0 106.0 255.0 237.0 0.245249807011 0.0654149773297 0.0200351262552 0.167108515981 0.0 
0.0 0.0 100.0 0.0 0.0 100.0 0.0 0.0 0.0 0.0 100.0 0.0 107.0 255.0 218.0 0.0200351262552 0.167108515981 -0.253480384686 0.0419620186113 0.0 
0.0 0.0 0.0 0.0 0.0 0.0 0.0 0.0 0.0 0.0 0.0 0.0 118.0 250.0 201.0 -0.253480384686 0.0419620186113 0.164434698991 -0.33 0.0164881404493 
0.0 0.0 0.0 0.0 0.0 0.0 0.0 0.0 0.0 0.0 0.0 0.0 118.0 245.0 254.0 0.164434698991 -0.33 -0.292417659847 -0.00788442701573 0.0 
0.0 0.0 0.0 0.0 0.0 0.0 0.0 0.0 0.0 0.0 0.0 0.0 145.0 249.0 255.0 -0.292417659847 -0.00788442701573 0.128421004362 -0.0884892636715 0.0 
0.0 0.0 0.0 0.0 0.0 0.0 0.0 0.0 0.0 0.0 0.0 0.0 175.0 250.0 255.0 0.128421004362 -0.0884892636715 -0.301834949366 0.17038685961 0.0 
0.0 0.0 0.0 0.0 0.0 0.0 0.0 0.0 0.0 0.0 0.0 0.0 201.0 225.0 255.0 -0.301834949366 0.17038685961 -0.152915265555 0.069787036507 0.0 
0.0 0.0 0.0 0.0 0.0 0.0 0.0 0.0 0.0 0.0 0.0 0.0 216.0 171.0 247.0 -0.152915265555 0.069787036507 -0.275909066856 -0.155364168707 0.0 
0.0 0.0 0.0 0.0 0.0 0.0 0.0 0.0 0.0 0.0 0.0 0.0 231.0 197.0 255.0 -0.275909066856 -0.155364168707 0.101983627186 0.194557877327 0.0 
0.0 0.0 0.0 0.0 0.0 0.0 0.0 0.0 0.0 0.0 0.0 0.0 225.0 170.0 248.0 0.101983627186 0.194557877327 0.33 0.142583789489 0.0 
0.0 0.0 0.0 0.0 0.0 0.0 0.0 0.0 0.0 0.0 0.0 0.0 204.0 142.0 225.0 0.33 0.142583789489 -0.0277056337201 -0.034724508664 0.0 
0.0 0.0 0.0 0.0 0.0 0.0 0.0 0.0 0.0 0.0 0.0 0.0 185.0 162.0 247.0 -0.0277056337201 -0.034724508664 -0.140150919755 0.118694303665 0.0 
0.0 0.0 0.0 0.0 0.0 0.0 0.0 0.0 0.0 0.0 0.0 0.0 195.0 163.0 204.0 -0.140150919755 0.118694303665 -0.241743449438 0.277228883967 0.0 
0.0 0.0 0.0 0.0 0.0 0.0 0.0 0.0 0.0 0.0 0.0 0.0 219.0 152.0 110.0 -0.241743449438 0.277228883967 -0.0287941343957 0.33 0.0 
0.0 0.0 0.0 0.0 0.0 0.0 0.0 0.0 0.0 0.0 0.0 0.0 226.0 134.0 49.0 -0.0287941343957 0.33 -0.0172273288529 0.0268648635405 0.0 
0.0 0.0 0.0 0.0 0.0 0.0 0.0 0.0 0.0 0.0 0.0 0.0 228.0 121.0 45.0 -0.0172273288529 0.0268648635405 0.107098366319 -0.0612857429865 0.0 
0.0 0.0 0.0 0.0 0.0 0.0 0.0 0.0 0.0 0.0 0.0 0.0 230.0 117.0 57.0 0.107098366319 -0.0612857429865 0.222284349107 0.33 0.0582458437227 
0.0 0.0 0.0 0.0 0.0 0.0 0.0 0.0 0.0 0.0 0.0 0.0 214.0 133.0 40.0 0.222284349107 0.33 -0.33 0.0672810448463 0.0 
0.0 0.0 0.0 0.0 0.0 0.0 0.0 0.0 0.0 0.0 0.0 0.0 218.0 107.0 39.0 -0.33 0.0672810448463 -0.0279663731789 -0.151877977857 0.0 
0.0 0.0 0.0 0.0 0.0 0.0 0.0 0.0 0.0 0.0 0.0 0.0 236.0 83.0 62.0 -0.0279663731789 -0.151877977857 -0.0355729041032 -0.29110322592 0.163626389972 
0.0 0.0 0.0 0.0 0.0 0.0 0.0 0.0 0.0 0.0 0.0 0.0 236.0 81.0 66.0 -0.0355729041032 -0.29110322592 0.0907139663635 0.102570234921 0.0 
