nrollouts: 10
# HEADER 1
0.0 0.0 0.0 0.0 0.0 0.0 0.0 0.0 0.0 0.0 0.0 0.0 133.0 250.0 255.0 0 0 0.325013407102 -0.0571761047691 -0.00340816187538 
0.0 0.0 0.0 0.0 0.0 0.0 0.0 0.0 0.0 0.0 0.0 0.0 118.0 253.0 255.0 0.325013407102 -0.0571761047691 -0.108444191267 -0.152861829119 0.141205008367 
0.0 0.0 0.0 0.0 0.0 0.0 0.0 0.0 0.0 0.0 0.0 0.0 113.0 255.0 255.0 -0.108444191267 -0.152861829119 0.148084091223 0.0757507858013 -0.266046615538 
0.0 0.0 0.0 0.0 0.0 0.0 0.0 0.0 0.0 0.0 0.0 0.0 109.0 255.0 255.0 0.148084091223 0.0757507858013 0.137698935964 0.21464745232 0.0 
0.0 0.0 0.0 0.0 0.0 0.0 0.0 0.0 0.0 0.0 0.0 0.0 105.0 255.0 253.0 0.137698935964 0.21464745232 -0.0119517282349 0.222519379351 -0.00145046513928 
0.0 0.0 100.0 0.0 0.0 0.0 0.0 0.0 0.0 0.0 0.0 0.0 111.0 255.0 218.0 -0.0119517282349 0.222519379351 0.15409016402 0.0479071149876 0.0 
0.0 0.0 100.0 0.0 0.0 100.0 0.0 0.0 0.0 0.0 0.0 0.0 115.0 254.0 206.0 0.15409016402 0.0479071149876 0.0387174351611 0.298811194084 0.0378565986923 
0.0 0.0 100.0 0.0 0.0 100.0 0.0 100.0 0.0 0.0 0.0 0.0 123.0 253.0 161.0 0.0387174351611 0.298811194084 -0.180871563201 0.203014176318 0.0381542737149 
0.0 0.0 0.0 0.0 0.0 0.0 0.0 0.0 0.0 0.0 0.0 0.0 139.0 249.0 106.0 -0.180871563201 0.203014176318 0.0195023507915 -0.0931585046353 0.0767640629846 
0.0 0.0 0.0 0.0 0.0 0.0 0.0 0.0 0.0 0.0 0.0 0.0 139.0 250.0 127.0 0.0195023507915 -0.0931585046353 0.0843865854862 0.33 0.166493798409 
0.0 0.0 0.0 0.0 0.0 0.0 0.0 0.0 0.0 0.0 0.0 0.0 142.0 248.0 105.0 0.0843865854862 0.33 0.15407840148 0.162473660265 0.0383427563482 
0.0 0.0 0.0 0.0 0.0 0.0 100.0 0.0 0.0 0.0 0.0 0.0 144.0 251.0 62.0 0.15407840148 0.162473660265 0.0544717449196 0.127998115187 0.0464229831103 
0.0 0.0 0.0 0.0 0.0 0.0 100.0 0.0 0.0 0.0 0.0 0.0 143.0 250.0 45.0 0.0544717449196 0.127998115187 -0.0746934648342 0.00588904809967 0.142257502636 
0.0 0.0 0.0 0.0 0.0 0.0 100.0 0.0 0.0 0.0 0.0 0.0 147.0 247.0 41.0 -0.0746934648342 0.00588904809967 0.00696341474615 -0.0600425146752 0.142322606029 
0.0 0.0 0.0 0.0 0.0 0.0 0.0 0.0 0.0 0.0 0.0 0.0 149.0 251.0 50.0 0.00696341474615 -0.0600425146752 0.103165314684 0.118487666685 0.0134736578309 
0.0 0.0 0.0 0.0 0.0 0.0 100.0 0.0 0.0 0.0 0.0 0.0 150.0 247.0 48.0 0.103165314684 0.118487666685 0.120913967549 -0.126063552703 0.0 
0.0 0.0 0.0 0.0 0.0 0.0 0.0 0.0 0.0 0.0 0.0 0.0 150.0 252.0 56.0 0.120913967549 -0.126063552703 0.0487434781332 0.244971841687 0.0 
0.0 0.0 0.0 0.0 0.0 0.0 100.0 0.0 0.0 0.0 0.0 0.0 150.0 247.0 50.0 0.0487434781332 0.244971841687 -0.00922526036617 0.031411226609 -0.0134736578309 
0.0 0.0 0.0 0.0 0.0 0.0 100.0 0.0 0.0 0.0 0.0 0.0 151.0 248.0 47.0 -0.00922526036617 0.031411226609 0.078552086255 -0.025382556279 0.0134736578309 
0.0 0.0 0.0 0.0 0.0 0.0 100.0 0.0 0.0 0.0 0.0 0.0 149.0 253.0 55.0 0.078552086255 -0.025382556279 0.00769531857259 -0.0109675163677 0.0 
0.0 0.0 0.0 0.0 0.0 0.0 100.0 0.0 0.0 0.0 0.0 0.0 148.0 254.0 60.0 0.00769531857259 -0.0109675163677 -0.0526735413516 0.106952897025 -0.0134736578309 
0.0 0.0 0.0 0.0 0.0 0.0 100.0 0.0 0.0 0.0 0.0 0.0 148.0 251.0 55.0 -0.0526735413516 0.106952897025 0.0636496760603 -0.11395349305 0.0 
0.0 0.0 0.0 0.0 0.0 0.0 100.0 0.0 0.0 0.0 0.0 0.0 148.0 253.0 60.0 0.0636496760603 -0.11395349305 0.131093833129 -0.0347554401133 0.0 
0.0 0.0 0.0 0.0 0.0 0.0 0.0 0.0 0.0 0.0 0.0 0.0 148.0 253.0 62.0 0.131093833129 -0.0347554401133 -0.141559578418 0.143135110803 0.0 
0.0 0.0 0.0 0.0 0.0 0.0 0.0 0.0 0.0 0.0 0.0 0.0 147.0 253.0 69.0 -0.141559578418 0.143135110803 0.0392502161939 0.0258272828446 0.0 
0.0 0.0 0.0 0.0 0.0 0.0 0.0 0.0 0.0 0.0 0.0 0.0 148.0 252.0 66.0 0.0392502161939 0.0258272828446 0.0705170592444 -0.092419904454 0.0 
0.0 0.0 0.0 0.0 0.0 0.0 0.0 0.0 0.0 0.0 0.0 0.0 146.0 253.0 73.0 0.0705170592444 -0.092419904454 0.0537939672259 0.169043488238 0.0 
0.0 0.0 0.0 0.0 0.0 0.0 0.0 0.0 0.0 0.0 0.0 0.0 146.0 253.0 72.0 0.0537939672259 0.169043488238 -0.0682067627219 0.107467316637 0.0 
0.0 0.0 0.0 0.0 0.0 0.0 0.0 0.0 0.0 0.0 0.0 0.0 151.0 247.0 53.0 -0.0682067627219 0.107467316637 0.0888746463771 -0.0200166834418 0.0 
0.0 0.0 0.0 0.0 0.0 0.0 0.0 0.0 0.0 0.0 0.0 0.0 150.0 251.0 60.0 0.0888746463771 -0.0200166834418 0.145337993884 -0.0454694364844 0.0134736578309 
0.0 0.0 0.0 0.0 0.0 0.0 0.0 0.0 0.0 0.0 0.0 0.0 146.0 253.0 71.0 0.145337993884 -0.0454694364844 -0.0182591261418 -0.028870558764 0.0329981788262 
0.0 0.0 0.0 0.0 0.0 0.0 0.0 0.0 0.0 0.0 0.0 0.0 147.0 253.0 75.0 -0.0182591261418 -0.028870558764 -0.0167111533191 0.0961912306591 0.0 
0.0 0.0 0.0 0.0 0.0 0.0 0.0 0.0 0.0 0.0 0.0 0.0 141.0 247.0 156.0 -0.0167111533191 0.0961912306591 0.0889935586752 0.18296421492 0.0 
0.0 0.0 0.0 0.0 0.0 0.0 0.0 0.0 0.0 0.0 0.0 0.0 145.0 248.0 115.0 0.0889935586752 0.18296421492 -0.0738136840452 0.224395489283 -0.0329981788262 
0.0 0.0 0.0 0.0 0.0 0.0 0.0 0.0 0.0 0.0 0.0 0.0 147.0 250.0 67.0 -0.0738136840452 0.224395489283 -0.0974499876168 0.146465240559 0.0469903302123 
0.0 0.0 0.0 0.0 0.0 0.0 0.0 0.0 0.0 0.0 0.0 0.0 155.0 243.0 42.0 -0.0974499876168 0.146465240559 -0.0611728592709 -0.188609273648 0.182196671492 
0.0 0.0 0.0 0.0 0.0 0.0 0.0 0.0 0.0 0.0 0.0 0.0 163.0 237.0 74.0 -0.0611728592709 -0.188609273648 0.168110436469 -0.000540551749295 0.0934168574893 
0.0 0.0 0.0 0.0 0.0 0.0 0.0 0.0 0.0 0.0 0.0 0.0 150.0 247.0 109.0 0.168110436469 -0.000540551749295 0.089872355406 0.121137571197 0.0414244846489 
0.0 0.0 0.0 0.0 0.0 0.0 0.0 0.0 0.0 0.0 0.0 0.0 146.0 249.0 98.0 0.089872355406 0.121137571197 0.133235438911 -0.0516687037567 0.0 
0.0 0.0 0.0 0.0 0.0 0.0 0.0 0.0 0.0 0.0 0.0 0.0 138.0 255.0 122.0 0.133235438911 -0.0516687037567 -0.00649023970556 0.229088502488 0.0 
0.0 0.0 0.0 0.0 0.0 0.0 0.0 0.0 0.0 0.0 0.0 0.0 139.0 252.0 111.0 -0.00649023970556 0.229088502488 0.0508760239292 0.0979504650336 -0.0170683565563 
0.0 0.0 0.0 0.0 0.0 0.0 100.0 0.0 0.0 0.0 0.0 0.0 142.0 252.0 88.0 0.0508760239292 0.0979504650336 -0.0389020929718 -0.219123543434 0.0170683565563 
0.0 0.0 0.0 0.0 0.0 0.0 0.0 0.0 0.0 0.0 0.0 0.0 139.0 254.0 116.0 -0.0389020929718 -0.219123543434 0.0833551998819 0.0621818834921 0.0349424397005 
0.0 0.0 0.0 0.0 0.0 0.0 0.0 0.0 0.0 0.0 0.0 0.0 133.0 252.0 151.0 0.0833551998819 0.0621818834921 0.0177063022982 0.148326168598 0.0218257227208 
0.0 0.0 0.0 0.0 0.0 0.0 0.0 100.0 0.0 0.0 0.0 0.0 134.0 251.0 131.0 0.0177063022982 0.148326168598 0.173819135685 0.0381437583017 -0.0218257227208 
0.0 0.0 0.0 0.0 0.0 0.0 0.0 100.0 0.0 0.0 0.0 0.0 133.0 252.0 125.0 0.173819135685 0.0381437583017 0.1226256959 0.220701832295 0.0178648682213 
0.0 0.0 0.0 0.0 0.0 0.0 0.0 0.0 0.0 0.0 0.0 0.0 134.0 253.0 100.0 0.1226256959 0.220701832295 0.0033116348502 0.16776974478 0.0390785859101 
0.0 0.0 0.0 0.0 0.0 0.0 100.0 0.0 0.0 0.0 0.0 0.0 137.0 254.0 73.0 0.0033116348502 0.16776974478 -0.00601906020828 0.219714966178 0.0543129904443 
0.0 0.0 0.0 0.0 0.0 0.0 100.0 0.0 0.0 0.0 0.0 0.0 141.0 250.0 44.0 -0.00601906020828 0.219714966178 -0.0384458165905 -0.0216075576906 0.128229513432 
0.0 0.0 0.0 0.0 0.0 0.0 0.0 0.0 0.0 0.0 0.0 0.0 142.0 254.0 50.0 -0.0384458165905 -0.0216075576906 -0.0644475543311 0.0563406495364 0.123548896383 
0.0 0.0 0.0 0.0 0.0 0.0 0.0 0.0 0.0 0.0 0.0 0.0 148.0 247.0 46.0 -0.0644475543311 0.0563406495364 0.0851502155532 -0.0662975395026 0.0 
0.0 0.0 0.0 0.0 0.0 0.0 0.0 0.0 0.0 0.0 0.0 0.0 147.0 252.0 53.0 0.0851502155532 -0.0662975395026 0.200238100281 -0.11079878547 0.0445700837778 
0.0 0.0 0.0 0.0 0.0 0.0 0.0 0.0 0.0 0.0 0.0 0.0 145.0 253.0 60.0 0.200238100281 -0.11079878547 -0.0715531508576 0.242888830711 -0.0445700837778 
0.0 0.0 0.0 0.0 0.0 0.0 0.0 0.0 0.0 0.0 0.0 0.0 144.0 254.0 62.0 -0.0715531508576 0.242888830711 0.0901662513257 0.1699659648 0.00893088645198 
0.0 0.0 0.0 0.0 0.0 0.0 0.0 0.0 0.0 0.0 0.0 0.0 145.0 251.0 50.0 0.0901662513257 0.1699659648 -0.000219635831778 0.103182456161 0.0 
0.0 0.0 0.0 0.0 0.0 0.0 0.0 0.0 0.0 0.0 0.0 0.0 145.0 249.0 44.0 -0.000219635831778 0.103182456161 0.0346985923877 0.0455240683152 0.0356391973258 
0.0 0.0 0.0 0.0 0.0 0.0 0.0 0.0 0.0 0.0 0.0 0.0 144.0 248.0 43.0 0.0346985923877 0.0455240683152 0.00118496502442 0.08938983164 -0.00761876653203 
0.0 0.0 0.0 0.0 0.0 0.0 0.0 0.0 0.0 0.0 0.0 0.0 144.0 247.0 42.0 0.00118496502442 0.08938983164 -0.091661990842 0.0980874665742 0.0 
0.0 0.0 0.0 0.0 0.0 0.0 0.0 0.0 0.0 0.0 0.0 0.0 151.0 243.0 40.0 -0.091661990842 0.0980874665742 0.177701555261 -0.0519500026348 0.0 
0.0 0.0 0.0 0.0 0.0 0.0 0.0 0.0 0.0 0.0 0.0 0.0 147.0 252.0 48.0 0.177701555261 -0.0519500026348 -0.070225930333 0.0694852159756 0.0 
0.0 0.0 0.0 0.0 0.0 0.0 0.0 0.0 0.0 0.0 0.0 0.0 152.0 245.0 46.0 -0.070225930333 0.0694852159756 0.0148582854684 0.14148050266 0.00761876653203 
0.0 0.0 0.0 0.0 0.0 0.0 0.0 0.0 0.0 0.0 0.0 0.0 156.0 239.0 42.0 0.0148582854684 0.14148050266 -0.0830419157447 0.109620762742 -0.00761876653203 
0.0 0.0 0.0 0.0 0.0 0.0 0.0 0.0 0.0 0.0 0.0 0.0 157.0 236.0 40.0 -0.0830419157447 0.109620762742 0.132937825848 0.0835974990157 0.0432210326854 
0.0 0.0 0.0 0.0 0.0 0.0 0.0 0.0 0.0 0.0 0.0 0.0 158.0 235.0 40.0 0.132937825848 0.0835974990157 0.0960166765531 -0.0906631219233 -0.00628864788483 
0.0 0.0 0.0 0.0 0.0 0.0 0.0 0.0 0.0 0.0 0.0 0.0 156.0 242.0 47.0 0.0960166765531 -0.0906631219233 0.0172736638587 -0.018099861017 0.0 
0.0 0.0 0.0 0.0 0.0 0.0 0.0 0.0 0.0 0.0 0.0 0.0 154.0 247.0 49.0 0.0172736638587 -0.018099861017 -0.00052782006415 0.0406183049312 -0.011502225377 
0.0 0.0 0.0 0.0 0.0 0.0 0.0 0.0 0.0 0.0 0.0 0.0 153.0 247.0 50.0 -0.00052782006415 0.0406183049312 0.206738635327 -0.0838958459458 0.0 
0.0 0.0 0.0 0.0 0.0 0.0 0.0 0.0 0.0 0.0 0.0 0.0 149.0 254.0 53.0 0.206738635327 -0.0838958459458 -0.176178407077 0.0440773231595 0.0 
0.0 0.0 0.0 0.0 0.0 0.0 0.0 0.0 0.0 0.0 0.0 0.0 154.0 247.0 52.0 -0.176178407077 0.0440773231595 0.0719622382213 0.139780055255 0.0 
0.0 0.0 0.0 0.0 0.0 0.0 0.0 0.0 0.0 0.0 0.0 0.0 170.0 228.0 51.0 0.0719622382213 0.139780055255 0.176742778425 0.053134265622 0.0 
0.0 0.0 0.0 0.0 0.0 0.0 0.0 0.0 0.0 0.0 0.0 0.0 183.0 207.0 50.0 0.176742778425 0.053134265622 0.064595168634 -0.262813453549 0.0177908732618 
0.0 0.0 0.0 0.0 0.0 0.0 0.0 0.0 0.0 0.0 0.0 0.0 207.0 158.0 126.0 0.064595168634 -0.262813453549 0.154647791515 -0.0667378274793 -0.00628864788483 
0.0 0.0 0.0 0.0 0.0 0.0 0.0 0.0 0.0 0.0 0.0 0.0 188.0 165.0 234.0 0.154647791515 -0.0667378274793 -0.015821626729 -0.0492279161369 0.00628864788483 
0.0 0.0 0.0 0.0 0.0 0.0 0.0 0.0 0.0 0.0 0.0 0.0 184.0 201.0 254.0 -0.015821626729 -0.0492279161369 0.202857259438 -0.150315968167 0.0177591534478 
0.0 0.0 0.0 0.0 0.0 0.0 0.0 0.0 0.0 0.0 0.0 0.0 170.0 250.0 255.0 0.202857259438 -0.150315968167 0.149442754364 -0.264949585327 -0.0240478013326 
0.0 0.0 0.0 0.0 0.0 0.0 0.0 0.0 0.0 0.0 0.0 0.0 147.0 250.0 255.0 0.149442754364 -0.264949585327 0.255287041545 0.0836104509669 0.0 
0.0 0.0 0.0 0.0 0.0 0.0 0.0 0.0 0.0 0.0 0.0 0.0 119.0 251.0 255.0 0.255287041545 0.0836104509669 0.0403080837878 0.0374716017385 0.0 
# HEADER 2
0.0 0.0 0.0 0.0 0.0 0.0 0.0 0.0 0.0 0.0 0.0 0.0 133.0 247.0 255.0 0 0 0.256906942238 -0.023397754814 0.0 
0.0 0.0 0.0 0.0 0.0 0.0 0.0 0.0 0.0 0.0 0.0 0.0 134.0 250.0 255.0 0.256906942238 -0.023397754814 0.203837820938 0.152114839516 0.0240478013326 
0.0 0.0 0.0 0.0 0.0 0.0 0.0 0.0 0.0 0.0 0.0 0.0 133.0 233.0 255.0 0.203837820938 0.152114839516 0.0344685013972 -0.0648604501506 -0.0240478013326 
0.0 0.0 0.0 0.0 0.0 0.0 0.0 0.0 0.0 0.0 0.0 0.0 132.0 249.0 255.0 0.0344685013972 -0.0648604501506 0.207079663644 -0.00704824718604 0.0 
0.0 0.0 0.0 0.0 0.0 0.0 0.0 0.0 0.0 0.0 0.0 0.0 125.0 251.0 255.0 0.207079663644 -0.00704824718604 0.0310697517405 0.0436877949552 0.0 
0.0 0.0 0.0 0.0 0.0 0.0 0.0 0.0 0.0 0.0 0.0 0.0 118.0 251.0 255.0 0.0310697517405 0.0436877949552 0.119989643235 0.144338666308 0.0240478013326 
0.0 0.0 0.0 0.0 0.0 0.0 0.0 0.0 0.0 0.0 0.0 0.0 117.0 250.0 239.0 0.119989643235 0.144338666308 -0.0319560760711 0.182868951255 0.0 
0.0 0.0 100.0 0.0 0.0 0.0 0.0 0.0 0.0 0.0 0.0 0.0 119.0 252.0 201.0 -0.0319560760711 0.182868951255 -0.027181200165 0.185881867501 0.0 
0.0 0.0 100.0 0.0 0.0 0.0 0.0 100.0 0.0 0.0 0.0 0.0 128.0 250.0 157.0 -0.027181200165 0.185881867501 -0.0719506849455 0.33 0.0127652649484 
0.0 0.0 0.0 0.0 0.0 0.0 0.0 100.0 0.0 0.0 0.0 0.0 141.0 248.0 88.0 -0.0719506849455 0.33 0.272255767 0.0769722613775 0.109754942935 
0.0 0.0 0.0 0.0 0.0 0.0 100.0 0.0 0.0 0.0 0.0 0.0 141.0 251.0 68.0 0.272255767 0.0769722613775 0.0581707616864 0.00810201478133 0.185769700174 
0.0 0.0 0.0 0.0 0.0 0.0 100.0 0.0 0.0 0.0 0.0 0.0 140.0 252.0 67.0 0.0581707616864 0.00810201478133 0.0532855867941 0.275964924561 0.0622869372215 
0.0 0.0 0.0 0.0 0.0 0.0 100.0 0.0 0.0 0.0 0.0 0.0 140.0 249.0 42.0 0.0532855867941 0.275964924561 -0.0264181974264 -0.0235730790313 0.0232750061425 
0.0 0.0 0.0 0.0 0.0 0.0 100.0 0.0 0.0 0.0 0.0 0.0 143.0 252.0 46.0 -0.0264181974264 -0.0235730790313 -0.12361867102 0.0827593311709 0.0880014632459 
# HEADER 3
0.0 0.0 0.0 0.0 0.0 0.0 0.0 0.0 0.0 0.0 0.0 0.0 133.0 250.0 255.0 0 0 -0.00613183662668 0.030601967485 0.0274253547807 
0.0 0.0 0.0 0.0 0.0 0.0 0.0 0.0 0.0 0.0 0.0 0.0 132.0 248.0 255.0 -0.00613183662668 0.030601967485 0.209008970146 0.0249181968481 0.0 
0.0 0.0 0.0 0.0 0.0 0.0 0.0 0.0 0.0 0.0 0.0 0.0 132.0 231.0 253.0 0.209008970146 0.0249181968481 0.195438461113 0.0303896440745 0.0 
0.0 0.0 0.0 0.0 0.0 0.0 0.0 0.0 0.0 0.0 0.0 0.0 123.0 248.0 230.0 0.195438461113 0.0303896440745 -0.0324805900855 0.0939291782382 0.0 
0.0 0.0 0.0 0.0 0.0 0.0 0.0 0.0 0.0 0.0 0.0 0.0 129.0 247.0 194.0 -0.0324805900855 0.0939291782382 0.0717282665246 0.108929787901 0.0 
0.0 0.0 0.0 0.0 0.0 0.0 0.0 0.0 0.0 0.0 0.0 0.0 139.0 247.0 148.0 0.0717282665246 0.108929787901 -0.0653296139537 0.281230704961 0.0 
0.0 0.0 0.0 0.0 0.0 100.0 0.0 0.0 0.0 0.0 0.0 0.0 156.0 245.0 75.0 -0.0653296139537 0.281230704961 0.0298822582628 0.103786195115 0.0 
0.0 0.0 0.0 0.0 0.0 0.0 0.0 0.0 0.0 0.0 0.0 0.0 159.0 241.0 48.0 0.0298822582628 0.103786195115 -0.015112492525 0.305408401575 0.104607132826 
0.0 0.0 0.0 0.0 0.0 0.0 100.0 0.0 0.0 0.0 0.0 0.0 165.0 222.0 38.0 -0.015112492525 0.305408401575 0.170829373136 -0.24366579022 0.0756927634485 
0.0 0.0 0.0 0.0 0.0 0.0 0.0 0.0 0.0 0.0 0.0 0.0 154.0 244.0 40.0 0.170829373136 -0.24366579022 0.0124861460908 -0.0393979015554 0.13011906943 
0.0 0.0 0.0 0.0 0.0 0.0 0.0 0.0 0.0 0.0 0.0 0.0 151.0 251.0 54.0 0.0124861460908 -0.0393979015554 0.139393485147 -0.0375558261515 -0.0195230521714 
0.0 0.0 0.0 0.0 0.0 0.0 100.0 0.0 0.0 0.0 0.0 0.0 151.0 251.0 62.0 0.139393485147 -0.0375558261515 0.0136670358352 0.244067615052 0.0 
0.0 0.0 0.0 0.0 0.0 0.0 0.0 0.0 0.0 0.0 0.0 0.0 138.0 247.0 163.0 0.0136670358352 0.244067615052 0.0527955355368 0.165178959318 0.0 
0.0 0.0 0.0 0.0 0.0 0.0 0.0 0.0 0.0 0.0 0.0 0.0 145.0 247.0 114.0 0.0527955355368 0.165178959318 0.21674052778 -0.0635997171519 0.00980258938498 
0.0 0.0 0.0 0.0 0.0 0.0 0.0 0.0 0.0 0.0 0.0 0.0 137.0 252.0 139.0 0.21674052778 -0.0635997171519 0.0285508559786 0.0570480719807 0.106839113233 
0.0 0.0 0.0 0.0 0.0 0.0 0.0 0.0 0.0 0.0 0.0 0.0 133.0 251.0 147.0 0.0285508559786 0.0570480719807 -0.0694191187627 0.0234024717869 0.00836305335077 
0.0 0.0 0.0 0.0 0.0 0.0 0.0 0.0 0.0 0.0 0.0 0.0 134.0 250.0 143.0 -0.0694191187627 0.0234024717869 0.249662191562 0.212352044688 0.0 
0.0 0.0 0.0 0.0 0.0 0.0 0.0 100.0 0.0 0.0 0.0 0.0 138.0 250.0 115.0 0.249662191562 0.212352044688 0.158689446794 0.0525515645264 0.0 
0.0 0.0 0.0 0.0 0.0 0.0 100.0 0.0 0.0 0.0 0.0 0.0 139.0 251.0 102.0 0.158689446794 0.0525515645264 -0.0719396190755 -0.0462232908407 0.0380561726361 
0.0 0.0 0.0 0.0 0.0 0.0 0.0 0.0 0.0 0.0 0.0 0.0 142.0 249.0 124.0 -0.0719396190755 -0.0462232908407 0.136094726042 0.309200456766 0.0377031770164 
0.0 0.0 0.0 0.0 0.0 0.0 0.0 0.0 0.0 0.0 0.0 0.0 143.0 248.0 103.0 0.136094726042 0.309200456766 -0.0214348462502 0.0950055151904 -0.0300632761641 
0.0 0.0 0.0 0.0 0.0 0.0 0.0 0.0 0.0 0.0 0.0 0.0 147.0 247.0 72.0 -0.0214348462502 0.0950055151904 0.0731235799551 -0.0378560576017 0.0673129261207 
0.0 0.0 0.0 0.0 0.0 0.0 0.0 0.0 0.0 0.0 0.0 0.0 145.0 252.0 87.0 0.0731235799551 -0.0378560576017 0.108074111307 -0.0726929492852 0.0427480034159 
0.0 0.0 0.0 0.0 0.0 0.0 0.0 0.0 0.0 0.0 0.0 0.0 131.0 251.0 166.0 0.108074111307 -0.0726929492852 0.0339670200843 0.073588557482 0.0 
0.0 0.0 0.0 0.0 0.0 0.0 0.0 0.0 0.0 0.0 0.0 0.0 129.0 250.0 174.0 0.0339670200843 0.073588557482 0.0155659479315 0.153996571767 -0.029757656347 
0.0 0.0 0.0 0.0 0.0 0.0 0.0 100.0 0.0 0.0 0.0 0.0 133.0 251.0 147.0 0.0155659479315 0.153996571767 -0.102546022778 0.231751505626 0.029757656347 
0.0 0.0 0.0 0.0 0.0 0.0 0.0 100.0 0.0 0.0 0.0 0.0 139.0 251.0 100.0 -0.102546022778 0.231751505626 -0.0164814807438 -0.0773485785572 0.0300268122107 
0.0 0.0 0.0 0.0 0.0 0.0 0.0 0.0 0.0 0.0 0.0 0.0 137.0 254.0 119.0 -0.0164814807438 -0.0773485785572 -0.081188583203 0.0508184829124 0.0996570977344 
0.0 0.0 0.0 0.0 0.0 0.0 0.0 0.0 0.0 0.0 0.0 0.0 141.0 248.0 119.0 -0.081188583203 0.0508184829124 -0.204072422915 0.248338690079 0.0 
0.0 0.0 0.0 0.0 0.0 0.0 0.0 0.0 0.0 0.0 0.0 0.0 154.0 245.0 67.0 -0.204072422915 0.248338690079 0.190421596533 -0.000685990717678 0.0297326304453 
0.0 0.0 0.0 0.0 0.0 0.0 0.0 0.0 0.0 0.0 0.0 0.0 165.0 232.0 67.0 0.190421596533 -0.000685990717678 0.0910183435967 0.0528330855994 0.0593605664105 
0.0 0.0 0.0 0.0 0.0 0.0 0.0 0.0 0.0 0.0 0.0 0.0 163.0 236.0 59.0 0.0910183435967 0.0528330855994 0.00154912064724 -0.202301016065 0.00284317130738 
0.0 0.0 0.0 0.0 0.0 0.0 0.0 0.0 0.0 0.0 0.0 0.0 148.0 248.0 104.0 0.00154912064724 -0.202301016065 -0.00971223041101 -0.00105661235677 0.0 
0.0 0.0 0.0 0.0 0.0 0.0 0.0 0.0 0.0 0.0 0.0 0.0 144.0 243.0 157.0 -0.00971223041101 -0.00105661235677 0.23193668764 0.238512087173 0.0 
0.0 0.0 0.0 0.0 0.0 0.0 0.0 0.0 0.0 0.0 0.0 0.0 147.0 248.0 112.0 0.23193668764 0.238512087173 0.0198784661965 0.0610574285068 0.0 
0.0 0.0 0.0 0.0 0.0 0.0 0.0 0.0 0.0 0.0 0.0 0.0 149.0 247.0 89.0 0.0198784661965 0.0610574285068 0.0594971585603 0.177021409552 0.0 
0.0 0.0 0.0 0.0 0.0 0.0 100.0 0.0 0.0 0.0 0.0 0.0 151.0 247.0 55.0 0.0594971585603 0.177021409552 0.0385803691066 -0.230937841732 0.058047420793 
0.0 0.0 0.0 0.0 0.0 0.0 0.0 0.0 0.0 0.0 0.0 0.0 148.0 252.0 76.0 0.0385803691066 -0.230937841732 0.0763868432999 0.0637146592666 0.0845384978532 
0.0 0.0 0.0 0.0 0.0 0.0 0.0 0.0 0.0 0.0 0.0 0.0 145.0 251.0 89.0 0.0763868432999 0.0637146592666 0.178260719164 0.0210849240907 -0.0273588841001 
0.0 0.0 0.0 0.0 0.0 0.0 0.0 0.0 0.0 0.0 0.0 0.0 143.0 253.0 86.0 0.178260719164 0.0210849240907 0.190199552754 -0.0871875119215 -0.00119627871234 
0.0 0.0 0.0 0.0 0.0 0.0 100.0 0.0 0.0 0.0 0.0 0.0 138.0 255.0 106.0 0.190199552754 -0.0871875119215 0.0270429590947 0.0104031330166 0.0285551628124 
0.0 0.0 0.0 0.0 0.0 0.0 100.0 0.0 0.0 0.0 0.0 0.0 135.0 255.0 121.0 0.0270429590947 0.0104031330166 -0.0263163790817 0.122397605911 -0.0285551628124 
0.0 0.0 0.0 0.0 0.0 0.0 100.0 0.0 0.0 0.0 0.0 0.0 136.0 255.0 107.0 -0.0263163790817 0.122397605911 -0.0438358933034 -0.0325321538026 0.0 
0.0 0.0 0.0 0.0 0.0 0.0 0.0 0.0 0.0 0.0 0.0 0.0 138.0 253.0 114.0 -0.0438358933034 -0.0325321538026 0.104091447327 0.0390088761439 0.0277362366481 
0.0 0.0 0.0 0.0 0.0 0.0 0.0 0.0 0.0 0.0 0.0 0.0 143.0 248.0 112.0 0.104091447327 0.0390088761439 0.163821099179 0.128261050016 -0.0265399579358 
0.0 0.0 0.0 0.0 0.0 0.0 0.0 0.0 0.0 0.0 0.0 0.0 143.0 248.0 93.0 0.163821099179 0.128261050016 0.157330401171 0.00892925666211 0.0 
0.0 0.0 0.0 0.0 0.0 0.0 100.0 0.0 0.0 0.0 0.0 0.0 141.0 251.0 89.0 0.157330401171 0.00892925666211 0.12381309461 0.0687967932509 0.0555629486622 
0.0 0.0 0.0 0.0 0.0 0.0 100.0 0.0 0.0 0.0 0.0 0.0 140.0 252.0 88.0 0.12381309461 0.0687967932509 0.15100401039 0.103141610532 0.0 
0.0 0.0 0.0 0.0 0.0 0.0 100.0 0.0 0.0 0.0 0.0 0.0 140.0 252.0 77.0 0.15100401039 0.103141610532 -0.0110603883758 0.028945374078 0.0 
0.0 0.0 0.0 0.0 0.0 0.0 100.0 0.0 0.0 0.0 0.0 0.0 140.0 253.0 73.0 -0.0110603883758 0.028945374078 0.241852503077 0.106515873772 0.0277914213911 
0.0 0.0 0.0 0.0 0.0 0.0 100.0 0.0 0.0 0.0 0.0 0.0 140.0 252.0 66.0 0.241852503077 0.106515873772 -0.0574507603489 0.0359749539436 0.027773041597 
0.0 0.0 0.0 0.0 0.0 0.0 100.0 0.0 0.0 0.0 0.0 0.0 145.0 248.0 58.0 -0.0574507603489 0.0359749539436 -0.0173164730494 0.0423476222119 0.0280503708616 
0.0 0.0 0.0 0.0 0.0 0.0 0.0 0.0 0.0 0.0 0.0 0.0 151.0 247.0 53.0 -0.0173164730494 0.0423476222119 0.0837298198917 -0.0142635367343 0.0271745953491 
0.0 0.0 0.0 0.0 0.0 0.0 0.0 0.0 0.0 0.0 0.0 0.0 149.0 250.0 63.0 0.0837298198917 -0.0142635367343 0.12487912536 0.0737599702997 0.0 
0.0 0.0 0.0 0.0 0.0 0.0 0.0 0.0 0.0 0.0 0.0 0.0 147.0 250.0 60.0 0.12487912536 0.0737599702997 -0.189759014073 0.00886996927252 -0.0271745953491 
0.0 0.0 0.0 0.0 0.0 0.0 100.0 0.0 0.0 0.0 0.0 0.0 145.0 252.0 59.0 -0.189759014073 0.00886996927252 0.0216951940296 0.0580893696748 0.0283118313828 
0.0 0.0 0.0 0.0 0.0 0.0 100.0 0.0 0.0 0.0 0.0 0.0 145.0 252.0 57.0 0.0216951940296 0.0580893696748 0.0342946595705 0.00386818310359 0.0 
0.0 0.0 0.0 0.0 0.0 0.0 100.0 0.0 0.0 0.0 0.0 0.0 144.0 251.0 56.0 0.0342946595705 0.00386818310359 0.0471061372301 -0.0288316310556 -0.00113723603373 
0.0 0.0 0.0 0.0 0.0 0.0 0.0 0.0 0.0 0.0 0.0 0.0 143.0 254.0 68.0 0.0471061372301 -0.0288316310556 -0.100277051074 0.00407430047116 0.0 
0.0 0.0 0.0 0.0 0.0 0.0 0.0 0.0 0.0 0.0 0.0 0.0 142.0 254.0 71.0 -0.100277051074 0.00407430047116 0.100658019356 -0.0442777364747 -0.0271745953491 
0.0 0.0 0.0 0.0 0.0 0.0 0.0 0.0 0.0 0.0 0.0 0.0 142.0 254.0 76.0 0.100658019356 -0.0442777364747 -0.0728221597519 -0.0428369104219 0.0 
0.0 0.0 0.0 0.0 0.0 0.0 0.0 0.0 0.0 0.0 0.0 0.0 142.0 255.0 81.0 -0.0728221597519 -0.0428369104219 0.0567106647771 0.106785505483 0.0 
0.0 0.0 0.0 0.0 0.0 0.0 100.0 0.0 0.0 0.0 0.0 0.0 142.0 255.0 82.0 0.0567106647771 0.106785505483 0.0369301361588 0.0204606638634 -0.0280503708616 
0.0 0.0 0.0 0.0 0.0 0.0 100.0 0.0 0.0 0.0 0.0 0.0 142.0 255.0 79.0 0.0369301361588 0.0204606638634 0.178524208456 0.0579874503388 0.0 
0.0 0.0 0.0 0.0 0.0 0.0 100.0 0.0 0.0 0.0 0.0 0.0 142.0 253.0 71.0 0.178524208456 0.0579874503388 0.183209314372 -0.0526509615149 0.0280503708616 
0.0 0.0 0.0 0.0 0.0 0.0 100.0 0.0 0.0 0.0 0.0 0.0 139.0 255.0 82.0 0.183209314372 -0.0526509615149 0.0554381192602 -0.126821797626 0.0 
0.0 0.0 0.0 0.0 0.0 0.0 100.0 0.0 0.0 0.0 0.0 0.0 139.0 255.0 86.0 0.0554381192602 -0.126821797626 0.0881906686031 0.126682285597 -0.0280503708616 
0.0 0.0 0.0 0.0 0.0 0.0 100.0 0.0 0.0 0.0 0.0 0.0 138.0 255.0 86.0 0.0881906686031 0.126682285597 0.0529925510904 -0.0105050198576 0.0 
0.0 0.0 0.0 0.0 0.0 0.0 100.0 0.0 0.0 0.0 0.0 0.0 139.0 255.0 87.0 0.0529925510904 -0.0105050198576 0.0784722686134 -0.038699273649 0.0 
0.0 0.0 0.0 0.0 0.0 0.0 100.0 0.0 0.0 0.0 0.0 0.0 139.0 255.0 88.0 0.0784722686134 -0.038699273649 -0.0423241795245 0.141473748709 0.0 
0.0 0.0 0.0 0.0 0.0 0.0 100.0 0.0 0.0 0.0 0.0 0.0 142.0 254.0 84.0 -0.0423241795245 0.141473748709 0.126587845934 0.0299537128102 0.0 
0.0 0.0 0.0 0.0 0.0 0.0 0.0 0.0 0.0 0.0 0.0 0.0 142.0 254.0 81.0 0.126587845934 0.0299537128102 -0.0923314139638 0.0715686190886 0.0 
0.0 0.0 0.0 0.0 0.0 0.0 0.0 0.0 0.0 0.0 0.0 0.0 148.0 247.0 68.0 -0.0923314139638 0.0715686190886 -0.0111659739118 0.0482990855096 0.0280503708616 
0.0 0.0 0.0 0.0 0.0 0.0 0.0 0.0 0.0 0.0 0.0 0.0 157.0 241.0 59.0 -0.0111659739118 0.0482990855096 0.0941305199082 -0.229061871362 -0.000743813120736 
0.0 0.0 0.0 0.0 0.0 0.0 0.0 0.0 0.0 0.0 0.0 0.0 172.0 207.0 147.0 0.0941305199082 -0.229061871362 0.0160098215014 0.00649260834351 0.0 
0.0 0.0 0.0 0.0 0.0 0.0 0.0 0.0 0.0 0.0 0.0 0.0 173.0 201.0 174.0 0.0160098215014 0.00649260834351 0.138371174132 0.275479789917 -0.0276629603893 
0.0 0.0 0.0 0.0 0.0 0.0 0.0 0.0 0.0 0.0 0.0 0.0 168.0 224.0 101.0 0.138371174132 0.275479789917 0.195648758568 0.0206523770295 0.0276629603893 
0.0 0.0 0.0 0.0 0.0 0.0 0.0 0.0 0.0 0.0 0.0 0.0 153.0 247.0 72.0 0.195648758568 0.0206523770295 0.0309141169239 -0.0909781574253 0.0 
0.0 0.0 0.0 0.0 0.0 0.0 0.0 0.0 0.0 0.0 0.0 0.0 147.0 247.0 121.0 0.0309141169239 -0.0909781574253 -0.0987475770665 0.0162462427511 0.0 
0.0 0.0 0.0 0.0 0.0 0.0 0.0 0.0 0.0 0.0 0.0 0.0 151.0 237.0 140.0 -0.0987475770665 0.0162462427511 0.172786484679 0.11714154745 0.000743813120736 
0.0 0.0 0.0 0.0 0.0 0.0 0.0 0.0 0.0 0.0 0.0 0.0 148.0 247.0 103.0 0.172786484679 0.11714154745 -0.171274626861 0.143745848232 -0.000743813120736 
0.0 0.0 0.0 0.0 0.0 0.0 0.0 0.0 0.0 0.0 0.0 0.0 161.0 238.0 66.0 -0.171274626861 0.143745848232 -0.0103827015092 -0.138056463178 0.0 
0.0 0.0 0.0 0.0 0.0 0.0 0.0 0.0 0.0 0.0 0.0 0.0 178.0 203.0 133.0 -0.0103827015092 -0.138056463178 0.0193064839045 0.0825407467199 0.0560517583789 
0.0 0.0 0.0 0.0 0.0 0.0 0.0 0.0 0.0 0.0 0.0 0.0 180.0 203.0 123.0 0.0193064839045 0.0825407467199 0.175159905306 -0.0665766753837 0.0 
0.0 0.0 0.0 0.0 0.0 0.0 0.0 0.0 0.0 0.0 0.0 0.0 175.0 200.0 171.0 0.175159905306 -0.0665766753837 0.244813988551 0.14032362318 0.0 
0.0 0.0 0.0 0.0 0.0 0.0 0.0 0.0 0.0 0.0 0.0 0.0 156.0 235.0 125.0 0.244813988551 0.14032362318 -0.0185442020061 0.0531094137931 0.0 
0.0 0.0 0.0 0.0 0.0 0.0 0.0 0.0 0.0 0.0 0.0 0.0 146.0 247.0 101.0 -0.0185442020061 0.0531094137931 0.0292863323933 0.169932748465 0.0 
0.0 0.0 0.0 0.0 0.0 0.0 0.0 0.0 0.0 0.0 0.0 0.0 143.0 250.0 77.0 0.0292863323933 0.169932748465 0.204442119668 0.142436154821 0.0283058016833 
0.0 0.0 0.0 0.0 0.0 0.0 100.0 0.0 0.0 0.0 0.0 0.0 142.0 251.0 51.0 0.204442119668 0.142436154821 0.0975693036656 0.0546311745121 0.0542908082309 
0.0 0.0 0.0 0.0 0.0 0.0 100.0 0.0 0.0 0.0 0.0 0.0 141.0 251.0 48.0 0.0975693036656 0.0546311745121 -0.240355419797 -0.0833828286758 0.112469969438 
0.0 0.0 0.0 0.0 0.0 0.0 0.0 0.0 0.0 0.0 0.0 0.0 148.0 251.0 58.0 -0.240355419797 -0.0833828286758 0.075625000491 -0.197832585457 0.0 
0.0 0.0 0.0 0.0 0.0 0.0 0.0 0.0 0.0 0.0 0.0 0.0 151.0 218.0 209.0 0.075625000491 -0.197832585457 0.279410172617 -0.0232957241572 -0.0280217938329 
0.0 0.0 0.0 0.0 0.0 0.0 0.0 0.0 0.0 0.0 0.0 0.0 171.0 203.0 254.0 0.279410172617 -0.0232957241572 0.214925404546 -0.247171897169 0.0 
0.0 0.0 0.0 0.0 0.0 0.0 0.0 0.0 0.0 0.0 0.0 0.0 162.0 249.0 255.0 0.214925404546 -0.247171897169 0.0717513110674 0.133224271036 -0.00369978201553 
0.0 0.0 0.0 0.0 0.0 0.0 0.0 0.0 0.0 100.0 0.0 0.0 134.0 249.0 255.0 0.0717513110674 0.133224271036 0.322734563214 0.214546885147 0.0 
0.0 0.0 0.0 0.0 0.0 0.0 0.0 0.0 0.0 0.0 0.0 0.0 120.0 249.0 227.0 0.322734563214 0.214546885147 -0.128843408996 0.0596480272629 0.0 
0.0 0.0 0.0 0.0 0.0 0.0 0.0 0.0 0.0 100.0 0.0 0.0 129.0 247.0 188.0 -0.128843408996 0.0596480272629 0.0164285841408 0.113787101643 0.0317215758485 
0.0 0.0 0.0 0.0 0.0 100.0 0.0 0.0 0.0 100.0 0.0 0.0 137.0 247.0 146.0 0.0164285841408 0.113787101643 0.0765783533985 0.278884416364 -0.0317215758485 
0.0 0.0 0.0 0.0 0.0 0.0 0.0 100.0 0.0 0.0 0.0 0.0 144.0 249.0 87.0 0.0765783533985 0.278884416364 0.185648989123 0.048462399587 0.0276656523129 
0.0 0.0 0.0 0.0 0.0 0.0 0.0 0.0 0.0 0.0 0.0 0.0 146.0 250.0 66.0 0.185648989123 0.048462399587 -0.0171268949697 -0.0146361628094 0.18023740014 
0.0 0.0 0.0 0.0 0.0 0.0 0.0 0.0 0.0 0.0 0.0 0.0 146.0 251.0 76.0 -0.0171268949697 -0.0146361628094 0.0140877599579 0.140262829271 0.0600722071628 
0.0 0.0 0.0 0.0 0.0 0.0 0.0 0.0 0.0 0.0 0.0 0.0 151.0 247.0 60.0 0.0140877599579 0.140262829271 0.0872263065368 0.0573360157538 -0.0266213336183 
0.0 0.0 0.0 0.0 0.0 0.0 0.0 0.0 0.0 0.0 0.0 0.0 154.0 244.0 49.0 0.0872263065368 0.0573360157538 0.139036972 -0.0560560063895 0.0266213336183 
0.0 0.0 0.0 0.0 0.0 0.0 0.0 0.0 0.0 0.0 0.0 0.0 150.0 252.0 60.0 0.139036972 -0.0560560063895 0.0684344304453 0.0930800106296 0.0670549870006 
0.0 0.0 0.0 0.0 0.0 0.0 0.0 0.0 0.0 0.0 0.0 0.0 147.0 252.0 58.0 0.0684344304453 0.0930800106296 0.125181224078 0.0319407614979 -0.0599753609966 
0.0 0.0 0.0 0.0 0.0 0.0 0.0 0.0 0.0 0.0 0.0 0.0 146.0 252.0 55.0 0.125181224078 0.0319407614979 0.0254494274744 0.0217694685804 0.0338766194145 
0.0 0.0 0.0 0.0 0.0 0.0 0.0 0.0 0.0 0.0 0.0 0.0 145.0 253.0 55.0 0.0254494274744 0.0217694685804 0.00797427869882 0.110750641979 0.0260987415821 
0.0 0.0 0.0 0.0 0.0 0.0 100.0 0.0 0.0 0.0 0.0 0.0 144.0 250.0 47.0 0.00797427869882 0.110750641979 0.00160564030524 -0.0107816970887 0.0 
0.0 0.0 0.0 0.0 0.0 0.0 0.0 0.0 0.0 0.0 0.0 0.0 144.0 255.0 52.0 0.00160564030524 -0.0107816970887 -0.12990088126 -0.119827602958 0.0336221987851 
0.0 0.0 0.0 0.0 0.0 0.0 0.0 0.0 0.0 0.0 0.0 0.0 143.0 255.0 62.0 -0.12990088126 -0.119827602958 0.00308316969061 -0.0995865426525 -0.0257454708342 
0.0 0.0 0.0 0.0 0.0 0.0 0.0 0.0 0.0 0.0 0.0 0.0 143.0 255.0 64.0 0.00308316969061 -0.0995865426525 0.0100887309876 0.265512234262 -0.0263156251073 
0.0 0.0 0.0 0.0 0.0 0.0 0.0 0.0 0.0 0.0 0.0 0.0 143.0 255.0 66.0 0.0100887309876 0.265512234262 0.0465876058376 0.0208635395761 -0.00765984442568 
0.0 0.0 0.0 0.0 0.0 0.0 0.0 0.0 0.0 0.0 0.0 0.0 143.0 255.0 63.0 0.0465876058376 0.0208635395761 -0.0805830129938 0.167407471318 0.0 
0.0 0.0 0.0 0.0 0.0 0.0 0.0 0.0 0.0 0.0 0.0 0.0 150.0 247.0 50.0 -0.0805830129938 0.167407471318 0.167299372301 0.073252306459 0.0 
0.0 0.0 0.0 0.0 0.0 0.0 0.0 0.0 0.0 0.0 0.0 0.0 163.0 232.0 46.0 0.167299372301 0.073252306459 -0.0589414576582 0.0966308674568 0.0260987415821 
0.0 0.0 0.0 0.0 0.0 0.0 0.0 0.0 0.0 0.0 0.0 0.0 177.0 210.0 43.0 -0.0589414576582 0.0966308674568 -0.00245075842254 0.119776457911 0.0418728803421 
0.0 0.0 0.0 0.0 0.0 0.0 0.0 0.0 0.0 0.0 0.0 0.0 192.0 181.0 41.0 -0.00245075842254 0.119776457911 0.132964211837 -0.0946309900483 0.0677413383951 
0.0 0.0 0.0 0.0 0.0 0.0 0.0 0.0 0.0 0.0 0.0 0.0 190.0 186.0 45.0 0.132964211837 -0.0946309900483 -0.275638976965 -0.104691373695 0.163507122623 
0.0 0.0 0.0 0.0 0.0 0.0 0.0 0.0 0.0 0.0 0.0 0.0 181.0 200.0 42.0 -0.275638976965 -0.104691373695 0.161242044115 -0.0193415911808 -0.0331962118516 
0.0 0.0 0.0 0.0 0.0 0.0 0.0 0.0 0.0 0.0 0.0 0.0 173.0 211.0 39.0 0.161242044115 -0.0193415911808 0.110544076833 -0.0605874501617 -0.0234134020477 
0.0 0.0 0.0 0.0 0.0 0.0 0.0 0.0 0.0 0.0 0.0 0.0 166.0 219.0 38.0 0.110544076833 -0.0605874501617 -0.109318803609 -0.225015048544 0.0 
0.0 0.0 0.0 0.0 0.0 0.0 0.0 0.0 0.0 0.0 0.0 0.0 175.0 210.0 39.0 -0.109318803609 -0.225015048544 0.190012832415 -0.243698225488 0.0104899911065 
0.0 0.0 0.0 0.0 0.0 0.0 0.0 0.0 0.0 0.0 0.0 0.0 171.0 214.0 39.0 0.190012832415 -0.243698225488 -0.234896031751 0.049653536271 -0.0104899911065 
0.0 0.0 0.0 0.0 0.0 0.0 0.0 0.0 0.0 0.0 0.0 0.0 184.0 197.0 46.0 -0.234896031751 0.049653536271 0.0969023633912 -0.154654902169 0.0 
0.0 0.0 0.0 0.0 0.0 0.0 0.0 0.0 0.0 0.0 0.0 0.0 208.0 164.0 72.0 0.0969023633912 -0.154654902169 -0.111918161437 -0.0313433089649 0.0 
0.0 0.0 0.0 0.0 0.0 0.0 0.0 0.0 0.0 0.0 0.0 0.0 227.0 126.0 118.0 -0.111918161437 -0.0313433089649 -0.0146219534815 0.183909135196 -0.0102902762747 
0.0 0.0 0.0 0.0 0.0 0.0 0.0 0.0 0.0 0.0 0.0 0.0 233.0 120.0 135.0 -0.0146219534815 0.183909135196 -0.00162698386307 0.0508441848223 -0.010094093144 
0.0 0.0 0.0 0.0 0.0 0.0 0.0 0.0 0.0 0.0 0.0 0.0 235.0 118.0 143.0 -0.00162698386307 0.0508441848223 -0.13543868101 -0.123556592086 0.0 
0.0 0.0 0.0 0.0 0.0 0.0 0.0 0.0 0.0 0.0 0.0 0.0 232.0 171.0 248.0 -0.13543868101 -0.123556592086 0.195541197309 -0.145629683807 0.0 
0.0 0.0 0.0 0.0 0.0 0.0 0.0 0.0 0.0 0.0 0.0 0.0 236.0 231.0 255.0 0.195541197309 -0.145629683807 0.185071849244 0.0605537382692 0.010094093144 
0.0 0.0 0.0 0.0 0.0 0.0 0.0 0.0 0.0 0.0 0.0 0.0 229.0 212.0 254.0 0.185071849244 0.0605537382692 0.104252685689 -0.309736254228 0.0 
0.0 0.0 0.0 0.0 0.0 0.0 0.0 0.0 0.0 0.0 0.0 0.0 216.0 247.0 255.0 0.104252685689 -0.309736254228 0.33 0.0311717702587 -0.010094093144 
0.0 0.0 0.0 0.0 0.0 0.0 0.0 0.0 0.0 0.0 0.0 0.0 196.0 242.0 255.0 0.33 0.0311717702587 0.0755544024908 -0.127085882509 0.010094093144 
0.0 0.0 0.0 0.0 0.0 0.0 0.0 0.0 0.0 0.0 0.0 0.0 179.0 250.0 255.0 0.0755544024908 -0.127085882509 0.107895699672 0.0738270118747 -0.010094093144 
# HEADER 4
0.0 0.0 0.0 0.0 0.0 0.0 0.0 0.0 0.0 0.0 0.0 0.0 133.0 247.0 255.0 0 0 0.285323763148 0.0978753872643 0.010094093144 
0.0 0.0 0.0 0.0 0.0 0.0 0.0 0.0 0.0 0.0 0.0 0.0 133.0 229.0 246.0 0.285323763148 0.0978753872643 0.157486577375 0.0455282616191 -0.010094093144 
0.0 0.0 0.0 0.0 0.0 0.0 0.0 0.0 0.0 0.0 0.0 0.0 126.0 247.0 206.0 0.157486577375 0.0455282616191 -0.0311570632135 0.28758519889 0.010094093144 
0.0 0.0 0.0 0.0 0.0 0.0 0.0 100.0 0.0 0.0 0.0 0.0 131.0 248.0 154.0 -0.0311570632135 0.28758519889 -0.0426554075182 0.127989357003 0.0233630153315 
0.0 0.0 0.0 0.0 0.0 0.0 0.0 100.0 0.0 0.0 0.0 0.0 134.0 251.0 114.0 -0.0426554075182 0.127989357003 -0.0327403179182 0.00145875764236 0.0981928259659 
0.0 0.0 0.0 0.0 0.0 0.0 0.0 0.0 0.0 0.0 0.0 0.0 134.0 253.0 108.0 -0.0327403179182 0.00145875764236 0.0310741981974 0.238799118002 0.110962694786 
0.0 0.0 0.0 0.0 0.0 0.0 100.0 0.0 0.0 0.0 0.0 0.0 136.0 253.0 73.0 0.0310741981974 0.238799118002 0.14627396116 0.101263152643 0.0121990350258 
0.0 0.0 0.0 0.0 0.0 0.0 100.0 0.0 0.0 0.0 0.0 0.0 137.0 253.0 50.0 0.14627396116 0.101263152643 -0.0149166018244 0.0646786675925 0.150763926064 
0.0 0.0 0.0 0.0 0.0 0.0 100.0 0.0 0.0 0.0 0.0 0.0 137.0 252.0 47.0 -0.0149166018244 0.0646786675925 0.136353706505 -0.134520305153 0.109653957637 
0.0 0.0 0.0 0.0 0.0 0.0 100.0 0.0 0.0 0.0 0.0 0.0 136.0 255.0 61.0 0.136353706505 -0.134520305153 -0.0906798736854 0.0339899493091 0.0138707535368 
0.0 0.0 0.0 0.0 0.0 0.0 100.0 0.0 0.0 0.0 0.0 0.0 142.0 252.0 57.0 -0.0906798736854 0.0339899493091 0.0835217335578 -0.101799529771 -0.041516698272 
0.0 0.0 0.0 0.0 0.0 0.0 100.0 0.0 0.0 0.0 0.0 0.0 143.0 254.0 61.0 0.0835217335578 -0.101799529771 0.0150831245988 0.161851510936 0.0 
0.0 0.0 0.0 0.0 0.0 0.0 100.0 0.0 0.0 0.0 0.0 0.0 142.0 255.0 61.0 0.0150831245988 0.161851510936 -0.25651159919 -0.0307807334459 -0.0139723204597 
0.0 0.0 0.0 0.0 0.0 0.0 0.0 0.0 0.0 0.0 0.0 0.0 150.0 248.0 68.0 -0.25651159919 -0.0307807334459 0.0190211025188 0.0663574194931 0.0 
0.0 0.0 0.0 0.0 0.0 0.0 0.0 0.0 0.0 0.0 0.0 0.0 152.0 247.0 81.0 0.0190211025188 0.0663574194931 -0.135562752931 0.0143664224255 -0.0290841868975 
0.0 0.0 0.0 0.0 0.0 0.0 0.0 0.0 0.0 0.0 0.0 0.0 151.0 247.0 76.0 -0.135562752931 0.0143664224255 0.089327112361 0.0340125677571 0.0290841868975 
0.0 0.0 0.0 0.0 0.0 0.0 0.0 0.0 0.0 0.0 0.0 0.0 151.0 247.0 72.0 0.089327112361 0.0340125677571 -0.00653936133974 0.114078092103 0.0 
0.0 0.0 0.0 0.0 0.0 0.0 0.0 0.0 0.0 0.0 0.0 0.0 153.0 247.0 51.0 -0.00653936133974 0.114078092103 0.0527797841744 0.0862552171317 0.0416182651949 
0.0 0.0 0.0 0.0 0.0 0.0 0.0 0.0 0.0 0.0 0.0 0.0 154.0 245.0 45.0 0.0527797841744 0.0862552171317 -0.0256952536726 -0.0272136795758 0.0560280090808 
0.0 0.0 0.0 0.0 0.0 0.0 0.0 0.0 0.0 0.0 0.0 0.0 157.0 245.0 55.0 -0.0256952536726 -0.0272136795758 -0.0379414641732 0.0780191608178 0.0285111145595 
0.0 0.0 0.0 0.0 0.0 0.0 0.0 0.0 0.0 0.0 0.0 0.0 165.0 234.0 54.0 -0.0379414641732 0.0780191608178 0.0153295645892 0.0135929767227 -0.0261387494688 
0.0 0.0 0.0 0.0 0.0 0.0 0.0 0.0 0.0 0.0 0.0 0.0 166.0 233.0 52.0 0.0153295645892 0.0135929767227 0.0982555779063 0.00558689726798 0.0261387494688 
0.0 0.0 0.0 0.0 0.0 0.0 0.0 0.0 0.0 0.0 0.0 0.0 160.0 239.0 49.0 0.0982555779063 0.00558689726798 0.234694724548 0.0963587983008 0.0 
0.0 0.0 0.0 0.0 0.0 0.0 0.0 0.0 0.0 0.0 0.0 0.0 150.0 247.0 43.0 0.234694724548 0.0963587983008 -0.111253383308 -0.0623641977649 0.0143620913142 
0.0 0.0 0.0 0.0 0.0 0.0 0.0 0.0 0.0 0.0 0.0 0.0 154.0 247.0 55.0 -0.111253383308 -0.0623641977649 0.0274271421374 -0.113274931135 0.0 
0.0 0.0 0.0 0.0 0.0 0.0 0.0 0.0 0.0 0.0 0.0 0.0 146.0 236.0 167.0 0.0274271421374 -0.113274931135 -0.231147431917 0.1846112817 -0.0258364927125 
0.0 0.0 0.0 0.0 0.0 0.0 0.0 0.0 0.0 100.0 0.0 0.0 156.0 231.0 143.0 -0.231147431917 0.1846112817 -0.0194023186993 0.267491960874 0.0 
0.0 0.0 0.0 0.0 0.0 0.0 0.0 0.0 0.0 0.0 0.0 0.0 179.0 214.0 71.0 -0.0194023186993 0.267491960874 0.231594976589 -0.196606925293 0.0402623803989 
0.0 0.0 0.0 0.0 0.0 0.0 0.0 0.0 0.0 0.0 0.0 0.0 205.0 164.0 150.0 0.231594976589 -0.196606925293 0.100518811849 -0.244385980766 -0.0144258876864 
0.0 0.0 0.0 0.0 0.0 0.0 0.0 0.0 0.0 0.0 0.0 0.0 192.0 182.0 250.0 0.100518811849 -0.244385980766 0.166618721718 -0.0114508006858 -0.0110940933573 
0.0 0.0 0.0 0.0 0.0 0.0 0.0 0.0 0.0 0.0 0.0 0.0 173.0 225.0 255.0 0.166618721718 -0.0114508006858 0.0266409806873 -0.104422647268 -0.0147423993551 
0.0 0.0 0.0 0.0 0.0 0.0 0.0 0.0 0.0 0.0 0.0 0.0 163.0 249.0 255.0 0.0266409806873 -0.104422647268 0.154294134731 0.23324905884 0.0 
0.0 0.0 0.0 0.0 0.0 0.0 0.0 0.0 0.0 0.0 0.0 0.0 154.0 235.0 255.0 0.154294134731 0.23324905884 0.137139319781 -0.14227395931 0.0 
0.0 0.0 0.0 0.0 0.0 0.0 0.0 0.0 0.0 0.0 0.0 0.0 148.0 250.0 255.0 0.137139319781 -0.14227395931 0.0431532679473 -0.100930504017 0.0 
0.0 0.0 0.0 0.0 0.0 0.0 0.0 0.0 0.0 0.0 0.0 0.0 138.0 250.0 255.0 0.0431532679473 -0.100930504017 0.0796700253924 0.0389820172445 0.0 
0.0 0.0 0.0 0.0 0.0 0.0 0.0 0.0 0.0 0.0 0.0 0.0 128.0 250.0 255.0 0.0796700253924 0.0389820172445 -0.00103645929143 -0.0727647898377 0.0 
0.0 0.0 0.0 0.0 0.0 0.0 0.0 0.0 0.0 0.0 0.0 0.0 126.0 251.0 255.0 -0.00103645929143 -0.0727647898377 0.0546028953916 0.0832033038024 0.0 
0.0 0.0 0.0 0.0 0.0 0.0 0.0 0.0 0.0 0.0 0.0 0.0 118.0 251.0 255.0 0.0546028953916 0.0832033038024 0.0474429092314 0.0287044583511 0.0 
0.0 0.0 0.0 0.0 0.0 0.0 0.0 0.0 0.0 0.0 0.0 0.0 116.0 250.0 253.0 0.0474429092314 0.0287044583511 0.112409399291 0.229136187419 0.0 
0.0 0.0 0.0 0.0 0.0 100.0 0.0 0.0 0.0 0.0 0.0 0.0 119.0 251.0 217.0 0.112409399291 0.229136187419 0.0404134807978 0.140564967883 0.0402623803989 
0.0 0.0 100.0 0.0 0.0 100.0 0.0 0.0 0.0 0.0 0.0 0.0 121.0 252.0 183.0 0.0404134807978 0.140564967883 0.178552618559 0.33 0.0 
0.0 0.0 0.0 0.0 0.0 100.0 0.0 100.0 0.0 0.0 0.0 0.0 125.0 253.0 135.0 0.178552618559 0.33 0.0353211817412 0.276402472171 0.0728850950927 
0.0 0.0 0.0 0.0 0.0 0.0 100.0 0.0 0.0 0.0 0.0 0.0 130.0 254.0 89.0 0.0353211817412 0.276402472171 -0.0753849520862 0.151212367223 0.161705907876 
0.0 0.0 0.0 0.0 0.0 0.0 100.0 0.0 0.0 0.0 0.0 0.0 140.0 250.0 50.0 -0.0753849520862 0.151212367223 -0.200640284524 0.33 0.173675009189 
0.0 0.0 0.0 0.0 0.0 0.0 0.0 0.0 0.0 0.0 0.0 0.0 163.0 217.0 37.0 -0.200640284524 0.33 0.059229154633 -0.079566963821 0.193317825869 
0.0 0.0 0.0 0.0 0.0 0.0 0.0 0.0 0.0 0.0 0.0 0.0 165.0 217.0 39.0 0.059229154633 -0.079566963821 -0.142938748945 -0.152290961493 0.143794339113 
0.0 0.0 0.0 0.0 0.0 0.0 0.0 0.0 0.0 0.0 0.0 0.0 160.0 226.0 39.0 -0.142938748945 -0.152290961493 -0.00627206634607 -0.00380617394698 0.11014015356 
0.0 0.0 0.0 0.0 0.0 0.0 0.0 0.0 0.0 0.0 0.0 0.0 156.0 231.0 39.0 -0.00627206634607 -0.00380617394698 0.0949404188484 0.0294805255046 -0.0130960417917 
0.0 0.0 0.0 0.0 0.0 0.0 0.0 0.0 0.0 0.0 0.0 0.0 150.0 240.0 39.0 0.0949404188484 0.0294805255046 0.016101521695 0.154382652053 0.0 
0.0 0.0 0.0 0.0 0.0 0.0 0.0 0.0 0.0 0.0 0.0 0.0 148.0 241.0 38.0 0.016101521695 0.154382652053 -0.0869671204007 -0.0348060515105 0.0 
0.0 0.0 0.0 0.0 0.0 0.0 0.0 0.0 0.0 0.0 0.0 0.0 158.0 232.0 39.0 -0.0869671204007 -0.0348060515105 0.158982949262 -0.225697081221 0.0 
0.0 0.0 0.0 0.0 0.0 0.0 0.0 0.0 0.0 0.0 0.0 0.0 154.0 236.0 40.0 0.158982949262 -0.225697081221 0.0184844560718 0.113386541358 -0.0133939665439 
0.0 0.0 0.0 0.0 0.0 0.0 0.0 0.0 0.0 0.0 0.0 0.0 151.0 240.0 39.0 0.0184844560718 0.113386541358 0.0236132092474 -0.0350465187944 -0.00274171458447 
0.0 0.0 0.0 0.0 0.0 0.0 0.0 0.0 0.0 0.0 0.0 0.0 151.0 240.0 39.0 0.0236132092474 -0.0350465187944 -0.0119201328037 0.00471398955951 0.0161356811284 
0.0 0.0 0.0 0.0 0.0 0.0 0.0 0.0 0.0 0.0 0.0 0.0 153.0 239.0 39.0 -0.0119201328037 0.00471398955951 -0.176514085973 -0.0725335255548 0.0 
0.0 0.0 0.0 0.0 0.0 0.0 0.0 0.0 0.0 0.0 0.0 0.0 157.0 236.0 39.0 -0.176514085973 -0.0725335255548 0.156202424194 -0.0444984830746 -0.0161356811284 
0.0 0.0 0.0 0.0 0.0 0.0 0.0 0.0 0.0 0.0 0.0 0.0 161.0 232.0 39.0 0.156202424194 -0.0444984830746 0.131407260601 -0.0516963247158 0.00274171458447 
0.0 0.0 0.0 0.0 0.0 0.0 0.0 0.0 0.0 0.0 0.0 0.0 156.0 237.0 39.0 0.131407260601 -0.0516963247158 0.0866122443196 -0.197751548479 -0.0158945314835 
0.0 0.0 0.0 0.0 0.0 0.0 0.0 0.0 0.0 0.0 0.0 0.0 149.0 246.0 38.0 0.0866122443196 -0.197751548479 0.126789821992 0.143272772614 0.0158945314835 
0.0 0.0 0.0 0.0 0.0 0.0 0.0 0.0 0.0 0.0 0.0 0.0 146.0 251.0 38.0 0.126789821992 0.143272772614 -0.0138101803254 0.0866921798863 0.0133939665439 
0.0 0.0 0.0 0.0 0.0 0.0 0.0 0.0 0.0 0.0 0.0 0.0 144.0 254.0 38.0 -0.0138101803254 0.0866921798863 -0.210379792116 0.073083669309 0.0 
0.0 0.0 0.0 0.0 0.0 0.0 0.0 0.0 0.0 0.0 0.0 0.0 144.0 255.0 38.0 -0.210379792116 0.073083669309 0.0432963130241 0.166307076928 0.0 
0.0 0.0 0.0 0.0 0.0 0.0 0.0 0.0 0.0 0.0 0.0 0.0 144.0 248.0 38.0 0.0432963130241 0.166307076928 0.0353236735796 -0.0969908464858 0.0 
0.0 0.0 0.0 0.0 0.0 0.0 0.0 0.0 0.0 0.0 0.0 0.0 144.0 255.0 37.0 0.0353236735796 -0.0969908464858 -0.0369147254993 -0.00857533651086 0.0 
0.0 0.0 0.0 0.0 0.0 0.0 0.0 0.0 0.0 0.0 0.0 0.0 148.0 248.0 37.0 -0.0369147254993 -0.00857533651086 0.0263566926117 0.0181953878169 0.0 
0.0 0.0 0.0 0.0 0.0 0.0 0.0 0.0 0.0 0.0 0.0 0.0 150.0 247.0 38.0 0.0263566926117 0.0181953878169 0.114222095014 -0.172912100898 -0.0133939665439 
# HEADER 5
0.0 0.0 0.0 0.0 0.0 0.0 0.0 0.0 0.0 100.0 0.0 0.0 132.0 249.0 255.0 0 0 0.238745016733 0.0565195303692 -0.0709483015593 
0.0 0.0 0.0 0.0 0.0 0.0 0.0 0.0 0.0 0.0 0.0 0.0 117.0 249.0 250.0 0.238745016733 0.0565195303692 0.110470400006 0.0878071073301 0.0 
0.0 0.0 0.0 0.0 0.0 0.0 0.0 0.0 0.0 0.0 0.0 0.0 119.0 251.0 223.0 0.110470400006 0.0878071073301 -0.0506333584182 0.246220270147 0.0550537700758 
0.0 0.0 0.0 0.0 0.0 0.0 0.0 0.0 0.0 0.0 0.0 0.0 130.0 249.0 164.0 -0.0506333584182 0.246220270147 0.0710091943645 0.309984232646 0.013152816899 
0.0 0.0 0.0 0.0 0.0 0.0 0.0 0.0 0.0 0.0 0.0 0.0 146.0 248.0 82.0 0.0710091943645 0.309984232646 0.0333852728138 0.116174431969 0.0968204606171 
0.0 0.0 0.0 0.0 0.0 0.0 0.0 0.0 0.0 0.0 0.0 0.0 157.0 240.0 48.0 0.0333852728138 0.116174431969 0.049644406175 0.0204563098226 0.205696393325 
0.0 0.0 0.0 0.0 0.0 0.0 0.0 0.0 0.0 0.0 0.0 0.0 158.0 238.0 46.0 0.049644406175 0.0204563098226 -0.0533765923411 -0.132656205634 0.148819354045 
0.0 0.0 0.0 0.0 0.0 0.0 0.0 0.0 0.0 0.0 0.0 0.0 160.0 236.0 79.0 -0.0533765923411 -0.132656205634 0.0895806976758 0.0813448008728 0.0292141326166 
0.0 0.0 0.0 0.0 0.0 0.0 0.0 0.0 0.0 0.0 0.0 0.0 154.0 243.0 83.0 0.0895806976758 0.0813448008728 0.0511036166477 0.0405573748703 -0.00712677776387 
0.0 0.0 0.0 0.0 0.0 0.0 0.0 0.0 0.0 0.0 0.0 0.0 150.0 248.0 70.0 0.0511036166477 0.0405573748703 0.00308222144518 0.0329134995817 0.0 
# HEADER 6
0.0 0.0 0.0 0.0 0.0 0.0 0.0 0.0 0.0 0.0 0.0 0.0 133.0 250.0 255.0 0 0 0.0702084809758 -0.156603904363 0.0370153873568 
0.0 0.0 0.0 0.0 0.0 0.0 0.0 0.0 0.0 0.0 0.0 0.0 133.0 250.0 255.0 0.0702084809758 -0.156603904363 -0.108626071068 0.0595272556443 0.0 
0.0 0.0 0.0 0.0 0.0 0.0 0.0 0.0 0.0 0.0 0.0 0.0 133.0 250.0 255.0 -0.108626071068 0.0595272556443 -0.049447259423 0.0825377196357 0.0 
0.0 0.0 0.0 0.0 0.0 0.0 0.0 0.0 0.0 0.0 0.0 0.0 135.0 228.0 251.0 -0.049447259423 0.0825377196357 0.0213402309519 0.126669385694 0.0 
0.0 0.0 0.0 0.0 0.0 0.0 0.0 0.0 0.0 0.0 0.0 0.0 141.0 235.0 200.0 0.0213402309519 0.126669385694 0.1322412484 0.0673096764211 0.0 
0.0 0.0 0.0 0.0 0.0 0.0 0.0 0.0 0.0 0.0 0.0 0.0 142.0 245.0 156.0 0.1322412484 0.0673096764211 0.247690550827 0.163478501835 0.0 
0.0 0.0 0.0 0.0 0.0 0.0 0.0 0.0 0.0 0.0 0.0 0.0 147.0 248.0 105.0 0.247690550827 0.163478501835 0.16345128915 0.198064149827 0.0 
0.0 0.0 0.0 0.0 0.0 0.0 0.0 0.0 0.0 0.0 0.0 0.0 151.0 248.0 55.0 0.16345128915 0.198064149827 0.0238698090239 -0.0985364182269 0.112178372431 
0.0 0.0 0.0 0.0 0.0 0.0 100.0 0.0 0.0 0.0 0.0 0.0 146.0 255.0 68.0 0.0238698090239 -0.0985364182269 0.112839375292 0.139932080614 0.182034807402 
0.0 0.0 0.0 0.0 0.0 0.0 100.0 0.0 0.0 0.0 0.0 0.0 145.0 254.0 63.0 0.112839375292 0.139932080614 0.0203462985848 0.0767580950604 0.0733953729715 
0.0 0.0 0.0 0.0 0.0 0.0 100.0 0.0 0.0 0.0 0.0 0.0 145.0 252.0 53.0 0.0203462985848 0.0767580950604 0.0430964913583 0.152627977182 -0.0364132191784 
0.0 0.0 0.0 0.0 0.0 0.0 100.0 0.0 0.0 0.0 0.0 0.0 145.0 248.0 41.0 0.0430964913583 0.152627977182 0.0274661735263 0.0436685739074 0.0 
0.0 0.0 0.0 0.0 0.0 0.0 100.0 0.0 0.0 0.0 0.0 0.0 145.0 247.0 40.0 0.0274661735263 0.0436685739074 -0.0290704383377 0.0651881132399 0.0733281657376 
0.0 0.0 0.0 0.0 0.0 0.0 100.0 0.0 0.0 0.0 0.0 0.0 145.0 248.0 40.0 -0.0290704383377 0.0651881132399 0.0551829280949 0.101153450684 -0.000711341331559 
0.0 0.0 0.0 0.0 0.0 0.0 100.0 0.0 0.0 0.0 0.0 0.0 145.0 247.0 40.0 0.0551829280949 0.101153450684 -0.089215518122 -0.0529628130345 0.0 
0.0 0.0 0.0 0.0 0.0 0.0 100.0 0.0 0.0 0.0 0.0 0.0 150.0 249.0 47.0 -0.089215518122 -0.0529628130345 0.0391792677937 -0.00721717224912 0.0 
0.0 0.0 0.0 0.0 0.0 0.0 0.0 0.0 0.0 0.0 0.0 0.0 151.0 251.0 52.0 0.0391792677937 -0.00721717224912 -0.039181245849 -0.0465980088266 0.0381667911824 
0.0 0.0 0.0 0.0 0.0 0.0 0.0 0.0 0.0 0.0 0.0 0.0 146.0 243.0 154.0 -0.039181245849 -0.0465980088266 0.0448717981557 0.308902399016 -0.0374554498508 
0.0 0.0 0.0 0.0 0.0 0.0 0.0 0.0 0.0 0.0 0.0 0.0 155.0 240.0 114.0 0.0448717981557 0.308902399016 -0.0041770528254 0.138413243715 0.0389059149901 
0.0 0.0 0.0 0.0 0.0 0.0 0.0 0.0 0.0 0.0 0.0 0.0 162.0 241.0 59.0 -0.0041770528254 0.138413243715 0.0237263090221 -0.129149197565 0.0 
0.0 0.0 0.0 0.0 0.0 0.0 0.0 0.0 0.0 0.0 0.0 0.0 159.0 240.0 104.0 0.0237263090221 -0.129149197565 0.0411687709651 0.110726308209 0.112903801222 
0.0 0.0 0.0 0.0 0.0 0.0 0.0 0.0 0.0 0.0 0.0 0.0 153.0 245.0 100.0 0.0411687709651 0.110726308209 0.0757713746852 0.193463048281 0.0427682686633 
0.0 0.0 0.0 0.0 0.0 0.0 0.0 0.0 0.0 0.0 0.0 0.0 155.0 248.0 53.0 0.0757713746852 0.193463048281 -0.0613233675684 -0.00599904393743 -0.0427682686633 
0.0 0.0 0.0 0.0 0.0 0.0 0.0 0.0 0.0 0.0 0.0 0.0 157.0 247.0 53.0 -0.0613233675684 -0.00599904393743 -0.0293287414375 -0.0457429855858 0.159410656085 
0.0 0.0 0.0 0.0 0.0 0.0 0.0 0.0 0.0 0.0 0.0 0.0 162.0 233.0 109.0 -0.0293287414375 -0.0457429855858 0.174689506752 0.196409215873 0.083846567703 
0.0 0.0 0.0 0.0 0.0 0.0 0.0 0.0 0.0 0.0 0.0 0.0 153.0 247.0 81.0 0.174689506752 0.196409215873 0.0857034849525 0.0424974845055 -0.0383427563482 
0.0 0.0 0.0 0.0 0.0 0.0 0.0 0.0 0.0 0.0 0.0 0.0 150.0 249.0 69.0 0.0857034849525 0.0424974845055 -0.0428655152971 -0.0480915285254 0.0 
0.0 0.0 0.0 0.0 0.0 0.0 0.0 0.0 0.0 0.0 0.0 0.0 149.0 250.0 92.0 -0.0428655152971 -0.0480915285254 -0.0390172173614 -0.0494562821028 0.0383427563482 
0.0 0.0 0.0 0.0 0.0 0.0 0.0 0.0 0.0 0.0 0.0 0.0 145.0 234.0 187.0 -0.0390172173614 -0.0494562821028 0.0362983088757 -0.00244024286028 0.0 
0.0 0.0 0.0 0.0 0.0 0.0 0.0 0.0 0.0 0.0 0.0 0.0 141.0 228.0 226.0 0.0362983088757 -0.00244024286028 0.217315885571 0.204419201255 0.0464229831103 
0.0 0.0 0.0 0.0 0.0 0.0 0.0 0.0 0.0 0.0 0.0 0.0 134.0 248.0 173.0 0.217315885571 0.204419201255 0.13362955794 0.293209435326 0.0 
0.0 0.0 0.0 0.0 0.0 100.0 0.0 0.0 0.0 0.0 0.0 0.0 136.0 251.0 119.0 0.13362955794 0.293209435326 0.0545848822238 0.0615227386525 0.0 
0.0 0.0 0.0 0.0 0.0 0.0 100.0 0.0 0.0 0.0 0.0 0.0 137.0 251.0 102.0 0.0545848822238 0.0615227386525 0.0165175370074 0.197995278354 0.142257502636 
0.0 0.0 0.0 0.0 0.0 0.0 100.0 0.0 0.0 0.0 0.0 0.0 139.0 252.0 73.0 0.0165175370074 0.197995278354 -0.2038082975 0.0168176687254 0.0477201613321 
0.0 0.0 0.0 0.0 0.0 0.0 100.0 0.0 0.0 0.0 0.0 0.0 149.0 247.0 57.0 -0.2038082975 0.0168176687254 0.127269843994 0.204428558381 0.108076102528 
0.0 0.0 0.0 0.0 0.0 0.0 0.0 0.0 0.0 0.0 0.0 0.0 149.0 246.0 40.0 0.127269843994 0.204428558381 0.0943655147814 0.167754845749 0.0469903302123 
0.0 0.0 0.0 0.0 0.0 0.0 0.0 0.0 0.0 0.0 0.0 0.0 146.0 246.0 37.0 0.0943655147814 0.167754845749 0.119992325913 0.178110708402 0.106298538207 
0.0 0.0 0.0 0.0 0.0 0.0 100.0 0.0 0.0 0.0 0.0 0.0 144.0 247.0 37.0 0.119992325913 0.178110708402 0.0230719284586 0.038405724689 0.0154799609431 
0.0 0.0 0.0 0.0 0.0 0.0 100.0 0.0 0.0 0.0 0.0 0.0 143.0 247.0 37.0 0.0230719284586 0.038405724689 0.108933242614 -0.0243684559004 0.0 
0.0 0.0 0.0 0.0 0.0 0.0 100.0 0.0 0.0 0.0 0.0 0.0 142.0 253.0 44.0 0.108933242614 -0.0243684559004 0.0109554015771 0.0424686462255 0.0 
0.0 0.0 0.0 0.0 0.0 0.0 0.0 0.0 0.0 0.0 0.0 0.0 142.0 251.0 44.0 0.0109554015771 0.0424686462255 0.00051175247293 0.00195825073694 0.0286500162136 
0.0 0.0 0.0 0.0 0.0 0.0 100.0 0.0 0.0 0.0 0.0 0.0 143.0 251.0 43.0 0.00051175247293 0.00195825073694 0.037483878257 0.101190274812 0.0 
0.0 0.0 0.0 0.0 0.0 0.0 100.0 0.0 0.0 0.0 0.0 0.0 143.0 248.0 41.0 0.037483878257 0.101190274812 -0.0431426999421 -0.0510666399947 0.0 
0.0 0.0 0.0 0.0 0.0 0.0 0.0 0.0 0.0 0.0 0.0 0.0 147.0 251.0 47.0 -0.0431426999421 -0.0510666399947 -0.156328776052 -0.100488906903 -0.0286500162136 
0.0 0.0 0.0 0.0 0.0 0.0 0.0 0.0 0.0 0.0 0.0 0.0 152.0 249.0 73.0 -0.156328776052 -0.100488906903 0.103175611896 0.0417132456458 0.0286500162136 
0.0 0.0 0.0 0.0 0.0 0.0 0.0 0.0 0.0 0.0 0.0 0.0 140.0 247.0 148.0 0.103175611896 0.0417132456458 0.0470735310971 0.14691928177 0.0 
0.0 0.0 0.0 0.0 0.0 0.0 0.0 0.0 0.0 0.0 0.0 0.0 141.0 247.0 121.0 0.0470735310971 0.14691928177 -0.0624549602485 0.257617823617 -0.0286500162136 
0.0 0.0 0.0 0.0 0.0 0.0 0.0 0.0 0.0 0.0 0.0 0.0 152.0 247.0 61.0 -0.0624549602485 0.257617823617 0.168624607669 0.306825164229 0.0158322756088 
0.0 0.0 0.0 0.0 0.0 0.0 0.0 0.0 0.0 0.0 0.0 0.0 151.0 241.0 37.0 0.168624607669 0.306825164229 0.0102786001254 -0.0606272758855 0.214369678572 
0.0 0.0 0.0 0.0 0.0 0.0 0.0 0.0 0.0 0.0 0.0 0.0 145.0 254.0 43.0 0.0102786001254 -0.0606272758855 -0.165080751856 0.11134253352 0.147385052139 
0.0 0.0 0.0 0.0 0.0 0.0 100.0 0.0 0.0 0.0 0.0 0.0 144.0 252.0 42.0 -0.165080751856 0.11134253352 0.122700468584 0.0948418182015 0.0 
0.0 0.0 0.0 0.0 0.0 0.0 100.0 0.0 0.0 0.0 0.0 0.0 142.0 248.0 40.0 0.122700468584 0.0948418182015 0.101892467384 0.0397580982517 0.0 
0.0 0.0 0.0 0.0 0.0 0.0 100.0 0.0 0.0 0.0 0.0 0.0 142.0 248.0 39.0 0.101892467384 0.0397580982517 -0.0757604519183 -0.0691835127418 0.0 
0.0 0.0 0.0 0.0 0.0 0.0 0.0 0.0 0.0 0.0 0.0 0.0 141.0 255.0 46.0 -0.0757604519183 -0.0691835127418 -0.0870161228373 0.0820824657499 0.0 
0.0 0.0 0.0 0.0 0.0 0.0 100.0 0.0 0.0 0.0 0.0 0.0 148.0 247.0 42.0 -0.0870161228373 0.0820824657499 -0.00520184946448 -0.196144221029 0.0 
0.0 0.0 0.0 0.0 0.0 0.0 0.0 0.0 0.0 0.0 0.0 0.0 154.0 245.0 90.0 -0.00520184946448 -0.196144221029 -0.0268611204166 0.0559039798858 0.0 
0.0 0.0 0.0 0.0 0.0 0.0 0.0 0.0 0.0 0.0 0.0 0.0 156.0 237.0 113.0 -0.0268611204166 0.0559039798858 0.0190026323897 0.139378787805 0.0 
0.0 0.0 0.0 0.0 0.0 0.0 0.0 0.0 0.0 0.0 0.0 0.0 160.0 239.0 73.0 0.0190026323897 0.139378787805 0.0930855050727 0.125401225953 0.0 
0.0 0.0 0.0 0.0 0.0 0.0 0.0 0.0 0.0 0.0 0.0 0.0 162.0 238.0 47.0 0.0930855050727 0.125401225953 0.0793447051179 0.0990383757992 0.018134456902 
0.0 0.0 0.0 0.0 0.0 0.0 0.0 0.0 0.0 0.0 0.0 0.0 160.0 237.0 41.0 0.0793447051179 0.0990383757992 0.0638353884812 -0.156188334543 0.0739664489669 
0.0 0.0 0.0 0.0 0.0 0.0 0.0 0.0 0.0 0.0 0.0 0.0 153.0 250.0 51.0 0.0638353884812 -0.156188334543 -0.0220174539451 0.0219756317273 0.018792653479 
0.0 0.0 0.0 0.0 0.0 0.0 0.0 0.0 0.0 0.0 0.0 0.0 151.0 251.0 54.0 -0.0220174539451 0.0219756317273 0.10749686608 0.165303361362 0.012952265529 
0.0 0.0 0.0 0.0 0.0 0.0 0.0 0.0 0.0 0.0 0.0 0.0 149.0 248.0 46.0 0.10749686608 0.165303361362 0.103257113167 -0.166904144776 0.0 
0.0 0.0 0.0 0.0 0.0 0.0 0.0 0.0 0.0 0.0 0.0 0.0 146.0 255.0 57.0 0.103257113167 -0.166904144776 0.0294892782653 0.0242615250611 0.0 
0.0 0.0 0.0 0.0 0.0 0.0 100.0 0.0 0.0 0.0 0.0 0.0 145.0 255.0 58.0 0.0294892782653 0.0242615250611 -0.00664105344244 -0.0413002305747 -0.0181648538363 
0.0 0.0 0.0 0.0 0.0 0.0 0.0 0.0 0.0 0.0 0.0 0.0 145.0 255.0 60.0 -0.00664105344244 -0.0413002305747 -0.171862588543 0.0284902760701 0.0 
0.0 0.0 0.0 0.0 0.0 0.0 0.0 0.0 0.0 0.0 0.0 0.0 152.0 248.0 58.0 -0.171862588543 0.0284902760701 0.220574889449 -0.0943042766645 0.0 
0.0 0.0 0.0 0.0 0.0 0.0 0.0 0.0 0.0 0.0 0.0 0.0 139.0 248.0 147.0 0.220574889449 -0.0943042766645 -0.0507903846168 -0.0243816912188 0.0 
0.0 0.0 0.0 0.0 0.0 0.0 0.0 0.0 0.0 0.0 0.0 0.0 119.0 250.0 223.0 -0.0507903846168 -0.0243816912188 -0.0456811960542 0.33 0.0181648538363 
0.0 0.0 0.0 0.0 0.0 0.0 0.0 0.0 0.0 0.0 0.0 0.0 127.0 249.0 184.0 -0.0456811960542 0.33 0.03735047835 0.017566517967 -0.0181648538363 
0.0 0.0 0.0 0.0 0.0 0.0 0.0 0.0 0.0 0.0 0.0 0.0 135.0 247.0 161.0 0.03735047835 0.017566517967 -0.178830333754 0.0019583949844 0.036410848721 
0.0 0.0 0.0 0.0 0.0 0.0 0.0 0.0 0.0 0.0 0.0 0.0 145.0 237.0 162.0 -0.178830333754 0.0019583949844 0.138460555349 0.194620242152 0.0 
0.0 0.0 0.0 0.0 0.0 0.0 0.0 0.0 0.0 0.0 0.0 0.0 167.0 224.0 105.0 0.138460555349 0.194620242152 -0.0923479476794 0.152252659096 0.0 
0.0 0.0 0.0 0.0 0.0 0.0 0.0 0.0 0.0 0.0 0.0 0.0 182.0 212.0 56.0 -0.0923479476794 0.152252659096 0.114136386359 -0.231537941893 0.0 
0.0 0.0 0.0 0.0 0.0 0.0 0.0 0.0 0.0 0.0 0.0 0.0 179.0 204.0 120.0 0.114136386359 -0.231537941893 0.0938007205777 -0.0932192837083 0.0183154583935 
0.0 0.0 0.0 0.0 0.0 0.0 0.0 0.0 0.0 0.0 0.0 0.0 155.0 204.0 233.0 0.0938007205777 -0.0932192837083 0.0915018546042 -0.121033929679 0.0 
0.0 0.0 0.0 0.0 0.0 0.0 0.0 0.0 0.0 100.0 0.0 0.0 135.0 245.0 255.0 0.0915018546042 -0.121033929679 0.155054179567 -0.10025622358 0.0 
0.0 0.0 0.0 0.0 0.0 0.0 0.0 0.0 0.0 0.0 0.0 0.0 118.0 251.0 255.0 0.155054179567 -0.10025622358 0.246653497278 -0.124210209612 0.0 
0.0 0.0 0.0 0.0 0.0 0.0 0.0 0.0 0.0 0.0 0.0 0.0 113.0 255.0 255.0 0.246653497278 -0.124210209612 0.267210379613 0.150910240995 0.0 
0.0 0.0 0.0 0.0 0.0 0.0 0.0 0.0 0.0 0.0 0.0 0.0 108.0 255.0 255.0 0.267210379613 0.150910240995 0.0954144766063 0.182491113379 0.0 
0.0 0.0 100.0 0.0 0.0 0.0 0.0 0.0 0.0 100.0 0.0 0.0 107.0 255.0 244.0 0.0954144766063 0.182491113379 0.179739518699 0.049012416655 0.0 
# HEADER 7
0.0 0.0 0.0 0.0 0.0 0.0 0.0 0.0 0.0 0.0 0.0 0.0 134.0 249.0 255.0 0 0 0.0465358610416 -0.065678764198 0.0819919734006 
0.0 0.0 0.0 0.0 0.0 0.0 0.0 0.0 0.0 0.0 0.0 0.0 132.0 250.0 255.0 0.0465358610416 -0.065678764198 0.156828549398 -0.0488048072346 0.0 
0.0 0.0 0.0 0.0 0.0 0.0 0.0 0.0 0.0 0.0 0.0 0.0 118.0 252.0 255.0 0.156828549398 -0.0488048072346 0.0810502464284 0.182563772136 0.0 
0.0 0.0 0.0 0.0 0.0 0.0 0.0 0.0 0.0 0.0 0.0 0.0 115.0 254.0 255.0 0.0810502464284 0.182563772136 -0.0204581371036 0.0556995634835 0.0 
0.0 0.0 0.0 0.0 0.0 0.0 0.0 0.0 0.0 0.0 0.0 0.0 112.0 252.0 246.0 -0.0204581371036 0.0556995634835 0.0498323291451 0.221372272326 0.0 
0.0 0.0 100.0 0.0 0.0 0.0 0.0 0.0 0.0 0.0 0.0 0.0 116.0 252.0 208.0 0.0498323291451 0.221372272326 -0.0158671564982 0.0185089835277 0.0 
0.0 0.0 100.0 0.0 0.0 0.0 0.0 0.0 0.0 0.0 0.0 0.0 120.0 251.0 195.0 -0.0158671564982 0.0185089835277 -0.0421769985631 0.0410809483927 0.0102018679416 
0.0 0.0 0.0 0.0 0.0 0.0 0.0 0.0 0.0 0.0 0.0 0.0 126.0 247.0 180.0 -0.0421769985631 0.0410809483927 0.00532340132336 0.33 0.0432210326854 
0.0 0.0 0.0 0.0 0.0 0.0 0.0 100.0 0.0 0.0 0.0 0.0 138.0 248.0 114.0 0.00532340132336 0.33 0.146175202482 0.163478926287 0.0 
0.0 0.0 0.0 0.0 0.0 0.0 100.0 0.0 0.0 0.0 0.0 0.0 141.0 251.0 73.0 0.146175202482 0.163478926287 -0.127509877516 0.0300570181318 0.105697748125 
0.0 0.0 0.0 0.0 0.0 0.0 100.0 0.0 0.0 0.0 0.0 0.0 147.0 247.0 61.0 -0.127509877516 0.0300570181318 -0.0783443920241 -0.154836396418 0.120988011086 
0.0 0.0 0.0 0.0 0.0 0.0 0.0 0.0 0.0 0.0 0.0 0.0 155.0 236.0 115.0 -0.0783443920241 -0.154836396418 0.132390561426 -0.0551923177187 0.0338572114151 
0.0 0.0 0.0 0.0 0.0 0.0 0.0 0.0 0.0 0.0 0.0 0.0 153.0 206.0 231.0 0.132390561426 -0.0551923177187 0.0768155616334 0.019277646453 -0.00324476241366 
0.0 0.0 0.0 0.0 0.0 0.0 0.0 0.0 0.0 0.0 0.0 0.0 164.0 193.0 230.0 0.0768155616334 0.019277646453 -0.114191584121 0.26370250816 0.0 
0.0 0.0 0.0 0.0 0.0 0.0 0.0 0.0 0.0 0.0 0.0 0.0 182.0 192.0 148.0 -0.114191584121 0.26370250816 0.0897611000984 0.136008697297 0.0 
0.0 0.0 0.0 0.0 0.0 0.0 0.0 0.0 0.0 0.0 0.0 0.0 179.0 209.0 78.0 0.0897611000984 0.136008697297 0.191650275239 -0.0509088652254 0.0161052066482 
0.0 0.0 0.0 0.0 0.0 0.0 0.0 0.0 0.0 0.0 0.0 0.0 174.0 215.0 97.0 0.191650275239 -0.0509088652254 0.172781503892 0.272285608074 0.0 
0.0 0.0 0.0 0.0 0.0 0.0 0.0 0.0 0.0 0.0 0.0 0.0 155.0 245.0 60.0 0.172781503892 0.272285608074 0.0359558805273 -0.0732201588831 -0.0161052066482 
0.0 0.0 0.0 0.0 0.0 0.0 0.0 0.0 0.0 0.0 0.0 0.0 148.0 251.0 73.0 0.0359558805273 -0.0732201588831 -0.106761305887 0.057745431471 0.0687508532929 
0.0 0.0 0.0 0.0 0.0 0.0 0.0 0.0 0.0 0.0 0.0 0.0 152.0 245.0 76.0 -0.106761305887 0.057745431471 0.114662885725 -0.0940662842979 -0.0209567195574 
0.0 0.0 0.0 0.0 0.0 0.0 0.0 0.0 0.0 0.0 0.0 0.0 142.0 248.0 123.0 0.114662885725 -0.0940662842979 -0.105178816639 -0.00865353174993 0.0368408104793 
0.0 0.0 0.0 0.0 0.0 0.0 0.0 0.0 0.0 0.0 0.0 0.0 141.0 233.0 198.0 -0.105178816639 -0.00865353174993 0.0773244087129 0.309195767067 -0.0368408104793 
# HEADER 8
0.0 0.0 0.0 0.0 0.0 0.0 0.0 0.0 0.0 0.0 0.0 0.0 133.0 250.0 255.0 0 0 -0.0349067507816 0.200225492011 0.0156781552794 
0.0 0.0 0.0 0.0 0.0 0.0 0.0 0.0 0.0 0.0 0.0 0.0 132.0 233.0 241.0 -0.0349067507816 0.200225492011 0.234914015469 0.0115038762545 0.0 
0.0 0.0 0.0 0.0 0.0 0.0 0.0 0.0 0.0 0.0 0.0 0.0 134.0 236.0 222.0 0.234914015469 0.0115038762545 0.0201775093717 0.33 -0.0156781552794 
0.0 0.0 0.0 0.0 0.0 0.0 0.0 0.0 0.0 0.0 0.0 0.0 138.0 247.0 148.0 0.0201775093717 0.33 0.142334942517 0.194042358511 0.0156781552794 
0.0 0.0 0.0 0.0 0.0 0.0 0.0 0.0 0.0 0.0 0.0 0.0 147.0 248.0 90.0 0.142334942517 0.194042358511 0.115331890037 0.085740595047 0.0 
0.0 0.0 0.0 0.0 0.0 0.0 100.0 0.0 0.0 0.0 0.0 0.0 149.0 248.0 64.0 0.115331890037 0.085740595047 0.102455654766 -0.0633971855107 0.127931168354 
0.0 0.0 0.0 0.0 0.0 0.0 100.0 0.0 0.0 0.0 0.0 0.0 144.0 254.0 83.0 0.102455654766 -0.0633971855107 0.062120771718 0.197399365234 0.0805418288542 
0.0 0.0 0.0 0.0 0.0 0.0 100.0 0.0 0.0 0.0 0.0 0.0 143.0 251.0 76.0 0.062120771718 0.197399365234 -0.148212712553 0.0244816222921 0.0 
0.0 0.0 0.0 0.0 0.0 0.0 100.0 0.0 0.0 0.0 0.0 0.0 149.0 247.0 65.0 -0.148212712553 0.0244816222921 0.0474243093525 0.163066007102 0.0 
0.0 0.0 0.0 0.0 0.0 0.0 0.0 0.0 0.0 0.0 0.0 0.0 151.0 246.0 45.0 0.0474243093525 0.163066007102 0.095076229911 -0.00129346908941 0.0131642476969 
0.0 0.0 0.0 0.0 0.0 0.0 0.0 0.0 0.0 0.0 0.0 0.0 148.0 248.0 47.0 0.095076229911 -0.00129346908941 0.161115801029 0.0415387849165 0.0647994926635 
0.0 0.0 0.0 0.0 0.0 0.0 0.0 0.0 0.0 0.0 0.0 0.0 145.0 250.0 47.0 0.161115801029 0.0415387849165 -0.0313595896127 -0.112748194294 0.0 
0.0 0.0 0.0 0.0 0.0 0.0 100.0 0.0 0.0 0.0 0.0 0.0 142.0 255.0 60.0 -0.0313595896127 -0.112748194294 0.0399129755885 0.20993087507 0.0 
0.0 0.0 0.0 0.0 0.0 0.0 100.0 0.0 0.0 0.0 0.0 0.0 141.0 255.0 55.0 0.0399129755885 0.20993087507 0.0304765076559 -0.0454760383374 0.0 
0.0 0.0 0.0 0.0 0.0 0.0 100.0 0.0 0.0 0.0 0.0 0.0 140.0 255.0 63.0 0.0304765076559 -0.0454760383374 0.0716396905786 0.0713128733338 0.0 
0.0 0.0 0.0 0.0 0.0 0.0 100.0 0.0 0.0 0.0 0.0 0.0 139.0 255.0 59.0 0.0716396905786 0.0713128733338 0.0147799584641 -0.0154266163396 0.0 
0.0 0.0 0.0 0.0 0.0 0.0 100.0 0.0 0.0 0.0 0.0 0.0 139.0 255.0 65.0 0.0147799584641 -0.0154266163396 -0.0183665687434 0.186002673455 0.0 
0.0 0.0 0.0 0.0 0.0 0.0 100.0 0.0 0.0 0.0 0.0 0.0 143.0 251.0 52.0 -0.0183665687434 0.186002673455 -0.18603082123 0.242774450507 0.0 
0.0 0.0 0.0 0.0 0.0 0.0 100.0 0.0 0.0 0.0 0.0 0.0 148.0 243.0 39.0 -0.18603082123 0.242774450507 0.163999727251 -0.0587420835198 0.0 
0.0 0.0 0.0 0.0 0.0 0.0 0.0 0.0 0.0 0.0 0.0 0.0 150.0 247.0 42.0 0.163999727251 -0.0587420835198 -0.0786776210778 0.0459779857358 0.0632896738958 
0.0 0.0 0.0 0.0 0.0 0.0 0.0 0.0 0.0 0.0 0.0 0.0 162.0 234.0 47.0 -0.0786776210778 0.0459779857358 0.208017730766 -0.0683395982611 0.0 
0.0 0.0 0.0 0.0 0.0 0.0 0.0 0.0 0.0 0.0 0.0 0.0 152.0 248.0 47.0 0.208017730766 -0.0683395982611 -0.253464566095 0.178688353092 0.0 
0.0 0.0 0.0 0.0 0.0 0.0 100.0 0.0 0.0 0.0 0.0 0.0 147.0 249.0 44.0 -0.253464566095 0.178688353092 -0.0289938044764 0.0963257910707 0.0 
0.0 0.0 0.0 0.0 0.0 0.0 100.0 0.0 0.0 0.0 0.0 0.0 143.0 249.0 40.0 -0.0289938044764 0.0963257910707 -0.04224331933 0.0896987722007 0.0 
0.0 0.0 0.0 0.0 0.0 0.0 100.0 0.0 0.0 0.0 0.0 0.0 146.0 246.0 39.0 -0.04224331933 0.0896987722007 0.0469262740318 0.0971980083414 0.0 
0.0 0.0 0.0 0.0 0.0 0.0 100.0 0.0 0.0 0.0 0.0 0.0 148.0 245.0 39.0 0.0469262740318 0.0971980083414 -0.00949099936789 -0.127786187564 0.0 
0.0 0.0 0.0 0.0 0.0 0.0 0.0 0.0 0.0 0.0 0.0 0.0 147.0 253.0 46.0 -0.00949099936789 -0.127786187564 0.161791683504 -0.290283818041 0.0285137053791 
0.0 0.0 0.0 0.0 0.0 0.0 100.0 0.0 0.0 0.0 0.0 0.0 145.0 255.0 49.0 0.161791683504 -0.290283818041 -0.135738512384 -0.0826018499654 -0.0285137053791 
0.0 0.0 0.0 0.0 0.0 0.0 100.0 0.0 0.0 0.0 0.0 0.0 143.0 255.0 51.0 -0.135738512384 -0.0826018499654 0.174738849652 0.227494169705 0.0 
0.0 0.0 0.0 0.0 0.0 0.0 100.0 0.0 0.0 0.0 0.0 0.0 142.0 255.0 52.0 0.174738849652 0.227494169705 -0.14877249182 0.06951981298 0.0 
0.0 0.0 0.0 0.0 0.0 0.0 100.0 0.0 0.0 0.0 0.0 0.0 149.0 253.0 49.0 -0.14877249182 0.06951981298 -0.0082720118224 0.161981948176 0.0 
# HEADER 9
0.0 0.0 0.0 0.0 0.0 0.0 0.0 0.0 0.0 0.0 0.0 0.0 133.0 250.0 255.0 0 0 0.117064839543 0.0649651056704 0.0113243806716 
0.0 0.0 0.0 0.0 0.0 0.0 0.0 0.0 0.0 0.0 0.0 0.0 133.0 249.0 255.0 0.117064839543 0.0649651056704 0.046927142677 0.0710524865991 0.0 
0.0 0.0 0.0 0.0 0.0 0.0 0.0 0.0 0.0 0.0 0.0 0.0 125.0 239.0 247.0 0.046927142677 0.0710524865991 0.0368195748196 0.0428532443168 0.0 
# HEADER 10
0.0 0.0 0.0 0.0 0.0 0.0 0.0 0.0 0.0 0.0 0.0 0.0 134.0 249.0 255.0 0 0 0.090553552299 0.0234197942179 0.0283822957041 
0.0 0.0 0.0 0.0 0.0 0.0 0.0 0.0 0.0 0.0 0.0 0.0 126.0 240.0 255.0 0.090553552299 0.0234197942179 0.0500573908845 0.0700000014959 -0.0283822957041 
0.0 0.0 0.0 0.0 0.0 0.0 0.0 0.0 0.0 0.0 0.0 0.0 123.0 247.0 226.0 0.0500573908845 0.0700000014959 0.150904206316 0.1618277555 0.0 
0.0 0.0 0.0 0.0 0.0 0.0 0.0 0.0 0.0 0.0 0.0 0.0 129.0 248.0 185.0 0.150904206316 0.1618277555 0.128392685426 0.0717893556987 0.0283822957041 
0.0 0.0 0.0 0.0 0.0 0.0 0.0 100.0 0.0 0.0 0.0 0.0 131.0 249.0 162.0 0.128392685426 0.0717893556987 -0.10186218554 0.28850062191 0.0 
0.0 0.0 0.0 0.0 0.0 0.0 0.0 0.0 0.0 0.0 0.0 0.0 145.0 247.0 99.0 -0.10186218554 0.28850062191 0.118344426335 0.0822849015205 0.0505810359706 
0.0 0.0 0.0 0.0 0.0 0.0 0.0 0.0 0.0 0.0 0.0 0.0 158.0 242.0 62.0 0.118344426335 0.0822849015205 0.121699236372 0.02047477935 0.107010382674 
0.0 0.0 0.0 0.0 0.0 0.0 0.0 0.0 0.0 0.0 0.0 0.0 154.0 248.0 52.0 0.121699236372 0.02047477935 0.079181009269 0.210741857312 0.0763588508432 
0.0 0.0 0.0 0.0 0.0 0.0 0.0 0.0 0.0 0.0 0.0 0.0 151.0 246.0 40.0 0.079181009269 0.210741857312 0.00450222030756 -0.00671156681731 0.0 
0.0 0.0 0.0 0.0 0.0 0.0 0.0 0.0 0.0 0.0 0.0 0.0 149.0 249.0 45.0 0.00450222030756 -0.00671156681731 0.118455367583 -0.139128042381 0.0749528269729 
0.0 0.0 0.0 0.0 0.0 0.0 100.0 0.0 0.0 0.0 0.0 0.0 147.0 255.0 57.0 0.118455367583 -0.139128042381 -0.0567187355422 -0.0265291404517 0.0 
0.0 0.0 0.0 0.0 0.0 0.0 100.0 0.0 0.0 0.0 0.0 0.0 151.0 252.0 58.0 -0.0567187355422 -0.0265291404517 0.0513042863127 0.0172498280555 -0.0301357328484 
0.0 0.0 0.0 0.0 0.0 0.0 0.0 0.0 0.0 0.0 0.0 0.0 139.0 246.0 164.0 0.0513042863127 0.0172498280555 0.0787890460298 0.21291248781 0.0 
0.0 0.0 0.0 0.0 0.0 0.0 0.0 0.0 0.0 0.0 0.0 0.0 140.0 248.0 132.0 0.0787890460298 0.21291248781 -0.0249815113276 0.282519166345 0.0301357328484 
0.0 0.0 0.0 0.0 0.0 0.0 0.0 0.0 0.0 0.0 0.0 0.0 149.0 248.0 69.0 -0.0249815113276 0.282519166345 -0.0638219149558 -0.00628431541886 0.0 
0.0 0.0 0.0 0.0 0.0 0.0 0.0 0.0 0.0 0.0 0.0 0.0 153.0 247.0 61.0 -0.0638219149558 -0.00628431541886 0.0732538927903 0.164627100962 0.16824878805 
0.0 0.0 0.0 0.0 0.0 0.0 100.0 0.0 0.0 0.0 0.0 0.0 151.0 247.0 47.0 0.0732538927903 0.164627100962 0.152444584735 -0.115883994412 0.00418312531054 
0.0 0.0 0.0 0.0 0.0 0.0 100.0 0.0 0.0 0.0 0.0 0.0 147.0 255.0 60.0 0.152444584735 -0.115883994412 -0.0843093207206 0.183222262612 0.0297326304453 
0.0 0.0 0.0 0.0 0.0 0.0 0.0 0.0 0.0 0.0 0.0 0.0 152.0 247.0 51.0 -0.0843093207206 0.183222262612 0.131453191348 0.0307033476585 0.0 
0.0 0.0 0.0 0.0 0.0 0.0 100.0 0.0 0.0 0.0 0.0 0.0 162.0 237.0 50.0 0.131453191348 0.0307033476585 0.0132000619335 0.0371952068177 0.0 
0.0 0.0 0.0 0.0 0.0 0.0 0.0 0.0 0.0 0.0 0.0 0.0 171.0 227.0 51.0 0.0132000619335 0.0371952068177 0.02068427967 -0.167820576272 0.0 
0.0 0.0 0.0 0.0 0.0 0.0 0.0 0.0 0.0 0.0 0.0 0.0 173.0 215.0 111.0 0.02068427967 -0.167820576272 0.0133739243125 0.0283681209098 0.0297151731493 
0.0 0.0 0.0 0.0 0.0 0.0 0.0 0.0 0.0 0.0 0.0 0.0 171.0 214.0 129.0 0.0133739243125 0.0283681209098 0.120843326716 -0.00181468412289 -0.0260490400892 
0.0 0.0 0.0 0.0 0.0 0.0 0.0 0.0 0.0 0.0 0.0 0.0 160.0 228.0 125.0 0.120843326716 -0.00181468412289 0.115410969093 -0.00729749095834 0.0 
0.0 0.0 0.0 0.0 0.0 0.0 0.0 0.0 0.0 0.0 0.0 0.0 141.0 246.0 146.0 0.115410969093 -0.00729749095834 0.142514892209 0.241309670415 0.0 
0.0 0.0 0.0 0.0 0.0 0.0 0.0 0.0 0.0 0.0 0.0 0.0 140.0 248.0 122.0 0.142514892209 0.241309670415 0.00677745022386 0.215887365274 0.0 
0.0 0.0 0.0 0.0 0.0 0.0 100.0 0.0 0.0 0.0 0.0 0.0 143.0 250.0 76.0 0.00677745022386 0.215887365274 -0.0882893038278 0.118633899887 0.0260490400892 
0.0 0.0 0.0 0.0 0.0 0.0 100.0 0.0 0.0 0.0 0.0 0.0 144.0 251.0 53.0 -0.0882893038278 0.118633899887 -0.0720066264657 -0.0828782154097 0.117653834012 
0.0 0.0 0.0 0.0 0.0 0.0 0.0 0.0 0.0 0.0 0.0 0.0 148.0 252.0 65.0 -0.0720066264657 -0.0828782154097 -0.0716570435499 -0.15262120317 0.0852084493739 
0.0 0.0 0.0 0.0 0.0 0.0 0.0 0.0 0.0 0.0 0.0 0.0 144.0 232.0 194.0 -0.0716570435499 -0.15262120317 0.116054257834 0.136815206373 -0.0277878001715 
0.0 0.0 0.0 0.0 0.0 0.0 0.0 0.0 0.0 0.0 0.0 0.0 139.0 244.0 168.0 0.116054257834 0.136815206373 0.12029595214 0.215325898022 0.000796359432089 
0.0 0.0 0.0 0.0 0.0 0.0 0.0 0.0 0.0 0.0 0.0 0.0 140.0 247.0 120.0 0.12029595214 0.215325898022 -0.0451005077707 0.121286268161 0.0 
0.0 0.0 0.0 0.0 0.0 0.0 0.0 0.0 0.0 0.0 0.0 0.0 147.0 247.0 82.0 -0.0451005077707 0.121286268161 -0.00530859783275 0.124456146046 0.0829721681182 
0.0 0.0 0.0 0.0 0.0 0.0 0.0 0.0 0.0 0.0 0.0 0.0 155.0 243.0 50.0 -0.00530859783275 0.124456146046 0.216410186426 0.184056911982 0.111664117803 
0.0 0.0 0.0 0.0 0.0 0.0 0.0 0.0 0.0 0.0 0.0 0.0 171.0 219.0 41.0 0.216410186426 0.184056911982 -0.144819725231 -0.222791825956 0.0542908082309 
0.0 0.0 0.0 0.0 0.0 0.0 0.0 0.0 0.0 0.0 0.0 0.0 187.0 199.0 72.0 -0.144819725231 -0.222791825956 0.171375279514 -0.0088680690995 0.112469969438 
0.0 0.0 0.0 0.0 0.0 0.0 0.0 0.0 0.0 0.0 0.0 0.0 195.0 176.0 154.0 0.171375279514 -0.0088680690995 0.0951854530803 -0.0626974059162 0.0 
0.0 0.0 0.0 0.0 0.0 0.0 0.0 0.0 0.0 0.0 0.0 0.0 180.0 175.0 234.0 0.0951854530803 -0.0626974059162 -0.0842064046335 0.131273098405 -0.0317215758485 
0.0 0.0 0.0 0.0 0.0 0.0 0.0 0.0 0.0 0.0 0.0 0.0 185.0 178.0 196.0 -0.0842064046335 0.131273098405 0.0444227228175 0.0353322760933 0.0 
0.0 0.0 0.0 0.0 0.0 0.0 0.0 0.0 0.0 0.0 0.0 0.0 198.0 172.0 155.0 0.0444227228175 0.0353322760933 0.113714803292 -0.0208528233768 0.0317215758485 
0.0 0.0 0.0 0.0 0.0 0.0 0.0 0.0 0.0 0.0 0.0 0.0 209.0 153.0 191.0 0.113714803292 -0.0208528233768 0.17747174833 0.33 0.0 
0.0 0.0 0.0 0.0 0.0 0.0 0.0 0.0 0.0 0.0 0.0 0.0 222.0 142.0 122.0 0.17747174833 0.33 -0.0890795525092 -0.282563352483 0.0 
0.0 0.0 0.0 0.0 0.0 0.0 0.0 0.0 0.0 0.0 0.0 0.0 230.0 134.0 199.0 -0.0890795525092 -0.282563352483 0.0545970320913 -0.0370986619827 0.0 
0.0 0.0 0.0 0.0 0.0 0.0 0.0 0.0 0.0 0.0 0.0 0.0 227.0 160.0 239.0 0.0545970320913 -0.0370986619827 -0.16703461386 -0.0453862004042 0.0 
0.0 0.0 0.0 0.0 0.0 0.0 0.0 0.0 0.0 0.0 0.0 0.0 231.0 190.0 255.0 -0.16703461386 -0.0453862004042 0.00209636468286 -0.117052715996 -0.0317215758485 
0.0 0.0 0.0 0.0 0.0 0.0 0.0 0.0 0.0 0.0 0.0 0.0 235.0 235.0 255.0 0.00209636468286 -0.117052715996 -0.179650186961 -0.209290255837 0.0317215758485 
0.0 0.0 0.0 0.0 0.0 0.0 0.0 0.0 0.0 0.0 0.0 0.0 236.0 235.0 255.0 -0.179650186961 -0.209290255837 0.139198243608 -0.148765220407 0.0 
0.0 0.0 0.0 0.0 0.0 0.0 0.0 0.0 0.0 0.0 0.0 0.0 236.0 236.0 255.0 0.139198243608 -0.148765220407 0.194765559795 -0.0755653702314 0.0 
0.0 0.0 0.0 0.0 0.0 0.0 0.0 0.0 0.0 0.0 0.0 0.0 236.0 236.0 255.0 0.194765559795 -0.0755653702314 0.0129969122938 -0.185366574666 0.0 
0.0 0.0 0.0 0.0 0.0 0.0 0.0 0.0 0.0 0.0 0.0 0.0 236.0 237.0 255.0 0.0129969122938 -0.185366574666 0.232358840295 -0.165170152842 -0.0317215758485 
0.0 0.0 0.0 0.0 0.0 0.0 0.0 0.0 0.0 0.0 0.0 0.0 236.0 237.0 255.0 0.232358840295 -0.165170152842 0.236780494725 0.00031005609181 0.0317215758485 
0.0 0.0 0.0 0.0 0.0 0.0 0.0 0.0 0.0 0.0 0.0 0.0 231.0 239.0 255.0 0.236780494725 0.00031005609181 0.0278920117904 -0.171006853127 0.0 
0.0 0.0 0.0 0.0 0.0 0.0 0.0 0.0 0.0 0.0 0.0 0.0 211.0 249.0 255.0 0.0278920117904 -0.171006853127 0.244903774907 -0.33 0.0 
0.0 0.0 0.0 0.0 0.0 0.0 0.0 0.0 0.0 0.0 0.0 0.0 183.0 250.0 255.0 0.244903774907 -0.33 0.15193892952 -0.183776437872 0.0 
0.0 0.0 0.0 0.0 0.0 0.0 0.0 0.0 0.0 0.0 0.0 0.0 159.0 250.0 255.0 0.15193892952 -0.183776437872 0.243706454799 -0.147209227364 0.0 
0.0 0.0 0.0 0.0 0.0 0.0 0.0 0.0 0.0 0.0 0.0 0.0 131.0 250.0 255.0 0.243706454799 -0.147209227364 0.0502116201765 -0.0867135082942 0.0 
0.0 0.0 0.0 0.0 0.0 0.0 0.0 0.0 0.0 0.0 0.0 0.0 118.0 253.0 255.0 0.0502116201765 -0.0867135082942 0.188154078315 0.112716308766 -0.0317215758485 
0.0 0.0 0.0 0.0 0.0 0.0 0.0 0.0 0.0 0.0 0.0 0.0 115.0 255.0 255.0 0.188154078315 0.112716308766 0.0447461068152 0.255142558067 0.0317215758485 
0.0 0.0 0.0 0.0 0.0 0.0 0.0 0.0 0.0 0.0 0.0 0.0 113.0 255.0 238.0 0.0447461068152 0.255142558067 -0.175345050471 -0.0466252366563 0.0 
0.0 0.0 0.0 0.0 0.0 0.0 0.0 0.0 0.0 0.0 0.0 0.0 107.0 255.0 255.0 -0.175345050471 -0.0466252366563 0.00774610266475 0.138886541132 -0.0280217938329 
0.0 0.0 0.0 0.0 0.0 0.0 0.0 0.0 0.0 0.0 0.0 0.0 106.0 255.0 242.0 0.00774610266475 0.138886541132 -0.00564813831614 0.0341578737328 0.0280217938329 
0.0 0.0 100.0 0.0 0.0 0.0 0.0 0.0 0.0 0.0 0.0 0.0 107.0 255.0 234.0 -0.00564813831614 0.0341578737328 0.0689663508698 0.135801665251 0.0 
0.0 0.0 100.0 0.0 0.0 0.0 0.0 0.0 0.0 0.0 100.0 0.0 108.0 255.0 220.0 0.0689663508698 0.135801665251 0.176720245881 0.315707452076 0.0278852388841 
0.0 0.0 100.0 0.0 0.0 100.0 0.0 100.0 0.0 0.0 100.0 0.0 112.0 255.0 181.0 0.176720245881 0.315707452076 0.0148947023584 0.33 0.0325668944905 
0.0 0.0 0.0 0.0 0.0 100.0 100.0 100.0 0.0 0.0 0.0 0.0 118.0 255.0 138.0 0.0148947023584 0.33 -0.0014964130988 0.17356456801 0.0553628163573 
0.0 0.0 0.0 0.0 0.0 0.0 100.0 100.0 0.0 0.0 0.0 0.0 119.0 255.0 118.0 -0.0014964130988 0.17356456801 0.125701106913 0.172344490122 0.0938174004168 
