nrollouts: 10
# HEADER 1
0.0 1.52238653378 0.0 1.05105352171 0.0 0.867399608851 0.0 0.0 0.0 1.84758308509 0.0 2.03515635751 133.0 247.0 255.0 0 0 0.0027298701027 0.0323220385292 
1.04096186012 0.22237556769 0.0 0.0 0.760772160894 0.0 0.0847618640293 0.0 0.0 0.0406129632218 0.18017477198 0.73989773668 133.0 244.0 255.0 0.0027298701027 0.0323220385292 -0.0636215112323 -0.0882870569971 
1.24964778357 0.952666801616 1.97127286933 0.407144246125 0.589608121269 0.0 0.0 0.0 2.51142059359 3.27765927107 1.38015116116 2.25040160616 133.0 245.0 255.0 -0.0608916411296 -0.0559650184679 -0.0569642976825 0.139603861918 
0.0 0.0 0.0 0.0 0.127155721176 0.0 0.0 0.0 0.0252910876347 0.374262303774 0.0 0.0 137.0 243.0 255.0 -0.117855938812 0.0836388434505 0.0668898626984 0.267551776536 
1.14847411004 0.0 0.0 0.0 0.0 0.0 0.0 0.0 0.68894117485 0.0 0.0 0.288050020353 142.0 223.0 255.0 -0.0509660761137 0.333333333333 0.0394446395551 -0.00301130052391 
0.227225874327 0.0 1.71719370475 0.277253176924 0.196083574741 1.2611940395 0.0 0.443434933158 0.0 0.0 0.224074956182 0.677311727578 146.0 219.0 250.0 -0.0115214365586 0.330322032809 -0.098118125399 0.0561719526335 
0.0 1.64974053297 1.44358175958 0.0 0.0 1.54487215692 0.0 0.81655235092 0.0629680772006 0.223226988799 0.349413793384 0.843159297593 152.0 218.0 230.0 -0.109639561958 0.333333333333 0.00196261670019 -0.00317708652428 
0.0 0.0 1.56321796745 0.297625026541 0.745171614821 0.0646556926969 0.0 2.13459431232 0.376540286108 0.263380741933 1.49184140072 0.4705926713 160.0 214.0 209.0 -0.107676945257 0.330156246809 -0.0297810237714 -0.266571548644 
1.52478990689 0.461056800899 0.0 0.0 0.0 1.96200583315 0.0 0.539766392783 1.36364828404 0.185675405144 1.63044476703 2.30671578897 169.0 206.0 198.0 -0.137457969029 0.0635846981654 -0.0605908148131 -0.118719228344 
0.0 0.0 0.0 0.0 0.0 0.0 0.0 0.0 0.0 0.0 0.0 0.0 177.0 191.0 210.0 -0.198048783842 -0.0551345301791 0.0506149400422 -0.054467761726 
0.0 2.09564782644 0.0 0.0 0.769238219816 0.0 0.0 0.0 0.0 0.128761206801 0.0 0.0 184.0 174.0 238.0 -0.1474338438 -0.109602291905 -0.135385975373 -0.0842486109626 
0.0 0.0 0.0 0.0 0.0 0.0 0.0 0.0 0.0 1.55955519123 0.0 0.0 195.0 175.0 251.0 -0.282819819172 -0.193850902868 0.079860720299 -0.00559455191687 
0.0 0.0 0.0 0.847635604943 0.0 0.0 0.0 0.0 0.0 0.0 0.0 0.0 205.0 182.0 255.0 -0.202959098873 -0.199445454785 -0.0993348529143 -0.0286076943834 
1.31258609823 0.0 1.24539912307 0.0 0.949882371342 0.789226726864 0.0 0.0 0.0647329403986 0.0 0.0 0.631611619518 216.0 195.0 255.0 -0.302293951788 -0.228053149168 0.183406648576 0.0257318209291 
0.0 0.439034387496 0.0 0.302810451759 0.0534323412067 0.24814788548 0.0 1.339005928 1.34721851567 0.237395304295 0.0 1.34768203969 229.0 211.0 255.0 -0.118887303212 -0.202321328239 -0.0469350007471 0.0569302682242 
0.186543057179 0.0 0.0 0.0 0.0 1.06748288563 0.0 0.464917604854 0.0701320867796 0.668802557796 0.0 0.0 231.0 229.0 255.0 -0.165822303959 -0.145391060015 0.0875794141309 -0.0647771918713 
0.0 0.0 0.0 0.0 0.0 0.0 0.0 0.0 0.0 0.0 0.0 0.0 231.0 243.0 255.0 -0.0782428898279 -0.210168251886 -0.162745735628 0.0216493750409 
0.0 0.198461563264 0.0 0.297172178458 0.501144522583 0.0 0.0 0.0 0.0 0.0 0.0 0.0 233.0 249.0 255.0 -0.240988625456 -0.188518876845 -0.184274470819 -0.0177705735503 
0.0 0.0 0.489388918486 0.0 0.926106589945 0.0 0.0 0.0 0.472073860025 0.0 0.623120346869 0.529352348012 234.0 249.0 255.0 -0.333333333333 -0.206289450395 -0.0724966102018 0.0690941508876 
0.0 0.0 0.0 0.0 0.0376722245974 0.0 0.0 0.0 0.0740394388207 0.230443856649 0.690524404032 0.0 235.0 249.0 255.0 -0.333333333333 -0.137195299508 0.124457577462 0.0630053705623 
0.0 0.0 0.0 0.0 0.242017339774 0.0 1.1647653464 0.0 0.0 1.0146238595 0.0 0.0 235.0 249.0 255.0 -0.208875755871 -0.0741899289455 0.00329738463327 0.0649835739216 
0.0 0.0 0.0 0.680037090935 0.135194880618 0.0 0.402696215593 0.0 0.375198779954 0.0 0.0 0.0 235.0 249.0 255.0 -0.205578371238 -0.00920635502391 0.0318605204513 0.176118094636 
0.0 0.0 0.526933263394 0.146719744662 0.586809743284 0.0271071197062 0.687236297998 0.0 1.99388470161 0.830653021761 1.42902474994 0.0 235.0 245.0 255.0 -0.173717850786 0.166911739612 -0.00992977579733 -0.00190950984303 
0.0 0.371973344306 0.0 0.232159780985 0.0 0.0 0.0 0.0 2.39295543813 0.0 1.54632666707 0.535568719673 235.0 231.0 255.0 -0.183647626584 0.165002229769 0.0639330149978 -0.0337992068062 
0.528407032779 0.0 0.0474251596588 0.0 0.0 0.610441400224 0.0 0.0 0.0 0.0 0.0 0.0 235.0 217.0 255.0 -0.119714611586 0.131203022963 0.130583277045 -0.154689505457 
0.681853123055 0.315856980686 0.0 0.0 0.525839620344 0.154755670294 0.0 0.0 0.0 0.0 0.0 0.0 235.0 212.0 255.0 0.0108686654595 -0.0234864824937 -0.208363965675 0.0582404204846 
0.0 0.0 0.0 0.0 0.778357398203 0.0 0.0 0.0 0.0 0.916335139352 0.170083176611 0.0 235.0 214.0 255.0 -0.197495300216 0.0347539379909 0.0961134891336 -0.00167991662901 
0.0 1.45646280058 0.0 0.0 0.0 0.0 0.0 0.0 0.624397794125 2.54161556468 0.0 0.705480719341 235.0 207.0 255.0 -0.101381811082 0.0330740213619 0.109224261603 -0.00365117310273 
0.0 0.0 0.0 0.0 0.0 0.0 0.0 0.0 0.0898255017189 0.0 0.0 0.0 235.0 201.0 255.0 0.00784245052055 0.0294228482592 0.000754077631744 0.0125811046528 
0.0 0.0 0.0 0.239232655655 0.0 0.0 0.0 1.1964446128 0.565555234247 0.271436703904 0.0 0.467114288056 235.0 196.0 255.0 0.00859652815229 0.042003952912 -0.0398115280285 0.207476992843 
0.0 0.0 0.0 0.0 0.0 0.0 1.22668067613 0.0 0.0 0.0 0.0 0.0 235.0 183.0 255.0 -0.0312149998762 0.249480945755 0.152671234348 -0.0774367218457 
0.0 0.0 0.0 0.0 0.0155098071506 0.0 0.153292049675 0.0 0.0 0.268313505774 0.0 0.0 235.0 169.0 253.0 0.121456234472 0.172044223909 -0.105360478445 -0.0389255631153 
0.0 0.0 0.0 0.0 0.0 0.0 0.0 0.0 0.0 0.795498595655 0.0 0.0 235.0 157.0 246.0 0.0160957560267 0.133118660794 -0.0521872627003 -0.0346811163324 
0.0 0.0 1.69344642173 0.0301966167718 0.0 0.0 0.0 0.0 1.23478087757 0.943761599403 0.446403977557 0.130897217533 234.0 150.0 241.0 -0.0360915066736 0.0984375444615 -0.10448093288 0.0506192175229 
0.655275974445 1.34476072903 0.0 0.922845574081 0.0 0.860348629484 0.0 0.0 0.427977715808 0.305025385042 0.45729512772 0.563698510407 235.0 143.0 235.0 -0.140572439553 0.149056761984 -0.0616431062467 -0.164586013045 
0.0 0.0 0.0 0.0 0.0 0.0 0.0 0.0 0.0 0.216501154943 0.0 0.0234682850555 235.0 139.0 236.0 -0.2022155458 -0.0155292510602 -0.0128100358931 -0.0244440831139 
0.0 0.0 0.0 0.0 0.0 0.0 0.0 0.0 0.665420557911 0.0 0.0 0.0 235.0 142.0 243.0 -0.215025581693 -0.0399733341742 -0.0421408292498 -0.0558132060091 
0.460847613369 0.0 0.570883225264 0.0 0.653513567381 0.0 0.0 0.0 0.0 3.04875036612 0.0 0.0 235.0 153.0 250.0 -0.257166410943 -0.0957865401833 -0.144699870313 0.0996885082176 
0.0 0.0 0.0 0.0 0.0 0.0 0.0 0.0 1.22029355495 2.21129046998 0.0 0.0 235.0 158.0 253.0 -0.333333333333 0.00390196803432 -0.145559675299 -0.0437691489912 
0.0 0.0 0.0 0.0 0.0 0.0 0.0 0.0 0.0 2.78914830226 0.0 0.0 235.0 161.0 255.0 -0.333333333333 -0.0398671809569 -0.205202191048 -0.0661318610513 
0.0 0.0 0.0 0.580358868716 0.0 0.0 0.77333941667 0.0 0.0201724809193 0.0 1.571017052 0.465147817211 236.0 173.0 255.0 -0.333333333333 -0.105999042008 0.167614149129 -0.044025939685 
0.280566332577 0.0 0.0 0.0 0.912642368565 0.0142178359247 0.0 1.09697449095 0.00373872932411 0.0 0.0 0.0 236.0 197.0 255.0 -0.165719184205 -0.150024981693 -0.030737272715 -0.0423280157399 
0.0 0.0 0.489650650933 0.227770133299 0.0 1.78458393337 0.641329818749 0.570707858506 0.487651695258 0.171644799087 0.25301795368 1.26284451373 235.0 222.0 255.0 -0.196456456919 -0.192352997433 0.0625598481506 0.0139453513392 
0.0 0.0 0.0 0.0 0.0 1.0460353844 0.777507872349 0.0 0.494917945854 0.0 0.0 1.193438156 235.0 239.0 255.0 -0.133896608769 -0.178407646094 -0.0584862450927 0.119435761915 
0.0 0.0 0.0 0.0 0.0 0.0 0.0 0.0 0.0 0.0 0.0 0.0 236.0 248.0 255.0 -0.192382853862 -0.0589718841783 -0.115756164783 -0.0571807020346 
0.0 0.170335285911 0.0 0.214517493149 0.0 0.0 0.0 0.0 0.0 0.0 0.0 0.0 236.0 248.0 255.0 -0.308139018645 -0.116152586213 0.150189645072 -0.0319982142602 
0.0 0.0 0.0 0.0 0.0 0.0 0.399562853594 0.0 0.434995277457 0.0 0.0 0.0 236.0 248.0 255.0 -0.157949373573 -0.148150800473 0.0998581009426 0.0404411296655 
0.0 0.0 0.0 0.0 0.533945189251 0.633892276894 0.0 0.0 0.119777897066 0.0 0.100195485422 0.0 235.0 248.0 255.0 -0.0580912726304 -0.107709670808 -0.0821455567812 -0.0534734113791 
0.0 0.540940091156 0.0 0.0912979117264 0.651592412314 0.0 0.0 0.0 0.302293757028 0.0 0.0 0.0 235.0 248.0 255.0 -0.140236829412 -0.161183082187 -0.0430707525697 0.0483833939136 
0.0 0.0 0.0 0.427401387549 0.152623077622 0.0 0.0 0.339526610862 0.398817829199 0.0 0.0 0.636066678857 235.0 248.0 255.0 -0.183307581981 -0.112799688273 0.0976211523922 0.060795535493 
0.0 0.0166235568353 0.0 0.322612520841 0.035380015998 0.0 0.813826166994 0.078900851033 0.0565109540375 0.0 0.0 0.577278574656 235.0 248.0 255.0 -0.0856864295891 -0.0520041527803 -0.218949640464 0.00126365294038 
0.0 0.0 1.0891326652 0.0 0.0335097693786 0.0 0.0 0.0 0.269959185214 0.0 0.0 0.576086177323 235.0 248.0 255.0 -0.304636070053 -0.0507404998399 0.116530873418 -0.0178252609043 
0.0 0.605023013488 0.0 0.321658956028 0.0 0.266329289503 0.0 0.648183185203 0.491788650153 0.0 0.0 0.0 235.0 248.0 255.0 -0.188105196635 -0.0685657607442 -0.0370783917605 0.123373379891 
0.0 0.0 0.251426767799 0.149263423844 0.0 1.13419585078 0.594921444216 0.614488017316 0.0 0.269979018886 0.0 1.12670727497 235.0 247.0 255.0 -0.225183588396 0.0548076191466 -0.138960226621 -0.0369957383073 
0.547617187391 0.0 1.38167094399 0.427447296743 0.0 0.0 0.0 0.613502720188 0.0 0.0 0.723640400654 0.599713857753 235.0 242.0 255.0 -0.333333333333 0.0178118808393 0.0140640280071 0.0843893779744 
0.0 0.0 0.0 0.353872099984 0.0 0.0 0.0 0.0 0.434236020452 0.0 0.360543532535 0.0 235.0 234.0 255.0 -0.319269305326 0.102201258814 0.0520968511566 -0.13344181925 
0.44362132705 0.0 0.372312193669 0.0 0.957411748054 0.0780472710027 0.0 0.0 0.0 0.0 0.963762487477 0.124650284781 236.0 232.0 255.0 -0.26717245417 -0.0312405604366 0.0158750848461 -0.0510948980036 
0.0 0.0 0.0 0.0 0.0 0.0 0.0 0.0 0.47997277624 1.38817225445 0.363223958433 0.568560295037 235.0 242.0 255.0 -0.251297369324 -0.0823354584402 -0.0268040424125 0.13666632858 
0.0 0.0 0.0 0.0 0.0 0.0 0.0 0.0 0.0 1.04404936657 0.723867192353 0.0 235.0 244.0 255.0 -0.278101411736 0.0543308701401 -0.00194344378891 -0.0310888809135 
0.0 0.0 0.0 0.357730076923 0.0 0.0 0.0 0.0 0.0 0.0 0.0 0.0 235.0 238.0 255.0 -0.280044855525 0.0232419892266 -0.0258898798915 -0.0631845627211 
0.0 0.0 0.0 0.135735178499 0.0 0.802123109392 0.620265701684 0.0 0.0333374604534 0.25552962653 0.894279304931 0.512561323423 235.0 239.0 255.0 -0.305934735417 -0.0399425734945 0.15751381937 -0.160933025531 
1.1555929824 1.1048699449 0.220339899869 0.835216587843 0.401098690923 0.0 0.0 0.354401294064 0.567705446403 2.33880987757 0.690179301981 0.0 236.0 249.0 255.0 -0.148420916046 -0.200875599025 -0.098071619194 -0.013280724953 
0.0 0.0 0.0 0.0 0.0 0.0 0.0 0.518523224063 0.528663689532 0.0 0.0 0.0 235.0 249.0 255.0 -0.24649253524 -0.214156323979 -0.00818924596431 0.0711652539858 
0.0 0.0 0.393232263792 0.0 0.0427226176392 0.971782342035 0.578803033235 0.0 0.277811732637 0.029678562016 0.590985786223 0.175194012208 235.0 249.0 255.0 -0.254681781205 -0.142991069993 -0.00256314399969 0.11147451229 
0.0 0.0 0.0 0.330521830399 0.0 1.21140515571 0.0 0.0 0.0 0.0 0.0 0.134172787968 235.0 249.0 255.0 -0.257244925204 -0.0315165577023 -0.0666780819823 0.0433001080731 
1.35903506667 0.0 0.0 0.337929685328 0.0 2.82357801016 0.0 0.0 0.0 0.0 1.50053775757 0.0 235.0 249.0 255.0 -0.323923007187 0.0117835503707 0.0562864547597 0.0848768062966 
0.0 0.485365593071 0.0 0.0 0.494802687209 0.0 0.331180904955 0.527623294182 0.905796419133 0.389865946876 0.0 0.453242332935 235.0 244.0 255.0 -0.267636552427 0.0966603566673 0.109055292923 -0.0909969110566 
0.0 0.374318814042 0.0 0.0 0.0 0.323173439091 0.0 0.0 0.502505583042 0.0 0.0 0.0 235.0 238.0 255.0 -0.158581259504 0.00566344561078 -0.0841717189758 0.0290227273484 
0.0 0.122666965028 1.96322427334 0.314436527371 0.422100506082 0.527347083821 0.0 1.38227480451 0.0 0.0 0.0 0.554010990536 235.0 235.0 255.0 -0.24275297848 0.0346861729592 -0.23885212025 0.118952248634 
0.0 0.0 0.0 0.0 0.0919549264243 0.0 0.029800502011 0.0194997687044 0.441114418424 0.0 0.0 0.0 235.0 222.0 255.0 -0.333333333333 0.153638421594 -0.0510814886858 0.0347522002858 
0.473041080389 0.0 0.475232520684 0.0 0.0 0.164211733346 0.0 0.0 0.0 0.26402961596 0.0 0.0 235.0 204.0 255.0 -0.333333333333 0.188390621879 -0.211027140707 -0.109527167176 
0.0 0.0 0.0 0.0 0.0 0.0 0.0 0.0 2.71469722989 3.05829268742 0.0 0.0 235.0 191.0 255.0 -0.333333333333 0.0788634547033 -0.0212030663077 -0.134040477712 
0.181233063943 2.2907283694 0.491218404673 0.0 0.0 0.0 0.0 0.0 0.888988067585 2.00646192176 0.0 0.0 235.0 192.0 255.0 -0.333333333333 -0.055177023009 0.0514096061406 -0.112349784797 
0.0 0.0 0.65636067679 0.0 0.0 0.0 0.0 0.0 0.0 0.0 0.279644663413 0.0 235.0 212.0 255.0 -0.281923727193 -0.167526807806 -0.0224537811108 -0.099636290726 
0.0 1.454343663 0.61156621207 0.0 0.0 1.09650292639 0.0 0.0 0.0 0.220483655693 0.0 0.665545714104 235.0 233.0 255.0 -0.304377508304 -0.267163098532 0.0376906179691 -0.0324680677759 
0.11124310726 0.0 0.0 0.715389138119 0.516358133858 0.0 0.0 0.00653540446053 0.0401505827203 0.257659383978 0.0 0.442024281037 235.0 250.0 255.0 -0.266686890334 -0.299631166308 0.0474177539183 0.00577001091268 
0.0 0.0 0.869300851258 0.0 0.0 0.0 0.448545574594 0.284411018641 0.0 1.75806809628 0.659032464989 0.0 235.0 249.0 255.0 -0.219269136416 -0.293861155395 0.0838040047104 -0.0751964344885 
# HEADER 2
0.0 0.0 0.0 0.0 0.0 0.0 0.0328170384923 0.417251868013 0.828603811308 0.0 0.0 0.149044816026 132.0 246.0 255.0 0 0 0.0500918128586 -0.140565962027 
0.0 0.0 0.0 0.0 0.0 0.0 0.0 0.0 0.0 0.0 0.0 0.0 133.0 250.0 255.0 0.0500918128586 -0.140565962027 -0.0721287390321 0.120930460364 
0.0746168902687 0.0 0.0 0.17071684109 0.0 0.0 0.0 0.0 0.00265260896 0.0 0.0 0.0 133.0 251.0 255.0 -0.0220369261735 -0.0196355016624 -0.0725354429061 0.142318202352 
0.691296016645 0.0 1.10459717904 0.0 0.0 0.0 1.39368891262 0.0 0.490952780403 0.452137660762 0.0 0.756384253074 135.0 250.0 255.0 -0.0945723690796 0.12268270069 -0.058946443508 0.0383979256899 
1.09111667235 0.0 0.0 0.453293584045 0.0 0.0 0.676134538823 0.0 0.248033526924 0.38030689525 0.0 1.84741450742 143.0 240.0 255.0 -0.153518812588 0.16108062638 -0.192558903062 0.152685891892 
0.534596366458 0.0 0.174691560806 0.0 0.744043257749 0.765370106249 0.0 0.0 0.0 1.01956016445 0.0 0.473336805054 154.0 214.0 255.0 -0.333333333333 0.313766518272 0.0929266307673 -0.0359674779864 
0.0 0.0 1.9991907416 0.0 1.50545122049 0.0 0.0 0.216491707802 0.0 0.0 0.0 0.0 165.0 189.0 255.0 -0.240406702566 0.277799040285 0.0843304144944 -0.0258284918576 
0.0 0.0 0.0 1.95509381288 0.107679260978 2.02891613387 0.0 0.0 0.0 1.91757941854 0.0 0.0 177.0 179.0 241.0 -0.156076288072 0.251970548428 0.0146344994991 0.107445792765 
0.0 0.0 0.0 0.0 0.0 0.0 0.0 0.0 0.0 1.69831346893 0.759557193388 0.0 186.0 172.0 221.0 -0.141441788573 0.333333333333 -0.130673815869 -0.0416666992227 
0.0 0.564123600185 0.0 0.0837061020946 0.0 0.0 0.0966701208126 0.0 0.782185378138 0.288175055321 0.0947541447059 0.0 195.0 166.0 197.0 -0.272115604441 0.291666634111 -0.0104427600293 0.0225697984792 
0.0 0.0 0.0 0.0 0.41214556246 0.434645434225 1.28660675238 0.887163399535 0.662547544551 0.0 0.0 0.0 206.0 155.0 176.0 -0.282558364471 0.31423643259 0.0688947662193 0.0128322686931 
0.0 0.0 0.0 1.23966715459 0.0 0.942975830753 1.89733095261 0.420125324257 0.691427779774 0.258430177791 0.0 0.0 218.0 139.0 154.0 -0.213663598251 0.327068701283 0.0139358223969 -0.142839217915 
1.44310323347 0.0 0.0 0.0 0.756675511553 0.0 1.03028633349 0.553177625123 0.0 0.0 0.641914976097 0.0 228.0 124.0 138.0 -0.199727775854 0.184229483368 -0.237981546562 -0.150007020738 
0.0 0.0 0.0 0.0 0.0 0.0 1.42275294687 0.00825556642161 0.0 0.0 0.0 0.0 230.0 122.0 131.0 -0.333333333333 0.0342224626293 -0.0810445308025 -0.0539531601332 
# HEADER 3
0.192515415451 0.0 0.179352146947 0.28563873268 0.53854119245 1.06202916908 0.0 0.0 0.0 0.0 0.270209117917 0.0538116534006 132.0 247.0 255.0 0 0 -0.0279395326889 -0.0078608008772 
0.0 0.0 1.16807750423 1.0949121216 0.0 0.0 0.0 0.0 0.0 0.0 0.0 0.0 132.0 247.0 255.0 -0.0279395326889 -0.0078608008772 -0.131389795413 -0.052704114951 
1.09820820165 1.16081531971 2.91744537272 0.0 0.0450749566738 0.786911401543 0.0 0.154271947885 0.749598128831 2.01268003137 0.0 1.33778528132 132.0 250.0 255.0 -0.159329328102 -0.0605649158282 -0.0267204198029 0.10161140741 
0.0 0.040120070106 0.489931807085 0.0 0.0 0.0 0.0 0.0 0.409393064791 0.5313172777 0.0 0.0 132.0 251.0 255.0 -0.186049747905 0.0410464915813 0.0202901227444 -0.126164549126 
0.0 0.0 0.0 0.0 0.0 0.898810653607 0.670981479184 0.379775083871 0.0 0.0 1.52152180577 0.0 132.0 251.0 255.0 -0.16575962516 -0.085118057545 -0.163404958147 0.0956684655345 
1.66340953528 1.02401848012 0.538712046581 0.0 0.601864094055 1.10553036022 0.0 2.26947238376 1.12376159566 1.0670164332 0.336904954293 0.640563242616 137.0 251.0 255.0 -0.329164583308 0.0105504079896 -0.0627506001115 0.0346229033561 
0.303440260369 1.03758225909 0.0 0.0 0.936526386082 0.0 1.3664127103 0.0 0.0 0.0 0.0 0.712036197351 151.0 246.0 255.0 -0.333333333333 0.0451733113456 -0.0621455178435 0.052468701908 
0.156810451791 0.0 0.0 0.0 0.0 0.0 1.12906205407 0.0 0.437897151504 0.0 0.0 0.0 164.0 228.0 255.0 -0.333333333333 0.0976420132536 -0.0927281810747 -0.0090995064211 
0.0 0.0 0.0 0.0 0.0288251835415 1.79977620532 0.0 0.0 1.37193232158 1.11097889517 1.52004021574 0.0 177.0 208.0 255.0 -0.333333333333 0.0885425068325 -0.0224765323937 -0.103799765076 
0.0 0.0 0.204947542156 0.346032288902 0.0 0.0 0.0 0.0 0.0 0.0480758640289 0.0 0.0 192.0 195.0 255.0 -0.333333333333 -0.0152572582432 -0.148267074227 0.0873541255501 
0.0 0.518524520395 0.727597706027 0.0 0.0474311234162 0.0844851234216 0.735343709864 1.59073080193 0.276078989844 0.172162474507 0.0 0.543990148965 204.0 186.0 255.0 -0.333333333333 0.0720968673069 -0.0188593303081 -0.0636419872798 
0.0 0.0 0.0 0.0 0.0 0.0 0.0 0.0 0.0 1.43949496085 0.0 0.0 216.0 174.0 255.0 -0.333333333333 0.00845488002715 -0.177698789815 0.0616165583468 
0.0 1.87698281709 0.0 0.0 0.195259641099 0.479161626128 0.0 0.40576349021 0.0 0.0 1.07498805227 1.41824512661 228.0 164.0 250.0 -0.333333333333 0.0700714383739 0.0441590033091 0.0308188724353 
0.0 0.817976765165 0.0 0.0 0.0 0.0 0.121452360917 0.945357412491 0.0 0.0 0.0 0.0 230.0 156.0 246.0 -0.289174330024 0.100890310809 -0.0642512071729 0.124676314169 
0.666149167813 2.70727462144 2.87174688302 0.107654248881 0.49911315026 0.0 0.0 0.0 0.302328316452 3.25925279169 0.0 2.03368465893 231.0 148.0 239.0 -0.333333333333 0.225566624978 0.102559394994 -0.0755068423254 
0.633846042168 0.0 0.0 0.0 0.0 0.0 0.777849568043 0.0 1.27744251481 0.283203856665 0.0 1.53281742544 233.0 137.0 231.0 -0.230773938339 0.150059782653 0.0214534014333 -0.0939633041951 
0.0 0.0 0.0 0.0 0.428815424984 0.0 0.0 0.0456085294425 0.0 0.314452827213 1.62264629806 0.0 235.0 129.0 223.0 -0.209320536906 0.0560964784579 -0.12173814082 -0.0740578606778 
1.19781184824 2.30528475892 0.903113103698 1.08240540027 1.54637356034 0.950487022024 0.0 0.0 1.02256322476 4.549086149 0.596885021152 1.83798197802 235.0 129.0 226.0 -0.331058677726 -0.0179613822199 -0.0126829067673 0.00554342714387 
0.25217226242 0.291608395191 0.0 0.0 0.453588655317 0.0 0.479394240363 0.421770343388 0.398097579493 0.723829289969 0.393129601719 0.513753673263 235.0 131.0 233.0 -0.333333333333 -0.012417955076 -0.110945918796 0.03041530793 
1.40918786067 0.0 0.0 0.0 1.1228676856 0.185481340037 0.0 0.0 0.0 0.195139231178 0.0 0.0 235.0 132.0 235.0 -0.333333333333 0.017997352854 0.133785599295 0.151249533452 
0.0 0.0822933400776 0.192650252034 0.0 0.0 0.0 0.0 1.47118491018 0.0 0.218180981913 0.0 0.0802143695272 235.0 131.0 228.0 -0.199547734039 0.169246886306 0.0316526757534 -0.0297142993524 
0.238250601106 0.0 1.40142791126 0.317232119639 0.0245489125264 0.0 0.851861245653 0.0 0.0 1.54667186401 0.0 0.595766825672 235.0 123.0 218.0 -0.167895058285 0.139532586954 -0.146895210898 -0.117141982167 
0.0 0.837765043055 0.262968090991 0.364153428144 0.0 0.0793582148493 0.0 0.323033877893 0.0 0.0 0.0 0.603535384018 235.0 120.0 213.0 -0.314790269183 0.0223906047867 -0.0080579702648 -0.0324117201841 
0.0 0.0 0.964158083438 0.0 0.0 0.0 0.0 0.0 2.12625124553 1.09575530853 0.0 0.0 235.0 120.0 216.0 -0.322848239448 -0.0100211153974 -0.0584084641537 -0.152344028722 
0.0 0.0 0.0 0.153009173853 1.80336620967 0.0 0.0 0.0 0.555394706339 0.0 1.61795702034 0.350581330886 235.0 123.0 230.0 -0.333333333333 -0.162365144119 0.0507983041094 -0.00716967814498 
0.0 0.0 0.0 0.0 0.0 0.0 0.314580878593 0.0 0.0 0.0 0.0 0.0 235.0 139.0 244.0 -0.282535029224 -0.169534822264 -0.095562967496 0.0545283045448 
0.0 0.0 0.0 0.317991459425 0.0476523896417 0.171651907215 0.865930057964 0.0 0.0 0.0 0.178958489559 1.30068625327 235.0 151.0 251.0 -0.333333333333 -0.115006517719 -0.0721581309759 0.0245985718179 
0.131144759231 0.0191113749101 0.0 0.0 0.0539008161737 0.661437176663 1.23335599111 0.470101997333 0.0 0.0 0.215030674128 0.0214924145238 235.0 164.0 255.0 -0.333333333333 -0.0904079459015 0.0767081637404 0.130311599573 
0.0 0.0 1.64479500629 0.0 0.585586018423 0.762723477212 0.0 0.0 0.0 0.0 0.0 0.0 235.0 169.0 255.0 -0.256625169593 0.0399036536711 0.021290373685 0.0443214474758 
0.0 0.0 0.174354497946 0.104754426482 0.0 0.217175527828 0.0 0.330434951637 0.0 0.0 0.162253168628 0.245428069389 235.0 165.0 254.0 -0.235334795908 0.0842251011469 -0.0119678344871 -0.0503716272824 
0.28551491338 0.0 0.0 0.0 0.0377447137094 0.208967680292 0.0 0.546125095973 0.0 0.0 0.0 0.144777222231 235.0 160.0 251.0 -0.247302630395 0.0338534738645 -0.095149892896 -0.0550862672346 
0.625190027152 0.0 0.0 0.0 0.928036742469 0.0 0.0 1.34111284603 0.0 0.0 0.0 0.0 235.0 160.0 253.0 -0.333333333333 -0.02123279337 0.0682691783957 0.121201404312 
0.2468533104 0.127037748143 0.0821770866663 0.30430611069 0.0 0.0 0.0 0.0720631344283 0.391866424713 0.708091989815 1.6945368603 0.0906133332828 235.0 160.0 252.0 -0.265064154938 0.0999686109424 0.255289023909 -0.211059372551 
0.0 0.399042869103 0.400070704334 0.0 0.0 0.0 0.616674677519 0.31797014589 0.0 0.289901888724 1.55053490868 0.0 235.0 159.0 255.0 -0.00977513102826 -0.111090761608 0.0597986985652 0.0473502119525 
0.0 0.0 0.280294847164 0.0 0.0 0.0 0.902063994727 0.0 0.0 0.0 0.282192820941 0.0 235.0 171.0 255.0 0.050023567537 -0.0637405496556 -0.290375316817 -0.0613579458417 
0.0 0.0 0.0 0.0 0.0 0.0 0.0 0.0 0.0 0.251501861398 2.40266852005 0.0 235.0 191.0 255.0 -0.24035174928 -0.125098495497 -0.0657736417873 0.187398072455 
0.0 0.0 0.0 0.0 0.0273856597867 0.0 0.0 0.434191592821 0.375576607044 0.0 0.825675109219 0.521538785828 236.0 196.0 255.0 -0.306125391067 0.0622995769581 -0.0151527537923 -0.0923842241075 
0.655984781951 0.51366663109 0.0 0.0 0.445672925643 0.260167601003 0.718180003714 0.0 0.0609449446513 0.0670103654742 0.0 0.510547839147 236.0 197.0 255.0 -0.32127814486 -0.0300846471495 -0.0703078291265 -0.017995754108 
0.29497893487 0.0 0.176041843328 0.307944458764 0.497879762152 0.0 0.121623417619 0.0 0.493314380123 0.0 0.0 0.0 236.0 209.0 255.0 -0.333333333333 -0.0480804012574 -0.111437865529 0.0196760925559 
0.0 0.0 0.528286550418 0.0 0.544576774222 0.484752050445 1.14319695269 0.435908500293 0.0158037513161 0.515190096849 0.0 1.04924771312 236.0 221.0 255.0 -0.333333333333 -0.0284043087015 -0.0321338268448 -0.0548789107912 
0.0 0.980127917574 0.0800173268535 0.361249109211 0.0 1.57485142578 1.45529289509 0.558921176435 0.0 0.0 0.0 0.0970876654461 235.0 232.0 255.0 -0.333333333333 -0.0832832194927 -0.0570489789841 0.11593584447 
0.0 0.0 0.432648434277 1.14978772069 0.0 0.169566819998 0.0 0.0 1.31771175675 0.0 0.613661596994 0.0 235.0 236.0 255.0 -0.333333333333 0.0326526249776 -0.00173838411758 0.0807594917158 
0.0 1.01800170276 2.11907059104 0.68731212654 0.562574219693 0.0150394948776 0.0838977331339 1.5927185918 1.06101414856 1.01198578193 0.0 0.124410666095 236.0 227.0 255.0 -0.333333333333 0.113412116693 0.0411976523138 -0.0439733158073 
0.0 0.0 0.0 1.32671223133 0.0630686432269 0.0 0.0 0.0 0.914929125761 0.280507830001 0.0 0.00557586728326 236.0 214.0 255.0 -0.29213568102 0.0694388008861 0.00876835086599 0.079327035072 
0.0 0.0678178981786 0.0 0.632653767628 0.0 0.659695873628 0.106276168022 0.514702271196 0.0 1.0188475638 0.840181320875 0.14463520212 235.0 199.0 255.0 -0.283367330154 0.148765835958 -0.0224555384135 -0.0295241290824 
0.394488300709 2.00781653611 0.0 0.0 0.761351803161 0.0 0.141259941601 1.02758599309 0.621595068769 0.0 0.911238766897 0.0 235.0 185.0 255.0 -0.305822868567 0.119241706876 0.0490775398686 0.0168831130994 
1.29373687292 2.06841077705 0.584414105825 0.0 0.0 0.951520653029 0.407945267534 1.45707843179 0.0 0.0209995116195 0.162500393777 0.0 235.0 173.0 255.0 -0.256745328698 0.136124819975 0.045475866634 -0.0825824652409 
0.573185876706 0.599943593429 0.0 0.0 0.025120116877 0.331755287594 0.0 1.55670592295 1.05849514324 0.0 0.666299458077 1.27590344849 235.0 165.0 251.0 -0.211269462064 0.0535423547342 0.123535015678 -0.00168281240246 
1.74829932996 1.15375883847 2.00536031222 2.16605269066 0.444560041475 0.0 0.0 0.604118393563 0.930402385162 2.70812448834 0.283518662156 1.00742532276 235.0 161.0 248.0 -0.0877344463862 0.0518595423317 0.114762906852 0.00355464204157 
2.90608895106 0.31783186892 0.0 0.0 0.496786139768 1.36871859893 0.0 0.323634113027 0.396152473205 0.741149607123 0.0 1.87689514354 235.0 156.0 245.0 0.0270284604661 0.0554141843733 -0.0921691723359 -0.228886894512 
0.0 0.0 0.0 0.0 0.0 0.0 0.0 1.06935670679 0.0 0.0 0.0 0.249484000565 235.0 157.0 250.0 -0.0651407118699 -0.173472710139 -0.0405518986652 -0.122082795691 
0.0 0.0 0.0 0.124046468786 0.0 0.579410624865 0.0 0.658382970197 0.0 0.897976120903 0.0 0.0 235.0 174.0 255.0 -0.105692610535 -0.29555550583 -0.0190713980491 -0.00074312742269 
1.16986590241 0.0286478669083 0.218254700154 0.928659181699 0.0 0.0 0.391489884901 0.0 0.0 0.0 0.270138254872 0.0 235.0 204.0 255.0 -0.124764008584 -0.296298633253 0.194223748343 0.0201273136598 
0.0 0.0 0.400648796385 0.189035594949 0.249238145362 0.0 1.41460835119 0.0 0.0 0.0 0.0 0.0 235.0 229.0 255.0 0.0694597397593 -0.276171319593 -0.162339177572 -0.0188268246597 
0.0 0.0 0.528416763809 0.0 0.0561490151911 0.0 0.523537603142 0.0 0.975659378793 0.0328536197171 0.50522578204 0.0111410844167 235.0 246.0 255.0 -0.0928794378124 -0.294998144253 0.0806140381396 -0.00543687294984 
0.0 0.0 0.82657479443 0.258543512387 0.0 0.715786141698 0.0 1.42604961082 0.0 0.450731171712 0.0 0.549162921074 234.0 249.0 255.0 -0.0122653996728 -0.300435017202 0.0625148292292 0.043558203045 
0.0 1.1276944957 0.159345329368 0.740903366927 0.0 0.0 0.222598336412 0.0 0.219493520327 0.0 0.0 0.0 230.0 250.0 255.0 0.0502494295564 -0.256876814157 -0.0638411595196 0.111604373247 
0.0 0.693458693106 0.0 0.18580409385 0.12895463236 0.0 0.0 1.24015576438 0.681642175134 0.0234770581002 0.70400775836 0.427033881789 230.0 250.0 255.0 -0.0135917299632 -0.145272440911 -0.0656214956189 0.027925342148 
0.0 0.545846030562 0.0 0.0 0.0544078994966 0.0 0.0 0.0 0.0 0.263394190994 0.0 0.509578187777 230.0 250.0 255.0 -0.0792132255821 -0.117347098763 0.000284961410416 0.120273152719 
0.206756924615 0.199640216353 0.935996012768 0.0 0.0996882526013 0.0 0.0 0.0 0.0 0.376367622412 0.72451692434 0.0576208699129 231.0 250.0 255.0 -0.0789282641716 0.00292605395573 -0.00131900905853 -0.0497318522908 
0.0 0.412942588881 0.0 0.0 0.0 1.35013694515 0.655947943085 0.0 0.260000874591 0.284077119158 1.00394566969 0.581683241836 232.0 250.0 255.0 -0.0802472732302 -0.0468057983351 -0.046696371753 -0.0541747630858 
0.0 0.823722897333 0.0 0.118620414605 0.790473846787 0.782302442773 0.83310617987 0.0 0.387966746557 0.0 0.0 0.0 234.0 249.0 255.0 -0.126943644983 -0.100980561421 0.0166507822 0.00509067354478 
0.57524171115 0.0 0.0 0.364528795397 0.0 1.01640036899 0.0 1.30638930591 0.497190386929 0.0 1.48762640499 2.22756656604 234.0 249.0 255.0 -0.110292862783 -0.0958898878761 0.00105323472493 0.106034718821 
0.295419951733 0.0 0.0 0.0 0.489726645017 0.0 0.0 0.0 0.0452828376135 0.0 0.0 0.0 235.0 249.0 255.0 -0.109239628058 0.0101448309447 0.0164432102218 -0.0924105212549 
0.0 0.0 0.0728958586823 0.0 0.278112884743 0.718080190541 0.609918127951 1.07634042174 1.44405686881 0.0 0.0 0.0 235.0 249.0 255.0 -0.0927964178365 -0.0822656903102 -0.0298249918983 0.0300043351307 
0.0 0.625984815789 0.523966832889 0.244529028367 1.05592076711 0.984274147765 0.276111678486 0.0 0.0 0.244350185689 0.0 0.593603242589 235.0 249.0 255.0 -0.122621409735 -0.0522613551795 0.0130489757169 -0.0210150597749 
0.43812838792 0.0 0.0 0.0 0.0 0.26916920576 0.833048236264 1.48034730709 1.13154177041 0.0801683442789 0.0 0.792782341162 235.0 249.0 255.0 -0.109572434018 -0.0732764149545 -0.102219998599 -0.0310802196094 
1.69874242305 0.979211988592 0.776971819076 0.408652452555 0.237077929081 2.05425372662 0.0 3.21198973666 0.616816942303 0.0 2.46287175832 0.0 235.0 249.0 255.0 -0.211792432617 -0.104356634564 0.0539686458551 0.0501554634156 
0.795912584699 1.11025033184 2.09429845565 1.74452567861 1.08367892988 0.0 0.0 1.8004451418 1.02973733138 2.68168522564 0.0 0.952790173109 235.0 249.0 255.0 -0.157823786762 -0.0542011711482 -0.129917502697 0.136764190305 
1.70308073829 0.0 0.0 0.0 2.33037251238 0.936586997461 0.372393012158 0.0 0.286055827489 1.28669202093 0.0 0.0 235.0 246.0 255.0 -0.287741289459 0.0825630191567 -0.136009168892 0.0458009799569 
0.498546905562 2.36983830182 0.331961578481 0.231078661022 0.0 0.0268866073584 0.593040180264 1.86151731356 0.0 0.0 2.02070266141 0.0 235.0 236.0 255.0 -0.333333333333 0.128363999114 -0.0451709317535 0.112911729981 
0.041484911874 0.0985482833989 0.0 0.0 0.392691477603 0.17417560158 0.0 0.776945269966 0.655377480034 0.0 0.633793898428 0.0 235.0 217.0 255.0 -0.333333333333 0.241275729094 -0.116653344679 -0.0613062390751 
0.0 0.578620766713 0.580138222149 1.11157339802 0.0 0.0 0.780405236069 0.0 0.0 0.0 0.76804300565 0.0 235.0 198.0 255.0 -0.333333333333 0.179969490019 -0.0674747837173 0.00887307156793 
0.0 0.0 0.0 0.0 0.0 0.0 0.0 0.0 0.0 2.76840300231 0.0 0.0 235.0 182.0 255.0 -0.333333333333 0.188842561587 0.0196097759234 0.00160545327031 
1.56595863557 0.290705717838 0.0 0.0 0.923851848636 1.38597166562 0.0 0.0 0.605837722487 1.61524269053 0.0 1.31595756941 235.0 168.0 252.0 -0.31372355741 0.190448014857 -0.0688614634383 0.116041042768 
0.261666021463 0.0 0.0 0.0 0.0 1.46313495315 0.0 0.295660308786 0.0 0.346344082345 0.0 1.83434676449 235.0 154.0 245.0 -0.333333333333 0.306489057625 0.0663500540631 -0.0602670957835 
0.897942332613 0.652774628009 0.28507982609 0.0 0.0 0.886300560583 0.344976884876 0.0 0.0 0.0 0.0 0.0 235.0 142.0 235.0 -0.26698327927 0.246221961842 -0.0909730282338 -0.0169713090692 
0.0 0.0 0.0 0.0 0.0 0.454738822252 0.0 0.92214139286 0.484744182137 0.134096549263 0.0 0.260761073274 235.0 131.0 225.0 -0.333333333333 0.229250652772 -0.0503221482646 0.0415626559956 
0.0 0.50902793528 1.06067183103 0.0 1.9529035743 0.0 0.0 0.0 1.76231723611 3.49721026054 0.0 0.0 235.0 121.0 211.0 -0.333333333333 0.270813308768 0.195849662679 -0.0119861883372 
0.0 0.39973708641 0.0 0.0 0.106460438856 0.18523165259 0.0 0.0 0.0 0.657550727992 0.0 0.0427041712921 235.0 113.0 196.0 -0.137483670654 0.258827120431 -0.105361343701 -0.119415638746 
0.0 0.757193988583 0.113215764916 0.0 0.0 0.0 0.160021334432 0.0 0.0 0.0 0.0 0.0 235.0 110.0 182.0 -0.242845014355 0.139411481685 0.160759273736 -0.0807192952385 
0.0 1.24667315317 1.14739413232 0.0 0.0 0.0 1.77646285508 1.8122890337 0.0 0.0 0.666865189615 0.46109185192 235.0 110.0 172.0 -0.0820857406194 0.0586921864465 -0.0294380771744 -0.0328861110868 
0.0 0.0 0.0 0.0 0.0 0.0 2.17505234515 0.0 0.0 0.0 0.0 0.0 235.0 109.0 168.0 -0.111523817794 0.0258060753597 -0.0974503575795 -0.0109711529831 
0.0 0.0 0.0 0.0 0.0 0.212647550546 2.33532947824 0.0 0.0 0.0 1.15601246965 0.0 235.0 110.0 168.0 -0.208974175373 0.0148349223766 0.00337156948116 0.0611679135407 
0.0 0.0 0.626095439892 0.321188596349 0.0 0.0 1.61804191482 0.0 0.389973035707 0.215839393405 0.0 0.0 235.0 110.0 164.0 -0.205602605892 0.0760028359173 0.0810374869699 -0.0722519161812 
0.0 0.0 0.0 0.0 1.87508439546 0.0 1.80728588816 0.0 0.0 0.0 0.0 0.0288855674105 235.0 110.0 161.0 -0.124565118922 0.00375091973612 -0.0377107700409 0.0304283503947 
0.0 0.0 0.0 0.0 1.16064939168 0.0 2.63345218821 0.0 0.0 0.0 0.0 0.0 235.0 110.0 160.0 -0.162275888963 0.0341792701308 0.0508288711228 -0.152363167629 
0.0 0.0 0.0 0.0 0.0 0.0 4.59660339011 0.0 0.0 0.0 0.465100072967 0.0 235.0 110.0 171.0 -0.11144701784 -0.118183897498 0.124461475633 -0.172881890126 
1.60370826689 0.607239023442 0.0 0.0 1.11405950312 0.396509569489 0.0297339907566 0.0 1.59638337838 0.0 0.288535044043 0.0 235.0 112.0 201.0 0.0130144577926 -0.291065787624 -0.0225644844983 -0.0383154169864 
0.0 0.0 0.682199232942 0.28904408194 0.0 0.0 0.0 0.316481186655 0.532829609751 0.0 0.673829393629 0.597732059433 235.0 125.0 223.0 -0.00955002670573 -0.32938120461 -0.0901649123926 -0.0172007047255 
0.0 0.0671965587417 0.0 1.21746605838 0.589953181079 0.0 0.0 0.0 0.39089020503 0.0 0.0 0.0 236.0 140.0 242.0 -0.0997149390983 -0.333333333333 0.0391052985955 -0.0346320990176 
0.0 0.0 0.39523779766 1.15326936825 0.0706282384726 0.441207903281 0.102447244535 0.0 1.01370247962 0.489055346497 0.0 0.0 236.0 157.0 254.0 -0.0606096405029 -0.333333333333 -0.0536950096904 0.180109666675 
0.0 0.0 1.53090530466 0.168092277324 0.0 0.376151769846 0.0 0.0 0.273183628848 0.0165289973826 0.0 0.986070860135 236.0 179.0 255.0 -0.114304650193 -0.153223666658 -0.0311270784628 -0.15768334719 
0.0 0.0 0.563215410374 0.0 0.0 2.28055831476 0.260785594671 0.0 1.19900145831 0.273985532414 0.0 0.0991417512361 235.0 207.0 255.0 -0.145431728656 -0.310907013848 0.0563956524019 0.123273208047 
0.0 1.59947208965 0.0 0.259032434835 0.137755842836 0.27827621795 0.78017617255 0.530230522818 0.0 0.355868725392 0.0 0.0 235.0 229.0 255.0 -0.0890360762541 -0.187633805802 -0.163896562742 -0.0267769635564 
0.683844409312 0.155135024738 0.0 0.435027375862 1.37596266338 0.231665630079 0.0 0.624367402412 0.0 0.732161954106 0.0 0.0 235.0 244.0 255.0 -0.252932638996 -0.214410769358 0.0102777701467 -0.0519523013478 
0.0 0.0 1.34512830883 0.0 0.0820701550777 0.762157690237 0.611029190963 1.32850949943 0.0 0.0 2.24306211711 0.358945379834 235.0 248.0 255.0 -0.242654868849 -0.266363070706 0.0270883227568 0.207633861152 
0.116468069762 0.0 0.0 0.644326502378 0.0 0.0 0.00370072560461 0.0 0.0 2.36991627486 1.56309703875 0.0 235.0 248.0 255.0 -0.215566546093 -0.0587292095538 0.14490253054 0.137180611057 
0.0 0.0 0.0 0.0 0.042344152885 0.738157910149 0.0 0.499810443412 1.13387020628 0.0 0.0 1.55271473099 235.0 247.0 255.0 -0.0706640155524 0.0784514015034 0.181319252393 -0.0912410768173 
0.0 0.0 0.0 0.0 0.0 0.782474343591 0.0 1.31099884283 0.0 0.0 0.431631511565 0.0 235.0 244.0 255.0 0.11065523684 -0.0127896753139 0.100350768523 -0.0254104188711 
0.0 0.0 0.0 0.194094219258 0.0370328336055 1.11486469162 0.0 0.213951797386 0.0 0.528215375 0.0 0.714672328846 235.0 249.0 255.0 0.211006005363 -0.038200094185 -0.0164966440131 0.150507920173 
0.0 0.0 0.0 0.0 0.0 0.0 0.0 0.149337277807 0.411196053726 0.0 0.0 2.61030735209 230.0 248.0 255.0 0.19450936135 0.112307825988 0.188920401708 0.107259183292 
0.0 0.0 0.0 1.53762581429 0.0 0.951541214118 0.0 0.101786601934 0.0 0.0 0.0864754665106 1.23292498213 224.0 238.0 255.0 0.333333333333 0.21956700928 0.00152287808435 -0.0170383428647 
0.0 0.6450651885 0.0 0.0 0.0 2.99271493642 0.241511360119 0.0 0.489553813417 0.0 0.0 0.0 211.0 230.0 255.0 0.333333333333 0.202528666415 -0.0201075580368 0.0770426837865 
0.0 0.0 0.0 0.741508307198 0.0 0.116928040682 0.402905535127 2.04781835878 0.0 0.0 0.845329410211 0.0 195.0 220.0 255.0 0.313225775297 0.279571350202 -0.0353218997795 0.0638911512429 
0.0 0.0 0.0 0.0 0.0 0.0 0.951486721233 0.0 0.0 0.064233495289 0.0 3.12571125867 180.0 207.0 255.0 0.277903875517 0.333333333333 -0.0495756500393 0.131868527121 
0.0 0.0 0.628797492367 0.696949020809 0.0 0.519851218145 0.0 0.0 0.0 0.0 0.0 1.37677275533 160.0 197.0 255.0 0.228328225478 0.333333333333 0.0529727646571 -0.0803709115913 
0.0 0.0 0.535860425885 0.0 0.0 0.171834120894 0.00607772864034 0.0 0.86657823794 0.66330683639 1.86889016762 0.0 156.0 209.0 241.0 0.281300990135 0.252962421742 -0.0827763160854 -0.0629425678161 
1.9855356449 1.70599991808 2.14315181074 0.767279379335 2.37727949431 0.587797862578 0.0 1.24568520399 1.25565404045 3.33243515581 1.25882180045 1.90626382576 150.0 223.0 219.0 0.198524674049 0.190019853926 -0.211243620696 0.0314096997767 
0.0 0.0 0.0 0.0 0.0379080172483 6.02956483503 0.0 1.46144162111 0.0 0.388497794401 0.0 0.470691645283 149.0 231.0 198.0 -0.0127189466466 0.221429553703 -0.079285804181 0.0739520715313 
0.0 0.0 0.209490407763 0.0 1.00169017254 1.361925963 0.0 0.0 0.0 0.0 0.0 0.0 152.0 231.0 176.0 -0.0920047508276 0.295381625234 0.0150507375664 0.118830020512 
0.0 0.0 0.0 0.0 0.312328478641 1.41303163519 0.6091338926 1.48452821048 0.0 0.0 0.0 0.0 158.0 230.0 153.0 -0.0769540132612 0.333333333333 -0.0872082547742 0.035172914307 
0.0 0.0 0.0 0.0 0.0 1.69381285102 2.64291440389 1.05820782417 0.0 0.0 0.0 0.0 166.0 224.0 128.0 -0.164162268035 0.333333333333 0.145558484257 -0.00860956694827 
0.0 0.0 0.0 0.0 0.0 0.0 4.60881570494 0.0 0.0 0.0 0.0 0.0 172.0 220.0 108.0 -0.0186037837787 0.324723766385 -0.0187113665562 0.016878507389 
0.0 0.0 0.0 0.0 0.0 0.0 5.83766976519 0.0 0.0 0.0 0.0 0.0 175.0 218.0 84.0 -0.0373151503348 0.333333333333 0.00448715533542 -0.107240093348 
0.0 0.0 0.0 0.0 0.0 0.0 4.91357247345 0.0 0.0 0.0 0.0 0.0 178.0 215.0 69.0 -0.0328279949994 0.226093239985 -0.0612871924996 -0.129488841693 
0.0 1.08730925163 0.0 0.0 1.87537748964 1.92920085304 1.62983363572 0.571072162103 0.0 0.0 0.0 0.0 184.0 204.0 62.0 -0.094115187499 0.0966043982924 0.0151983505561 -0.0976784501975 
0.0 0.0 0.0 0.0 0.0984340535284 0.0791042202713 2.45080468319 0.0 0.0 0.0 0.0 0.0 191.0 193.0 66.0 -0.0789168369429 -0.00107405190514 0.0350992071202 0.158788263001 
0.0 0.0 0.0 0.0 0.0 0.0 0.0 0.973702150012 1.79658801347 2.83104098437 0.0 1.5975819402 197.0 180.0 67.0 -0.0438176298227 0.157714211095 0.038038936229 0.0636009749769 
0.0 0.0 0.0 0.0 0.0 0.0 0.845485755156 0.019919979604 0.902721249755 0.0 0.0 0.0 204.0 165.0 61.0 -0.00577869359371 0.221315186072 0.0251860051359 -0.0162930299352 
1.29712430574 0.434490152887 1.44086552545 0.299245917292 0.0 0.0 0.0 0.0 1.10978465468 2.82033795127 0.0 0.0 208.0 146.0 58.0 0.0194073115422 0.205022156137 0.0761678568406 -0.0745056950415 
0.0 0.0 0.296344425591 1.27371956592 0.0 0.0 0.816875881257 0.0 0.127936708538 1.20917936974 0.567590064238 0.0 208.0 128.0 58.0 0.0955751683828 0.130516461096 -0.0587547178423 -0.0694671188923 
0.0 1.54908551732 0.0 1.71034248199 0.793184443094 0.684159937982 0.0 0.0 0.0 0.105675513921 0.0 0.0 207.0 115.0 58.0 0.0368204505406 0.0610493422034 -0.0917296962587 -0.079600302196 
0.0 0.0 0.0 0.0 0.0 0.0 0.0 0.0 0.0 0.0 0.0 0.0 206.0 110.0 59.0 -0.0549092457181 -0.0185509599927 0.02459240878 -0.00323737568661 
0.0 2.8055178136 0.0 0.0 0.71406763507 0.0 0.0 0.0 0.0 5.19707933208 0.0 0.0 210.0 111.0 64.0 -0.0303168369381 -0.0217883356793 0.000558789725393 0.0460604131773 
0.0 0.0 0.431554064416 0.0 0.178095472659 0.0 0.0 0.0 0.40810486629 3.18159977169 0.0 0.0 213.0 111.0 66.0 -0.0297580472127 0.024272077498 0.0242602990771 -0.138354632645 
1.56739051364 0.0 0.0 0.0 0.0 0.0 0.0 0.0 0.336135185183 2.08588427291 0.0 0.0 216.0 112.0 74.0 -0.00549774813561 -0.114082555147 -0.0679518592671 0.004361862544 
0.0 0.554056314599 0.0 0.0 0.275899514108 0.0 0.0 0.0 0.0 0.0 0.445553246082 0.0 221.0 122.0 88.0 -0.0734496074027 -0.109720692603 -0.00239663220422 -0.0797683248999 
0.0 0.0 0.920633566473 0.0 0.218914615036 0.0 0.0 0.0 0.0 0.0 0.0 0.0 225.0 122.0 116.0 -0.0758462396069 -0.189489017503 -0.160320555873 -0.0248104297772 
0.0 0.0 0.0 0.0 0.0 0.0 3.19015007896 0.0 0.0 0.0 1.17853814324 0.0 228.0 120.0 146.0 -0.23616679548 -0.21429944728 0.059849929077 -0.0377636202094 
0.613668683356 0.458769751328 0.979417087117 0.0 0.0 0.0 0.0 0.0 0.859838792532 3.515891152 0.0 0.0 229.0 120.0 179.0 -0.176316866403 -0.252063067489 0.0874361891526 0.0482384654309 
0.0 0.0 0.0 0.0 0.0 0.0 0.0 0.0 0.0 0.123684526518 0.0 0.0 230.0 121.0 211.0 -0.0888806772507 -0.203824602058 -0.108891499175 0.131544151562 
0.0 0.0 0.0 0.0 0.0 0.0 2.82940395164 0.0 0.0 0.0 0.191582245294 0.0 232.0 131.0 226.0 -0.197772176425 -0.0722804504963 0.0477662253143 0.0378006749988 
0.436577881079 0.0 0.393869968428 0.0 0.0 0.421496088499 0.0 0.0 0.435303581821 2.21293630792 0.0 0.0 235.0 137.0 235.0 -0.150005951111 -0.0344797754975 0.0460826272863 -0.117509322182 
# HEADER 4
0.0 0.0 0.0 1.15372450233 0.0889265668301 0.0 0.0 0.0 0.496230240957 0.25871085555 0.0 0.0 132.0 247.0 255.0 0 0 0.0317980651824 0.117356912406 
0.0 0.0 0.0 0.919589259458 0.763212022296 0.0 0.0 0.0 0.0 0.380987956516 0.0 0.0 130.0 242.0 255.0 0.0317980651824 0.117356912406 0.035695374931 -0.0476363772095 
0.0 0.0 0.0 0.0 0.000292742321177 0.205311720431 0.0 0.526880855052 1.26944824418 0.21065640029 0.0 0.0 128.0 239.0 255.0 0.0674934401133 0.0697205351965 -0.0139728917494 0.0651663270503 
0.0 0.0 0.180399043652 0.390960287479 0.0 0.0 0.227726987957 0.237492316234 0.867899762312 0.0 1.59934761988 0.129885502617 128.0 242.0 253.0 0.0535205483639 0.134886862247 -0.171521769519 -0.0220013226888 
1.98767300723 5.13405926657 1.20368391495 0.0 0.514454326978 1.18238292213 0.0 0.0 0.0 3.78760052714 0.0 0.0 127.0 245.0 241.0 -0.118001221155 0.112885539558 0.0300878539195 -0.0395269034283 
0.0 0.0 0.280552401186 0.0 0.0 0.0 0.0 0.327465445666 0.0 0.0 3.27537370257 0.115931683849 126.0 248.0 233.0 -0.0879133672356 0.0733586361297 -0.0845905027753 0.0253915637008 
0.381095526924 0.663469038383 3.39035753427 0.0 0.0 1.20528833396 0.735323755983 1.98276009063 0.0 0.233017949645 2.08583913626 0.0 128.0 246.0 227.0 -0.172503870011 0.0987501998305 -0.137262900572 -0.0364160144878 
0.0 0.0 0.0 0.0 0.0 1.34432456878 2.70874997321 0.0 0.0 0.0 1.12856840962 0.0 134.0 241.0 222.0 -0.309766770583 0.0623341853427 -0.16898341747 0.0719722466599 
0.479160949259 1.10300732571 0.804527042418 0.0 1.55155629667 3.15750044639 0.0 2.11168481448 0.0 0.0 1.53505088613 0.0 143.0 231.0 219.0 -0.333333333333 0.134306432003 -0.0338253617014 -0.112545765204 
1.4528478555 2.35654166255 3.3011271348 0.370896077355 1.87175452629 5.76165241688 0.0 1.60272874812 2.0228939243 4.55385507513 1.58777570832 1.4544118117 156.0 215.0 219.0 -0.333333333333 0.0217606667984 -0.0342927145142 -0.0122461095028 
0.280084070221 0.172869706213 0.0 0.0160571843432 0.455247435255 0.379388877677 0.0 0.0 0.538769830649 4.04025226775 0.744520021645 1.92273439716 167.0 199.0 224.0 -0.333333333333 0.00951455729563 0.164649126384 0.0201991462669 
0.0 0.451200935807 0.0 0.0 0.0 0.685079982164 0.0 0.0270936784181 0.0 0.703428360002 0.996419674275 0.0 176.0 185.0 227.0 -0.168684206949 0.0297137035625 0.0814302593003 0.0332122710911 
0.0 1.87870656528 0.0 0.0 0.0 0.0 0.0 0.0 0.0 1.68212601171 0.0 0.0 184.0 174.0 225.0 -0.0872539476489 0.0629259746535 0.136379938279 0.177918521714 
0.690558415445 0.0 0.0 2.09180058896 0.0 0.0 0.0 2.16979401175 0.0 0.731739021811 0.0536840847534 0.0 192.0 168.0 212.0 0.0491259906302 0.240844496367 0.0751112474358 -0.0588685679285 
0.0 0.0 0.0 0.0 0.0 0.220047292263 1.35289924844 0.0 0.0 0.0 0.0 0.0 194.0 170.0 191.0 0.124237238066 0.181975928439 0.0528228287856 -0.0444690866225 
0.0 0.0 0.0 0.0 0.0 0.0 3.58133817909 0.0 0.0 0.0 0.0 0.0 189.0 185.0 167.0 0.177060066852 0.137506841816 -0.013310942132 -0.0844300015075 
0.0 0.0 0.0 0.0 0.0 1.24599066628 1.61364847388 0.932543815299 0.0 0.20675601187 0.0 0.0 180.0 202.0 150.0 0.16374912472 0.0530768403088 -0.0372838092743 0.062134332486 
0.0 0.0 0.0 0.0 0.0 0.0 3.34672229426 0.0 0.0 0.0 0.156108353685 0.0 173.0 215.0 136.0 0.126465315445 0.115211172795 0.0104058381287 0.0438459671445 
0.0 0.0 0.0 0.0 0.0 0.803454516685 3.74561282391 0.436650100888 0.0 0.0 0.660466461842 0.0 167.0 228.0 117.0 0.136871153574 0.159057139939 -0.0234434417782 0.052054677664 
0.0 0.0 0.0 0.0 0.0 0.0 7.15350765419 0.0 0.0 0.0 0.0 0.0 162.0 237.0 98.0 0.113427711796 0.211111817603 0.0552376770688 0.0985898130123 
0.0 0.0 0.0 0.0 0.0 0.0 8.3568620844 0.0 0.0 0.0 0.0 0.0 157.0 246.0 75.0 0.168665388864 0.309701630616 0.0290440768988 0.0144088637735 
0.0 0.0 0.0 0.0 0.0 0.0 8.96416197542 0.0 0.0 0.0 0.374308896559 0.0 155.0 247.0 58.0 0.197709465763 0.324110494389 -0.0764221172641 -0.000916422982011 
0.0 0.0 0.0 0.0 0.0 0.0 9.11328390471 0.0 0.0 0.0 0.0 0.0 154.0 247.0 52.0 0.121287348499 0.323194071407 -0.0149385131378 -0.0282273888667 
0.0 0.0 0.0 0.0 0.0 0.0 12.4281139349 0.0 0.0 0.0 0.0 0.0 153.0 245.0 49.0 0.106348835361 0.29496668254 -0.00226887535826 0.0726865919537 
0.0 0.0 0.0 0.0 0.0 0.0 9.68303315408 0.0 0.0 0.0 0.575226386304 0.0 153.0 243.0 48.0 0.104079960003 0.333333333333 0.288430081544 0.0321351553284 
0.0 0.0 0.0 0.0 0.0 0.0 9.37566395031 0.0 0.0 0.0 0.731464103157 0.0 152.0 243.0 47.0 0.333333333333 0.333333333333 0.0631768552419 -0.0311732729325 
0.0 0.0 0.0 0.0 0.0 0.0 10.7759636231 0.0 0.0 0.0 0.0 0.0 149.0 244.0 46.0 0.333333333333 0.302160060401 0.0646539279596 0.0450877328282 
0.0 0.0 0.0 0.0 0.0 0.0 12.5322183055 0.0 0.0 0.0 0.389556372805 0.0 145.0 247.0 45.0 0.333333333333 0.333333333333 -0.0830894920875 0.00160942300205 
0.0 0.0 0.0 0.0 0.0 0.0 12.445632936 0.0 0.0 0.0 0.0 0.0 143.0 247.0 44.0 0.250243841246 0.333333333333 -0.0718625545214 -0.0310142166802 
0.0 0.0 0.0 0.0 0.0 0.0 10.8804271432 0.0 0.0 0.0 0.0 0.0 141.0 247.0 43.0 0.178381286724 0.302319116653 0.194294007859 0.0677161591559 
0.0 0.0 0.0 0.0 0.0 0.0 13.4565144622 0.0 0.0 0.0 0.810042960655 0.0 140.0 248.0 43.0 0.333333333333 0.333333333333 0.0897024402757 -0.112988836846 
0.0 0.0 0.0 0.0 0.0 0.0 13.181597748 0.0 0.0 0.0 0.0 0.0 139.0 248.0 43.0 0.333333333333 0.220344496487 -0.00875386576121 0.0391448928406 
0.0 0.0 0.0 0.0 0.0 0.0 12.3041813387 0.0 0.0 0.0 0.0 0.0 137.0 248.0 43.0 0.324579467572 0.259489389328 -0.0120355315379 -0.0212239725201 
0.0 0.0 0.0 0.0 0.0 0.0 12.1967217073 0.0 0.0 0.0 1.75869930172 0.0 136.0 248.0 43.0 0.312543936034 0.238265416807 -0.175827298524 -0.0113922190559 
0.0 0.0 0.0 0.0 0.0 0.0 12.8718646421 0.0 0.0 0.0 0.0 0.0 135.0 248.0 43.0 0.13671663751 0.226873197752 -0.0416885556706 -0.0159129512368 
0.0 0.0 0.0 0.0 0.0 0.0 11.9399667589 0.0 0.0 0.0 0.139283050964 0.0 135.0 248.0 43.0 0.0950280818395 0.210960246515 -0.015634132186 0.136386796346 
0.0 0.0 0.0 0.0 0.0 0.0 12.2691558545 0.0 0.0 0.0 0.0 0.0 135.0 248.0 43.0 0.0793939496535 0.333333333333 -0.124754438196 -0.0127236048573 
0.0 0.0 0.0 0.0 0.0 0.0 13.5399244341 0.0 0.0 0.0 0.263311553606 0.0 135.0 248.0 42.0 -0.0453604885425 0.320609728476 0.03551286111 -0.0318162016473 
0.0 0.0 0.0 0.0 0.0 0.0 11.8879051931 0.0 0.0 0.0 0.0 0.0 138.0 245.0 41.0 -0.00984762743242 0.288793526829 -0.0903954615772 -0.0246645031293 
0.0 0.0 0.0 0.0 0.0 0.0 10.8464673925 0.0 0.0 0.0 0.0 0.0 144.0 239.0 41.0 -0.10024308901 0.2641290237 0.167232946524 -0.129931777577 
0.0 0.0 0.0 0.0 0.0 0.0 8.34519910664 0.0 0.0 0.0 0.375200044534 0.0 148.0 235.0 41.0 0.0669898575146 0.134197246122 -0.00708109126371 -0.0354860107416 
0.0 0.0 0.0 0.0 0.0 0.0 8.70709163573 0.0 0.0 0.0 0.0 0.0 148.0 235.0 41.0 0.0599087662508 0.0987112353806 0.0701757577258 -0.0220813195368 
0.0 0.0 0.0 0.0 0.0 0.0 8.83253288857 0.0 0.0 0.0 0.718565799345 0.0 147.0 236.0 41.0 0.130084523977 0.0766299158438 0.0942516453591 -0.136018929361 
0.0 0.0 0.0 0.0 0.0 0.0 11.0833885203 0.0 0.0 0.0 1.52787248826 0.0 141.0 246.0 41.0 0.224336169336 -0.059389013517 0.0418525352423 0.0711526707196 
0.0 0.0 0.0 0.0 0.221734661511 0.0 13.1810581395 0.0 0.0 0.0 0.0 0.0 140.0 248.0 46.0 0.266188704578 0.0117636572026 -0.0919883155314 -0.0786683982234 
0.0 0.0 0.0 0.0 0.831364530772 0.0 13.6200842273 0.0 0.0 0.0 0.0 0.0 138.0 254.0 49.0 0.174200389047 -0.0669047410208 0.212376104027 -0.047018937346 
0.0 0.0 0.0 0.0 0.0 0.0 15.75194401 0.0 0.0 0.0 0.0 0.0 138.0 255.0 59.0 0.333333333333 -0.113923678367 -0.0510472305084 -0.034748675583 
0.0 0.0 0.0 0.0 0.0 0.0 20.2701417025 0.0 0.0 0.0 0.0 0.0 136.0 255.0 89.0 0.282286102825 -0.14867235395 -0.0991635854123 -0.215256465584 
0.0 0.0 0.0 0.0 0.0 0.11790766493 13.965226158 0.896718621954 0.0 0.0 0.13650766503 0.0 131.0 255.0 137.0 0.183122517413 -0.333333333333 0.07580403336 -0.101955266182 
0.0 0.0 1.00499732254 0.0 0.811050467474 7.64695195394 4.630535328 5.71003312607 0.0 0.0 4.19091972403 0.0 124.0 255.0 188.0 0.258926550773 -0.333333333333 -0.027869326752 -0.233921742647 
0.0 3.11889188099 9.63277685275 0.0 0.0 5.83825567062 2.70038193862 3.11046028123 0.0 0.0 1.47092729551 3.30370902801 116.0 255.0 231.0 0.231057224021 -0.333333333333 0.165924941932 -0.0129369512648 
0.0 5.17901641025 3.93704555884 0.0 0.0 2.66655364587 2.66759013769 1.58377957046 0.0 0.0 4.75441106669 1.18145084406 109.0 255.0 255.0 0.333333333333 -0.333333333333 -0.3 -0.0386932926173 
2.19346178474 6.00437726007 5.17413256328 0.388367968343 0.899626184522 4.45811148767 1.83685217153 1.79328025813 0.631320155431 0.0 2.44527051346 1.7257508097 108.0 255.0 255.0 0.0333333333333 -0.333333333333 0.0814686067266 0.0790052807357 
0.0 5.4823754678 5.4718930471 0.46268459824 0.0 3.26428273156 1.62026054647 2.13939045111 0.187507717853 0.0 1.00206538607 3.8573165226 109.0 255.0 255.0 0.11480194006 -0.254328052598 0.0187151096366 -0.0818883904141 
0.897303308602 4.53318753179 5.06598441788 0.245181038607 0.441157657768 2.32217404036 1.05280317782 1.8778722046 0.0 1.20746738458 5.72843157241 2.56115380336 108.0 255.0 255.0 0.133517049696 -0.333333333333 -0.0160019714792 0.0654780130484 
0.360272446808 4.92154339321 6.42977452138 0.601030770931 0.0316959254116 2.32157328314 0.574610638039 1.26360217625 0.00988861276361 0.0 4.17553890704 3.32040623379 108.0 255.0 255.0 0.117515078217 -0.267855320285 0.0307071171386 0.00193289364206 
0.0 6.84452204003 7.88692247621 0.0 0.0 4.2566302523 1.37378918457 2.59940407329 0.0 0.0 4.62218187832 1.23201097999 109.0 255.0 255.0 0.148222195356 -0.265922426643 0.0717090615343 0.0782893054713 
0.300968467824 5.43427832211 7.27569561261 1.07646237051 0.0763856181712 3.17532406335 1.70380754244 3.02218206039 0.0 0.0 5.51233136568 2.23439522715 108.0 255.0 255.0 0.21993125689 -0.187633121172 0.0667495981066 0.0298766159606 
0.0 3.98664485802 5.54158791855 0.518855495303 0.0 1.04720401783 3.08254235978 0.168289336871 0.0 0.0 3.89859038456 1.45182546814 108.0 255.0 255.0 0.286680854997 -0.157756505211 -0.177021262498 0.0265818580596 
0.0 7.63229985684 7.79061167207 1.24437524115 0.0 5.40250025932 0.571140042054 2.34169112337 0.0 1.25781796267 5.3080737764 4.46954922694 107.0 255.0 255.0 0.109659592499 -0.131174647151 -0.0703454585185 -0.0666442217462 
0.602418429744 7.04408963705 9.54367698652 0.599662242221 0.107557598965 3.15551833937 0.36017353199 4.4526356757 0.391020462907 0.0 4.24948820181 3.01476350886 107.0 255.0 255.0 0.03931413398 -0.197818868898 -0.0763279017241 0.0496747154679 
0.0 6.56274106553 8.57106863206 0.605010413445 0.0 4.52394028116 2.1522885262 2.65573576015 0.0 0.0 4.83970351563 1.22515078997 107.0 255.0 255.0 -0.0370137677441 -0.14814415343 -0.0657685629252 0.205107793606 
0.417328498231 7.06631681789 9.83444277468 0.713756152187 0.0 4.729413059 0.491843646781 4.12614392253 0.0 0.0 4.51889487298 2.10243958261 108.0 255.0 255.0 -0.102782330669 0.0569636401763 0.0690474630103 0.123380557262 
0.0 4.16424728338 4.46285242798 0.0 0.0 2.27749599925 3.41778074513 0.741561156494 0.0 0.0 3.96482301211 0.177676914058 110.0 254.0 255.0 -0.0337348676591 0.180344197438 -0.157206034204 0.110525798817 
0.0 4.70974456876 5.84389364045 0.0 0.546423674573 1.76960731576 0.0 0.563138050235 0.0 0.024894599413 3.81396571877 2.17762865986 116.0 251.0 255.0 -0.190940901863 0.290869996255 -0.131468067323 0.0296210040155 
1.7580207434 5.51237618184 4.3139175254 1.40250751568 0.0 3.04147844787 0.0 0.0 0.053128366854 0.0 0.0 2.16078096198 122.0 249.0 255.0 -0.322408969186 0.32049100027 0.192705562085 0.3 
# HEADER 5
0.0530553067892 0.0 0.0 0.0 0.127638769841 1.77604396167 0.730512593977 1.35656873621 0.673055914544 0.430423160291 0.0 0.0 133.0 247.0 255.0 0 0 -0.11782609617 0.225597510037 
0.0 0.0 0.0 0.339208006622 0.0 0.821316423984 0.418549908065 1.15873698801 1.42419051105 0.496887305242 0.0 0.0 133.0 239.0 255.0 -0.11782609617 0.225597510037 -0.00635775341916 -0.0865673704167 
0.0 0.0 0.0 0.0 0.0 0.0 0.693261281938 0.0 0.0 1.29512496492 0.0 0.378999535322 140.0 223.0 255.0 -0.124183849589 0.13903013962 0.0393784202789 -0.0339291855524 
0.0 0.0 0.0 0.0 0.0 0.0 0.0 0.0 0.0 1.44898392608 0.0 0.0 149.0 211.0 253.0 -0.0848054293103 0.105100954068 0.0233924764178 -0.020737707931 
0.516150891638 0.661163857538 0.264644720069 0.0 0.0 1.13163772841 1.21380039559 0.30407222891 0.0 0.824804701551 0.0 0.0 158.0 201.0 247.0 -0.0614129528925 0.084363246137 -0.238442696009 -0.0212531057867 
0.0 0.0 1.88763613684 0.0 1.0793708028 0.0 0.0 0.0 0.0 0.0 0.0 0.137435364704 168.0 189.0 242.0 -0.299855648901 0.0631101403503 0.118301352992 -0.0602692115564 
0.225015616929 0.0 0.312016430634 0.0 0.0 0.0 0.0 0.0138249178775 1.10891140709 0.796681508154 0.0 1.06835346713 178.0 174.0 244.0 -0.181554295909 0.00284092879388 0.0136887045998 0.0336438691531 
0.0 0.0 0.0 1.68267806318 0.0717994585569 1.11604965921 1.70486452947 0.532260194724 0.0 0.251478151543 0.247220518977 0.0 189.0 161.0 244.0 -0.167865591309 0.036484797947 0.0179244979519 0.00268467679887 
0.733462135127 0.840662075539 1.5067804158 1.36999189186 1.87936900067 0.0 0.577496079281 0.0 0.0 0.0 0.527799149196 0.713231178899 198.0 150.0 241.0 -0.149941093357 0.0391694747459 -0.0878359515606 -0.0416267927974 
0.0 0.0 0.461467457236 0.0 0.0 0.0 0.0 0.0 0.300971096508 0.0 0.142229122197 0.0410496144236 207.0 146.0 238.0 -0.237777044918 -0.00245731805151 0.107969946757 -0.0387975664738 
# HEADER 6
0.0 0.0 0.0 0.0 1.16178375911 0.0 0.0 0.18079635597 0.0 1.71274987529 0.0 0.0 133.0 246.0 255.0 0 0 0.0515794191427 0.127824217838 
0.0 0.0 0.0 0.266995872371 0.475192222614 1.27231361535 0.774551662681 0.135164414763 0.0 0.00696992681385 0.0 1.10945323871 133.0 240.0 255.0 0.0515794191427 0.127824217838 -0.248058850126 0.0250029062132 
1.92122818262 1.81953352332 0.0 0.843586847091 0.0 0.0 0.0 0.0 0.0168869955336 1.3762029913 0.280098423968 0.834467143191 135.0 231.0 255.0 -0.196479430983 0.152827124051 -0.120181505108 0.036937329569 
0.0 0.0 0.0 0.0 0.320911563963 0.5290682856 0.0 0.0 0.0 0.0 0.0 0.0 147.0 216.0 254.0 -0.316660936091 0.18976445362 -0.126772562512 0.0185451592404 
0.0 0.0 0.0 0.138482854288 0.0 0.0 0.0 0.0 0.0 0.0 0.0 0.0 161.0 201.0 244.0 -0.333333333333 0.208309612861 0.0499926189483 -0.128930178585 
0.0 0.37914054344 0.764786750792 0.742369507628 0.0 1.14452887791 0.250710979703 0.0 0.0 0.570980485202 3.13601618318 0.0 173.0 187.0 234.0 -0.283340714385 0.0793794342757 -0.100362762282 0.132107900369 
1.56314762127 0.711997876916 0.0 0.0 0.504152628523 0.189894097949 0.0 0.0 1.04141342443 2.57771385669 0.0 0.666682714286 186.0 172.0 224.0 -0.333333333333 0.211487334645 -0.0407376580364 -0.047468624865 
0.806460529857 0.0 0.0 0.0 0.059423042072 0.330936090361 0.598678358195 0.0 0.0 0.0777390432997 0.57139278905 0.673187814038 200.0 155.0 210.0 -0.333333333333 0.16401870978 -0.213632112156 0.185181015582 
0.0 1.13994586765 0.691916463581 0.405344204995 0.630475742982 0.31730731741 0.0 0.488224085407 0.0 0.804264915479 0.536089641995 0.0 212.0 142.0 190.0 -0.333333333333 0.333333333333 0.0807476480913 -0.152944002235 
0.0 0.0 0.0 0.465485195655 0.372748816882 0.0 0.0 1.84081044048 0.0 0.253017801387 0.0 0.0 223.0 125.0 174.0 -0.252585685242 0.180389331098 -0.00594257455 -0.102688336624 
0.0 0.0 0.524138708463 0.0 0.0 0.0 0.664471361787 0.0 0.0 0.0 0.0 0.0 229.0 116.0 165.0 -0.258528259792 0.0777009944742 -0.0333114015271 -0.0595943495331 
0.812441660691 0.0 0.0 0.0 0.263298677262 0.0 1.01387875335 0.0 0.0 0.0 0.605082453349 0.0 229.0 116.0 161.0 -0.291839661319 0.0181066449411 -0.163191508319 -0.0423850524018 
0.0 0.0 0.0 0.0 0.0 0.0 3.40857274928 0.0 0.0 0.0 0.0 0.0 230.0 116.0 166.0 -0.333333333333 -0.0242784074607 0.0585407394895 0.097799294064 
0.0 0.473010057609 0.0 0.445926004134 0.147211165358 0.0 0.0 0.667028801468 0.0 0.0 0.831599362099 0.00782445725218 230.0 115.0 169.0 -0.274792593844 0.0735208866033 0.120326251882 0.030140190038 
0.0 0.0439770142438 2.09995324103 0.0 0.00473253918253 1.30084752828 1.74710914798 0.0 0.507817276604 0.0914779561535 0.0 0.743449992922 231.0 115.0 159.0 -0.154466341962 0.103661076641 -0.0605884749492 -0.131345405437 
0.0 1.64630543186 0.414026547463 1.40724163098 2.33061319223 1.36331339898 1.58887140884 1.76635128295 0.454539439122 0.510350319294 0.0 0.379846837814 233.0 114.0 160.0 -0.215054816911 -0.0276843287958 0.0606812490218 -0.157340817022 
0.0 0.421342024199 0.481650015591 0.0 0.0 0.0 0.116148991338 0.0 0.453723533092 0.00195892727264 1.42834950219 0.0 234.0 115.0 183.0 -0.154373567889 -0.185025145818 -0.156035279316 0.118737729986 
1.26634719518 2.18244240012 0.0 0.0 0.598395065364 1.17661908152 0.155094969244 0.644475646068 0.0 0.462544670261 0.0 0.0 235.0 117.0 205.0 -0.310408847205 -0.0662874158321 0.162960123276 0.0502541050512 
0.0 0.584395332748 0.0 0.0 1.85297102776 0.345784359246 1.26517787214 1.42327860459 0.0 0.0 1.4932517493 0.0 235.0 123.0 217.0 -0.14744872393 -0.0160333107809 0.0019647800162 0.0632451594153 
0.860649756604 0.0 0.643639935243 0.465821644189 0.0441980997012 1.19183306201 1.17269745131 0.0286790308314 0.0 0.0 0.0513300934828 0.0 235.0 124.0 217.0 -0.145483943913 0.0472118486344 0.203988404333 -0.046386647293 
0.687666656806 0.70299297838 0.766090101919 0.0 0.875102697772 0.189004449058 0.263668162649 0.0 0.0 1.95757391179 0.482101919085 0.0 235.0 124.0 215.0 0.0585044604194 0.0008252013414 -0.0562916040887 0.0325785463773 
0.0 0.0 0.471429676352 0.290878194759 0.640370685382 1.06468853887 0.526920976105 0.0 1.27760678222 0.0 0.0 0.0 234.0 124.0 214.0 0.00221285633075 0.0334037477187 -0.0188366297235 0.198712154716 
0.747630624458 0.0 0.0 0.0 0.149829451652 0.0 0.862046015327 2.37444032831 0.669757592726 0.535185513382 0.0 0.0 233.0 121.0 203.0 -0.0166237733927 0.232115902435 -0.0178785836691 -0.145573276882 
0.232896525924 0.750502854421 0.252613318311 0.0 0.0 1.19018153869 0.0 0.0 1.03485274758 0.859913413061 0.0 0.0 233.0 115.0 192.0 -0.0345023570618 0.0865426255528 0.0516593902725 -0.0735014510606 
1.38102593443 0.0 0.525389031412 1.20346408188 0.634471996469 0.657523897416 0.522417361686 0.0 0.0 1.22391652332 0.52341324414 0.0 232.0 113.0 189.0 0.0171570332107 0.0130411744922 0.0554079932076 -0.0497073270385 
1.02388893623 0.0 0.154467813348 0.76049646622 0.134247798172 1.19565675723 0.0 1.30173916864 0.740642413115 0.0882036178631 0.0530523999495 0.0 230.0 113.0 196.0 0.0725650264183 -0.0366661525463 -0.0646513845768 -0.00202424005021 
0.220722405275 0.0 0.710971933532 0.862879812223 0.0 0.562660628841 0.523685240864 0.526214670602 0.64400986248 1.1641484133 0.530099496458 0.0 230.0 116.0 210.0 0.00791364184144 -0.0386903925965 0.177798755101 -0.0602333359939 
0.75496418872 0.0 2.42209046411 0.504608677138 0.0 0.4116973302 0.0 0.0 0.0 0.0 0.0 0.0 229.0 127.0 223.0 0.185712396942 -0.0989237285904 0.0483060037109 -0.126151436588 
0.0 0.0 0.0 0.0 0.0 0.0 0.77340690624 0.816011703677 0.0 0.0 0.0 0.0 220.0 140.0 242.0 0.234018400653 -0.225075165178 0.0093430785439 0.120805722443 
0.0 0.0 0.0 1.00035903951 0.0 0.346440096182 0.786281020296 1.31540072064 0.0 0.0 1.51104723965 0.0 208.0 160.0 255.0 0.243361479197 -0.104269442736 0.0735549926898 -0.11054513619 
1.22530219101 0.0 0.264568271597 0.0 0.339490030292 0.441778870327 0.661199118723 1.0413541839 0.749187420611 0.0 0.0 0.0 197.0 189.0 255.0 0.316916471887 -0.214814578926 0.0358652858481 0.0295340166604 
0.0 0.643808446222 0.0 0.66031942673 0.0 4.48906812156 0.580683399315 1.22425402321 0.0 0.596132476771 0.658924262274 0.0 186.0 221.0 255.0 0.333333333333 -0.185280562266 0.0925062607262 0.0247487530255 
0.0 0.0 0.121143449973 0.0 0.193233763121 1.33179440988 0.672796371209 0.0 0.0 0.468607920962 0.0 0.0 173.0 247.0 255.0 0.333333333333 -0.16053180924 -0.0521126019474 -0.126369861911 
0.928415116182 1.20354281866 1.14682826247 0.0 0.176309205811 0.719539002054 0.0 0.0 0.0 0.0 0.277452564871 0.314238360085 163.0 251.0 255.0 0.281220731386 -0.286901671151 -0.01823795497 0.0306802008205 
1.10912724748 0.475887139217 0.0 0.65773506634 0.347264686829 1.50594248984 0.0608126274668 0.859204300861 1.50312562945 0.0 0.236051639804 0.0 151.0 251.0 255.0 0.262982776416 -0.256221470331 0.0131449489414 -0.021182455429 
1.01777558586 1.01075613156 2.88881536949 0.642259019132 0.0 1.68907537563 0.0 0.0 0.046262262676 1.55160210887 0.0 1.38633077079 138.0 251.0 255.0 0.276127725357 -0.27740392576 -0.0299551022481 0.0223884997845 
0.475907995104 0.0 0.630833953346 0.0 0.0763836457779 0.719358568731 0.354238016431 0.193106824307 0.0 0.0 0.296860300426 0.544666979677 127.0 251.0 255.0 0.246172623109 -0.255015425975 -0.038320486558 0.141889564805 
0.429322590434 0.649650563363 0.650624581317 0.366942487232 0.127177272018 0.753522711145 0.652865335391 0.0 0.0 0.0 0.0 0.0 119.0 252.0 255.0 0.207852136551 -0.113125861171 -0.0158131036287 -0.0470310066629 
1.39716243196 0.0 0.525831674498 0.481511494633 0.0 1.06620979761 0.0 0.0 0.924201235591 0.940145065902 1.05752368875 2.97060170732 118.0 254.0 255.0 0.192039032922 -0.160156867834 -0.0412839808558 -0.046538240817 
0.0 1.26256806271 0.0 0.93632452064 0.553440775927 0.711334539929 0.156748715683 0.0455712044054 0.646900356927 0.0 0.732691377736 1.35501444497 117.0 254.0 255.0 0.150755052067 -0.206695108651 0.0290914214111 -0.0611035227036 
0.0844715389692 2.74067633436 0.0 0.0 0.883905217077 0.0 0.743742286948 0.0 0.0 0.0 1.96120599873 2.297832725 116.0 255.0 255.0 0.179846473478 -0.267798631354 0.0862236368924 0.0497548856668 
0.892200424645 1.51238677925 2.22665363734 0.0 0.0298024229659 0.769414161821 0.0 0.909465815736 1.2868941944 0.0 0.401533204165 0.905816265418 114.0 255.0 255.0 0.26607011037 -0.218043745688 -0.0108970094869 -0.177114948513 
0.0 4.00768124413 4.43843902934 2.16311776196 0.312905055697 0.502600679213 0.700926215498 1.03475938558 0.0 0.344023270723 1.65810561768 1.55536652928 113.0 255.0 255.0 0.255173100883 -0.333333333333 0.00260908522517 0.220604510455 
0.0 3.59151995124 4.46997715828 0.353030982656 0.0 1.37265873118 0.0 0.0 0.678888464575 0.651961827182 3.61410484622 1.2517263428 111.0 255.0 255.0 0.257782186108 -0.112728822878 0.0379030197024 -0.0967501219981 
0.0 3.31741063443 8.49933626897 0.371322901153 0.0 0.51153314872 0.0 2.14185281809 0.0 0.46893422721 2.28389457827 2.29295657933 110.0 255.0 255.0 0.295685205811 -0.209478944877 0.0526862775251 -0.0861560093283 
0.0 3.84461772186 5.77928711587 0.0 0.0 1.04995039309 0.0 0.205272771295 0.771551305601 0.0 4.74183603407 2.93567071443 109.0 255.0 255.0 0.333333333333 -0.295634954205 -0.0119123777049 -0.0534588267544 
0.0 6.89389562458 10.0133622723 0.784646820046 1.62268587575 2.98857081699 0.0 1.58460088431 1.76898689235 2.08843333544 4.25058131905 3.36260045399 108.0 255.0 255.0 0.321420955628 -0.333333333333 0.0484862045054 -0.010507332101 
1.52573390541 4.82863406135 8.98572930558 0.410048099146 1.05890847487 0.0 0.59338723591 1.83930478753 0.0 0.522321024005 3.1782967522 3.74254467173 107.0 255.0 255.0 0.333333333333 -0.333333333333 0.00918775433547 0.186031769591 
0.0 5.60662308662 9.63953757371 0.0 0.0 3.66603732375 0.0 0.0147599123871 0.0 0.0 5.15912855006 2.6384339228 107.0 255.0 255.0 0.333333333333 -0.147301563742 0.0224579694948 -0.0614789030473 
0.0 5.0059668189 10.2746874297 0.0 0.62464066085 3.07130528373 0.717325414256 3.82952307106 0.165585785123 0.438822514842 4.4375624655 3.94747869108 106.0 255.0 255.0 0.333333333333 -0.20878046679 0.0597420413311 0.0403306336111 
0.0 6.10257913625 11.6908616462 0.0 0.0 3.57615244536 0.0 2.27783377386 0.0 0.0 5.86145156596 3.02906875525 106.0 255.0 255.0 0.333333333333 -0.168449833179 -0.0751757638012 0.0673295634986 
0.0 6.30385872697 12.3536143683 0.0 0.0 3.53456769661 0.140662117631 3.34610627227 0.0 0.210298089415 7.67744616904 2.18515506939 106.0 255.0 255.0 0.258157569532 -0.10112026968 -0.0166396789758 -0.0752640513651 
0.0 4.88165056364 13.7077198796 0.0 0.00482524149245 3.20380937193 0.0 2.76722868628 0.0 0.463354054863 7.74915654478 2.90491736496 106.0 255.0 255.0 0.241517890556 -0.176384321045 -0.00753486083066 0.000368930091359 
0.0 5.23160987568 10.7601277782 0.0 0.0 1.77420388478 0.208512596774 3.03796365908 0.6270867513 0.0 5.87206325478 3.24296211807 106.0 255.0 255.0 0.233983029726 -0.176015390954 -0.0528079282939 0.189669654444 
0.0 4.84327755101 13.4796966516 0.0 0.0 2.32875375706 0.0 3.61853429322 0.736589426882 0.0 6.27775661127 5.66792080179 106.0 255.0 255.0 0.181175101432 0.0136542634897 0.0902068461179 -0.0129318812671 
0.0 6.47477083966 13.0221899153 0.0 0.0 3.95898166636 0.0 2.48653882511 0.394389676988 0.0 6.37523302652 4.01643674123 105.0 255.0 255.0 0.27138194755 0.000722382222556 0.0104866932534 -0.0261845732213 
0.0 6.05958972705 11.5619163725 0.257503281813 0.224426762277 2.40530408751 0.0 1.88935300839 0.0 0.0 6.21723808721 2.14577339372 105.0 255.0 255.0 0.281868640803 -0.0254621909987 0.0240719643766 0.048088502759 
0.0 5.83061922573 13.9765995984 0.0 0.0 2.14510686077 0.0 1.50406938252 0.0 0.0 5.61823664378 3.74025727342 105.0 255.0 255.0 0.30594060518 0.0226263117603 0.0739121043092 0.199083209949 
0.0 6.46421725028 11.4987040238 0.0 0.0 3.82677137344 0.0 2.62181622417 0.0633861884876 0.0 6.05929692504 2.93545684676 105.0 255.0 255.0 0.333333333333 0.221709521709 0.144074564811 0.223280137475 
0.0 6.61099289078 13.6631119054 0.0 0.0389567520718 3.30381333759 0.0 4.29403770844 0.0 0.0 5.92261396748 3.60895549461 105.0 255.0 255.0 0.333333333333 0.333333333333 0.0315251936046 0.0874952077723 
0.0 6.46143847559 12.5100712062 0.217049011636 0.0 3.4725846745 0.495934548877 2.67226545016 0.0 0.464553839296 7.68869890571 2.95450688335 105.0 255.0 255.0 0.333333333333 0.333333333333 0.0052905056001 0.0992047001326 
0.0 5.33776478859 11.6007895177 0.0 0.0 3.76186860014 0.0 4.11900671436 0.0 0.628639218157 8.34718456719 3.35616901815 104.0 255.0 255.0 0.333333333333 0.333333333333 0.112644092974 0.071936107567 
0.0 6.44185615325 12.6803319913 0.0 0.63875765019 4.0297367761 0.46418374051 4.24894780865 0.0 0.0 8.32447640599 3.39216277839 104.0 255.0 255.0 0.333333333333 0.333333333333 -0.126405367131 -0.0459829561675 
0.0 6.00182255442 13.0253248424 0.178010933029 0.0 5.92174490275 0.0 5.51395144219 0.0 0.0 12.4004332266 5.3908706078 103.0 255.0 255.0 0.206927966203 0.287350377166 -0.00861297965828 0.134258502604 
0.0 6.78802298077 15.1088403557 0.0489443537171 0.0 4.74526547998 0.194279554574 6.24982127268 0.0 0.0 12.8391095053 6.29491497672 103.0 255.0 255.0 0.198314986544 0.333333333333 0.159829592385 -0.127745158917 
0.0 5.73403723636 17.4382702856 0.265730310588 0.0 7.19164851327 0.0 6.42971412051 0.0 0.215822916132 12.2209638221 4.49336329461 103.0 255.0 252.0 0.333333333333 0.205588174416 -0.17697614457 0.207131643447 
0.0 5.32360464827 16.6465426283 0.487597168194 0.0 5.16341386364 0.0 6.507349466 0.0 0.0 12.6175552958 4.82217361949 103.0 255.0 251.0 0.156357188763 0.333333333333 -0.0247480010608 -0.0617373147882 
0.0 6.70453120898 17.3060468836 1.24069769585 0.0 5.95662022942 0.756736537549 7.55167152608 0.33526389068 0.279013008755 12.7643770376 5.46564142748 103.0 255.0 248.0 0.131609187703 0.271596018545 -0.00362184339401 -0.0642439293918 
0.0 5.80039102441 20.2694766376 2.26724621873 1.08158769173 8.27847814832 0.861478879151 8.67439463568 0.0 0.0 12.5322961273 4.73888485842 103.0 255.0 247.0 0.127987344309 0.207352089153 0.10523524938 0.025198841133 
0.0 5.73622676853 17.7689052275 1.87546447391 0.360731926003 8.54647792536 0.0 8.10927032422 0.0 0.385796389432 12.7161698631 4.60027189132 103.0 255.0 246.0 0.233222593689 0.232550930286 0.0850686710597 -0.0537878006424 
0.0 8.15322359914 19.7610837993 2.22774962246 0.693200404099 10.7207343681 0.0 10.0807249146 0.923828636716 2.70830379774 12.2815428902 4.3768420816 103.0 255.0 246.0 0.318291264749 0.178763129644 0.0290615091746 -0.00487517272576 
0.0 5.85946061062 17.0265865894 1.27962578577 0.759981728011 6.92349610614 0.0 8.01453260338 0.0 0.0 13.6966268438 3.82439690474 103.0 255.0 246.0 0.333333333333 0.173887956918 -0.0565801339651 0.042674355084 
0.0 4.16408171462 16.9838600705 1.29532789664 0.947673242636 9.48494147338 0.0 7.79041495521 0.0 0.409235894875 14.2812375305 5.39190483951 103.0 255.0 246.0 0.276753199368 0.216562312002 -0.0645423101161 0.0590284587914 
0.264413313754 5.52543976295 17.2488174687 1.48216528293 0.528031159435 8.1307792852 0.27153555744 6.98614575601 0.0 0.0 13.2278720725 5.97667295564 103.0 255.0 246.0 0.212210889252 0.275590770794 -0.0142660644132 0.107239212189 
1.39612005912 6.02742972191 17.174832428 0.734194088567 0.146174614508 9.82633118329 0.0 9.03259430538 0.401074931645 0.0 12.5395382372 1.81135367325 103.0 255.0 244.0 0.197944824839 0.333333333333 0.0470899525677 -0.0935533576724 
0.0 5.65685880605 16.9705514118 1.67467471701 0.0 8.50831086419 0.0 8.82952382603 0.428313825382 0.0 14.216283021 4.80710666748 103.0 255.0 243.0 0.245034777407 0.239779975661 -0.0022510347262 -0.0180744994956 
0.370866379583 5.62387172979 18.1999730773 0.296711552553 0.715273612502 8.5228404087 0.760850806938 8.58497266124 0.0 0.0 12.5354728261 6.21736156298 103.0 255.0 243.0 0.24278374268 0.221705476165 0.0560526670828 0.13419862163 
0.0 4.97290127795 17.6584442344 1.22926824938 0.431490261953 8.46821687748 1.09484107311 9.00126531363 0.0 0.0 12.950594499 5.65266081238 103.0 255.0 242.0 0.298836409763 0.333333333333 -0.102725498971 -0.045162231458 
0.0 4.46006911634 20.0406078462 0.493378107189 1.69183296808 10.5278234813 0.583892705249 9.10060433508 0.0 0.0 16.7539557751 4.61002160723 104.0 255.0 240.0 0.196110910792 0.288171101875 0.0153694270547 0.0234347004108 
0.0 4.82398053115 17.9997041527 0.481573518914 1.16294171859 10.3409440915 1.45062268563 12.1783629412 0.0 0.0 12.5790082951 3.62316245937 104.0 255.0 238.0 0.211480337847 0.311605802286 -0.101629990939 0.0840581207051 
0.0 6.9819067629 16.9209400325 0.0438117911447 0.310076864485 12.838024101 1.66631807552 10.7247684285 0.015214901558 0.0 15.1856497407 3.82429236505 104.0 255.0 236.0 0.109850346908 0.333333333333 -0.104655526184 -0.104816918199 
# HEADER 7
0.0 0.0 0.175978631035 0.0 0.12830291382 0.0 0.0 1.42849647739 0.270937365946 1.31498540155 0.0 0.675043247232 133.0 247.0 255.0 0 0 0.0195552087831 0.175321723374 
0.0 0.0 0.434566054017 0.0 0.330704148679 0.901793421075 0.0 1.34706696007 0.0 0.0 0.652221646251 1.42504919329 133.0 240.0 255.0 0.0195552087831 0.175321723374 -0.0922435532613 0.15237831878 
0.0 0.0 1.04650631797 1.32185051348 1.2076922474 0.0 0.486694615909 0.0 0.452171479975 1.77478987257 0.0 0.514667868069 133.0 233.0 255.0 -0.0726883444782 0.327700042154 -0.205890910618 0.013156368548 
1.4107876664 0.236359467799 2.13368845495 0.0687839284061 0.158342487419 0.0 0.421321441056 0.456646235564 0.0 0.0561308275443 0.081558578508 0.0 139.0 230.0 240.0 -0.278579255096 0.333333333333 -0.132170965242 -0.150043263015 
0.0 3.21315084903 0.821107079119 0.0 0.141784401348 1.93061197762 0.0 0.0 0.636918882039 0.0 0.804601198057 1.51975457472 151.0 217.0 227.0 -0.333333333333 0.183290070318 0.0191096206185 -0.0129884187909 
0.0 0.0 0.0 0.229264538442 0.0 0.245159384954 0.0 0.760245861738 0.241107186853 0.396442487304 1.47105822847 0.81382189784 164.0 203.0 216.0 -0.314223712715 0.170301651527 -0.0535546291485 -0.0182088578712 
0.645292462271 1.59793002633 1.90727012327 0.0 1.27023648776 1.55142249211 0.0 0.806794630885 1.03889564607 1.08062694438 1.62252422706 1.92603422175 178.0 187.0 204.0 -0.333333333333 0.152092793656 0.0894755149023 -0.108678079204 
0.0 0.233324998303 0.0 1.59027778961 0.0 0.0 0.0 0.0 0.0 1.16983363323 0.0 0.0 192.0 168.0 200.0 -0.243857818431 0.0434147144513 0.0177018767327 0.0215232927936 
0.0 0.306016023504 0.0 0.33952059161 1.10256512866 2.82127176198 0.0 0.0 0.0 0.498673968102 0.800470657234 1.41422341603 204.0 149.0 201.0 -0.226155941698 0.0649380072449 0.0953781853788 -0.162275157208 
0.0 0.0 0.614851798178 0.475953577886 0.218992409098 0.202093279544 0.0 0.588152266645 0.0 0.0 0.0 0.0 211.0 138.0 209.0 -0.13077775632 -0.0973371499636 0.0534467643256 -0.0313300242876 
0.0 0.0 0.0 0.0 0.0 0.0 0.0 0.157034208339 0.0 0.0 0.0 0.0 219.0 139.0 228.0 -0.077330991994 -0.128667174251 -0.0595396083611 -0.0413982775621 
0.487964421266 0.0 0.146472140657 0.0 0.0 0.0 0.0 0.0 0.0 0.0 0.0 0.0 226.0 145.0 239.0 -0.136870600355 -0.170065451813 0.0286395630267 -0.000313102007174 
0.0 0.0 0.0 0.0 0.797424481682 0.350985744135 0.0 0.0 0.0 0.259522308563 0.392499531473 0.194017146224 229.0 156.0 250.0 -0.108231037328 -0.17037855382 -0.0900640311592 0.00613653573693 
0.0 0.0 0.0 0.0 0.590202052893 0.0 0.0 0.0 0.0 1.14168479102 0.0 0.0 230.0 169.0 255.0 -0.198295068488 -0.164242018084 -0.130923662409 0.028328214717 
0.893890225669 2.50638763088 0.827157573304 0.0 0.14914105542 1.18170936946 0.0 0.0 0.0 0.0 0.0 1.39391806089 230.0 192.0 255.0 -0.329218730896 -0.135913803367 -0.0329673565123 0.0375862164622 
0.6782668652 0.0 1.14335284928 0.465494885755 0.0 0.0 0.307383818349 0.460276063492 0.532906205011 0.0 0.0 0.421047184723 234.0 211.0 255.0 -0.333333333333 -0.0983275869043 -0.0366119868006 0.0553403943464 
0.0 0.0 0.0 1.04376004118 0.0 0.391460750551 0.236051797429 0.40230810629 0.0 0.0 0.0 0.0 235.0 224.0 255.0 -0.333333333333 -0.042987192558 0.0617961574859 -0.0282632523121 
1.88119372273 1.5616721151 3.38733203401 0.864733537829 0.113668501748 0.211526287161 0.0635211001356 0.0 1.07616929654 2.29311206138 0.193563823329 1.63408145648 235.0 236.0 255.0 -0.271537175847 -0.0712504448701 -0.0292752853368 -0.0265051763009 
0.973524426475 0.281521462696 0.0 0.0 0.844823085297 0.0 1.02847309707 0.994782697785 0.0 0.437231753561 1.51376177358 0.970477210052 235.0 247.0 255.0 -0.300812461184 -0.097755621171 0.113345477547 -0.0529730339055 
0.0 0.0 1.48750518859 0.359756861812 0.168125207471 0.0 0.808356789063 0.0 0.0 1.3296798577 0.0 0.0 235.0 250.0 255.0 -0.187466983637 -0.150728655077 -0.00808900428666 0.193872845745 
0.0 0.580304533406 0.776148241683 0.0 0.188267983981 0.32001166652 0.804163944166 0.0 0.0 0.0 0.24591863266 0.600030802707 235.0 249.0 255.0 -0.195555987924 0.0431441906688 -0.0407030735628 -0.0510865591153 
0.0 1.90628649203 0.670728158926 0.0 0.0 0.304388423304 0.0534249080712 2.07975699585 0.375030794258 1.10158373788 0.294804425369 0.672705034127 235.0 247.0 255.0 -0.236259061487 -0.00794236844652 -0.147701372037 0.0490731555949 
# HEADER 8
0.0 0.508910626128 0.0 1.24834916689 0.0 0.0 0.708004846365 1.39724188885 0.0 0.0 0.674492535556 0.0 132.0 247.0 255.0 0 0 0.152522374676 0.0652876057017 
0.404623750084 0.0 0.217046847503 0.869413999919 0.146905917491 0.109647472896 0.0 0.0 0.150960069416 0.0 0.0 0.0 127.0 246.0 255.0 0.152522374676 0.0652876057017 -0.0888248442691 0.0169128269716 
1.11543076159 0.326292854962 1.3664218603 0.785487022259 0.333784761702 0.0 0.0 0.0 0.0 0.683556780412 0.316937012079 0.432800458388 122.0 245.0 255.0 0.0636975304072 0.0822004326732 -0.0735575252204 -0.0301127310063 
0.0 0.0 1.77434375296 0.0 0.0 0.0 0.0 0.0 0.0 0.0 0.0 1.64633341906 122.0 247.0 255.0 -0.00985999481326 0.0520877016669 -0.0296090513225 0.0618238641372 
0.0 0.87260245846 2.43474534323 0.0 0.0 0.0 0.0 0.0 0.0 2.58042764868 0.0 0.0 122.0 249.0 248.0 -0.0394690461357 0.113911565804 0.178091029241 -0.0507112670151 
0.663901602178 0.0 3.45872822471 0.0 0.0 0.0 0.0 0.483132404786 0.0 0.0 2.52208818324 0.0907999749007 124.0 249.0 240.0 0.138621983105 0.0632002987891 -0.0843868911294 0.0602413062614 
0.0 0.0834735518919 3.1286467429 0.0 1.02431099424 2.39941188287 0.0 0.0 0.0 0.422944334639 2.70455938439 0.735402398517 124.0 249.0 235.0 0.0542350919756 0.123441605051 -0.0936856383011 -0.0709453839463 
2.10916432663 2.72903704197 5.10494375149 0.202737073837 0.878865856439 1.87607852774 0.0 0.0 2.16967055326 3.99366842207 2.70617289344 1.44806656262 124.0 249.0 231.0 -0.0394505463255 0.0524962211042 0.024230206511 -0.108504108591 
0.0 0.0 3.39835397348 0.0 0.0 0.695127163981 0.151022079301 1.91659753682 0.0 1.48545266549 2.33005783421 0.0 121.0 250.0 239.0 -0.0152203398145 -0.0560078874868 -0.179430908344 0.0572242162892 
0.0 0.0 5.42437217497 0.0 0.132336881233 0.37517256366 0.0 0.613520324593 0.0 0.38288605325 2.70072100004 1.48569574431 118.0 250.0 246.0 -0.194651248158 0.00121632880236 0.0580319354293 -0.177871395843 
0.0 2.0835455086 4.13069443831 0.0 0.0 0.0 1.13242030165 2.12654835483 0.713578756381 0.897157523572 2.63968539797 0.0 114.0 251.0 255.0 -0.136619312729 -0.176655067041 -0.201366088675 0.15504933289 
0.0 1.82028782364 4.05974772251 0.462308112304 0.0 0.0 0.0 0.0 0.0 0.0 2.6844585755 1.40148231637 115.0 253.0 255.0 -0.333333333333 -0.0216057341514 -0.0164045412609 0.0391956988188 
0.0 0.0 0.698874963976 0.0 0.391323751961 0.0 0.0 0.0 0.382919957057 0.543608756411 0.856520480332 0.676024573879 118.0 250.0 255.0 -0.333333333333 0.0175899646673 0.171500014027 0.017792571567 
0.0 0.511702104508 0.0 0.0 0.0 0.0 0.0 0.0 0.0 0.0 0.0 0.0 123.0 243.0 255.0 -0.161833319307 0.0353825362343 0.140659971331 -0.17881637852 
0.0 0.0 0.0 0.0 0.0 0.0 0.0 1.99152447206 0.0 0.265010645574 0.0845812620852 0.0 127.0 241.0 255.0 -0.0211733479759 -0.143433842286 0.048079152315 0.0750958861781 
0.0 0.0 0.0 0.0 0.0 0.0 1.68050242994 0.976768323701 0.0 0.0 0.878973767268 0.0 130.0 250.0 255.0 0.0269058043391 -0.0683379561081 -0.0331079796618 0.0873592081632 
0.0 0.0 0.0 0.44314737628 0.0 1.09216088382 0.849090261915 1.46042089606 1.39329161062 0.0 0.0 0.0 132.0 250.0 255.0 -0.00620217532264 0.0190212520551 -0.150141385026 0.00478185711765 
0.296118582417 0.185385732507 1.39657621316 0.471685854675 0.106037840357 1.0916947181 0.711421600722 1.34227851954 1.02185602323 0.0 0.687195180806 0.0380916400762 136.0 248.0 255.0 -0.156343560349 0.0238031091728 0.00954945035111 -0.0433843173571 
0.0 0.0 0.0 0.0 1.61959584885 0.0 0.0 0.0 0.0 3.73072521678 0.0 0.0 144.0 244.0 255.0 -0.146794109997 -0.0195812081843 -0.0493097843624 0.0466878642157 
0.0 0.0 0.0 0.0 0.28418730984 0.0 0.0 0.0 0.0 3.34080161216 0.0 0.0 154.0 240.0 255.0 -0.19610389436 0.0271066560314 -0.0807962158637 -0.100821780982 
0.0 0.0 0.0 0.0 1.71530796625 0.0 0.43150532232 0.0496955850893 0.416861940551 1.00536183694 0.0 1.23342322997 165.0 236.0 255.0 -0.276900110224 -0.0737151249505 0.160691087202 -0.156101099559 
0.601268500536 0.0 0.571546618724 1.10591108566 0.0 0.0 0.0 1.44897003824 0.0 0.468366076558 0.0 1.47483396764 175.0 246.0 255.0 -0.116209023021 -0.22981622451 -0.109527043944 0.0752265495369 
0.426368526221 0.990561076003 0.259161611571 0.0 0.0 0.761238212164 0.753638206645 0.0 0.948654911919 0.00688595816492 0.0 0.23785048806 190.0 251.0 255.0 -0.225736066965 -0.154589674973 0.0631620550458 0.164242004489 
0.397674026691 0.595933267141 1.40534599706 0.0 1.29147105215 0.926996512235 0.0874572063709 1.84155468562 0.0 1.83572210822 0.193897920547 0.0 201.0 251.0 255.0 -0.162574011919 0.00965232951651 -0.0152380325952 0.0744955438636 
0.0 0.0 0.158606455645 0.241136546992 0.121755419037 0.0 2.69151402691 0.0 0.0 0.0 1.31202488268 0.0 209.0 245.0 255.0 -0.177812044515 0.0841478733801 0.00923092516945 -0.0483099927862 
0.0 0.0 0.0 0.751921432536 0.209652302671 1.22473852788 0.00746815101159 0.0 0.0 0.0 1.60248893324 1.55259763314 217.0 231.0 255.0 -0.168581119345 0.0358378805939 -0.0301823871301 -0.0279857778211 
0.0 0.490893043178 2.37025982632 0.0 0.555690695074 0.252878110324 0.0 0.141971772554 0.604770682267 0.0 0.261556659543 0.0 226.0 220.0 255.0 -0.198763506475 0.0078521027728 -0.189701491674 0.103288259189 
0.0 0.0 0.660053853475 0.0 0.121838426611 0.0 0.0 0.794240156674 0.44805723086 0.0 0.695033588618 0.413805484695 229.0 209.0 255.0 -0.333333333333 0.111140361961 0.0829704895192 -0.0502008347283 
0.0 0.987758392403 0.38433125066 0.0 0.0 0.0 0.5250926998 0.0 0.410684020075 1.92050194805 0.0 0.724326913196 230.0 197.0 255.0 -0.250362843814 0.0609395272331 -0.077799698615 0.132803925248 
0.0390512630798 0.0 1.52462345169 0.894566034702 0.0 0.0 0.0 0.268129392822 0.776200380537 0.72345005317 0.717199240475 0.0 230.0 184.0 255.0 -0.328162542429 0.193743452481 -0.0343671541839 -0.053098300421 
0.0 0.0 0.597642834349 0.518558560592 0.984018036051 0.973214928537 0.0 0.0 0.732713323073 0.0 0.0 0.0 232.0 170.0 253.0 -0.333333333333 0.14064515206 -0.19871939277 0.0130963501981 
# HEADER 9
0.0 0.0 0.0 0.0 0.0 0.0 0.554129703946 0.0 0.0 0.0 0.0 0.0 132.0 247.0 255.0 0 0 0.0369811663119 0.0259302234146 
0.0 0.0 0.0 0.0 0.0 0.0 0.330263858847 0.0 0.408862712689 0.0 0.0 0.0 129.0 245.0 255.0 0.0369811663119 0.0259302234146 0.113509769553 0.117657467722 
0.0 0.0 0.0 0.0 0.0 0.0 0.0 0.0 0.0 1.07106269008 0.0 0.625102412168 124.0 244.0 255.0 0.150490935864 0.143587691137 -0.100557962458 0.120666756079 
# HEADER 10
0.0 0.0 0.0 0.0 0.0331616982328 0.0 0.0 0.0 1.03839070333 5.15273108516 0.0 0.0 132.0 247.0 255.0 0 0 0.00628996424222 0.085571617155 
0.0 0.0 0.0 0.0 0.0 0.0 0.0 0.0 0.0 2.44243714084 0.0 0.0 132.0 243.0 255.0 0.00628996424222 0.085571617155 0.00622086349592 0.0112337203856 
0.0 0.238975844801 1.06799026935 0.0 0.0 0.0 0.0 0.813847890132 0.0 0.992328683847 0.0 0.0 132.0 235.0 255.0 0.0125108277381 0.0968053375406 -0.0894575149024 0.0272017728046 
0.0399480053002 1.02340507149 0.181674606475 0.527321436343 0.0 0.0 0.0 0.43438973023 1.383670137 0.0 0.0206999622958 1.05269086762 133.0 235.0 254.0 -0.0769466871643 0.124007110345 -0.144736132406 -0.0872911668357 
0.0 0.0 0.0 0.0 1.07206290428 0.0 0.845090890717 0.615917813641 0.0 0.0 0.912044413807 0.823817828204 141.0 226.0 249.0 -0.22168281957 0.0367159435095 -0.0212772774952 0.00216254573396 
0.470711685984 0.697632877821 3.53541139486 0.0 0.468953424743 0.877171833204 0.0 1.144839761 0.0 1.3593032149 0.84687363114 0.0773368777433 153.0 210.0 250.0 -0.242960097066 0.0388784892434 0.0894572287847 0.179715097691 
1.73318382495 0.0 0.743682903421 0.0375162798828 0.0 0.0 0.0 1.78890154028 0.0 0.0 0.627500817656 0.0 164.0 197.0 240.0 -0.153502868281 0.218593586934 0.0185431401829 -0.0941246430211 
0.729290619463 0.0 0.0 0.0 0.715161851961 0.978745842353 0.0 0.0 0.0 0.991569173716 0.0 0.0 172.0 191.0 227.0 -0.134959728098 0.124468943913 0.0898059349134 -0.180939577107 
0.0 0.0 0.0 0.0 0.0 0.0 0.0 0.0 0.758111940349 0.0 0.0 1.59353820281 178.0 181.0 233.0 -0.0451537931847 -0.0564706331939 0.0390958629971 0.0534500598213 
0.0 0.0 0.0 0.0 0.526128224399 1.40371999091 0.0 0.0 0.429259372196 1.52964167821 0.0 0.0 179.0 179.0 243.0 -0.0060579301876 -0.00302057337264 0.0276336042326 -0.00534377874417 
0.121504630038 0.708323502072 0.109462867784 0.0 1.09973659533 0.0 0.0 0.0 0.0739462802152 0.647812298051 0.572590296214 0.383570792188 179.0 179.0 246.0 0.021575674045 -0.00836435211681 -0.0422451741134 0.0438890490228 
1.59857585687 0.0 1.54593662327 0.309987898926 1.09254435264 0.181158182847 0.00969215733163 0.0 0.0 0.577061115151 0.0 1.79210445896 179.0 178.0 247.0 -0.0206695000684 0.035524696906 -0.22526699313 0.00700548801976 
0.0 0.0 0.0 0.0 0.341458688516 1.16589250866 0.0 1.43977178804 0.0 0.0 0.0 0.0 179.0 175.0 244.0 -0.245936493198 0.0425301849258 -0.14612540316 0.0142668106327 
0.156721653063 0.0 0.0 0.179851910087 1.23505005751 0.266044289752 0.0 0.516761090375 0.045041121326 0.0 0.0 0.0405091875771 180.0 175.0 239.0 -0.333333333333 0.0567969955584 0.0289620201624 -0.0101419949963 
0.988485946825 0.0 0.254632111338 0.0 0.844371201858 0.0 0.0 1.88644172385 0.0 0.105114658789 0.0 0.0439943853558 188.0 165.0 235.0 -0.304371313171 0.0466550005621 -0.0549611064381 0.189872890211 
0.813797964681 0.0 0.0 0.0 0.0 0.0 0.0 0.0 0.0 1.21998994458 0.0 0.0 201.0 150.0 224.0 -0.333333333333 0.236527890773 -0.0315407269791 0.0484447436571 
0.0 0.0 0.0 0.0 0.0 0.0 1.27055947946 0.0 0.0 0.204714081944 0.0 0.0 212.0 138.0 205.0 -0.333333333333 0.28497263443 -0.125204885891 -0.074077165412 
0.0 0.0 0.231592913369 0.299486045505 0.278585060309 0.0 0.569857699156 0.0 0.0247966303603 0.56339026339 0.0 0.0 225.0 121.0 186.0 -0.333333333333 0.210895469018 0.00550484715406 -0.0379448160717 
0.61061907996 0.0 2.05795393158 0.0 0.0 0.213529170769 0.0 0.0 0.0 0.363723489704 0.0 0.0 229.0 116.0 169.0 -0.327828486179 0.172950652946 0.188783459467 -0.163074808871 
0.0 0.255603034529 0.0 0.0 0.0 0.0 2.57622942859 0.0 0.0 0.0 0.0 0.0 230.0 116.0 161.0 -0.139045026713 0.00987584407564 -0.0455982127577 -0.0587933066679 
0.0 0.0 0.0 0.0 0.0 0.0 3.99680247113 0.212026851196 0.0 0.0 0.350245510217 0.0 231.0 116.0 168.0 -0.18464323947 -0.0489174625922 0.0308325546728 0.0384149864231 
0.0 1.34352214789 0.0 0.495321838847 0.0 0.319971789071 1.10696178668 1.12259871541 0.0 0.193381394272 0.844459124249 0.690530585717 231.0 116.0 182.0 -0.153810684798 -0.0105024761691 0.0512987018222 0.147449107589 
0.0 0.0 0.0 0.0 0.422387231141 0.0 1.1390336147 0.0 0.0 0.0 0.367728630018 0.0 232.0 116.0 181.0 -0.102511982975 0.136946631419 0.00748895248703 -0.192680622634 
0.0 1.15315806318 2.17637534869 0.0 0.648456740672 0.0 0.0 0.0 0.201388999069 0.570463231808 0.0 0.0 232.0 115.0 181.0 -0.0950230304884 -0.0557339912143 0.0900340676907 -0.141050770731 
0.0 0.0 0.0 0.0 0.0 0.0 0.0 0.0 0.0 3.18208997202 0.0 0.0 233.0 116.0 205.0 -0.00498896279771 -0.196784761946 -0.0131553766632 -0.0392688204169 
0.0 0.0 0.0 0.0 0.852567134864 0.0 1.04680382658 0.0 0.0 0.112629264538 0.0 0.0 234.0 129.0 225.0 -0.0181443394609 -0.236053582363 0.0251335742506 0.131554083574 
1.62686212913 0.270631194568 0.752092504241 0.521134300464 0.249524268473 0.613056092451 0.0 0.965046382951 1.35651183235 4.61099406685 0.0 2.31610004342 235.0 140.0 240.0 0.00698923478969 -0.104499498788 -0.0541528096716 0.0929611805687 
0.0 0.0 0.0 0.0 0.0 0.0 0.615558246014 0.0 0.0 0.0 0.0 0.0 234.0 147.0 246.0 -0.0471635748819 -0.0115383182194 0.108790992999 0.00437460316182 
0.19988464011 0.114887216155 0.0 0.536578486771 0.417722568714 0.0 0.991788098794 0.36348518544 0.0 0.121177902988 0.383083852994 0.0 235.0 150.0 249.0 0.0616274181167 -0.00716371505763 -0.141002645011 0.0152941703831 
1.38426276494 0.0 0.0 0.176988158819 0.0 0.0 0.138194861561 0.0 1.18234803132 0.0 0.0 0.813705083776 235.0 151.0 250.0 -0.0793752268945 0.00813045532543 -0.115674118441 -0.187849591904 
3.75014840676 2.36144587679 4.94542898852 0.548968586738 0.0 1.32767463992 0.0 1.75728875316 3.44571245607 4.69619654706 0.0 1.71179180805 235.0 157.0 255.0 -0.195049345335 -0.179719136578 0.11955734737 -0.129633783822 
0.453537328412 2.1957238973 1.58708153187 0.00482873880086 0.554814640648 0.0 0.0 0.0 0.0 0.133788761591 0.0 0.124024441742 235.0 181.0 255.0 -0.0754919979655 -0.3093529204 -0.0252313234921 -0.0605302353147 
0.0 0.0 1.45564097501 0.308968603335 0.231846279259 0.648908706447 1.7196143322 0.0 0.396690645503 0.0 0.779539137688 0.77096692955 235.0 211.0 255.0 -0.100723321458 -0.333333333333 -0.108161275638 0.0742530197751 
0.376149869169 0.0 1.20283158264 0.172923187338 0.0 0.0 0.0 0.0 0.0 0.0 0.98262440201 1.31194165537 235.0 235.0 255.0 -0.208884597096 -0.259080313558 -0.0490244224908 -0.079745899666 
0.0102048562095 1.40405140534 0.744807944881 0.358198997482 0.169811823593 0.0 0.0 0.876432334268 0.583501352157 1.54935172774 0.15715063325 0.0 235.0 250.0 255.0 -0.257909019586 -0.333333333333 0.18623106648 0.13899066304 
0.0 0.0 1.37803653096 0.0 0.320164667571 1.49313848134 0.939528228807 0.93927537522 0.0 0.210704681641 0.363495466649 0.220926006775 236.0 250.0 255.0 -0.0716779531063 -0.194342670294 -0.0797433013606 -0.0203030637037 
0.2677818039 0.27455321099 1.63937572177 0.543831973582 0.00945036824329 0.815664524302 0.756008434425 0.0 0.475114869379 0.0 0.0 1.00312096329 235.0 250.0 255.0 -0.151421254467 -0.214645733997 0.106856979564 0.14840616585 
0.274173779715 0.0 0.202723116941 0.0 0.332723840183 0.227610628448 0.0102593713319 0.0 0.696090387191 0.0 1.33484727477 0.330939315804 235.0 250.0 255.0 -0.044564274903 -0.0662395681476 -0.109174515737 0.0721706347538 
0.00860256069523 0.0 0.0 0.0 0.978010644922 0.436924275752 0.0 0.0169754746627 0.0 0.414618444106 0.537298431834 0.80449715674 235.0 250.0 255.0 -0.15373879064 0.00593106660615 -0.101108723756 -0.100859940828 
0.379350354502 0.213035510033 0.829026961761 0.427776284986 0.128713641819 0.596632852448 1.10736207301 0.0 0.0 0.724040843014 0.384104951041 0.811510693988 235.0 249.0 255.0 -0.254847514396 -0.0949288742221 -0.0211458705776 0.142192429913 
0.197452707171 1.45982929768 1.25252899025 0.0 0.0 0.629872888217 0.858040413155 1.32959211033 0.0 0.166248542259 0.850136876042 0.811234662704 235.0 247.0 255.0 -0.275993384974 0.0472635556909 0.0144325806097 0.0408598820413 
0.0 0.0 0.0 0.0 0.0 0.0 0.0 0.0 0.0 1.62626662454 0.0 0.0 235.0 238.0 255.0 -0.261560804364 0.0881234377322 -0.0104487545347 0.120339481488 
1.5049830994 1.75480204995 1.2123387469 0.0750995590919 0.0 2.68727275173 0.0 0.0 2.14746586401 2.38339144936 0.22468823318 2.98932467532 235.0 223.0 255.0 -0.272009558899 0.20846291922 -0.248080591693 0.0222483967503 
0.293799774254 1.21833532554 2.11711092031 0.546288000182 0.657698729184 1.38132438789 0.0 0.814877427195 0.440686268946 0.580434856098 0.0 0.564544379303 235.0 203.0 255.0 -0.333333333333 0.230711315971 0.0824090302444 0.0592503327847 
0.0 0.0 0.0 0.0 0.0 0.0 0.0 0.0 0.0 2.03422971561 0.0 0.0 235.0 184.0 255.0 -0.250924303089 0.289961648755 -0.0266098252212 -0.165254227587 
0.014242340636 1.41479026083 3.32634606004 0.287522451065 0.106459164532 0.735590181069 0.0 0.0 0.0 1.65078940521 0.0 0.0 235.0 170.0 253.0 -0.27753412831 0.124707421169 -0.0517433285687 -0.0146293281701 
0.0 0.0 0.0 0.0 0.0 0.0 0.0 0.0 0.546744177423 2.12974214178 0.0 1.18894224371 235.0 160.0 248.0 -0.329277456879 0.110078092999 0.104904240498 0.067248850837 
0.0 1.80881922341 2.01208831861 0.0 1.77461973014 0.347378921383 0.0 0.0 1.54057445041 3.3089041013 0.0 0.289619295789 236.0 151.0 242.0 -0.224373216381 0.177326943836 0.0513781862078 0.0546996115761 
0.0 0.344286092525 0.705328447207 0.14585664611 0.0 0.0 0.383218114922 0.0 0.0 1.16850101743 0.235790480578 0.0 235.0 141.0 233.0 -0.172995030173 0.232026555412 0.0793801477208 -0.0688640576743 
0.0 0.0 0.87163902017 0.548717391248 0.22002212665 0.0 0.10335691784 1.33510424314 1.33529805898 0.0 0.804726944472 0.65277551752 235.0 131.0 224.0 -0.0936148824523 0.163162497737 -0.0249049309759 -0.0201929699349 
0.879266577864 0.0 1.46746784519 0.367549408513 1.10327836426 0.0 0.0986735032371 0.0 0.0 0.0 0.0 0.624902138643 235.0 123.0 216.0 -0.118519813428 0.142969527803 -0.0845766626647 -0.0739915128131 
0.0 0.717000220997 0.0 0.0 0.694982502441 0.0 0.0 0.0 0.0 0.718255160333 0.253677558424 0.0 235.0 118.0 208.0 -0.203096476093 0.0689780149894 -0.0188078182481 -0.105027494203 
0.0 0.0 0.0 0.0 0.0 0.0 0.0 0.0 0.0 0.0 0.180109739176 0.128055323326 235.0 118.0 212.0 -0.221904294341 -0.0360494792139 -0.110099239709 0.0105984640008 
0.0 0.0 0.0 0.0 0.0 0.0 0.0 0.0 0.0668051843102 2.79925257044 0.0 0.0 235.0 120.0 224.0 -0.33200353405 -0.0254510152131 -0.0697767063696 0.0413959692873 
0.0 0.226780145106 0.0 0.0 0.0 0.0 0.0 0.0 2.00236974513 0.329069091082 1.06815300162 0.0 235.0 122.0 227.0 -0.333333333333 0.0159449540742 -0.256606729865 0.115996027251 
1.50999814486 0.322907988716 0.912877439764 0.0 0.0 0.0 0.0 0.793589866273 0.0 0.212006084262 0.476131638024 0.523582585917 235.0 121.0 220.0 -0.333333333333 0.131940981326 0.00165796309488 -0.0692803934095 
0.0923161610645 0.0 0.0 0.0 0.0 1.10999370152 0.0762712205378 0.0 0.737664414248 1.18756689024 0.0 0.626900980354 235.0 117.0 211.0 -0.331675370238 0.0626605879161 0.035940741399 0.109439050086 
0.948885505239 0.578090654334 0.711592362905 1.07935471375 0.0 1.00587238162 0.0080286228765 2.07446649105 0.559417767451 0.0 0.0 1.25069126602 235.0 114.0 201.0 -0.295734628839 0.172099638002 0.13280121318 0.165130422515 
0.0 0.0 0.0 0.0 0.752622018874 0.0 2.47506171209 0.0 0.0 0.0 1.56617948597 0.0 235.0 109.0 183.0 -0.16293341566 0.333333333333 0.012695657255 -0.183110401646 
0.0 0.0 0.0 0.161656271693 1.1335895565 0.0 3.38636667179 0.0 0.0 0.0 0.0 0.0 235.0 110.0 165.0 -0.150237758405 0.150222931687 -0.236523319073 -0.0156351730491 
0.0 0.0 0.0 0.0 0.0 0.0 4.92793862842 0.0 0.0 0.0 1.68380686479 0.0 235.0 111.0 150.0 -0.333333333333 0.134587758638 0.00599393694408 -0.0517843838367 
0.0 0.0 0.0 0.0 0.0 0.0 4.11942768302 0.0 0.0 0.0 0.703707280039 0.0 235.0 113.0 139.0 -0.327339396389 0.082803374801 -0.164473705703 0.168559548349 
0.0 0.0 0.0 1.12117361805 0.0 0.0 2.02617998894 0.0 0.218089406991 0.0 0.843959810146 0.0 235.0 114.0 125.0 -0.333333333333 0.25136292315 0.13163827314 -0.131431587339 
0.0 0.0 0.0 0.0 0.0 0.0 0.0 0.0 0.0 0.220457407155 0.0 0.0 235.0 115.0 111.0 -0.201695060193 0.119931335811 -0.138452303117 -0.0685830151332 
0.0 0.0 0.0 0.0 0.0 0.0 0.0 0.0 0.0 0.0 0.0 0.0 235.0 115.0 104.0 -0.333333333333 0.0513483206775 0.0178478464811 -0.0567177090715 
0.0 0.0 0.0 0.0 0.0 0.0 0.0 0.0 0.0 0.0 0.0 0.0 235.0 115.0 104.0 -0.315485486852 -0.005369388394 -0.0485375642372 0.0425306612316 
