nrollouts: 10
# HEADER 1
0.0 0.0 0.525470315348 0.0 0.0 0.280221747274 0.746616212019 0.0 1.57512788917 0.577451916993 0.0 0.0 132.0 247.0 255.0 0 0 -0.3 0.00865869126299 
0.0 0.0 0.0 0.0 0.0 0.0 0.790807960265 0.643602607007 0.668518211395 0.48751120129 0.0 0.0 132.0 246.0 255.0 -0.3 0.00865869126299 -0.3 0.0113094774589 
0.0 0.0 0.0 0.533723538843 0.0 0.197472503008 0.0426709266684 0.0 0.466650134799 1.35143172657 2.43286978076 0.0 136.0 242.0 255.0 -0.333333333333 0.0199681687219 -0.3 0.0114762849541 
0.0 0.0 0.0 0.822307456919 0.700348726732 0.0 0.0 0.0 0.120099988844 0.0 0.0 0.249290179404 149.0 227.0 255.0 -0.333333333333 0.031444453676 -0.3 0.0025610934761 
0.0 0.203211889587 0.0 0.0294931727841 0.328857745307 0.173535327978 0.318342026596 0.217744372691 0.332675452871 1.42141768545 0.0 0.0 164.0 212.0 255.0 -0.333333333333 0.0340055471521 -0.296376284543 -0.00147108026577 
0.0 0.0 0.0 0.048617204693 0.0 0.181663283264 0.129155615989 0.409470364399 0.0 0.0 0.640646514553 0.588595232457 177.0 195.0 255.0 -0.333333333333 0.0325344668864 -0.292067177781 -0.00748500868518 
0.0 0.0 0.0 0.0 0.0 0.0 0.0167832605297 0.0371479628714 0.0 0.300040278523 0.0 0.0 191.0 183.0 255.0 -0.333333333333 0.0250494582012 -0.289103232844 -0.0119853299553 
0.115514880589 0.0 0.0 0.656949086058 0.109118678389 0.0 0.20193873113 0.0 0.0 0.0 0.566485696385 0.0 203.0 174.0 255.0 -0.333333333333 0.0130641282459 -0.283671932425 -0.0123500233568 
0.0 0.0 0.0 0.0 0.0 0.0 0.0 0.0 0.15285757002 0.0 0.343945313272 0.0 217.0 167.0 252.0 -0.333333333333 0.000714104889042 -0.280937824808 -0.0148517672848 
0.0 0.177106327769 0.0 0.0 0.736807076466 0.0 0.00800706123208 0.0 0.0 0.828133042788 0.0 0.0 229.0 162.0 250.0 -0.333333333333 -0.0141376623958 -0.27618784615 -0.0140802077519 
0.0 0.0 0.0 0.0 0.271307178563 0.227185040782 0.0 0.0 0.0 0.0 0.825660506788 0.468391433792 231.0 165.0 255.0 -0.333333333333 -0.0282178701477 -0.276406283104 -0.010891527626 
0.115469276657 0.0 0.0 0.0 0.321600991209 0.0 0.0 0.639396578866 0.0 0.0 0.0 0.620568086423 235.0 172.0 255.0 -0.333333333333 -0.0391093977737 -0.276829678066 -0.00787504762008 
0.0 0.0 0.0 0.471213267163 0.0 0.0 0.236788438599 0.0 0.626706909257 0.0 0.0 0.0 235.0 185.0 255.0 -0.333333333333 -0.0469844453938 -0.279335200622 -0.00362945060077 
0.113200346975 0.0 0.0 0.0 0.0 0.0 0.0 0.765614066884 0.0 0.126089178995 0.701335715434 0.0 235.0 200.0 255.0 -0.333333333333 -0.0506138959945 -0.281206048371 0.00134330616872 
2.37049349124 2.1723786574 1.09752487371 0.0 0.0 0.0 0.0 1.03687960188 1.92753929606 3.25434922608 0.54160359872 1.24187670841 235.0 216.0 255.0 -0.333333333333 -0.0492705898258 -0.269563708262 0.0165921723574 
0.0693861375762 0.0 0.0 0.0 0.0 0.0 0.651824288441 0.0 0.0 0.13632867562 0.234520523558 0.0 236.0 228.0 255.0 -0.333333333333 -0.0326784174684 -0.285584438159 0.00646177577568 
0.0 0.0 0.293675444727 0.0 0.0 1.08815336389 0.0 0.0270122821521 0.585327952036 0.0 0.58893070691 0.0 235.0 236.0 255.0 -0.333333333333 -0.0262166416928 -0.285151482567 0.00933649685383 
0.141060391959 0.637979662163 0.0 0.656635588835 0.0 0.0 0.0 2.51743553071 0.6533729991 0.23293878826 0.0 0.558824783899 235.0 243.0 255.0 -0.333333333333 -0.0168801448389 -0.282734823334 0.0127641196842 
0.0 0.0 0.737412212959 0.202104705644 0.0 0.0 0.0 0.0 1.13801521107 0.417602479279 0.269410730562 0.0 235.0 246.0 255.0 -0.333333333333 -0.00411602515474 -0.286060282227 0.00968203595421 
0.0 0.277502984775 0.0 0.0 0.203293770889 0.118196840603 0.0 0.0 0.547788534966 0.864928350848 0.797130075371 0.793411134332 235.0 247.0 255.0 -0.333333333333 0.00556601079947 -0.285061772673 0.00957930991619 
0.325966630863 0.593413474458 0.0 0.0 0.322994267934 0.0 0.0 0.0 0.651355425244 0.0 0.0 0.345994757428 235.0 246.0 255.0 -0.333333333333 0.0151453207157 -0.28634971635 0.00691711473785 
0.0 0.691848810621 0.0 0.0 0.0 0.0 0.0 0.0 0.0 1.17751850922 0.661886112231 0.0 235.0 242.0 255.0 -0.333333333333 0.0220624354535 -0.285291049636 0.00524217346438 
0.0 0.693317806458 0.0 0.0 0.0 0.0 0.0 0.0 0.138843279796 0.0 0.0 0.546965361377 235.0 237.0 255.0 -0.333333333333 0.0273046089179 -0.285806766495 0.00216644813405 
0.0 0.0 0.0 0.0 0.0 0.912945327019 0.76640358678 0.0 1.9100768534 1.06756102954 0.0 0.701338804167 235.0 230.0 255.0 -0.333333333333 0.0294710570519 -0.280048613585 0.00358603158209 
0.0 0.909179928549 0.0 0.206737508971 0.506462372261 0.0 0.344160136402 0.0 0.794531167197 0.0 0.0 0.15653004221 236.0 223.0 255.0 -0.333333333333 0.033057088634 -0.28157574574 -0.00106996651537 
0.125593651698 0.0 0.0 0.0 0.327524531839 0.0 0.913246396252 0.0 0.0 0.316325979339 0.0 0.507368451529 236.0 217.0 255.0 -0.333333333333 0.0319871221187 -0.28155017438 -0.00328907493849 
0.0352691470489 0.0 0.0 0.175112649238 0.0 0.0 0.0474886805635 0.0 0.658941056778 0.0 0.260399148162 0.0 236.0 210.0 255.0 -0.333333333333 0.0286980471802 -0.281747741261 -0.00578561279006 
0.0 0.0 0.0 0.0 0.0 0.0 0.0337760786056 0.0 0.0 0.0 0.0277830785725 0.0 236.0 205.0 255.0 -0.333333333333 0.0229124343901 -0.282407959645 -0.00751921170855 
0.0 0.0 0.0 0.0 0.0 0.0 0.0 0.0 0.0 1.79763777387 0.0 0.0 236.0 202.0 255.0 -0.333333333333 0.0153932226815 -0.280047161468 -0.00588160667448 
0.444216256911 0.0 0.0 1.46181856197 0.0 0.315113414412 0.0 0.0 0.0 0.23754373413 0.0 0.0 236.0 201.0 255.0 -0.333333333333 0.00951161600706 -0.279220839141 -0.0048598448509 
0.0 0.0 0.0 0.0 0.643326697543 0.0 0.0 0.830633071306 1.10577200523 0.0 0.0 0.0 236.0 201.0 255.0 -0.333333333333 0.00465177115616 -0.279161173379 -0.00417262616679 
2.05817762529 0.0 0.0 0.0 0.0 0.0 0.0 0.893736245126 0.0 0.140518510911 0.66642787277 0.0 236.0 201.0 255.0 -0.333333333333 0.00047914498937 -0.277847126288 -0.0025996745804 
0.0 0.0 0.0 0.0 0.0 0.0 0.956344223043 0.0 0.310811192367 0.0 0.0 0.0 235.0 201.0 255.0 -0.333333333333 -0.00212052959102 -0.28104829937 -0.00453116367186 
0.0 0.0 0.409868113704 0.349971142461 0.0 0.0 0.516089167553 0.498712441517 0.0 0.0 0.424856243739 0.0 235.0 202.0 255.0 -0.333333333333 -0.00665169326288 -0.28017979498 -0.00286144305055 
0.0 0.0 0.0 0.0 0.0 0.0 0.285365725743 0.102073623181 0.0 0.0 0.0896221165213 0.0 235.0 209.0 255.0 -0.333333333333 -0.00951313631343 -0.283299568236 -0.00213443166696 
0.0 0.0 0.0 0.0 0.648041044792 0.0 0.590744429669 0.0 0.222476985676 0.0 0.0 0.0 235.0 216.0 255.0 -0.333333333333 -0.0116475679804 -0.283227662091 0.000979195047194 
0.131249646998 0.0 0.157715868782 0.0 1.03809180379 0.0 0.0 0.0 0.0 0.777962099012 0.673160134745 2.43665635023 235.0 223.0 255.0 -0.333333333333 -0.0106683729332 -0.279850546926 0.00625576702552 
0.0 0.0 0.0 1.08506773365 0.0 0.0 0.116163091682 0.0 0.0 0.427143589552 0.0 0.0 235.0 227.0 255.0 -0.333333333333 -0.00441260590767 -0.284555345948 0.00335546945603 
0.0 0.0 0.924441669155 1.02477208891 0.0 0.0 0.0 0.0 0.0 0.592895402883 0.0 0.0 235.0 228.0 255.0 -0.333333333333 -0.00105713645165 -0.283574853508 0.00407258056627 
0.0 0.0 0.183534074973 0.179836056118 0.0375439385745 0.0 0.283041026928 0.0 0.0 0.0 0.180636058924 0.0 235.0 228.0 255.0 -0.333333333333 0.00301544411462 -0.285476117448 0.00205651712658 
1.4791727621 0.0 0.0 0.0 0.0 0.34816674562 0.0 0.0 0.0 1.98417487534 2.46763668577 0.611380373783 236.0 229.0 255.0 -0.333333333333 0.0050719612412 -0.278283496065 0.00756504899702 
0.0248204825648 0.0 0.0 0.0 0.0 0.0 0.0 0.083853028368 0.346569318479 0.0 0.0 0.0 236.0 227.0 255.0 -0.333333333333 0.0126370102382 -0.285413509291 0.000223422491075 
0.0 0.0 0.0 0.0 1.80307770365 0.0 0.0 0.556075343824 1.61930474025 0.0 0.0 0.253954992921 236.0 225.0 255.0 -0.333333333333 0.0128604327293 -0.280673844439 0.00308868529801 
0.0 0.0 0.0 0.333195495473 0.853462947064 0.423367851933 0.0 0.0 0.0 2.04733629851 0.0 0.35713155617 236.0 222.0 255.0 -0.333333333333 0.0159491180273 -0.280428205334 0.0016824276446 
0.0 0.0 0.0 0.0 0.353494387445 0.312990687827 0.204135843955 0.276202362182 0.3836619139 0.163451325073 0.470893186996 0.0 236.0 218.0 255.0 -0.333333333333 0.0176315456719 -0.281973218606 -0.00132875054047 
0.0 0.0 0.0 0.0 0.0 0.0 0.0 0.0 0.0 0.775650625287 0.0 0.0 236.0 214.0 255.0 -0.333333333333 0.0163027951314 -0.283028695732 -0.00356113074653 
0.343828120794 0.0 0.0 0.0 0.823180619059 0.0 0.0 0.0 0.0 0.502990291515 0.0 0.0 236.0 212.0 255.0 -0.333333333333 0.0127416643849 -0.281739194474 -0.00288186014261 
2.01533712878 0.0 0.0 0.0 0.0 0.0 0.0 0.0 0.0 1.920476232 0.0 0.0 236.0 211.0 255.0 -0.333333333333 0.0098598042423 -0.27897716713 -0.000749037169882 
0.0 0.0 0.0 0.0 0.0 0.0 0.0 0.0 0.0 2.33133768481 0.0 0.0 235.0 209.0 255.0 -0.333333333333 0.00911076707241 -0.28080532504 -0.00264981960431 
0.0 0.0 0.1633365896 0.0 0.0 0.0 0.0 0.0 0.0 3.08628233435 0.0 0.0 235.0 209.0 255.0 -0.333333333333 0.0064609474681 -0.279771768522 -0.00149607656373 
0.0 0.0 0.0 0.0 0.0 0.0 0.0 0.0 1.15578855169 4.09758815481 0.0 0.0 235.0 209.0 255.0 -0.333333333333 0.00496487090437 -0.27744394094 0.00051372663313 
0.0 0.0 0.0 0.0 0.0 0.0 0.0 0.0 0.0 3.28093548289 0.0 0.0 235.0 209.0 255.0 -0.333333333333 0.0054785975375 -0.279751664163 -0.0013508981698 
0.0 0.0 0.0 0.0 0.0 0.0 0.0 0.0 0.0 3.40686468694 0.0 0.0 235.0 209.0 255.0 -0.333333333333 0.0041276993677 -0.279626696084 -0.00107549885045 
0.0 0.0 0.0 0.0 0.0 0.0 0.0 0.0 0.625893762517 3.35964805476 0.0 0.0 235.0 209.0 255.0 -0.333333333333 0.00305220051725 -0.278965326805 -0.000418820251767 
0.0 0.0 0.0 0.0 0.0 0.0 0.0 0.0 0.0 1.9667914941 0.0 0.0 235.0 209.0 255.0 -0.333333333333 0.00263338026548 -0.281343470286 -0.00221447011195 
0.0 0.0 0.0 0.0 0.0 0.0 0.0 0.0 0.0 0.553003521128 0.0 0.0 235.0 209.0 255.0 -0.333333333333 0.000418910153527 -0.283041753555 -0.00324344583345 
0.0 0.0 0.0 0.0 0.217754074129 0.0 0.0 0.0 0.0 0.0 0.0 0.0 236.0 210.0 255.0 -0.333333333333 -0.00282453567992 -0.283409926555 -0.00292210233657 
1.67004023164 0.55043084058 1.41491208622 0.0 0.111442384827 0.0 0.0 0.0 0.0 3.70224584039 0.0 1.43489872746 236.0 212.0 255.0 -0.333333333333 -0.00574663801649 -0.273581518623 0.00591025785083 
0.0 0.0 0.0 0.187929515254 0.0 0.0 0.0 0.459909625796 0.188570079268 1.56280089746 0.0 0.0 236.0 214.0 255.0 -0.333333333333 0.000163619834339 -0.281395623679 -0.000162797483497 
0.0 0.0 0.0 0.742998334652 0.0 0.0 0.0 0.0 0.0407553210073 0.591025641904 0.374619928045 0.0 236.0 214.0 255.0 -0.333333333333 8.22350841645e-07 -0.282161637779 -0.000737322326827 
0.031228801721 0.285510753671 0.0 0.0 0.722059250178 0.0593582597693 0.0 0.0 0.0384543344001 0.0 0.711291709034 0.0 236.0 214.0 255.0 -0.333333333333 -0.000736499975986 -0.282058452408 -0.000559831126409 
0.0 0.573404203688 0.0 0.692516399224 0.0 1.08429918796 1.49369338469 0.112992489623 0.0 0.470029955874 0.0 0.861637609717 236.0 214.0 255.0 -0.333333333333 -0.0012963311024 -0.278027038426 0.00265223649669 
0.0 0.81183537349 0.0 0.703744098314 0.229637511968 0.0 0.974724356964 0.0 1.31680525453 0.0 0.0 0.0 236.0 214.0 255.0 -0.333333333333 0.00135590539429 -0.279452122991 0.00119272218275 
0.0 0.315078270743 0.168266227443 0.0 0.688862533186 0.0 0.0 0.765816690214 0.0 0.0 0.0 0.133174372906 236.0 214.0 255.0 -0.333333333333 0.00254862757704 -0.281740405888 -0.000745537046171 
0.0 0.0 0.294824102025 0.280358182153 0.240179246596 0.452267519276 0.0 0.0 0.0 0.506563103662 0.0 0.0 236.0 214.0 255.0 -0.333333333333 0.00180309053087 -0.282101920815 -0.0009284954984 
0.0 0.0 0.0 0.556420935118 1.09475669071 0.0 0.0 0.0 0.643684443844 0.0 0.454465572578 0.256125807395 235.0 214.0 255.0 -0.333333333333 0.000874595032471 -0.28090192371 0.000344403745657 
0.0439633479254 0.0 0.0 0.0 0.18606846825 0.0 0.797107315903 0.0 0.0 0.190705100994 0.0 0.63924063588 235.0 214.0 255.0 -0.333333333333 0.00121899877813 -0.28224488758 -0.000746020147119 
0.0 0.0 0.244168699008 0.237837991987 0.0 0.107661411531 0.0 0.220808094319 0.691257933736 0.335869473259 0.18969246551 0.0 235.0 214.0 255.0 -0.333333333333 0.000472978631009 -0.282057624787 -0.000501964950317 
0.0 0.0 0.033915838656 0.0 0.0 0.0 0.0 1.33622054028 0.236235864322 0.119450192501 0.0 0.0 235.0 214.0 255.0 -0.333333333333 -2.89863193075e-05 -0.282420253433 -0.000717900836804 
0.385013611867 0.0825853363622 0.203544152006 0.170486662658 0.456646482504 0.0 0.054954822253 0.353471464788 0.0 0.084917433755 0.445998543789 0.342054382325 235.0 214.0 255.0 -0.333333333333 -0.000746887156112 -0.281429536403 0.000147596243295 
0.972170459137 0.0 0.0 0.0 0.0 0.0 0.0712380934635 0.0 0.0 0.26582184121 0.0 0.643656483844 235.0 214.0 255.0 -0.333333333333 -0.000599290912817 -0.282163227086 -0.000442744907716 
0.0 0.0 0.0 0.0 0.379378226392 0.0 0.0 0.0 0.0954406658062 0.727376773591 0.424175144237 0.145222220981 235.0 214.0 255.0 -0.333333333333 -0.00104203582053 -0.28238368897 -0.000555884134158 
0.0 0.0 0.481024032439 0.674512232191 0.0 0.0 0.0 0.0 0.0 0.0 0.634830471222 0.0 235.0 214.0 255.0 -0.333333333333 -0.00159791995469 -0.282371074083 -0.000472776447111 
0.0 0.243952578461 0.0 0.0 0.0 0.0 0.533509618212 0.0 0.0519745167878 0.188013180237 0.325585419534 0.179311229187 236.0 215.0 255.0 -0.333333333333 -0.0020706964018 -0.282613210421 -0.000418839629333 
0.136422987755 0.0 0.514453552291 0.0 0.292204557469 0.0 0.0 0.799445158076 0.633033900578 0.101784105797 0.367722549699 0.0 236.0 216.0 255.0 -0.333333333333 -0.00248953603113 -0.281216410893 0.00111985812876 
0.665661332533 0.686509959536 1.0406698555 0.287477855849 0.0 0.0 0.0 0.236080545892 0.657347719463 1.60042990442 0.0 0.0 236.0 217.0 255.0 -0.333333333333 -0.00136967790237 -0.278611755496 0.0033968425122 
0.783084738728 0.6757853423 0.141480106333 0.0 0.0 0.0 0.0 0.0 0.0 2.32624399207 0.0 1.24974686474 236.0 217.0 255.0 -0.333333333333 0.00202716460983 -0.278551549565 0.00299581102709 
# HEADER 2
0.0 0.119546406154 0.858237513497 0.368747222305 0.41149540269 0.500934902908 0.918084784091 0.219777130983 0.0 0.0102246182149 0.679613958316 0.604449200015 132.0 247.0 255.0 0 0 -0.3 0.00956068529125 
0.0 0.0 0.513792972531 0.0 0.0 0.0 0.409341112613 0.0 0.0603652924856 0.407006231516 0.0 0.33994438206 132.0 246.0 255.0 -0.3 0.00956068529125 -0.3 0.0104164416175 
0.0 0.0 0.0 0.0 0.0 0.0 0.0 0.0 0.0 0.0 0.0 0.0 134.0 243.0 255.0 -0.333333333333 0.0199771269088 -0.3 0.00723722382907 
0.0 2.42541898265 1.67180935815 0.0 0.0 0.0 0.0 0.0 0.0 4.71277740997 0.0 0.31037522412 147.0 230.0 255.0 -0.333333333333 0.0272143507379 -0.295946423209 0.0105911122617 
0.0 0.0 0.0 0.318938896317 0.0 0.0919434586633 0.1153969408 0.0 0.68656346912 0.0 0.401199578819 0.0 163.0 212.0 255.0 -0.333333333333 0.0378054629996 -0.298199715035 -0.00317434691306 
1.72157470646 0.0 0.627447688766 0.0 0.0 0.707263655707 0.168145265523 0.0 0.0 0.0 0.691117318462 0.584203709205 176.0 196.0 255.0 -0.333333333333 0.0346311160865 -0.289473661764 -0.00512913823837 
0.0 0.0 0.0 0.487233680124 0.0 0.0 0.114561695291 0.0 0.0 0.0 0.0 0.0 190.0 183.0 255.0 -0.333333333333 0.0295019778482 -0.288966942757 -0.0122497879997 
0.0165592205954 0.0 0.0 0.0 0.323120625208 0.625483023039 0.949596375027 0.0 0.0 0.0900419054102 0.0 0.0 202.0 173.0 255.0 -0.333333333333 0.0172521898485 -0.283264796939 -0.0127654466553 
0.0 0.0 0.00290014192131 0.0 0.0 0.169699287385 0.0 0.0 1.01469327388 0.801459065982 0.0 0.0 215.0 166.0 252.0 -0.333333333333 0.00448674319323 -0.279432368506 -0.0141415851756 
0.0 0.0 0.0 0.0 0.0 0.0 0.0 0.0 0.0 1.56257113683 0.0 0.0 228.0 161.0 250.0 -0.333333333333 -0.0096548419824 -0.276412673146 -0.0150261270056 
0.0 0.0 0.0 0.0 0.0 0.0 0.0 0.0 0.0 0.683784718713 0.0 0.0 231.0 162.0 255.0 -0.333333333333 -0.024680968988 -0.277199531832 -0.013164677535 
0.0 0.0 0.0 0.0 0.0 0.0 0.0 0.0 1.09691088619 1.43366361128 0.335067911235 0.535154871275 234.0 170.0 255.0 -0.333333333333 -0.0378456465231 -0.274738043729 -0.00699074800347 
0.00232337910639 0.0 0.0 0.0 0.0 0.433854156572 0.0 0.0 0.208734283589 0.0 0.743257730602 0.0 235.0 179.0 255.0 -0.333333333333 -0.0448363945266 -0.27833767739 -0.00551653097908 
0.247433480474 0.0 0.0 0.745140577066 0.0 0.0 0.0 0.841777103543 0.0 0.0 0.0 0.0 235.0 194.0 255.0 -0.333333333333 -0.0503529255056 -0.28015287931 -0.000251665035194 
# HEADER 3
0.996821181888 1.11136848206 1.16046324495 0.405140752976 0.45452441732 0.766159454265 1.93516248933 0.0 0.479989977341 0.0 0.478661691889 0.633334783622 132.0 247.0 255.0 0 0 -0.3 0.0129748732249 
0.0241505661755 0.0 0.646434094307 0.0 0.0 0.0 0.176720378746 0.0 0.499778989379 0.124625452945 0.114859479873 0.0 134.0 244.0 255.0 -0.3 0.0129748732249 -0.3 0.00924466744902 
0.0 0.242908821154 0.0 0.0 0.23908612248 0.0 0.0 0.0 0.592011759937 1.95367480258 0.0 0.0 146.0 234.0 255.0 -0.333333333333 0.0222195406739 -0.3 0.00676713457469 
0.0 0.0 1.768998103 0.402079074758 0.903621470518 0.0 1.12181839676 0.0 0.0 0.0 0.0 0.19804883249 161.0 218.0 255.0 -0.333333333333 0.0289866752486 -0.296442883436 0.0021697611383 
0.0 0.462672229585 0.0 0.0 0.475620012326 0.0 0.209744695583 1.69813244485 0.0 0.0 0.0 0.0854487516186 175.0 203.0 255.0 -0.333333333333 0.0311564363869 -0.292652702155 -0.00415201586162 
0.0 0.0647098207793 0.654485911845 0.0 0.0 0.521265744286 0.273019622957 0.0 0.0 0.0 0.0 0.349024481228 188.0 189.0 255.0 -0.333333333333 0.0270044205253 -0.288887560032 -0.00904565705382 
0.0 0.0 0.0 0.0 0.341397495842 0.00161554611903 0.91437424799 0.0 0.0 0.0 0.0 0.431352695916 201.0 178.0 255.0 -0.333333333333 0.0179587634715 -0.284603017461 -0.0116997773979 
0.0 0.0 0.0 0.0 0.451938069584 0.0 0.0960191724362 0.77836496111 0.0 0.0 0.0 0.0 214.0 171.0 254.0 -0.333333333333 0.00625898607355 -0.281175767224 -0.0132333700931 
0.0 0.916724936024 0.0 0.0 0.0 0.0 0.184848603171 0.0 0.0 0.80502946296 0.0 0.0 227.0 164.0 251.0 -0.333333333333 -0.00697438401956 -0.276650813099 -0.0140090940404 
0.0 0.464058275352 1.52526432993 0.0 0.577213321479 0.114676554375 0.053192519259 0.462714618571 0.176163453391 0.0 1.05884450055 0.233278414243 230.0 165.0 255.0 -0.333333333333 -0.02098347806 -0.273139681047 -0.00908621428533 
0.116346445113 0.784609946145 0.94382735092 0.108557112786 0.0 0.0 0.0 0.23900849885 0.0 0.0 0.0 0.0 234.0 172.0 255.0 -0.333333333333 -0.0300696923453 -0.276324835542 -0.00845750810954 
0.0 0.836151544824 0.0123162208148 0.0 0.401579027167 0.0 1.01244749197 1.75087286493 0.0 0.36393359301 0.0 0.0 235.0 183.0 255.0 -0.333333333333 -0.0385272004548 -0.275318593751 -0.00241215682912 
0.0 0.0 0.0 0.0 0.0 0.0 0.128185976705 0.0 0.0 0.0 0.361580773672 0.0 236.0 196.0 255.0 -0.333333333333 -0.040939357284 -0.281641501981 -0.0020740177051 
0.0 0.0 0.0 0.614196398104 0.0 0.0 0.91102355478 0.0 0.0 0.0 0.0 0.0 236.0 211.0 255.0 -0.333333333333 -0.0430133749891 -0.282706036423 0.00332068309289 
0.0 0.0 0.0 0.0 0.0 0.0 0.0 0.0 0.0802078274532 2.98418556081 0.0 0.0 236.0 224.0 255.0 -0.333333333333 -0.0396926918962 -0.282788043038 0.0079756936787 
0.0916369524432 0.0 0.0 0.350234449831 0.0 1.05127442781 0.108075272031 0.800810228921 0.684668636254 0.34365714296 0.8674690368 0.0 236.0 233.0 255.0 -0.333333333333 -0.0317169982175 -0.282551444588 0.0106787438543 
0.639830653015 0.0 0.633093791041 0.0 0.346805785216 0.0 0.159999351721 0.71341289868 0.0 0.0 0.0 0.0 236.0 241.0 255.0 -0.333333333333 -0.0210382543632 -0.285687357499 0.0100033596945 
0.0 0.0261297595869 0.0 0.0 0.267278292929 0.0 0.0 0.0 0.0 0.0 0.0 0.0 236.0 246.0 255.0 -0.333333333333 -0.0110348946687 -0.288849901899 0.0082075255945 
0.0 0.0 0.0 0.0 0.0 0.0 0.0 0.0 0.0 1.33187188675 0.0 0.0 235.0 248.0 255.0 -0.333333333333 -0.00282736907421 -0.288020572992 0.00878022160438 
0.0 0.0 0.0 0.0 0.0 0.0 0.0 0.0 0.0 1.53414219185 0.0 0.0 235.0 248.0 255.0 -0.333333333333 0.00595285253017 -0.287633934956 0.00792331698646 
0.0 0.0 0.0 0.0 0.0 0.0 0.0 0.0 0.0 3.55120466391 0.0 0.0 235.0 247.0 255.0 -0.333333333333 0.0138761695166 -0.284980651697 0.00854669424264 
0.0 0.0 0.0 0.0 0.0 0.0 0.0 0.0 0.0 0.394132096139 0.0 0.0 235.0 244.0 255.0 -0.333333333333 0.0224228637593 -0.288094611952 0.00380701994419 
0.0 0.0 0.0 0.520642443236 1.00375911066 0.0 1.7024941369 0.0 0.0 0.0 0.0 0.300093249712 235.0 238.0 255.0 -0.333333333333 0.0262298837035 -0.28345199398 0.00453725224276 
0.0 0.0 0.417279559149 0.0 0.0543956678248 0.0 0.0 0.0 0.180044986308 0.0 0.0299696094774 0.0 235.0 232.0 255.0 -0.333333333333 0.0307671359462 -0.285818684484 -0.000282441892921 
1.16301421622 1.44620385594 1.42082625343 0.0182367579904 0.0 1.63387393396 0.0 0.986986563782 0.446718730676 3.66746461631 0.0712571726666 0.352096393199 235.0 226.0 255.0 -0.333333333333 0.0304846940533 -0.272566144202 0.00769920167588 
0.0 1.60967822398 0.438994506831 1.43391091185 0.272962676795 0.130496400194 0.0 0.0 0.0 1.56561911527 0.0 0.0 235.0 218.0 255.0 -0.333333333333 0.0381838957292 -0.277994564493 -0.000724467323025 
0.0 1.7521321002 0.00149340562678 0.81481285145 1.15240312438 0.7473834363 0.146381684759 0.0 0.0 0.0 0.0 0.512010672116 236.0 211.0 255.0 -0.333333333333 0.0374594284062 -0.277110171687 -0.00293453279967 
0.0 0.0 0.447582747967 0.398776288583 0.0 0.0 1.56532570142 0.0 0.227322512838 0.0 0.321153065489 0.0 236.0 204.0 255.0 -0.333333333333 0.0345248956065 -0.278656350791 -0.00652861786439 
0.0 0.123573357826 0.0 0.657710229598 0.431190135564 0.0 0.445561058811 1.30974124992 0.0 0.499200781562 0.709776866484 0.392771192834 236.0 199.0 255.0 -0.333333333333 0.0279962777421 -0.276128509187 -0.00568347468283 
0.0 0.0 0.0 0.505120578897 0.0 0.641558946169 0.270505188317 0.0 0.0 0.0 0.450137509962 1.39937350545 236.0 195.0 255.0 -0.333333333333 0.0223128030593 -0.27715624246 -0.00732112877272 
0.254582461335 0.0 0.0 0.0 0.0 0.0 0.158374622017 0.183636346727 0.0 0.00632155962865 0.0 0.00844821641207 236.0 193.0 255.0 -0.333333333333 0.0149916742865 -0.280100051288 -0.00943939605834 
0.36995465965 0.0 0.931028392172 0.821233157371 0.0 0.0 0.405903792903 0.0 0.147961385331 0.103124695912 0.687002240409 0.439975957689 236.0 193.0 255.0 -0.333333333333 0.00555227822821 -0.276390290524 -0.00530830446367 
0.0 0.0 0.0 0.0 0.399850552158 0.0 0.0 0.0 0.707313934733 2.2883506892 0.0 0.986363089589 236.0 193.0 255.0 -0.333333333333 0.00024397376454 -0.275921738155 -0.00424353656219 
0.0 0.0 0.0 0.357588904194 0.0 0.0 1.14116378389 0.0 0.162043487739 0.0 0.902545565256 1.25306153537 236.0 193.0 255.0 -0.333333333333 -0.00399956279765 -0.276657886505 -0.0042571309518 
0.0 0.14664584268 0.0 0.0 0.45255806748 0.0 0.264234437463 0.0 0.0 0.702204193695 0.49914755018 0.0 235.0 196.0 255.0 -0.333333333333 -0.00825669374944 -0.279467005282 -0.0044751979537 
0.0 0.0 0.0 0.0 0.0 0.0 0.140975995844 0.0 0.0 0.0 0.0 0.0 235.0 203.0 255.0 -0.333333333333 -0.0127318917031 -0.282850763033 -0.0037405915518 
0.412970668914 2.11081238478 0.0 0.0 0.0 0.0 0.0 0.0 0.191087538818 1.30965421908 0.0 1.62310409783 235.0 211.0 255.0 -0.333333333333 -0.0164724832549 -0.27764430995 0.00397810988478 
0.0 3.07552707679 2.48611546844 0.835036147887 0.183810871577 2.81616990033 0.0 1.63551050681 2.20865351911 4.26176522715 0.0 2.42834430228 235.0 219.0 255.0 -0.333333333333 -0.0124943733702 -0.262009926863 0.0188401954437 
0.722039064245 1.41719284199 0.0 0.0 0.428877054778 1.21525850136 0.52962670065 0.132663841891 0.0 0.0 0.0 0.0 235.0 222.0 255.0 -0.333333333333 0.00634582207353 -0.280315289767 0.00325349470972 
0.822695470153 0.0 0.0 0.0 0.0 1.32121449129 0.182390158498 0.0231739417763 0.66683738627 0.225424709874 0.0 0.0 235.0 221.0 255.0 -0.333333333333 0.00959931678325 -0.28152427057 0.00148652354234 
0.0 0.0 0.0 0.0 0.0321958426005 0.0 1.67140756753 0.0 0.0 0.0 0.0 0.0 235.0 219.0 255.0 -0.333333333333 0.0110858403256 -0.283006211895 -0.000656018925667 
0.0 0.0 1.09890520465 0.166847805909 0.227867743035 0.0 0.0 0.0 0.0 0.0 0.0 0.0 235.0 218.0 255.0 -0.333333333333 0.0104298213999 -0.283114286637 -0.00105023629273 
0.0 0.835337501895 0.0 0.0 0.0 0.0 0.0705676292818 0.0 0.659644072347 0.0 0.0 0.819306582084 236.0 216.0 255.0 -0.333333333333 0.0093795851072 -0.281555452441 -0.00070897640164 
0.0 0.0530061906884 1.00983733955 0.275144159217 0.53151917324 0.0 1.10601307424 0.0 0.19248669492 0.0 0.0 0.0626744999723 236.0 215.0 255.0 -0.333333333333 0.00867060870556 -0.280424343547 -0.000131904105714 
0.823173160633 0.0 0.0 0.496581682643 0.0 0.268426972717 1.05936252288 0.0177618715963 1.0558760008 1.14386888799 2.1340934402 0.0 236.0 215.0 255.0 -0.333333333333 0.00853870459984 -0.276001144958 0.00333061258232 
0.0 0.31362752006 1.14570619061 0.0 1.20382856715 1.28685370513 0.0 0.0 0.323111766103 0.0 0.0 0.203716518898 236.0 214.0 255.0 -0.333333333333 0.0118693171822 -0.27875679496 0.000347819669258 
0.0 1.01289368462 0.0 0.0 0.695727393192 0.770451645986 0.0 1.21939971898 0.0 0.0 1.89532092443 0.0 236.0 212.0 255.0 -0.333333333333 0.0122171368514 -0.277139786957 0.000767800915696 
0.0 0.0 0.0 0.153054945246 1.03115745624 0.168883277147 0.117422823616 0.13250268425 0.338213024935 0.376901050228 0.437716568124 0.475177993329 236.0 211.0 255.0 -0.333333333333 0.0129849377671 -0.279751853028 -0.00176417066842 
0.0 0.0486367513401 0.604894712106 0.0 0.0 0.882220698309 1.41890470849 2.41956953578 0.845807763734 0.0 0.317163307326 0.0 236.0 209.0 255.0 -0.333333333333 0.0112207670987 -0.275599761159 0.000908599296565 
2.29942279439 1.90035835424 3.36170614528 2.13406535735 0.222355917903 0.247230342064 0.0 2.35376898905 2.94412190997 3.27578359856 4.13106348682 0.0 236.0 208.0 255.0 -0.333333333333 0.0121293663953 -0.256267178591 0.0154999972754 
0.0 1.10044888127 0.777820750207 1.77759369673 0.834881833253 1.75210525914 0.886289651662 0.0 0.0 0.0 0.377458679163 0.229073865945 235.0 203.0 255.0 -0.333333333333 0.0276293636706 -0.273246121997 -0.00158496882341 
0.596740897435 1.46206556433 0.704933484065 0.380327616085 0.655968687471 0.0 0.603217467038 0.0127472959316 0.0 1.91150405199 0.50636889115 0.208472980934 235.0 199.0 255.0 -0.333333333333 0.0260443948472 -0.273488253122 -0.0031522204599 
0.0 0.0 0.0 0.0 0.0 0.421938833925 0.0 0.0 0.541755342207 0.0 0.0 0.067243678079 235.0 195.0 255.0 -0.333333333333 0.0228921743873 -0.280002898862 -0.00939566554722 
0.0 0.0 0.0 0.0 0.0 0.0 0.0 0.0 0.0 0.0 0.0 0.0 235.0 194.0 255.0 -0.333333333333 0.0134965088401 -0.281223740932 -0.00950281511457 
0.0 0.0 0.0 0.0 0.0 0.0 0.0 0.0 0.0 0.0 0.0 0.0 235.0 193.0 255.0 -0.333333333333 0.00399369372555 -0.28123535245 -0.00865553315393 
0.0 0.0 0.0 0.0 0.0 0.0 0.0 0.0 0.0 4.70541973028 0.0 0.0 235.0 193.0 255.0 -0.333333333333 -0.00466183942838 -0.275855472451 -0.00332818630497 
0.0 0.0 1.52678035371 0.188834868686 0.0 0.0 0.0 0.0 0.0 0.688045795594 0.0 0.0 235.0 198.0 255.0 -0.333333333333 -0.00799002573335 -0.2793638707 -0.00363678540714 
0.0 0.0 0.0 0.0 0.0 0.0 0.0 0.0 2.08431434927 4.18662691703 0.0 0.0 235.0 205.0 255.0 -0.333333333333 -0.0116268111405 -0.275931840202 0.00229237449133 
0.755130424442 0.0 0.0 0.0 0.0 0.0 0.0 0.0 0.0 0.692365568765 0.47282604866 0.384144353331 236.0 213.0 255.0 -0.333333333333 -0.00933443664916 -0.281518434138 0.000597320143697 
0.0 0.99199625401 0.0 0.0 0.0 0.470938052744 0.0 0.505957991382 0.678806437638 0.0443792279064 0.812397573458 0.0 236.0 219.0 255.0 -0.333333333333 -0.00873711650546 -0.280997133191 0.00330443090388 
0.0 0.0 0.0 0.0 0.0 0.0 0.0 0.0 0.0 0.0 0.0 0.0 236.0 224.0 255.0 -0.333333333333 -0.00543268560158 -0.285805913353 0.00111094720464 
2.26549528674 0.188260491093 0.0 0.0522978035848 0.0264415876608 0.786596955232 0.0 0.0320146391126 0.0 0.918427598893 0.0 0.4692474203 236.0 227.0 255.0 -0.333333333333 -0.00432173839694 -0.280670280595 0.00615066395781 
2.19058331959 2.766642545 6.01061619962 0.763417050437 3.96494864142 0.715651550389 0.0 0.0 1.41464407387 6.42247996412 0.79615260171 1.45425998906 236.0 228.0 255.0 -0.333333333333 0.00182892556087 -0.25517999878 0.0256636607278 
0.0 0.0 0.0 0.0 0.0875413950892 0.0 0.202010978475 0.0047846995147 0.0 0.0 0.0 0.297565129494 236.0 226.0 255.0 -0.333333333333 0.0274925862887 -0.284851081583 -0.00169445459092 
0.984256249127 0.0 0.945500067885 0.618706310853 1.11884084144 0.0 0.0 0.329557341775 0.0 0.650969658486 1.63498207399 0.638820844996 236.0 220.0 255.0 -0.333333333333 0.0257981316978 -0.276547720959 0.00261289070167 
0.0 0.0 0.0 0.522330339222 0.0 0.0479814495317 0.432294098777 0.0 0.0 1.66552191478 1.84663372767 0.0 236.0 214.0 255.0 -0.333333333333 0.0284110223995 -0.278431451743 -0.0015800629445 
0.0 1.01038297545 0.593437960891 0.739048172447 0.0 0.0 0.0 0.0 0.0 3.02369423726 0.0 0.446789926186 235.0 208.0 255.0 -0.333333333333 0.026830959455 -0.276265444193 -0.00184845263968 
0.0 0.0 0.0 0.0 0.0 0.0 0.0 0.0 0.0 0.0 0.0 0.0 235.0 203.0 255.0 -0.333333333333 0.0249825068153 -0.282376132154 -0.00834396753515 
0.0 0.0 0.0 0.0 0.0 0.0 0.0 0.0 1.60118198156 1.18642771118 0.0 0.0 235.0 199.0 255.0 -0.333333333333 0.0166385392801 -0.278644520914 -0.00592770567677 
0.0 0.0 0.130000025552 0.0 0.0 0.0 0.0 0.0 0.0 1.29598023397 0.0 0.0 235.0 198.0 255.0 -0.333333333333 0.0107108336034 -0.280194783215 -0.00674895418307 
0.0 0.0 0.0 0.0 0.0 0.0 0.0 0.0 0.0 1.46853122996 0.0 0.0 235.0 198.0 255.0 -0.333333333333 0.0039618794203 -0.280259372177 -0.00590935065161 
0.0 0.0 0.0 0.0 0.0 0.0 0.0 0.0 0.0 0.299034220499 0.0 0.0 235.0 198.0 255.0 -0.333333333333 -0.0019474712313 -0.281733468763 -0.00627663048554 
0.0 0.0952676546263 0.0 0.0642243334057 0.787765384604 1.51523939329 0.0364766790416 0.0 0.812883528112 0.046591429566 0.0 0.0 235.0 200.0 255.0 -0.333333333333 -0.00822410171685 -0.278545849129 -0.00217591572769 
0.0 0.0 0.0187156151109 0.0 0.0 0.0 0.0 0.0 0.0 0.0 0.0 0.0 235.0 207.0 255.0 -0.333333333333 -0.0104000174445 -0.283553634105 -0.003008209101 
0.0 0.0 0.0 0.0 0.0 0.508783723948 0.916984628782 0.61918828899 0.0 0.0 0.300120777254 0.0 236.0 215.0 255.0 -0.333333333333 -0.0134082265455 -0.281839309631 0.00167812405628 
0.266811177445 0.0 0.0 0.0 0.0781057522732 1.17136658331 0.701385380651 0.0 0.0 0.168446118454 0.0 0.48496516346 236.0 222.0 255.0 -0.333333333333 -0.0117301024893 -0.282240982536 0.00392104642253 
0.357039105535 1.37123121219 0.0 0.0 0.410330142969 0.0 0.0 0.0 1.62796656164 2.78081644946 0.0 0.0 236.0 227.0 255.0 -0.333333333333 -0.00780905606672 -0.278605665224 0.00821891041294 
0.0 0.0 0.0 0.0156426777817 0.0 0.0 1.71283589062 0.0 0.0 0.0 0.0 0.176760161519 236.0 229.0 255.0 -0.333333333333 0.000409854346216 -0.284217279502 0.00355923797744 
0.0 0.0 0.921243611725 0.0 0.46582256 0.0 0.732306342748 0.245617383159 0.0 0.0585699588669 0.0 0.115396022919 236.0 229.0 255.0 -0.333333333333 0.00396909232366 -0.283412524447 0.00371611735757 
0.421398333085 0.0 1.91485937803 0.264113175516 0.744058354706 0.922966472846 0.0 0.922493606202 1.79772912377 1.04267040998 0.0 0.772809707026 236.0 229.0 255.0 -0.333333333333 0.00768520968123 -0.275993567688 0.00900572313238 
3.48451655296 2.16354791283 1.81998747057 0.461294443913 1.23203087533 0.619017853523 0.0 2.35445203268 1.08823158249 3.76115288833 1.21366401713 2.7671864754 236.0 227.0 255.0 -0.333333333333 0.0166909328136 -0.261268658678 0.0185318034034 
1.28132512788 0.0 0.0 0.0 0.597661419615 0.0 0.860113801255 0.0 0.0 0.0 0.0 0.0 236.0 221.0 255.0 -0.333333333333 0.035222736217 -0.281449213166 -0.00205042951362 
0.30911857534 0.360347667462 1.60829349326 0.0 0.0 0.0 0.0 0.0 1.67929235859 5.12467849561 0.0 0.0 235.0 213.0 255.0 -0.333333333333 0.0331723067034 -0.273068782421 0.00179157231423 
0.0 0.0 0.0 0.0 0.0 0.0 0.0 0.0 0.295877284861 0.712331044766 0.0 0.0 235.0 206.0 255.0 -0.333333333333 0.0349638790176 -0.28147147033 -0.00776670822297 
0.0 0.0 0.0 0.0 0.0 0.0 0.0 0.0 0.0 1.59502562327 0.0 0.0 235.0 200.0 255.0 -0.333333333333 0.0271971707947 -0.280015763341 -0.00799014615231 
0.0 0.0 0.0 0.752229459408 0.0 0.0656372011619 0.0 0.0 0.0 0.0 0.0 0.0 235.0 197.0 255.0 -0.333333333333 0.0192070246424 -0.280615166564 -0.00859274042666 
0.0 0.166636113422 0.0 0.0 0.0 0.0 0.0 0.0 0.0 1.27139741065 0.0 0.0 235.0 195.0 255.0 -0.333333333333 0.0106142842157 -0.279733134798 -0.00756702222758 
0.0 0.0 0.0 0.0 0.0 0.0 0.0 0.0 0.0 0.0 0.0 0.0 235.0 195.0 255.0 -0.333333333333 0.00304726198812 -0.281550836877 -0.00798288801251 
0.0 0.0 0.0 0.0 0.0 0.0 0.0 0.0 0.0 0.022119021032 0.0 0.0 235.0 196.0 255.0 -0.333333333333 -0.00493562602439 -0.281810079105 -0.0067353800236 
0.0 0.0 0.0 0.0 0.0 0.0 0.0 0.0 0.0 3.3636541159 0.0 0.0 235.0 201.0 255.0 -0.333333333333 -0.011671006048 -0.278747960526 -0.00148202419274 
0.0 0.0 0.0 0.0 0.0 0.0 0.0 0.0 0.0 2.80642529856 0.0 0.0 236.0 210.0 255.0 -0.333333333333 -0.0131530302407 -0.280544559919 0.000668618350204 
0.0 0.0 0.0 0.0 0.0 0.0 0.0 0.0 1.44180604754 0.0 0.0 0.0 236.0 218.0 255.0 -0.333333333333 -0.0124844118905 -0.283333723397 0.00158363317266 
0.0 0.0735919469567 0.448741605394 0.0 0.378971961393 0.0 0.0 0.0 0.0 0.0 0.0 0.0 236.0 224.0 255.0 -0.333333333333 -0.0109007787179 -0.28483998269 0.00258299833013 
0.0 0.0 0.0 0.0 0.107278842802 0.0 0.0811707497019 0.0 0.0 0.0 0.0 0.0 236.0 229.0 255.0 -0.333333333333 -0.00831778038774 -0.28638205237 0.00302625927912 
0.284995592362 1.12059431353 0.0 0.157226874702 0.258616582128 0.0 0.672701180166 0.0341696603036 0.0 0.0 0.0 0.0 236.0 233.0 255.0 -0.333333333333 -0.00529152110862 -0.284181077772 0.00592581254793 
0.677704843702 0.0 0.0 0.355421453042 0.474586642483 0.0 1.54866973801 1.38094521766 0.0 0.804042354166 0.453229598882 0.0 236.0 234.0 255.0 -0.333333333333 0.000634291439312 -0.280511687166 0.00839820470533 
0.0 0.110601656237 0.86083354565 0.0 0.675401911773 0.398911120639 0.0 1.26230448901 0.0 0.326523094618 0.214473192714 0.651365513379 236.0 234.0 255.0 -0.333333333333 0.00903249614464 -0.281771481282 0.00630954296572 
0.338067440277 0.0 0.0 0.0 0.488856982963 0.0 0.0 0.117438482153 0.0 0.208806456043 0.0 1.40527107149 236.0 231.0 255.0 -0.333333333333 0.0153420391104 -0.283495990619 0.00294495505969 
0.101708541132 0.724601045806 0.0 0.0 0.26859624705 0.578823969139 0.0 0.0542337919572 0.0 1.31717752993 0.0 0.0 236.0 228.0 255.0 -0.333333333333 0.0182869941701 -0.28242523622 0.00219989456023 
0.316975321911 2.36218649082 0.0 0.411980259546 0.967017590854 0.893697290076 0.296602820864 0.0528403587467 0.0 0.0 1.3868007303 0.0 235.0 223.0 255.0 -0.333333333333 0.0204868887303 -0.27759165323 0.00390729433882 
0.0 0.152378693955 0.0 0.0 0.68001270512 1.81949040556 0.0203237374028 0.0217148419805 0.0752147256478 0.0 0.275458888793 0.0 235.0 217.0 255.0 -0.333333333333 0.0243941830691 -0.280905813523 -0.00156972831502 
0.0 0.0 0.0 0.0 0.0 3.47342189385 0.312302223003 0.833837396442 0.689608942922 1.13229775442 0.960883636712 0.844923084536 235.0 212.0 255.0 -0.333333333333 0.0228244547541 -0.27407443259 0.00197505138404 
0.0 0.363694175409 0.0 0.386040234799 0.0 1.46649436306 0.0 1.53402387078 0.652109638828 2.64466459491 0.0 0.0 235.0 207.0 255.0 -0.333333333333 0.0247995061381 -0.274701595036 -0.000758794541824 
0.0 0.0 0.0 0.0 0.0 0.0 0.0 0.0 0.0 3.59329662933 0.0 0.0 235.0 202.0 255.0 -0.333333333333 0.0240407115963 -0.278021717861 -0.00522886103408 
0.296022013296 2.44201553755 1.64076719649 0.0 0.0 0.0 0.0 0.0 0.459066055728 3.2883997618 0.0 0.0 235.0 199.0 255.0 -0.333333333333 0.0188118505622 -0.272338347141 -0.00130201802627 
0.0 0.0 0.0 0.0 0.0 0.0 0.0 0.0 0.0 0.0 0.0896995999703 0.0390429876804 235.0 197.0 255.0 -0.333333333333 0.0175098325359 -0.281453497889 -0.00902085579463 
3.05730090057 3.24676133456 0.837094568803 0.0 0.0 0.0 0.0 0.0 0.216880405617 6.72172811589 0.0 1.03831782429 235.0 196.0 255.0 -0.333333333333 0.00848897674132 -0.263857289281 0.00548907179859 
0.0 0.0 0.0 0.0 0.0 0.0 0.0 0.0 0.0 2.42736979019 0.0 0.0 236.0 196.0 255.0 -0.333333333333 0.0139780485399 -0.278433254508 -0.00681928257573 
0.0 0.0 0.0 0.0 0.0 0.0 0.0 0.0 0.0 3.20229644168 0.0 0.0 236.0 195.0 255.0 -0.333333333333 0.00715876596418 -0.277489136304 -0.00558207105138 
0.0 1.62320665787 2.05900403287 0.0 0.754693319892 0.0 0.0 0.0 0.0 0.775334661994 0.0 0.681449877956 236.0 195.0 255.0 -0.333333333333 0.0015766949128 -0.274423150067 -0.00245850696341 
0.0 0.0 0.57321174949 1.21974727029 0.91494832998 0.0 0.0 0.0 0.0 0.971223054477 0.0 0.0 236.0 195.0 255.0 -0.333333333333 -0.000881812050608 -0.277065602664 -0.00419217979545 
0.0 0.0 0.0 0.0 0.0 0.0 0.0 0.0 0.0 2.72262106935 0.0 0.0 236.0 196.0 255.0 -0.333333333333 -0.00507399184606 -0.278409897546 -0.00428901840883 
0.0 0.0 0.0 0.0 0.0 0.0 0.0 0.0 0.0 1.70141383568 0.0 0.0 236.0 202.0 255.0 -0.333333333333 -0.00936301025489 -0.28058044945 -0.00303235140646 
0.0 0.0 0.0 0.0 0.0 0.0 0.0 0.0 0.0 3.51306582669 0.0 0.0 236.0 209.0 255.0 -0.333333333333 -0.0123953616613 -0.279552044503 0.000944515820791 
0.0 0.0 0.0 0.0 0.0 0.0 0.0 0.0 0.0 0.0 0.0 0.0 236.0 216.0 255.0 -0.333333333333 -0.0114508458406 -0.284710415586 -0.000416453259689 
0.0 0.0 0.0 0.0 0.0 0.0 0.0 0.0 0.0 0.0 0.0 0.0 235.0 223.0 255.0 -0.333333333333 -0.0118672991002 -0.285995854363 0.00163163005419 
0.0 0.0 0.993827341996 0.59667065961 0.0 0.50564001352 0.0 0.0 0.438745271051 0.216765226581 0.0 0.0 235.0 228.0 255.0 -0.333333333333 -0.0102356690461 -0.283484559225 0.00535307903097 
0.0 0.0457305739821 0.0 0.0 0.0 0.100609466164 0.203881501865 0.848317983756 0.0 0.0 0.654087518748 0.0 235.0 232.0 255.0 -0.333333333333 -0.00488259001509 -0.285048461778 0.00501704281339 
0.253424501123 0.0 0.378899610458 0.0 0.0 1.34386277275 0.0 0.0460567970326 0.0 0.0 0.0 0.769375484273 235.0 234.0 255.0 -0.333333333333 0.000134452798306 -0.284159825436 0.00584034025775 
0.0 0.0 1.89622903832 0.026204589457 0.228195798327 1.09661254724 0.0 0.830401328411 0.0 0.0 0.0 2.49882875398 235.0 234.0 255.0 -0.333333333333 0.00597479305605 -0.279615913146 0.00860887969898 
0.0 0.0 0.222518590844 0.0 0.358369024245 0.831578979841 0.865192012853 0.398550505983 1.46620085108 0.0 0.0 0.160678334391 235.0 232.0 255.0 -0.333333333333 0.014583672755 -0.281839978364 0.00494755382076 
0.479188829093 0.0 1.78141994934 0.0 0.490629498628 0.0 0.0 2.91238849835 0.0 0.0 0.0791106157872 0.800437211708 235.0 229.0 255.0 -0.333333333333 0.0195312265758 -0.278676320529 0.00556914408125 
0.0 0.0 0.94542331591 0.0 0.0 0.747985777231 0.0 0.0 0.18872686587 0.0 0.0 0.139054405695 235.0 223.0 255.0 -0.333333333333 0.025100370657 -0.282994103875 -0.000907826875377 
0.0 0.0 0.0 0.0 0.0 0.0 0.0 0.0 0.0 0.0144466830515 0.0 0.0 236.0 217.0 255.0 -0.333333333333 0.0241925437817 -0.284238071835 -0.00435198321493 
0.276393889521 0.0 0.635892465268 2.15012022955 0.0 0.161273367993 0.260906040056 0.182808299897 0.42365511076 0.798984797715 0.0810761837284 0.365309196566 236.0 213.0 255.0 -0.333333333333 0.0198405605667 -0.277462318931 -9.19157110246e-05 
0.829243081264 0.732547067144 0.0 0.0 1.22681148388 0.609664010213 0.0 0.0 0.0 0.0 0.0 0.0 236.0 209.0 255.0 -0.333333333333 0.0197486448557 -0.279141195985 -0.00297411390383 
0.0 0.0 0.0 0.0 0.0 0.0 0.0 0.0 0.483598067216 0.107995856835 0.556284768521 0.0 236.0 205.0 255.0 -0.333333333333 0.0167745309519 -0.281236065227 -0.00579864609925 
0.0 0.0 0.0 0.0 0.0 0.0 0.0 0.0 0.0 0.0 0.0 0.0 236.0 203.0 255.0 -0.333333333333 0.0109758848526 -0.282383494181 -0.00671958210627 
0.227696297615 0.0 0.436930621956 0.0 0.0 0.291187517989 0.0 0.504324999352 0.656794714319 0.0 0.0 0.0 236.0 203.0 255.0 -0.333333333333 0.00425630274636 -0.280010890235 -0.00398831441467 
0.314997709441 0.0 2.21027848182 1.37616061616 1.00162292776 0.0813645404464 0.0 0.120217423415 0.0 0.0471756233533 0.0 0.0 236.0 203.0 255.0 -0.333333333333 0.000267988331686 -0.276514252282 -0.000740429186692 
0.207060210981 0.0 0.0 0.0 0.502177448562 0.0 0.220036979523 0.2076559214 0.0 0.0 0.868542940585 1.6749158785 236.0 203.0 255.0 -0.333333333333 -0.000472440855006 -0.278254862565 -0.00199816112668 
0.0 0.0 0.0 0.0905217049879 1.01002033508 0.275940355522 0.0 1.64618668514 0.0 0.054192641 0.0 0.70198152071 235.0 203.0 255.0 -0.333333333333 -0.00247060198168 -0.278403571471 -0.00163364660473 
0.382639704835 0.0827607663815 1.59320302796 0.0 0.0 0.0 0.0 0.0 0.483080374152 0.255509238697 0.0 0.0458483563536 235.0 205.0 255.0 -0.333333333333 -0.00410424858642 -0.27982980823 -0.00173496022677 
0.0 0.0 0.148383426098 0.0 0.0582432689233 0.0 0.0 0.0 0.636224424332 1.9130010861 0.0 0.0 235.0 209.0 255.0 -0.333333333333 -0.00583920881319 -0.280560506884 -0.000488096353635 
# HEADER 4
0.0 0.0 0.92321546302 0.0 0.524928462474 0.792978653269 0.0 0.0 0.255945790249 0.0 0.89649889302 0.310457392686 132.0 247.0 255.0 0 0 -0.3 0.00865790174359 
1.78548430035 0.0 0.499456021554 0.0 0.492118460057 0.0 0.194443524643 0.828834601537 0.0 0.00737688158145 0.0 0.0 134.0 245.0 255.0 -0.3 0.00865790174359 -0.3 0.0120674311788 
0.0 0.0 0.0 0.292456700132 0.0 0.0 0.0 0.0 0.572450610828 0.769636710046 0.0917740826072 0.0 148.0 235.0 255.0 -0.333333333333 0.0207253329224 -0.3 0.00596025518921 
1.0671198761 0.0 0.0280636939804 0.0 0.587076942604 0.0 1.07307543148 0.0 0.0 0.0 0.0 0.0 162.0 220.0 255.0 -0.333333333333 0.0266855881116 -0.29847609658 0.00146691437672 
0.0 1.42263637084 0.377472675222 0.797304621049 0.4759308166 0.841740436717 0.0 0.0 0.133960755646 0.277476061458 0.0 0.0 176.0 205.0 255.0 -0.333333333333 0.0281525024883 -0.29113448704 -0.00199730095264 
0.0 0.0 0.0 0.169311014651 0.0 0.0 0.0 0.0 0.449994435778 0.0 0.0 0.0 190.0 191.0 255.0 -0.333333333333 0.0261552015357 -0.29020086869 -0.00959528973424 
0.0 0.0 0.0 0.0 0.0 0.0 0.0 0.0 0.0 2.23593461926 0.0 0.0 203.0 180.0 255.0 -0.333333333333 0.0165599118015 -0.28382262869 -0.0105482584993 
0.0 0.0 0.0 0.0 0.0 0.0 0.0 0.0 1.19200085042 2.26976212443 0.0 0.0 215.0 172.0 255.0 -0.333333333333 0.00601165330217 -0.278599251956 -0.0108668665073 
0.878351735545 0.0 0.0 0.576429770162 0.204528162888 0.0 0.0 0.0 0.529188167161 0.0 0.0 0.511125125588 227.0 166.0 253.0 -0.333333333333 -0.00485521320513 -0.275999201333 -0.0126899600313 
0.0 0.265042056545 0.0 0.0 0.500160202865 0.612761700055 0.372473805464 1.08065489005 0.0 0.358698228093 0.550731803979 0.943687724948 231.0 167.0 255.0 -0.333333333333 -0.0175451732365 -0.273128236754 -0.00895401946326 
0.0 0.0 0.0 0.0 0.0 0.0 0.103706708873 0.0 0.794631111924 0.0 0.489921645847 0.0 233.0 173.0 255.0 -0.333333333333 -0.0264991926997 -0.277588849837 -0.00929826740528 
0.0 0.0 0.0 0.0 0.236445086233 0.357091332201 0.0214699782965 0.0 0.0 0.0 0.0 0.0 235.0 183.0 255.0 -0.333333333333 -0.035797460105 -0.279691289588 -0.00617456453756 
0.0 0.838798362959 0.0112395355947 0.0 0.0 0.0 0.801956091939 0.0 0.0 1.41455036199 0.582694070069 0.0 235.0 197.0 255.0 -0.333333333333 -0.0419720246426 -0.278328094935 0.00125336279494 
0.754331109348 1.9037804101 1.38080591139 0.952364753781 0.856115087893 0.0 0.0 1.10122546818 1.53519095484 2.26786547543 0.616058585823 1.37860282363 235.0 212.0 255.0 -0.333333333333 -0.0407186618476 -0.269871653435 0.0136351862945 
0.422408538793 0.0294451587663 0.917109340486 0.0 0.482969038525 0.818887758579 0.073790694661 0.40431207486 0.0 0.29624933005 0.0382129832749 1.02349268366 235.0 223.0 255.0 -0.333333333333 -0.0270834755531 -0.280960597875 0.00755581171859 
0.0 0.0 0.0 0.0 0.0 1.16953767976 0.158024921603 0.0 0.0 0.210628140928 0.0 0.0 235.0 231.0 255.0 -0.333333333333 -0.0195276638345 -0.285516699441 0.00618709309033 
0.0702170107427 0.0 0.305617427462 0.788239881853 0.576156257016 0.0 0.212746712274 0.472049128292 0.566510806392 0.52985082837 0.72119952232 0.0 235.0 237.0 255.0 -0.333333333333 -0.0133405707442 -0.283133618039 0.00960614610422 
1.02134380704 0.559776053508 0.0 0.921409295369 0.336951837261 0.0 0.213401749628 0.89387863726 0.501824626457 0.268980097359 0.0 0.248510153604 235.0 241.0 255.0 -0.333333333333 -0.00373442463996 -0.282719748526 0.0102488174281 
0.0 0.1184284652 0.683349003809 0.0 0.379950360187 0.573081892608 0.306674849935 0.212524780288 0.0 0.171181462287 0.84819154428 0.615469903565 236.0 242.0 255.0 -0.333333333333 0.00651439278812 -0.28370663167 0.00830879299096 
0.308633764334 0.0 0.0467889437997 0.363774770491 0.490263858887 0.814752428511 0.0 0.0764439217989 0.0 0.263247646224 0.0 0.386906779975 236.0 240.0 255.0 -0.333333333333 0.0148231857791 -0.284626234561 0.00570396074886 
1.07149016235 0.0 0.0 0.0 1.2411406182 0.646273560348 0.0 0.0 0.0 0.264513297137 0.0 0.914223625558 236.0 236.0 255.0 -0.333333333333 0.0205271465279 -0.282301803711 0.00517439899602 
1.42634076848 0.0 0.0263594996128 0.524747068338 1.25233874261 0.362323695307 0.575635412789 0.0 0.0666342556929 0.264360304426 0.0 0.547125180068 236.0 232.0 255.0 -0.333333333333 0.025701545524 -0.280548536679 0.00427037850443 
1.04012604513 0.0 0.0 0.0 0.596339105543 0.939075919039 0.308667835948 0.0 0.569580390954 0.0 1.81620430384 1.01247009474 236.0 225.0 255.0 -0.333333333333 0.0299719240284 -0.277975947072 0.00293372895887 
0.768855808235 0.768579587938 0.314530817621 0.0 0.0 0.0 0.0 0.0 0.0 1.54636164769 0.0 0.703825383546 236.0 218.0 255.0 -0.333333333333 0.0329056529873 -0.279438559771 -0.00136991438275 
0.0 0.0 0.0 0.0 0.0 0.0 0.0 0.0 0.0 3.39093730971 0.0 0.0 236.0 211.0 255.0 -0.333333333333 0.0315357386045 -0.279249124554 -0.00381891649265 
0.0 0.0 0.0 0.0 0.0 0.0 0.0 0.0 0.0 2.34114345458 0.0 0.0 236.0 205.0 255.0 -0.333333333333 0.0277168221119 -0.279648693046 -0.00600649901769 
0.0 0.0 0.0 0.0 0.0 0.0 0.0 0.0 0.0 0.0 0.0 0.0 235.0 200.0 255.0 -0.333333333333 0.0217103230942 -0.28198255517 -0.00879627399596 
0.0 0.0 0.0 0.0 0.227454621229 0.0 0.0 0.0 0.633933320892 4.49166519342 1.30490491551 0.398975659745 235.0 198.0 255.0 -0.333333333333 0.0129140490982 -0.273544315646 -0.00186124215487 
0.0 0.0 0.0 0.0 0.764409263791 0.0 0.0 0.0 0.0 2.68222474849 0.0 0.0 235.0 198.0 255.0 -0.333333333333 0.0110528069433 -0.277815609258 -0.0049427347757 
0.0 0.0 0.0 0.0 0.0 0.0 0.0 0.0 0.0 1.76356514823 0.0 0.0 235.0 198.0 255.0 -0.333333333333 0.00611007216764 -0.279876352051 -0.00589463656462 
0.0 0.0 0.0 0.0 0.0 0.0 0.0 0.0 0.0 2.95112639576 0.0 0.0 235.0 198.0 255.0 -0.333333333333 0.000215435603025 -0.278581556787 -0.00410992096874 
0.0 0.0 0.0 0.0 0.0 0.0 0.0 0.0 0.539382152801 1.9675453671 0.0 0.0 235.0 198.0 255.0 -0.333333333333 -0.00389448536572 -0.279173052657 -0.00402831509015 
0.0 0.0740536021049 2.43945721236 0.0 0.117596759051 0.0 0.0 0.0 0.879178837301 3.51355757621 0.0 0.0 235.0 202.0 255.0 -0.333333333333 -0.00792280045587 -0.274535749671 0.00170132345617 
0.0 0.0 0.0 0.0 0.0 0.0 0.0 0.0 0.602973004619 5.20660780317 1.407837433 0.0 235.0 207.0 255.0 -0.333333333333 -0.0062214769997 -0.275028140445 0.00307753323835 
0.0 0.0 0.0 0.0 0.0 0.0 0.0 0.0 0.254724205977 1.74680826668 0.0 0.0 236.0 212.0 255.0 -0.333333333333 -0.00314394376134 -0.281619451784 -0.000694169514134 
0.0 0.0 0.0 0.159963183956 0.250675164801 0.0321133265608 0.0 0.629783005934 0.0 0.0 0.19784760715 0.617617121744 236.0 215.0 255.0 -0.333333333333 -0.00383811327548 -0.28221371774 0.00012497615262 
0.0 0.440862027785 0.525536397558 0.308105869064 0.240319000289 0.0 0.289238962428 0.0 0.118838622148 0.0 0.0 0.0 236.0 218.0 255.0 -0.333333333333 -0.00371313712286 -0.282619728804 0.00098257885783 
1.08405458195 0.989355055672 0.0 0.0 0.480047276924 0.935399910352 0.33048979776 0.873401935123 0.0 0.0 0.0 0.0 236.0 220.0 255.0 -0.333333333333 -0.00273055826503 -0.279649354674 0.00395852164807 
0.780702910655 0.122348849091 0.0018141368455 0.0 0.0762518209251 1.32828465006 0.283711567028 1.17807283916 0.178732514959 0.0 0.560974530844 0.752962914246 236.0 220.0 255.0 -0.333333333333 0.00122796338304 -0.278911478226 0.00401122066914 
0.119695110426 0.0 0.925210260117 0.0 0.460369626564 0.990688250835 0.0 0.385294462935 0.450420573092 0.0 0.259416932539 1.23233055934 235.0 220.0 255.0 -0.333333333333 0.00523918405219 -0.279591016158 0.0031699124637 
0.453091386902 0.876700708099 0.0 0.0 1.23096385782 0.00057419379641 0.0 0.0 0.56354315087 0.0 0.62945084427 1.31734523512 236.0 220.0 255.0 -0.333333333333 0.00840909651589 -0.279015262205 0.00298344243561 
0.192474276712 0.0 0.0 0.118851964818 0.0 0.0631131798782 0.369053698274 0.0 0.455906258056 0.0 1.00982369424 0.755800974229 236.0 219.0 255.0 -0.333333333333 0.0113925389515 -0.281288987588 0.000423026767464 
0.422496587327 0.0 1.69042648226 0.809511981498 0.448221363617 0.657946346116 0.330011695239 0.0 0.594660933374 0.24567443648 1.01530266025 1.12131751041 236.0 218.0 255.0 -0.333333333333 0.011815565719 -0.275999632458 0.00409027761776 
0.0 1.73130435709 0.148178541038 0.0 0.0 1.57492418727 0.0 1.08131052224 0.0 0.0 0.0 0.1643001498 235.0 214.0 255.0 -0.333333333333 0.0159058433367 -0.278656598448 0.000110443165283 
0.0 0.16436902558 0.0 0.423040806896 0.0911269749731 0.290716036982 0.0 0.508386983281 0.0 0.519530700624 0.0 0.0 235.0 211.0 255.0 -0.333333333333 0.016016286502 -0.281380017877 -0.00321415294039 
0.0 0.248872873222 0.258243776996 0.0 0.0 0.301985835787 1.16518018046 0.686908220198 1.19196871555 0.0 0.0 0.0 235.0 209.0 255.0 -0.333333333333 0.0128021335616 -0.27895528522 -0.00169662777884 
1.38810489748 0.0 0.0 0.0 0.0 0.0 0.169772397664 0.0 0.0 0.132693455373 0.678961579191 0.781076849851 235.0 207.0 255.0 -0.333333333333 0.0111055057828 -0.279509787373 -0.00269799333681 
0.0 0.0 0.0 0.0 0.0 0.0 0.0 0.0 0.0 0.0 0.0 0.0 235.0 206.0 255.0 -0.333333333333 0.00840751244597 -0.283106635727 -0.00553689633777 
0.0 0.0 0.0 0.627831525706 0.0 0.0 0.203413540632 0.0 0.0 0.196776004264 0.0 0.0 235.0 206.0 255.0 -0.333333333333 0.0028706161082 -0.281993015143 -0.00394092030383 
0.0 0.0 0.0 0.0 0.0 0.0 0.107818206319 0.0 0.0 0.0 0.0 0.0 235.0 206.0 255.0 -0.333333333333 -0.00107030419564 -0.283140873309 -0.00431392847548 
0.0 0.0 0.0 0.0 0.0 0.0 0.334162073064 0.0 0.0 0.0 0.0 0.0 235.0 208.0 255.0 -0.333333333333 -0.00538423267112 -0.283247632525 -0.00303501003954 
0.0 0.0 0.81310196889 0.0 1.17310775389 0.0 1.03139145328 0.0 0.444519692327 1.62902889532 0.461213653178 1.31717934692 236.0 213.0 255.0 -0.333333333333 -0.00841924271066 -0.276141776286 0.00466357282778 
1.14940190518 2.79979220452 1.03470183647 0.806253158086 0.0 0.0 0.0 0.0 0.0 2.42807943266 0.0 0.0 236.0 218.0 255.0 -0.333333333333 -0.00375566988288 -0.27522762086 0.00674561654505 
0.00347567733766 0.0119395334502 0.0225980425856 0.0 0.0 0.0 0.0 0.0 0.0 0.0 0.0 0.0 235.0 219.0 255.0 -0.333333333333 0.00298994666217 -0.285100153752 -0.00121709762684 
0.0 0.0152515383785 0.0 0.0 0.476451751244 0.0 0.0 0.0 0.0 0.0 0.0 0.0 236.0 219.0 255.0 -0.333333333333 0.00177284903533 -0.284357445594 -0.000695724431736 
0.0 0.0 0.0 0.0 0.0 0.0 0.0 0.0 0.0 0.296628375331 0.0 0.0 236.0 219.0 255.0 -0.333333333333 0.0010771246036 -0.284598410555 -0.00079136753844 
0.325312701333 0.889721268663 1.38933278126 0.44576786745 0.0 0.870401657956 0.169530277452 0.0 0.0 0.0 0.941266687019 0.0 236.0 219.0 255.0 -0.333333333333 0.000285757065157 -0.279050821304 0.00363014447109 
0.242384222862 0.0130961163549 0.989836761526 0.0 0.0223903355911 0.885499903678 0.203723631201 0.507540520485 0.0 0.0 0.0514802098012 0.863337008726 236.0 219.0 255.0 -0.333333333333 0.00391590153625 -0.280459582394 0.00205448908264 
0.0 0.0 0.0 0.0 0.0 0.916633635706 0.985785790169 0.892992343498 0.0572135590911 0.973286461229 0.211040063899 0.0 235.0 219.0 255.0 -0.333333333333 0.00597039061888 -0.280352516248 0.00208376200288 
0.0 0.425142881864 0.360827219371 0.0 0.679126148957 0.0 0.0414718043015 0.0 0.0 0.273318111522 1.7469678915 0.240394757502 235.0 218.0 255.0 -0.333333333333 0.00805415262177 -0.280484178687 0.00130975565116 
0.0 0.0 0.0 0.0 0.0 0.0 0.0 0.0 0.0 1.3921384029 0.0 0.0 235.0 218.0 255.0 -0.333333333333 0.00936390827293 -0.28325158467 -0.00101649680944 
0.966103173167 1.96298750464 2.64821666683 0.0 1.9276623304 0.0 0.0 0.0 1.38295292042 0.0 0.0 0.0 235.0 217.0 255.0 -0.333333333333 0.00834741146349 -0.274316603156 0.00568008447078 
0.0 0.0 0.0 0.186927292173 0.0 0.226638932768 0.0 0.0 0.0 0.0 0.0 0.0 235.0 215.0 255.0 -0.333333333333 0.0140274959343 -0.283872781387 -0.00330433129633 
0.0 0.0 0.553410977484 0.784109063325 0.235995758404 0.126368542053 0.178320826073 0.0 0.442174896186 0.186538137365 0.714745195824 0.0 235.0 213.0 255.0 -0.333333333333 0.0107231646379 -0.280331087255 -0.000906599378467 
0.0118799317362 1.50409694899 0.472124994548 0.0600471370752 0.0 0.0 0.0 0.710129415644 1.64801881136 1.76611685621 0.0 0.0 235.0 212.0 255.0 -0.333333333333 0.00981656525947 -0.276731497034 0.00161940027277 
0.0 0.0 0.0 0.0 0.0 0.0 0.0 0.0 0.0 1.18073192256 0.0 0.0 235.0 211.0 255.0 -0.333333333333 0.0114359655322 -0.282416772526 -0.00341673974395 
# HEADER 5
0.349176207533 0.0127035239881 0.805173151093 0.915226090594 0.0 0.869155276556 0.0 1.77689191811 0.0 0.0 0.0812955095173 0.0 132.0 247.0 255.0 0 0 -0.3 0.00966909129778 
0.410836922322 0.0092199826047 0.407955867608 0.0 0.0 0.27645030375 0.646749615718 0.0 0.0 0.0 0.0 0.0 132.0 246.0 255.0 -0.3 0.00966909129778 -0.3 0.0104225545746 
0.0 0.0 0.0 0.599395121354 0.0708427282678 0.0 0.607190232162 0.722012275729 0.570115195889 0.0 0.0 0.0 135.0 241.0 255.0 -0.333333333333 0.0200916458724 -0.3 0.00897378615142 
0.0 0.0 0.0 0.375145752242 0.0924921409718 0.0583456264706 0.0 0.0 0.0 0.0 0.0 0.0 149.0 228.0 255.0 -0.333333333333 0.0290654320238 -0.3 0.00187533166097 
0.0 0.0 0.0 0.0 0.560820839839 0.0 0.0 0.0 0.0 0.0 0.0 0.41305872636 162.0 213.0 255.0 -0.333333333333 0.0309407636847 -0.299448306255 -0.00262721632674 
0.0 0.0 0.0 0.0 0.0 0.0 0.0 0.0 0.0 3.23691786691 0.0 0.0 175.0 199.0 255.0 -0.333333333333 0.028313547358 -0.291743552856 -0.00465634457674 
0.0 0.0 0.0 0.0 0.0 0.0 0.0 0.0 0.0 2.93516931644 0.0 0.0 190.0 185.0 255.0 -0.333333333333 0.0236572027813 -0.286624820221 -0.00886371090631 
0.0 0.0 0.0 0.0 0.0 0.0 0.0 0.0 0.0 0.835331515142 0.0 0.0 202.0 175.0 255.0 -0.333333333333 0.0147934918749 -0.284979655428 -0.0129819309296 
0.0 2.02568088793 1.20453290108 0.0 0.0 0.0 0.0 0.0 0.0 1.33395102244 0.0 0.23615642403 215.0 167.0 253.0 -0.333333333333 0.00181156094538 -0.276333538168 -0.0108309313313 
0.0 0.0 0.0 0.0 0.0 0.442760140758 0.0 0.0 0.0 0.0 0.0 0.0 227.0 162.0 251.0 -0.333333333333 -0.00901937038596 -0.278105641907 -0.0156642050275 
# HEADER 6
0.299415019196 0.0573648644881 0.0 0.0 1.29231424519 0.899806659218 0.713807976983 1.61973262076 0.139895767756 0.758597797714 0.505974685105 0.0 132.0 246.0 255.0 0 0 -0.3 0.0107405464325 
0.149400870412 1.21920553982 0.680643986062 0.0 0.0 0.149171706015 0.0 0.737146185684 1.44771605821 0.0 1.09980292447 0.714785532004 133.0 245.0 255.0 -0.3 0.0107405464325 -0.3 0.0140441063782 
0.0 0.0 0.0 0.0 0.0 0.0 0.205875680986 0.156548881753 0.713189260027 0.175330045743 0.0968194742965 0.101511537864 148.0 233.0 255.0 -0.333333333333 0.0247846528108 -0.3 0.00466511720792 
0.0 0.0 0.0 0.164045560584 0.464797536399 1.08019784391 0.0 0.0 0.0 0.0 0.0 0.0 162.0 218.0 255.0 -0.333333333333 0.0294497700187 -0.29935864891 -0.000377680564384 
0.0 0.0 0.0 0.0 0.0 0.0 0.476632883906 1.65877393324 0.0 0.415808646853 0.29062409487 0.0 175.0 203.0 255.0 -0.333333333333 0.0290720894543 -0.292793530062 -0.00398679051079 
0.0693002494234 0.216028078863 0.0 0.0800063910578 0.0 0.0 1.71808049747 0.451551263725 0.212566525487 0.314965270627 0.0 0.899013764612 189.0 190.0 255.0 -0.333333333333 0.0250852989435 -0.286374150198 -0.00665647811206 
1.05355139454 0.630203090798 0.0 0.0 0.0 0.0 0.0 0.0 0.0 2.20315673498 0.0 0.0 203.0 178.0 255.0 -0.333333333333 0.0184288208314 -0.281552401366 -0.00982113006887 
0.0 0.0 0.0 0.0 0.442310809423 0.0 0.123457717087 1.2456705465 0.0 0.0 0.0 0.0 214.0 171.0 255.0 -0.333333333333 0.00860769076256 -0.280574266574 -0.0129260351627 
0.0 0.0 0.0 0.0 0.0 0.0 0.0 0.0 0.0 0.693097899165 0.0 0.0 228.0 164.0 252.0 -0.333333333333 -0.00431834440013 -0.277808969686 -0.0153276295854 
0.0 0.0 0.279347091069 0.842007744278 1.31316677053 0.0 0.0 0.0 0.453494049866 0.692129032068 0.0 0.0 230.0 165.0 255.0 -0.333333333333 -0.0196459739855 -0.274391549958 -0.0102372368631 
0.0 0.0 0.0 0.0 0.0 0.0 0.0 0.0 0.0 0.0 0.0 0.0 234.0 172.0 255.0 -0.333333333333 -0.0298832108487 -0.278896967175 -0.0104825201768 
1.89989161199 1.74875977165 2.44217681253 0.0 0.734506206284 0.0 0.0 0.0 0.0 3.21902707758 0.0 0.0 235.0 181.0 255.0 -0.333333333333 -0.0403657310255 -0.26839618933 0.00243195847165 
0.320991243901 0.0965317404237 0.0 0.0 0.0 0.0 0.0 0.0 1.17661287214 3.65029084177 0.0 0.0 235.0 196.0 255.0 -0.333333333333 -0.0379337725539 -0.276236445236 0.00195280965512 
0.890141491072 0.0 0.140850328564 0.0 0.0 0.0 0.0988946442183 0.0 0.0 0.0 0.0 0.0 235.0 209.0 255.0 -0.333333333333 -0.0359809628988 -0.282982025852 0.00160220111817 
0.679987973303 0.0 0.250210210931 0.0 0.0768941515673 0.0139702766796 0.0 0.124036881157 0.675860355262 0.0 0.0 0.323946186496 235.0 222.0 255.0 -0.333333333333 -0.0343787617806 -0.283708794955 0.00598189516275 
0.566973887647 0.0 0.719734984116 0.337422607462 0.0 1.2776540281 0.0 0.723548461281 1.45363474913 1.13216296394 0.0 1.856156505 235.0 231.0 255.0 -0.333333333333 -0.0283968666178 -0.277999825689 0.013210692516 
1.32924826874 0.606903969703 1.56425253625 0.0 0.0 1.85607477643 0.0 0.0 1.23303697267 2.34417125842 0.0 1.00559262124 235.0 239.0 255.0 -0.333333333333 -0.0151861741018 -0.276775515222 0.015598925762 
0.0 0.0 0.0 0.0 0.0 0.0 0.0 0.0 0.0 0.0 0.0 0.0 235.0 241.0 255.0 -0.333333333333 0.000412751660221 -0.288482118556 0.00521786965064 
0.0 0.0 0.0 0.0 0.0 1.59380894949 0.0 0.0 0.0 0.0 0.0 0.0 235.0 241.0 255.0 -0.333333333333 0.00563062131086 -0.286521367618 0.00605481747286 
0.305957503208 0.489104095122 0.0 0.344901771456 0.33104834162 0.0 0.353448908295 0.593175052564 0.0 0.0 0.0 0.40947215839 236.0 240.0 255.0 -0.333333333333 0.0116854387837 -0.284589891218 0.00614597404798 
0.0 0.065361788247 0.925255834497 0.0 0.38962499822 0.101265312334 0.0 0.373233068718 0.0 0.0 0.0 0.0 235.0 237.0 255.0 -0.333333333333 0.0178314128317 -0.28540892944 0.00372498776858 
0.0 0.0 0.0 0.0 0.483765065352 0.403843846889 0.0 0.0 0.251243058816 0.262256280932 0.0 0.0 236.0 233.0 255.0 -0.333333333333 0.0215564006003 -0.285049279388 0.00171038128882 
0.0 0.90311039407 0.0 0.0 0.109841129879 0.0 0.696909350122 0.380702431137 0.575268242205 0.0 0.799062889554 0.0 236.0 228.0 255.0 -0.333333333333 0.0232667818891 -0.281847710343 0.00199280832351 
0.0 0.290145087071 2.26650350457 0.0 0.291387693921 0.0 0.0441400809609 0.166657961854 0.0 0.0 0.624166595245 0.0 236.0 222.0 255.0 -0.333333333333 0.0252595902126 -0.280659465779 0.000274705207616 
0.320991858396 0.827433109885 0.0 0.0 0.0 0.0 0.0 0.0 0.591503990454 0.248897500024 0.0 0.0712171564556 236.0 216.0 255.0 -0.333333333333 0.0255342954202 -0.281662720761 -0.00292248478587 
0.439095923215 0.289221048729 2.28326933289 1.86273265039 1.36221379218 0.0 0.0 0.0 0.358482054089 3.82226219984 0.0 0.0 236.0 211.0 255.0 -0.333333333333 0.0226118106343 -0.271150322747 0.00366986980926 
0.0 0.995417782678 1.42536980392 0.711076097462 0.85086237606 0.0 0.0 0.0 0.0 3.79321173893 0.0 0.0 236.0 207.0 255.0 -0.333333333333 0.0262816804436 -0.273590158064 -0.000304929507919 
0.0 0.0 0.794726939261 0.0 0.0261826072454 0.0 0.0 0.0 0.531550756138 1.39867663136 0.0 0.0 236.0 201.0 255.0 -0.333333333333 0.0259767509357 -0.278597836504 -0.00654603526517 
0.0 0.507867719085 0.777212081809 0.656585375169 0.0 0.130574545034 0.0807675642777 0.0 0.0 0.0870535326097 0.542654061435 0.0 235.0 198.0 255.0 -0.333333333333 0.0194307156705 -0.278453159071 -0.0065436332941 
0.0 0.0 0.214047989549 0.744654066811 0.471057839131 0.0 0.616338379754 0.912155261228 0.298088142929 0.0 1.06033942171 0.0 235.0 196.0 255.0 -0.333333333333 0.0128870823764 -0.276463227569 -0.00492520392369 
0.135636085523 0.225613885379 0.0174561784826 1.52682256232 0.669332355664 0.0969071368457 1.21747535608 1.16371008943 0.650042803838 0.0 0.911668057446 0.751372786387 235.0 196.0 255.0 -0.333333333333 0.00796187845272 -0.272966015 -0.001551176658 
0.0 0.138524186946 0.0 0.897773288993 0.0 0.707069491296 0.257454906748 1.07342421842 0.702004724705 0.133877157771 1.83080440236 0.0 235.0 196.0 255.0 -0.333333333333 0.00641070179472 -0.274900598252 -0.00285416021867 
0.0 0.0 0.000122369494262 0.0 1.01320213957 0.0 0.319760894128 0.0 0.218429582366 0.193163048586 0.407196018094 0.0 235.0 196.0 255.0 -0.333333333333 0.00355654157605 -0.279164176101 -0.00579718469614 
0.901984683013 0.237112865016 0.185845258605 0.0 0.0 0.0 0.0 0.0 0.0 0.772398629226 1.97823243494 0.0 235.0 195.0 255.0 -0.333333333333 -0.00224064312009 -0.276853486839 -0.00363105404389 
0.569679761055 0.0 1.46812584369 0.152971113391 0.419263408101 0.10618935136 0.165268437042 0.0 0.694869246065 0.261488529517 0.0 0.0 235.0 197.0 255.0 -0.333333333333 -0.00587169716398 -0.277493735453 -0.00285725151571 
0.0 0.0 0.0 0.844928553406 0.0 0.0 0.0 0.0 0.701954208658 0.0 0.0 0.0 235.0 204.0 255.0 -0.333333333333 -0.00872894867969 -0.281281035336 -0.00265099397663 
0.0 0.0 0.0 0.0 0.856630815038 0.861870591809 0.0 0.200235225021 0.217678317998 0.0 1.03145558426 0.0 236.0 211.0 255.0 -0.333333333333 -0.0113799426563 -0.280239651118 0.00106882814406 
0.0 0.0 0.0 0.0 0.0 0.0 0.0 0.0 0.0 0.0 0.0 0.0 236.0 218.0 255.0 -0.333333333333 -0.0103111145123 -0.28499048324 8.67947255756e-06 
0.347238890452 0.0 0.0 0.0 0.0 0.0 0.214296861688 0.0 0.0 0.120202903307 0.0 0.067110469357 236.0 224.0 255.0 -0.333333333333 -0.0103024350397 -0.285008910201 0.0023727331572 
0.0 0.0 0.0 0.0 0.0 0.0 0.788663451491 0.0 0.0 0.0 0.0 0.0 236.0 229.0 255.0 -0.333333333333 -0.0079297018825 -0.285670401897 0.00352848450918 
0.250187918391 0.885049991034 0.032090521852 0.0308844623761 0.0 0.0 0.156756522006 0.134624833199 0.0 0.22926015035 0.0451151458297 0.854182732302 236.0 233.0 255.0 -0.333333333333 -0.00440121737333 -0.284060435505 0.00590230490479 
0.0 0.0 0.938279893713 0.0 0.983726951727 0.0 0.00698090229506 0.38756940416 0.447465681957 0.0 0.0516419243552 0.957279376783 236.0 234.0 255.0 -0.333333333333 0.00150108753147 -0.282753675298 0.00653788462105 
0.0 0.412575641805 0.374953975543 0.0743730088977 0.0 0.0 0.488567064196 0.438137961159 0.0 0.251370741616 1.3014752089 0.0 236.0 234.0 255.0 -0.333333333333 0.00803897215252 -0.283149450607 0.00536771255551 
1.12247625838 1.55022398943 0.0 0.188536076854 0.0 0.656836942044 0.980088963025 0.17316130831 0.0 0.0 0.0 0.200359009683 236.0 231.0 255.0 -0.333333333333 0.013406684708 -0.280812093053 0.00528958240452 
0.157325261381 0.0 0.0 0.0 0.0 0.191248370834 0.0 0.0 0.301109082013 1.72007207398 0.0 0.0 235.0 227.0 255.0 -0.333333333333 0.0186962671125 -0.283292247657 0.00129125451014 
0.0 0.0705850029444 0.0 0.0 0.0 0.0 0.401661463026 0.0 0.0 0.234809669054 0.0 0.0 235.0 222.0 255.0 -0.333333333333 0.0199875216227 -0.284474802756 -0.00178211099622 
0.258435286873 0.0451972123194 0.0 0.0 1.20719152341 0.89789529742 1.10297780355 0.0 0.0 0.164765733145 0.0 0.0748224295417 235.0 218.0 255.0 -0.333333333333 0.0182054106265 -0.280330598639 9.07810328528e-05 
0.0 0.0 0.0 0.0 0.0 0.0 0.231559886757 0.0 0.0 0.257976387648 0.0 0.0 235.0 214.0 255.0 -0.333333333333 0.0182961916593 -0.283561365735 -0.00402157260946 
0.0 0.0 0.0 0.469109120608 0.0 0.0 0.0 0.0 0.20419572824 0.0 0.0 0.0 235.0 211.0 255.0 -0.333333333333 0.0142746190499 -0.282964639579 -0.00421710048627 
0.0 0.0 0.0 0.0238691230372 0.0 0.0 0.164501049817 0.0 0.0 0.0 0.0 0.0 235.0 209.0 255.0 -0.333333333333 0.0100575185636 -0.283306466254 -0.00472007904901 
0.0 0.0 0.0 0.0 0.55125029307 0.0 0.0 0.0 0.649597712927 0.548976674716 0.0 0.0 235.0 209.0 255.0 -0.333333333333 0.00533743951458 -0.281552413759 -0.00273355710672 
0.0 0.0 0.0 0.0 0.0 0.0 0.0 0.0 0.0 2.71609558741 0.0 0.0 235.0 209.0 255.0 -0.333333333333 0.00260388240785 -0.280463872137 -0.0015261554786 
0.0 0.0 0.0 0.0 0.0 0.0 0.0 0.0 0.0 0.0 0.0 0.0 236.0 209.0 255.0 -0.333333333333 0.00107772692925 -0.283449775483 -0.00386414901585 
0.0 0.0 0.0 0.0 0.0 0.0 0.0 0.0 0.0 3.2156439145 0.0 0.0 236.0 210.0 255.0 -0.333333333333 -0.0027864220866 -0.279887948438 -0.000187245139983 
0.0 0.0 0.0 0.0 0.0 0.0 0.0 0.0 1.06388742938 3.30012387514 0.0 0.0 236.0 211.0 255.0 -0.333333333333 -0.00297366722658 -0.278692147288 0.00116511370385 
0.0 0.0 0.0 0.0 0.0 0.0 0.0 0.0 0.0 0.0 0.0 0.0 236.0 212.0 255.0 -0.333333333333 -0.00180855352274 -0.283947897268 -0.00268117291894 
0.240417509106 0.0 0.368431576102 0.0 0.358863853066 0.0 0.111298347764 0.0 0.412594220858 0.093173427226 0.637860093165 0.694435289631 236.0 214.0 255.0 -0.333333333333 -0.00448972644168 -0.28086637308 0.000862629551577 
1.32346712192 0.552315144146 0.147583440485 0.0 0.0 0.399605153473 0.0 0.0 0.218527033595 0.0 1.05623522445 0.393562649233 236.0 218.0 255.0 -0.333333333333 -0.0036270968901 -0.280071492863 0.00295451952645 
0.41810658361 0.0797236435679 0.00334940206418 0.0 0.0 0.733360126487 0.228072121419 0.880100753101 0.699538284475 0.224208175924 0.0 0.748138522317 236.0 219.0 255.0 -0.333333333333 -0.000672577363645 -0.280261122973 0.00281403422925 
0.0132503586636 0.540650615789 0.0 0.0 0.371014869413 0.315990862091 0.0 1.29005594472 0.706633079472 0.0 0.0439568183543 0.487615192198 236.0 219.0 255.0 -0.333333333333 0.0021414568656 -0.280501591765 0.00225576133242 
0.0 0.0 0.827782793396 0.778866904936 0.397518042871 0.798803282083 0.231462196615 1.18550243137 0.0 0.134845272418 0.0 1.05733333789 235.0 219.0 255.0 -0.333333333333 0.00439721819802 -0.278764282861 0.00352807693226 
0.373954186747 0.601218961317 0.0 1.03612211293 0.943695743938 0.925404291561 0.188392670892 0.700040696521 0.0 0.0 0.654383889261 0.491505164613 235.0 218.0 255.0 -0.333333333333 0.00792529513028 -0.277964476928 0.00328910071995 
0.0 0.611116106933 0.0 0.242578380654 0.0 0.176942133265 0.234384294576 1.17627030048 0.457487881831 0.0 0.618556381972 0.0 235.0 218.0 255.0 -0.333333333333 0.0112143958502 -0.280724040466 0.000706322827341 
0.0 0.17334959915 1.61028216717 0.0 0.0 0.0 0.0 0.0 0.218716740308 2.52688219564 0.0 0.0 235.0 216.0 255.0 -0.333333333333 0.0119207186776 -0.279224239964 0.000987419601302 
0.0 0.0 0.0 0.0 0.0 0.0 0.0 0.0 0.0 0.0 0.076734700892 0.875228018402 235.0 214.0 255.0 -0.333333333333 0.0129081382789 -0.283109631489 -0.00295987431956 
0.323075083856 0.0501557819443 1.01321161008 0.0204964961704 0.0 0.875394215114 0.267541319559 0.0 0.239544716222 0.0 0.0 0.512945675171 235.0 212.0 255.0 -0.333333333333 0.00994826395932 -0.280099749428 -0.00102106625771 
0.387293077542 0.055876910481 0.0156334875923 0.0 0.0 1.6933422587 0.237040471038 0.0 0.918224558755 0.0 0.0569448680041 0.545459831958 235.0 211.0 255.0 -0.333333333333 0.00892719770161 -0.279253949172 -0.000624730293879 
0.0 0.930807937273 0.625095302343 0.457440645281 0.102713808972 0.830211419448 0.236342426847 0.682718294076 0.0 0.0 0.548307516119 0.514958751418 235.0 211.0 255.0 -0.333333333333 0.00830246740773 -0.278068107267 0.000381043672277 
0.0 0.865909059482 0.0 0.0 0.673892094127 0.0 0.0488679041884 1.17817932682 0.644476562215 0.0 0.0715118628542 1.02954723776 236.0 211.0 255.0 -0.333333333333 0.00868351108001 -0.27832000713 -8.22454221918e-05 
0.0 0.0 0.861234938115 0.0 0.493174175601 0.474101798566 0.0 0.0 0.0 0.0 0.56396863119 0.0 236.0 211.0 255.0 -0.333333333333 0.00860126565782 -0.280811162716 -0.00201056136714 
0.0 0.0 0.0 0.0 0.0 1.13785098421 0.229554617134 0.0 0.0 0.0 0.0871671076077 0.733480911264 236.0 211.0 255.0 -0.333333333333 0.00659070429067 -0.281085404272 -0.00195885016289 
0.0 0.0433065500841 0.0 0.0 0.0 0.0232460261505 0.719819480377 2.04154592732 0.0 0.0 0.548124730964 0.376470222527 236.0 211.0 255.0 -0.333333333333 0.00463185412778 -0.279281191876 -0.000296372666398 
0.0 0.0550745353015 0.116594422937 0.0 0.435248189448 0.0 0.992663929469 1.2449688121 0.693147488893 0.0 0.0 0.933167975883 236.0 211.0 255.0 -0.333333333333 0.00433548146138 -0.278442578432 0.000395649231294 
0.374838643677 0.0 0.0 0.0 0.0 0.0429315826176 0.855408393981 1.81011434336 0.0 0.245481434062 0.0 0.0 236.0 211.0 255.0 -0.333333333333 0.00473113069268 -0.279777170932 -0.00069555338284 
0.20049284946 0.799485044139 0.123802203925 0.0 0.241748691547 0.130514882908 1.22722221273 0.536634594159 0.0 0.0 0.947651473596 0.0 236.0 211.0 255.0 -0.333333333333 0.00403557730984 -0.278756904399 0.000190442279262 
1.26001133105 0.0 0.0 0.0444973740836 0.487139732291 0.0 1.13841466426 0.188463542315 0.0 0.0 0.96746324857 0.743537270849 236.0 211.0 255.0 -0.333333333333 0.0042260195891 -0.278023233655 0.000736645753321 
0.0 0.0426948718337 0.201337869611 0.751813019978 0.444229068099 0.159965175044 0.238793891092 0.401379204074 0.693441520024 0.209037191546 0.0932004375189 0.987251192784 235.0 211.0 255.0 -0.333333333333 0.00496266534242 -0.278953272894 0.000132137543034 
0.395071780906 0.0551917620287 0.236324921609 0.0 0.115091156954 0.194327227652 0.606404355298 0.0 0.098316895683 0.0 0.547202824432 0.00461640720887 235.0 211.0 255.0 -0.333333333333 0.00509480288545 -0.281265463358 -0.00168500010642 
0.43429059394 0.805304150205 0.0 0.158201097743 0.29734095089 0.085508570432 0.986738544805 1.06952390446 0.651405293216 0.0 0.0 0.0 235.0 211.0 255.0 -0.333333333333 0.00340980277903 -0.278668219969 0.000558861235305 
0.387839349946 0.0823727755882 0.0490385659934 0.0 0.0 0.0367416265251 0.257703820836 0.398810145379 0.519372631836 0.346749196063 0.132660061819 0.676724402667 235.0 211.0 255.0 -0.333333333333 0.00396866401434 -0.280538203871 -0.000970577915979 
0.0120302008424 0.0 0.468152447858 0.0 0.0 0.817113608906 0.714205519616 0.0 0.43864043857 0.0 0.547353030821 0.0158084853588 235.0 211.0 255.0 -0.333333333333 0.00299808609836 -0.280407525063 -0.000740897073442 
# HEADER 7
0.0 0.291351755569 0.938050443812 0.726035887908 0.0 1.22701290102 1.65611891815 0.857985584361 0.0 0.0 0.0 0.365790434666 132.0 246.0 255.0 0 0 -0.3 0.0105350466798 
0.0 0.441873815761 0.0 0.362680166714 0.0 0.684795882885 0.0 0.165867681704 0.0 0.746515996493 0.0 0.0 132.0 246.0 255.0 -0.3 0.0105350466798 -0.3 0.01091436828 
0.0 0.475450835778 0.0 0.7318868051 0.0 1.05080953478 0.0 0.0 0.0 0.0 0.226912494817 0.11839081079 135.0 241.0 255.0 -0.333333333333 0.0214494149598 -0.3 0.00884367848847 
0.0 0.0 0.0 0.0 0.0 0.0 0.152229078983 0.0 0.0 0.047195056585 0.0 0.0 148.0 227.0 255.0 -0.333333333333 0.0302930934483 -0.3 0.00118861532052 
0.0 0.0 0.0 0.696544112815 0.0 0.0 0.0 0.559603650892 0.672845034841 0.0 0.0 0.0 163.0 212.0 255.0 -0.333333333333 0.0314817087688 -0.297937138691 -0.00213625391503 
0.479960069766 0.0 0.0 0.0 0.0 0.0 0.0 0.0 0.0575089691236 0.0 0.0 0.324659924764 176.0 197.0 255.0 -0.333333333333 0.0293454548538 -0.293985522564 -0.00754689423717 
0.200448409666 0.0 0.0 0.0 0.0 0.224721510582 0.195195970002 0.0 0.0 0.0 0.927530996112 0.0 190.0 185.0 255.0 -0.333333333333 0.0217985606166 -0.288285802667 -0.00991107473436 
0.492568780845 0.0 0.598448075871 0.0 0.0 0.0 1.1667611719 0.911083398895 0.0 0.245026359685 1.13441030067 0.97001703773 203.0 175.0 255.0 -0.333333333333 0.0118874858822 -0.279298427814 -0.0083935608951 
0.0 1.47217395035 0.0 0.0 0.470167866921 0.684242312148 0.0 0.748665136396 0.0 0.0 0.629949021723 0.0 216.0 168.0 253.0 -0.333333333333 0.00349392498714 -0.277158075475 -0.0115148991137 
0.185083986226 2.27351745981 1.75259116937 0.0 0.0 0.0 0.0 0.0 0.552312809349 3.90108201848 0.0 0.0 229.0 162.0 251.0 -0.333333333333 -0.00802097412659 -0.267972089492 -0.00833871924061 
0.149454882211 0.0 1.20387346882 0.294755100799 0.0 0.0 0.396911305915 0.0 0.0 0.283522863427 0.0 0.257411249988 231.0 164.0 255.0 -0.333333333333 -0.0163596933672 -0.275123362195 -0.0118535593098 
0.0 0.0 1.46091678692 0.0 0.0 0.0 0.219619854632 0.35346494795 0.573081481841 0.258204492305 2.68129911972 0.974996050886 235.0 170.0 255.0 -0.333333333333 -0.028213252677 -0.270679140975 -0.00531676091818 
0.0 0.0 0.0 0.0224134543571 0.0 0.0 0.0 0.0 0.0 0.414797737784 0.0 0.0 235.0 178.0 255.0 -0.333333333333 -0.0335300135952 -0.279113107924 -0.00800687927654 
0.0 0.0 0.0 0.321220387177 0.0 0.0 0.0 0.0 0.80249282803 0.393255689641 0.0 0.0 235.0 194.0 255.0 -0.333333333333 -0.0415368928717 -0.280376022099 -0.00158763929312 
0.0 0.0 0.0 0.200907602482 0.0 0.0958182462052 0.0 0.0 0.0 1.19703155045 0.0 0.0 235.0 208.0 255.0 -0.333333333333 -0.0431245321648 -0.282526169202 0.00250201681156 
0.0 0.0 0.0 0.0 0.0 0.0 0.959708782586 0.582958584203 0.0 0.0 0.147744895323 0.0 235.0 220.0 255.0 -0.333333333333 -0.0406225153533 -0.284049208912 0.00574699902762 
0.0 0.0 0.0 0.347953904844 0.00105980575737 0.0 0.0723931622251 0.0 0.0 0.0 0.0 0.0 235.0 231.0 255.0 -0.333333333333 -0.0348755163257 -0.287089065753 0.00698775994491 
0.0 1.00853271227 1.0080504175 0.0 1.25664403368 0.0 0.0 0.0 0.0 0.0 0.0 0.0 235.0 240.0 255.0 -0.333333333333 -0.0278877563807 -0.28496813742 0.011286317951 
0.0 0.0 0.0 0.0 0.0 0.223388411021 0.0758925779797 0.0 0.0 0.0 0.0 0.0 235.0 246.0 255.0 -0.333333333333 -0.0166014384298 -0.289167914773 0.00891075810397 
0.0 0.0 0.0 0.0 0.0 0.0 0.0 0.0 0.0 0.0 0.0 0.0 235.0 249.0 255.0 -0.333333333333 -0.00769068032581 -0.289817332629 0.00842072240836 
0.0 0.0 0.0 0.0 0.0 0.0 0.0 0.0 0.0 0.0 0.0 0.0 236.0 250.0 255.0 -0.333333333333 0.000730042082552 -0.289593675249 0.00766439864087 
0.0 0.0 0.0 0.0 0.0 0.0 0.105482828862 0.0 0.0 0.0 0.0 0.0 236.0 250.0 255.0 -0.333333333333 0.00839444072342 -0.289339654908 0.00685140188412 
# HEADER 8
0.0 0.0 0.0 0.0 0.0 0.689020246462 0.208674205638 0.0 0.0 0.0 1.05133355874 0.0 132.0 246.0 255.0 0 0 -0.3 0.00677323761428 
0.0 0.0 0.0 0.0 0.0 0.0 0.19019641679 0.0 0.0787718621255 0.740886929245 0.0 0.0 135.0 244.0 255.0 -0.3 0.00677323761428 -0.3 0.00941604668208 
0.0 0.0 0.0 0.0 0.0 0.0 0.0 0.0 0.0 1.1169200995 0.0 0.0 148.0 236.0 255.0 -0.333333333333 0.0161892842964 -0.3 0.00622175663686 
2.35072945502 2.81387456008 1.929131904 1.09601166281 0.0 0.0912714858806 0.0 1.02171572648 3.02175620268 5.03859266246 0.0 0.631328132639 161.0 223.0 255.0 -0.333333333333 0.0224110409332 -0.281339267055 0.0168122732708 
0.0 0.718286641507 0.0 0.0 0.0 0.0 0.0 0.0 0.188457768863 5.66000088763 0.0183626393463 0.0 176.0 207.0 255.0 -0.333333333333 0.039223314204 -0.288593739394 -0.000684256795182 
0.0 0.0 0.459545261286 0.0 0.405775771087 1.20604873075 0.648420868923 0.107488012995 0.660114510089 0.0 1.4919100647 0.380087015462 189.0 191.0 255.0 -0.333333333333 0.0385390574088 -0.284653848861 -0.00669402490129 
1.1281685988 1.84957300183 2.98188781872 0.275817650776 0.916690786855 0.0 0.0 0.0 1.46379159603 3.57845267738 0.0 1.19754117494 202.0 177.0 255.0 -0.333333333333 0.0318450325075 -0.270245860948 -0.00295283858001 
0.124173941731 1.00035592894 1.03601391588 0.149231607762 0.0 0.0 0.0 0.0 0.0 1.68130381961 0.0 0.819875439625 215.0 167.0 253.0 -0.333333333333 0.0288921939275 -0.275861322252 -0.0140341323812 
0.0 0.0 0.0 0.0 0.0 0.0 0.0 0.0 0.206029376179 3.08875978424 0.0 0.0 227.0 159.0 249.0 -0.333333333333 0.0148580615464 -0.273884702599 -0.0170169466886 
0.0 0.0 0.0 0.0 0.0 0.0 0.0 0.0 0.0 1.14271506691 0.0 0.0 230.0 158.0 248.0 -0.333333333333 -0.00215888514228 -0.275852236799 -0.0174999314701 
0.0454065298964 1.43604016842 0.0 0.0 0.0 0.0 0.0 0.0 1.42417326067 4.94699176625 0.0 0.0 232.0 159.0 251.0 -0.333333333333 -0.0196588166123 -0.267982606824 -0.00865415994068 
0.0 0.0 0.0 0.0523314197388 0.0 0.0 0.0 0.0 0.773693118389 1.08902803226 0.0 0.0 235.0 165.0 255.0 -0.333333333333 -0.028312976553 -0.275342332646 -0.0109180142127 
1.09566512359 0.0 0.0 0.0233863775905 0.0 0.0 0.382412206678 0.663680161375 0.0 0.528029446336 0.0 0.0 235.0 172.0 255.0 -0.333333333333 -0.0392309907657 -0.275661688581 -0.00695028666436 
0.0 0.0 0.0 1.24141713651 0.33463920096 0.0 0.0 0.0 0.0 0.207181538045 0.0 0.0 235.0 187.0 255.0 -0.333333333333 -0.0461812774301 -0.279094130287 -0.00275456308503 
0.0 0.0 0.0 0.0 0.0 0.0 0.0 0.0 0.0 0.0 0.0 0.0 236.0 203.0 255.0 -0.333333333333 -0.0489358405151 -0.283400549015 0.00038863338969 
0.0 0.0 0.0 0.0 0.0 0.0 0.170104438227 0.0 0.0 0.0 0.0 0.0 236.0 217.0 255.0 -0.333333333333 -0.0485472071255 -0.285290036758 0.00442037533675 
0.0 0.0 0.0 0.0 0.984357108323 0.0 0.0 0.693818010224 0.0 0.0 0.0 0.0 236.0 230.0 255.0 -0.333333333333 -0.0441268317887 -0.285389738295 0.00891594154558 
0.180321614204 0.0 0.867851446581 0.0 0.884229285681 0.335317396793 0.331955702606 0.0 0.187690792498 0.0 0.809819457887 0.280651023785 236.0 239.0 255.0 -0.333333333333 -0.0352108902431 -0.284002249067 0.0123903161016 
0.0 0.0 0.0 0.736902860451 0.912203779776 0.340343645131 0.0 0.0 0.0 0.0 0.0 0.0 236.0 247.0 255.0 -0.333333333333 -0.0228205741415 -0.287207468295 0.0114355633781 
1.89617884072 2.30125329582 2.13640936313 0.613965575347 1.0846279375 1.15379286629 0.0 0.0 0.0 1.25732003762 0.0 0.0 236.0 250.0 255.0 -0.333333333333 -0.0113850107634 -0.277535439338 0.0186544124273 
0.0 0.0 1.27914233459 0.0 0.0 1.25085773274 0.96841183086 0.135349137049 0.0 1.0409582598 0.0 0.0 236.0 250.0 255.0 -0.333333333333 0.00726940166388 -0.283992069704 0.0111610083988 
0.416282304314 1.610587834 1.06379599374 1.08625511339 0.441375660846 0.0 0.0 0.0 0.0 1.35757266497 0.0 0.528025917416 236.0 248.0 255.0 -0.333333333333 0.0184304100627 -0.281355221136 0.0109498054445 
0.0 0.895336783501 1.42032767138 0.0 0.0 0.0 0.0 0.0 1.95392689782 2.37752097229 0.0 0.0 235.0 243.0 255.0 -0.333333333333 0.0293802155071 -0.280483036511 0.0084182787061 
0.0 0.587090119747 0.0 0.207799300233 0.0 0.744333112229 0.283630117187 0.0 0.0 0.0 0.0 0.0 235.0 236.0 255.0 -0.333333333333 0.0377984942132 -0.284957715203 0.0010466929549 
0.406620640386 0.0 0.870030080132 0.0 0.101844612069 0.0666628442341 0.227142801548 0.885104396848 0.0 0.0 1.44875564283 0.0 235.0 228.0 255.0 -0.333333333333 0.0388451871681 -0.281177984939 0.000676854144686 
0.0 0.0 0.0 0.0 0.0 0.0242456020913 0.0 0.0 0.0 0.0 0.0 0.0 235.0 220.0 255.0 -0.333333333333 0.0395220413128 -0.284645865305 -0.00528383652802 
0.0 0.794171224606 0.505994456107 0.0 0.034979460187 0.0 0.727869913565 0.0 0.222928741579 0.00556146084677 0.563929608099 0.0 235.0 213.0 255.0 -0.333333333333 0.0342382047848 -0.280362028441 -0.00403128837841 
0.0 0.0 0.0 0.0 0.0 1.04408181521 0.0 0.0 0.0 0.0 0.576996252186 0.0 235.0 206.0 255.0 -0.333333333333 0.0302069164064 -0.280832325759 -0.00664235689533 
0.0 0.0 0.0 0.169448872532 0.0 0.0 0.0 1.31577868392 0.0 0.215005944106 0.311194270804 0.0 235.0 201.0 255.0 -0.333333333333 0.0235645595111 -0.279738033885 -0.00689847129169 
0.428480238378 0.0 0.0 0.0 0.0 1.78399673275 0.0 2.17380134684 0.0 1.16017581134 0.0726031923704 0.845858624811 235.0 198.0 255.0 -0.333333333333 0.0166660882194 -0.274175776139 -0.00284813977306 
1.35501177877 0.109353269678 0.424885659498 0.417843668906 1.00291358748 0.53672121768 0.151492573134 0.608240311247 0.644449217034 1.19016957942 1.00617926633 0.485076950623 236.0 197.0 255.0 -0.333333333333 0.0138179484463 -0.272120978188 -0.00148485961688 
# HEADER 9
1.15735554629 0.0711830206452 0.0 0.0 0.466487571026 0.999479105345 0.351699377508 1.07640181583 0.606839652533 0.91806027463 0.0 0.146725845948 132.0 247.0 255.0 0 0 -0.3 0.0105698924247 
0.0 0.876845719532 0.0447423716452 0.0 0.0 1.04927265113 0.177869251575 0.0 1.33655755302 0.466633936206 0.15101542706 0.0 134.0 245.0 255.0 -0.3 0.0105698924247 -0.3 0.0121105542431 
0.0 0.0 0.0 0.491599634687 0.0 0.587218135493 0.0 0.0 0.0 0.0 0.0 0.0 148.0 234.0 255.0 -0.333333333333 0.0226804466678 -0.3 0.00485644800921 
# HEADER 10
0.0 1.7248009216 1.19950795828 0.154191066852 1.38985023543 0.170350497594 0.311539326723 1.85240624742 0.0 0.0 0.978514146934 1.05769135083 133.0 246.0 255.0 0 0 -0.3 0.0130393270538 
0.379065238542 1.10575810496 0.101457908351 1.10513734418 0.584870365347 0.107062604631 0.0 1.37479238346 0.0 0.0 1.07671910883 1.12259506604 133.0 246.0 255.0 -0.3 0.0130393270538 -0.3 0.0147466765676 
0.560832797453 1.34563911199 1.66185024759 1.04119386976 0.0 0.652670561447 0.0 0.866965881758 1.33232657902 2.68312538861 0.140688771386 0.592302981207 135.0 240.0 255.0 -0.333333333333 0.0277860036214 -0.298136033568 0.015383941555 
0.0 0.0 0.0 0.0 0.0 0.0 0.988172957691 0.0 0.0 0.0 0.0 0.0 149.0 222.0 255.0 -0.333333333333 0.0431699451764 -0.3 -0.00105690060994 
0.0 0.0 0.0 0.0 0.0 0.0 0.0 0.0 0.651097845837 2.14447338895 0.0 0.0 162.0 208.0 255.0 -0.333333333333 0.0421130445664 -0.296370421185 -0.00368882508096 
0.0 0.0 0.0 1.50971058773 0.670465855978 0.419162193253 0.0 0.0 0.0 0.0701989509144 0.0 0.0 175.0 191.0 255.0 -0.333333333333 0.0384242194855 -0.29104060484 -0.00861601169319 
0.0 0.0 0.0 0.593548465646 0.0 0.0 0.0 0.0 0.0 0.0 0.0 0.0 189.0 178.0 255.0 -0.333333333333 0.0298082077923 -0.288453294308 -0.0136571164908 
2.20605168176 0.0 0.0 0.0 0.0 0.0 0.0 0.0 0.559444749447 4.09245910976 0.996511083817 0.0 201.0 170.0 254.0 -0.333333333333 0.0161510913015 -0.276186945841 -0.00823040026673 
0.138906410518 0.0 0.365097557268 0.0 0.0 0.0 0.0 0.0 0.0 0.0502757744506 0.0 0.588128498937 215.0 162.0 249.0 -0.333333333333 0.0079206910348 -0.279744760944 -0.0168712280813 
0.0 0.0 0.0 0.0 0.0 0.0 0.0877984313506 1.00696480719 0.0 0.753072090109 0.179951715323 0.0 227.0 157.0 247.0 -0.333333333333 -0.00895053704652 -0.27546122016 -0.0161960582859 
1.33945493675 0.155506423368 0.0 0.129805133976 0.0 0.0 0.0 1.01158159566 0.0 0.0 0.567628420154 0.112716069994 230.0 158.0 252.0 -0.333333333333 -0.0251465953324 -0.273721754407 -0.0122149111645 
0.0 0.178388295228 0.95448708929 0.0 0.318530942015 0.0 0.0 0.0 1.18614523284 0.244678439612 0.417018795121 0.0 233.0 166.0 255.0 -0.333333333333 -0.0373615064969 -0.274480662619 -0.00822430745551 
0.0 0.0 0.0 0.0 0.0 0.205125931903 0.487974009223 0.429765190395 0.0 0.0 0.180178388069 0.0 235.0 173.0 255.0 -0.333333333333 -0.0455858139524 -0.27755213111 -0.00718646183083 
0.0 0.0 0.0 0.0 0.0 0.0 0.0 0.0 0.0 0.101909137517 0.0 0.0 235.0 190.0 255.0 -0.333333333333 -0.0527722757832 -0.281630162889 -0.00266800367163 
0.0 0.0 0.0 0.0 0.0 0.0 0.0 0.687169738782 0.118742914219 0.785248712038 0.0 0.0 236.0 207.0 255.0 -0.333333333333 -0.0554402794548 -0.282240700439 0.00373460004356 
0.0 0.0 0.678647404734 0.0311183995508 0.0 0.0 0.0 0.929152266402 0.0 0.0770672225102 0.0731026843541 0.0 236.0 220.0 255.0 -0.333333333333 -0.0517056794113 -0.283891033116 0.00711468837086 
0.00812396423025 0.0 0.0 0.0 0.0 0.0 0.206581825038 0.0 0.616049818455 0.0 0.0836748527643 0.0 236.0 233.0 255.0 -0.333333333333 -0.0445909910404 -0.286743851778 0.00911374883636 
0.0614264913887 0.131461169539 0.0 0.951506262852 1.00345082619 0.968672979828 0.812310247207 0.771862806328 0.0 0.194708359051 0.0 0.0 236.0 242.0 255.0 -0.333333333333 -0.0354772422041 -0.283260897935 0.0141929794884 
0.0 0.181880324565 0.0 0.0737579287135 1.33874664158 0.0 0.336949795 0.5859803905 0.0 0.037170760613 0.814745139674 0.0 235.0 249.0 255.0 -0.333333333333 -0.0212842627156 -0.286090663564 0.0131122372084 
0.0 1.23064667375 1.37602024383 0.0 0.0 0.0 0.0 0.0 0.0969486329891 3.84633128005 0.0 0.0 235.0 249.0 255.0 -0.333333333333 -0.00817202550722 -0.282132876601 0.014465724588 
0.0 0.0 0.0 0.0 0.0 0.0 0.0 0.0 0.0274431579786 1.15377145866 0.0 2.09700003707 235.0 250.0 255.0 -0.333333333333 0.00629369908083 -0.285879109047 0.0100372658867 
0.0 0.0 0.0 0.0 0.0 0.0 0.0 0.0 0.0 0.0 0.0 0.500752087338 235.0 248.0 255.0 -0.333333333333 0.0163309649675 -0.288671610795 0.00574789677299 
0.0 0.0 0.0 0.0 0.481169194339 1.00946543609 0.227130747505 0.217326648043 0.0 0.298923984652 1.15488297328 0.170551214561 235.0 245.0 255.0 -0.333333333333 0.0220788617405 -0.284532301746 0.00702067888557 
0.0 0.327083715739 0.0 0.0 0.131658423394 0.0 0.787113763378 0.0 0.0 0.0 0.260906321174 0.0 235.0 239.0 255.0 -0.333333333333 0.029099540626 -0.285925789909 0.00263047119317 
0.265015079646 0.191164773364 0.0077187603568 0.790423964307 1.53136224612 1.08493662353 0.88932655224 0.0 0.726196630392 0.0 0.418443780966 0.0 235.0 233.0 255.0 -0.333333333333 0.0317300118192 -0.279817930247 0.00465829230295 
0.00697271246243 1.18892920717 1.47286389739 0.16871835725 0.849393055672 0.926859937742 0.0 0.575713364298 0.865274533975 0.961106819149 0.654541256677 0.513550198691 235.0 225.0 255.0 -0.333333333333 0.0363883041222 -0.275864819139 0.00395017629583 
0.0 0.0 0.163332461616 0.0 0.0 0.0 0.0 0.183807836078 0.483469198922 0.0 0.0 0.0 235.0 218.0 255.0 -0.333333333333 0.040338480418 -0.283385355441 -0.00520448318159 
0.0 0.0 0.0 0.0 0.0984860316658 0.165521346406 0.336641161969 0.0 0.642531347683 0.0 0.278834960345 0.0 236.0 210.0 255.0 -0.333333333333 0.0351339972364 -0.281233465515 -0.00623415866558 
0.715244707102 2.40712883565 1.76977071767 1.54121908457 1.2948240794 2.39679973341 0.0 2.3697084052 1.48828815524 4.19155862819 1.40251537692 1.8296436891 236.0 204.0 255.0 -0.333333333333 0.0288998385708 -0.257099832358 0.0110449783445 
0.389161915477 0.0 0.842746373056 0.0 0.0 0.0 0.0 0.682679171085 0.141819997211 0.0966566975707 0.0 0.769864812769 235.0 198.0 255.0 -0.333333333333 0.0399448169153 -0.277940222846 -0.00884933714426 
0.0 0.0 0.0 0.0 0.0 0.353907477828 0.0 0.0 0.121141312075 0.0 0.0 0.0 236.0 192.0 255.0 -0.333333333333 0.031095479771 -0.279837090532 -0.0117547229365 
0.0 0.0 0.0505179587194 0.0424703738825 0.0 0.0 0.211343281302 0.0 0.0 0.140055534284 0.0 0.0 236.0 189.0 255.0 -0.333333333333 0.0193407568346 -0.279623531206 -0.0112286296678 
0.0 0.0 0.394883732971 0.0 0.0351998093102 0.0 0.0 0.0 1.0664824686 2.28396421004 0.0 0.0 236.0 188.0 255.0 -0.333333333333 0.0081121271668 -0.275745851062 -0.00712779979558 
0.241596453885 0.324890825546 0.35319142238 0.0 0.0 0.0 0.0 0.0 0.0 0.425384830534 0.0 0.0 236.0 188.0 255.0 -0.333333333333 0.000984327371214 -0.278727434713 -0.00850810622713 
0.0 0.0 0.0 0.0 0.274634970725 0.0 0.0 0.193570337003 0.0 0.0 0.0 0.0 235.0 188.0 255.0 -0.333333333333 -0.00752377885591 -0.280132312625 -0.00826228930546 
0.0 0.0 0.0 0.0 0.0 0.0 0.0 1.06034355039 0.0 0.0353658787417 0.0 0.0 235.0 196.0 255.0 -0.333333333333 -0.0157860681614 -0.280733127613 -0.00446735377403 
0.0 0.0 0.380016571776 0.0 0.0 0.0 0.0 0.0 0.224868180142 3.43662018782 0.0 0.0 235.0 206.0 255.0 -0.333333333333 -0.0202534219354 -0.278846105725 0.0015568657679 
0.0 0.0 0.0 0.637646927001 0.0 0.0 0.0 0.0 0.593386644247 3.86371706105 0.620709601945 0.613924693196 235.0 215.0 255.0 -0.333333333333 -0.0186965561675 -0.277480349135 0.00598642390919 
0.0 0.0 0.731703271885 1.04771744866 0.589894168947 1.43055018372 0.0 0.0 1.15416881504 1.15256581639 0.0 0.0 235.0 223.0 255.0 -0.333333333333 -0.0127101322583 -0.278838021211 0.00731379013334 
0.0 0.0 0.0 0.0818654802071 0.0 0.0 0.0 0.0 0.0 0.0587727724128 0.0 0.0 235.0 227.0 255.0 -0.333333333333 -0.00539634212498 -0.286319623808 0.00211304831382 
0.0 0.0 0.0 0.0511638954361 0.0 0.0 0.0 0.0 0.0 0.0 0.777751328231 0.584778928334 235.0 230.0 255.0 -0.333333333333 -0.00328329381117 -0.285237464443 0.00386586014697 
0.0 2.83963954357 0.0347394075794 0.0 0.0 0.0 0.0 0.0 0.48597663041 1.45567928375 0.0 0.147679722157 235.0 231.0 255.0 -0.333333333333 0.000582566335808 -0.281152135797 0.00693267684478 
1.45090635975 0.389853927001 0.00726394648568 0.0 0.53844379885 0.815929293099 0.00786069737914 1.55082096664 1.01818413716 0.0 0.0 0.249926898442 235.0 231.0 255.0 -0.333333333333 0.00751524318059 -0.279783264498 0.00708482587588 
0.0 1.0697645388 1.56873593461 1.02167589917 1.024930413 0.153444842227 0.822995738131 1.22597592585 0.698078686348 0.243000343693 0.511962456932 1.56344868713 236.0 229.0 255.0 -0.333333333333 0.0146000690565 -0.27458371677 0.0091935191863 
0.701036508728 0.423602106628 1.10762081239 0.0 0.0 0.143000802393 1.85073557242 1.57940729575 0.0 0.0298481324413 0.0 0.177360672682 236.0 225.0 255.0 -0.333333333333 0.0237935882428 -0.278397704093 0.00341984244304 
1.51572315099 1.31972885921 1.60009085046 0.539702887129 0.70130844924 1.40853811493 0.0 1.27190340803 1.11599363596 1.97935409788 0.568978839881 1.74916178101 236.0 220.0 255.0 -0.333333333333 0.0272134306858 -0.268483722739 0.00871871606837 
2.12932398711 2.6132002321 2.69595974351 0.0 0.0 0.0 0.0 0.0 0.48539038354 2.60462273438 0.0291027488456 0.815365682013 236.0 212.0 255.0 -0.333333333333 0.0359321467542 -0.269952048556 0.00324529844796 
0.490157529654 0.0 0.138794318077 1.0217711938 0.0 0.0 0.301595707307 0.0 0.798604075024 0.0 0.0 0.633174408969 236.0 205.0 255.0 -0.333333333333 0.0391774452021 -0.278229167271 -0.00641288624324 
0.0 0.0 0.0 0.0 0.0 0.650942298394 0.126025880122 0.542825267263 0.0 0.0 0.0597429010856 0.0 236.0 197.0 255.0 -0.333333333333 0.0327645589589 -0.279494824717 -0.00972554619771 
0.0 1.84546946837 1.13647132265 1.79463131967 0.695879528351 1.11935788863 0.0 0.0 0.34671126342 0.737309175754 0.329414719457 0.0 236.0 193.0 255.0 -0.333333333333 0.0230390127612 -0.271279981952 -0.00363284569838 
0.0 0.0 0.0 0.0 0.0120187121597 0.0 0.0 0.0 0.0 2.92617962234 0.0 0.0 236.0 191.0 255.0 -0.333333333333 0.0194061670628 -0.276992564386 -0.00839728291328 
1.07899777699 3.07102994482 1.45999103874 0.960651068318 0.842565387722 0.0 0.0 0.0 0.0 1.50783363823 0.0 0.0 235.0 189.0 255.0 -0.333333333333 0.0110088841495 -0.270040517167 -0.00245040325937 
0.0 0.0 0.0 0.0 0.0 0.0 0.0 0.0 0.612155275932 1.43503963121 0.0 0.0 235.0 188.0 255.0 -0.333333333333 0.00855848089016 -0.278004534367 -0.00872772927823 
1.67089730032 1.74155717322 1.63466880984 0.804344476635 0.0 0.0 0.0 0.621007563778 1.01884038198 1.02675712286 0.0 2.78458798958 235.0 189.0 255.0 -0.333333333333 -0.000169248388076 -0.267434407465 0.00105719801891 
1.29909511648 0.449837801138 0.344802067162 0.0 0.0 0.634433362821 0.331547425931 0.389872061649 0.509430384689 0.238917521018 0.0 0.464186217248 235.0 189.0 255.0 -0.333333333333 0.000887949630837 -0.275213258975 -0.00514694722317 
0.0 0.0 0.0 0.0 0.0 0.0 0.0 0.0 0.735446579612 2.00787031466 0.0 0.0 235.0 189.0 255.0 -0.333333333333 -0.00425899759233 -0.277554196189 -0.00629062062329 
0.0 0.0 0.0 0.0 0.0 0.0 0.0 0.0 0.644924432406 4.98013873631 0.0 0.0 235.0 193.0 255.0 -0.333333333333 -0.0105496182156 -0.274875446369 -0.00178848245341 
0.0 0.0 0.869406694482 0.0 0.0 0.0 0.0 0.0 1.06469775641 2.96839134901 0.0 0.0 235.0 202.0 255.0 -0.333333333333 -0.012338100669 -0.277101750341 0.000284407366948 
0.0 0.0 0.0 0.0 0.0 0.0 0.0 0.0 0.0 0.434939775273 0.0 0.0 235.0 210.0 255.0 -0.333333333333 -0.0120536933021 -0.283541885251 -0.00159130557471 
0.0 0.0 0.0 0.0 0.0 0.0 0.730193189995 0.194809250977 0.0 0.0 0.999495543839 0.458617985653 236.0 218.0 255.0 -0.333333333333 -0.0136449988768 -0.28224777898 0.00258151756387 
1.38672291063 1.82605773079 3.22058548854 0.753685712234 1.26555380599 3.14861245075 0.0 0.0 1.23984253922 2.46863540543 0.0 1.27559332635 236.0 224.0 255.0 -0.333333333333 -0.0110634813129 -0.266429140115 0.0169624596326 
0.0 0.0 0.737194337035 1.00682781102 0.547063389879 1.25735035955 1.34824466118 0.365824200323 0.202873583657 0.0 0.0 0.232405585186 236.0 227.0 255.0 -0.333333333333 0.00589897831966 -0.279370599208 0.00581523957516 
0.480790406137 1.70023453193 1.39459249339 0.0862078952628 0.0 0.9537077763 1.13926166732 0.843196773769 0.0 0.198894942023 0.936369781584 0.0 236.0 226.0 255.0 -0.333333333333 0.0117142178948 -0.276732112394 0.00670774914251 
0.267653174943 0.594691891655 1.85723011774 0.431026484927 0.0 0.151380121444 1.61940433839 0.0 0.613230356401 0.0 0.712430720743 0.746252734973 236.0 222.0 255.0 -0.333333333333 0.0184219670373 -0.276888213909 0.00411396041743 
0.0 1.70212950838 2.83232705387 0.0 0.285795528133 0.0 0.0 0.328533104114 1.48569347999 3.22992315413 0.2554911159 1.51341584333 236.0 218.0 255.0 -0.333333333333 0.0225359274548 -0.27077215672 0.00675427495661 
0.621408174379 2.18696532233 0.377000743774 0.119302443209 0.480887440871 0.142969400528 0.0 0.0 0.764265910623 0.530937423089 0.0 0.384047920442 236.0 211.0 255.0 -0.333333333333 0.0292902024114 -0.27668381052 -0.00152517265072 
