nrollouts: 10
# HEADER 1
0.130901810697 1.44880319888 0.0 0.0 0.0 0.0 0.0 1.24100106463 0.0 0.0 0.0 0.0 133.0 247.0 255.0 0 0 -0.0567507522983 0.112651777515 
0.184341708133 2.62000351372 2.12924788929 2.03390953902 1.1096770399 2.10755963393 0.0 0.0 1.21740813934 4.59601828543 1.31321068746 1.36746998204 133.0 242.0 255.0 -0.0567507522983 0.112651777515 -0.242390591958 0.0431564905493 
0.0 0.606722727668 0.0 0.239794898824 0.0 0.0 1.42410720551 0.0 0.0 1.06959749868 0.411983075433 0.832062702749 140.0 227.0 255.0 -0.299141344256 0.155808268065 -0.0275841000871 0.0614750393283 
0.46192888028 0.0 2.73203974555 0.0 0.824651366257 0.0 0.0790788424053 0.0 1.13519957046 0.326252276238 0.366750183497 1.30772466236 153.0 211.0 253.0 -0.326725444343 0.217283307393 -0.183490506104 -0.185822539816 
1.25194874239 0.248277029755 0.8535135047 0.998084125939 0.0 0.0 1.1195178735 0.521781512653 0.0 0.0 0.694003519965 0.299510336047 165.0 196.0 250.0 -0.333333333333 0.031460767577 -0.0111643311126 0.100599789969 
0.0 0.0 0.0 0.0 0.227842501912 0.0 0.0 0.0 0.0 0.756589878602 0.0 0.0 176.0 182.0 245.0 -0.333333333333 0.132060557546 0.164969324043 0.0277318358977 
0.0 0.0 0.0 0.0328801574912 0.0 0.0448083463006 0.0 0.100486186279 0.0 0.0716662149552 0.518834936795 0.0 189.0 166.0 235.0 -0.16836400929 0.159792393443 0.0778390729372 0.00232552812997 
0.0 0.0 0.0 0.0 0.0 0.0 0.0 0.0 0.0 1.84166995747 0.29240938956 0.0 198.0 157.0 221.0 -0.0905249363528 0.162117921573 -0.0645601039438 0.16919431024 
0.0 0.190984593135 0.0 0.134407619146 0.683014362471 2.0258140435 0.945125716362 0.800428584095 0.0 1.22776522161 1.25724520967 0.405293990295 204.0 154.0 200.0 -0.155085040297 0.331312231813 0.0698491856303 -0.0690294475964 
0.0 0.462573030596 0.626568401271 0.0 0.0 0.193750047449 0.0 0.836440490871 0.0 0.248966156855 0.0 0.554028085258 211.0 152.0 174.0 -0.0852358546663 0.262282784217 0.163032590063 0.0410831989662 
0.0 0.0 0.0 0.872433848454 0.980416799296 1.94603545037 0.0 1.3832497801 0.0 1.21790360646 0.0 1.3840241155 213.0 152.0 152.0 0.0777967353963 0.303365983183 0.00396941083027 -0.0474787058483 
0.0 0.0 0.0 0.0 0.0 0.0 4.02765545506 0.0 0.0 0.0 0.0 0.0 210.0 161.0 124.0 0.0817661462265 0.255887277335 0.0588375099781 -0.0869168560483 
0.0 0.0 0.0 0.0 0.0 0.0 2.73868127225 0.0 0.0 0.0 0.0 0.0 203.0 176.0 101.0 0.140603656205 0.168970421286 0.0595716484521 -0.058066570483 
0.0 0.0 0.372137103249 0.0 0.0 0.0 4.68437452021 0.0 0.0 0.0 0.0 0.0 197.0 188.0 85.0 0.200175304657 0.110903850803 0.00871047878791 0.0256317713657 
0.0 0.0 0.0 0.0 0.0 0.0 4.49114334721 0.0 0.0 0.0 0.565338878097 0.0 188.0 205.0 68.0 0.208885783445 0.136535622169 0.0561323278952 -0.0734659775321 
0.0 0.0 0.0 0.0 0.0 0.0 3.95302651074 0.0 0.0 0.0 0.0 0.0 180.0 216.0 59.0 0.26501811134 0.063069644637 -0.0972530473512 0.1033253883 
0.0 0.0 0.0 0.811697417534 0.0 0.0 5.42466144976 0.0 0.0 0.0 0.0 0.0 175.0 221.0 56.0 0.167765063989 0.166395032937 -0.0102268045823 -0.0562184631958 
0.0 0.0 0.0 0.0 0.122156592095 0.0 5.36393231074 0.0 0.0 0.0 0.363184804913 0.0 170.0 226.0 53.0 0.157538259406 0.110176569741 0.0115018583205 -0.0107776299881 
0.0 0.0 0.0 0.0 0.0 0.0 5.90384172334 0.0 0.0 0.0 0.31013478557 0.0 165.0 232.0 50.0 0.169040117727 0.0993989397533 0.249991397129 -0.0361988544748 
0.0 0.0 0.0 0.0 0.0 0.0 6.25027936921 0.0 0.0 0.0 0.0 0.0 160.0 238.0 49.0 0.333333333333 0.0632000852785 0.00214397889446 -0.21990161081 
0.0 0.0 0.0 0.0 0.0 0.0 7.67152729648 0.0 0.0 0.0 0.0 0.0 152.0 249.0 51.0 0.333333333333 -0.156701525532 -0.0281754209871 0.0405572867956 
0.0 0.0 0.0 0.0 0.0 0.0 9.94143507482 0.0 0.0 0.0 0.0 0.0 148.0 254.0 75.0 0.305157912346 -0.116144238736 0.0422304561454 0.0596785030102 
0.0 0.0 0.0 0.0 0.340817284984 0.0 12.3050273839 0.0 0.0 0.0 0.332637930025 0.0 143.0 254.0 106.0 0.333333333333 -0.0564657357258 -0.0454905541576 0.00129835263687 
0.0 0.0 0.0 0.0 0.0 1.87613360637 8.79508351368 2.08747663928 0.0 0.0 0.0 0.0 138.0 254.0 135.0 0.287842779176 -0.0551673830889 -0.044464578085 -0.0258611013781 
0.0 0.0 1.47429133796 0.105604439923 1.76367751818 2.25429222563 7.53946988005 3.957839351 0.0 0.0 0.700145556736 0.0 132.0 254.0 167.0 0.243378201091 -0.0810284844671 0.04493659449 -0.167818432977 
0.0917555062956 0.0 9.71046313504 0.0 0.0 3.71680290223 3.89665970183 3.51004603835 0.0 0.0 2.33037083958 0.0 125.0 254.0 206.0 0.288314795581 -0.248846917444 0.0213598240802 0.0577803883805 
0.0 5.63611444326 11.1507837129 0.618387741716 0.0 3.37773501053 0.446770326722 4.28180632946 0.0 0.0 4.29204956138 2.18119618783 117.0 254.0 242.0 0.309674619661 -0.191066529063 0.00119084517424 0.106802633382 
0.0 6.04069123185 7.04481430545 0.639257898146 0.0 2.19970616677 1.11005740688 2.62043181319 0.0 0.380555812516 2.69609709409 2.40834529029 111.0 255.0 255.0 0.310865464835 -0.0842638956807 -0.056585962816 0.13222743526 
0.0 5.65278003796 8.39730202534 0.59203480032 0.0 0.0 0.713533373699 1.95236633823 0.170302018563 0.0 2.37342610426 3.51988091484 110.0 255.0 255.0 0.254279502019 0.0479635395792 -0.129771226641 0.0393129927941 
0.0 7.43984273363 11.3242670636 0.450208468166 0.0 2.04682148293 1.86231615919 2.72205114271 0.0 0.0 1.13284216218 3.08194263822 109.0 255.0 255.0 0.124508275379 0.0872765323732 -0.124308106994 0.0375394505009 
0.0660842899609 6.65100332641 13.0418758923 0.0 0.0 1.22392154317 0.410381984062 3.84192650643 0.0 1.52414637719 4.25274458732 3.71364922195 108.0 255.0 255.0 0.00020016838474 0.124815982874 0.167403292579 0.129947182594 
0.0 9.71491847138 15.0999635303 1.29798433704 0.0 2.78703360013 0.21651064398 4.51278906092 0.919457916549 0.658399846982 7.25218099754 4.33113800841 107.0 255.0 255.0 0.167603460964 0.254763165468 0.103536670875 0.114348737792 
0.175199408365 7.74421706041 14.1946211496 0.0 0.706193319746 4.62200270026 0.509903963859 4.67656577144 0.0 0.301330498909 7.27992454414 4.68216961823 107.0 255.0 252.0 0.271140131838 0.333333333333 -0.00857818236833 -0.00490786630022 
0.0 7.25591942017 18.3054751749 0.0 0.940694495188 6.10011761922 1.82592680883 7.08265019903 0.0391640902214 0.514581257443 7.7301466369 4.57609121479 108.0 255.0 247.0 0.26256194947 0.328425467033 0.0947034319224 0.02143568196 
0.0 8.35329784886 17.9165822691 2.18930914228 0.943278782373 9.71363206026 0.0 4.72666223411 1.21829187407 0.298818117887 10.4062556075 3.69736091904 108.0 255.0 242.0 0.333333333333 0.333333333333 0.0612979163249 0.113327653333 
0.0 6.41324790815 21.5042558174 0.23833053693 1.50495844209 10.1137104697 0.630255893127 9.60972306752 0.0 0.186309106689 9.60311161936 5.68129365242 108.0 255.0 239.0 0.333333333333 0.333333333333 0.141658913619 0.0824844025596 
0.0 6.47301154386 19.7634382166 0.0 0.778578745956 13.7137116949 0.889536760504 7.01202130122 0.0 1.05944444099 8.80699744966 4.41328660207 108.0 255.0 236.0 0.333333333333 0.333333333333 0.116578767878 0.129826311922 
1.01743325386 6.01714006998 19.2674879416 0.0 1.42167938246 11.660586714 0.502161145071 10.7983779252 0.0 0.0 8.8375955367 4.01648097754 108.0 255.0 233.0 0.333333333333 0.333333333333 -0.12704290125 0.0462674797858 
0.47402354697 5.88210450287 20.2284887185 0.326763277371 0.946105937271 11.6753816362 0.667675092777 10.8106647474 1.050583187 0.0 12.7594077592 3.35247628141 108.0 255.0 230.0 0.206290432083 0.333333333333 0.0931334186787 0.108680427402 
0.0 3.48609400652 19.1028793557 0.443405044176 0.344202918999 10.4568628068 2.26303934363 12.857731729 0.0 0.0 10.6644360752 3.74688027522 108.0 255.0 228.0 0.299423850762 0.333333333333 -0.182066621983 0.0842816496502 
0.751393463212 7.58701408799 22.2259167094 0.0 2.75536767189 14.2949375065 0.0 13.2022171506 1.57026342938 3.69603016675 10.5848271426 3.00122696242 108.0 255.0 226.0 0.117357228779 0.333333333333 -0.0581585047219 0.177429758965 
0.0 5.63147061815 19.696589168 0.226279021984 0.212673113272 13.8548585425 1.68476094484 11.9732247353 0.0 0.0 11.646083253 1.69152468067 108.0 255.0 224.0 0.0591987240572 0.333333333333 -0.157379952324 0.00361981106464 
0.143105244059 5.00406600668 20.6414434252 0.0 2.3893576947 12.2854823087 0.808170666261 12.1243528434 0.0 0.204647735718 10.4112221907 3.57575378985 111.0 255.0 219.0 -0.0981812282667 0.333333333333 -0.0253589746794 -0.0492598629961 
0.0 3.14855820522 16.296831773 1.27778655515 0.750201413201 11.901585805 2.07401919341 12.3610386021 0.0 0.0 6.06305539645 1.1825294177 116.0 255.0 208.0 -0.123540202946 0.284073470337 -0.138555186852 -0.014178700394 
0.0 0.0 11.0211911877 0.411002382106 0.982080761866 8.63120499879 3.38693327545 8.98306971777 0.0 0.0 3.52141891219 0.0 123.0 252.0 194.0 -0.262095389798 0.269894769943 -0.1667894142 0.0210286174232 
0.323025284739 1.06693903172 8.56673653948 0.349794438359 1.80329356581 6.0900100718 2.03108248757 8.4462695532 0.0802261062949 0.0 2.09181656227 0.0 130.0 250.0 178.0 -0.333333333333 0.290923387366 -0.0419811524008 -0.0600508476043 
0.0 0.0 1.2762121885 0.0 0.502646538293 2.70372099288 5.35057693354 3.76274539618 0.0 0.0 1.28661202738 0.0 139.0 248.0 158.0 -0.333333333333 0.230872539762 0.15090710619 0.0783718648219 
0.0 0.0 2.30106511731 0.0 0.605529478075 2.24201558382 3.07138340704 2.8449888819 0.0 0.0 0.211111674653 0.0 147.0 249.0 134.0 -0.182426227143 0.309244404584 -0.170732672883 -0.0233619881816 
0.0 0.0 0.331355741793 0.0 0.185602562663 0.0 5.1101105412 0.0 0.0 0.0 0.0 0.0 157.0 243.0 112.0 -0.333333333333 0.285882416403 -0.135974641747 -0.180168902877 
0.0 0.0 0.0 0.335028449694 0.771939338784 0.0 4.68444978287 0.566732572339 0.0 0.0 0.0 0.0 167.0 233.0 104.0 -0.333333333333 0.105713513525 -0.0978083238675 -0.0541387100006 
0.0 0.0 0.569586239491 0.0 0.0 0.0765121837581 3.98599384351 0.716428625927 0.0 0.0 0.921050326275 0.0 178.0 218.0 106.0 -0.333333333333 0.0515748035245 0.10903901537 0.110132807645 
0.0 0.0 0.0 0.0 0.0 0.0 4.42378794987 0.0 0.0 0.0 0.267728259679 0.0 190.0 201.0 106.0 -0.224294317964 0.16170761117 0.0942219244093 0.0846412031235 
0.386507516464 0.23853219157 0.467191099246 1.06156591732 0.453318857206 1.9870254585 1.9278229903 1.52561805837 0.69646323791 0.151178616083 0.741696426314 0.441461558517 199.0 187.0 96.0 -0.130072393555 0.246348814293 -0.0638272814884 0.0801338942821 
0.581719587975 1.04950712744 2.13079242412 0.909193045283 1.4625125395 1.62069908648 1.35583053532 2.15266504554 0.51004454126 0.0 1.13904968891 0.0 208.0 172.0 80.0 -0.193899675043 0.326482708575 0.0771592523814 -0.0650898444341 
0.0 0.0 0.623481566276 0.0 1.16383966138 0.0 1.61149755424 2.56761971015 0.366346631593 0.0 0.0 0.0 217.0 152.0 71.0 -0.116740422662 0.261392864141 0.0547428196775 -0.127027775643 
0.84598088616 0.997507841422 0.36549394006 0.0 0.0 0.0 0.443402930816 0.714417360255 0.0 0.0 0.0 0.0 225.0 127.0 69.0 -0.0619976029841 0.134365088499 0.188911445629 -0.130871113273 
0.13565777946 0.607460779841 1.64249470921 0.0 0.0 0.0311346922753 0.455756075632 0.0 0.0 0.729728938975 0.0 0.806896874046 226.0 118.0 69.0 0.126913842645 0.00349397522524 -0.142286450534 0.0255425209208 
0.473300991697 0.36885241952 0.00321102040871 0.0 1.23507243838 1.60227752218 0.0 0.0 0.0 3.14502577082 0.0 0.0 223.0 122.0 66.0 -0.0153726078889 0.029036496146 0.0980567024824 -0.0474543984761 
0.0 0.0 0.0 0.0 0.0 0.0 0.0 1.50868051558 2.27889375196 0.0 0.0 0.0 219.0 129.0 61.0 0.0826840945934 -0.0184179023301 -0.00014335256362 0.176153179663 
0.0 0.0 0.917473132028 0.0 0.0 0.0 0.0 0.0 0.671032995342 2.08993794161 0.0 0.0 215.0 135.0 57.0 0.0825407420298 0.157735277332 -0.0673489396751 0.051916192474 
0.0 0.0 1.71299284669 0.0 0.0 0.0 0.0 0.0 0.571650455753 1.00315643174 0.0 0.0 211.0 128.0 54.0 0.0151918023548 0.209651469806 0.0683511696359 -0.0890597435783 
0.661123191401 0.389717347575 0.0 0.0453616711214 0.793884771005 0.0 0.817831907034 0.0 0.0 0.0 0.880167945883 0.530367650433 207.0 116.0 53.0 0.0835429719906 0.120591726228 -0.000260198453431 -0.00926702728434 
0.0 0.0 0.770421850433 0.162218006582 0.0 0.0 0.0 0.0 0.0 0.0 0.0 0.0 203.0 108.0 52.0 0.0832827735372 0.111324698944 -0.0597214718339 -0.0277603091324 
0.0 0.0232927271886 1.06766087385 0.444910282724 0.868456741178 0.360104308879 0.0 0.0 0.0 0.0 0.051378182635 0.328510304847 196.0 96.0 53.0 0.0235613017033 0.0835643898114 -0.0310631965715 -0.0610938983534 
1.12520985553 0.20189382464 1.25754869296 1.30866555392 0.487063368516 0.02128855194 0.387030941062 1.03483881446 0.0 1.26355925807 0.616396064409 0.0 191.0 90.0 55.0 -0.00750189486829 0.022470491458 0.109258972944 -0.00196653579232 
2.75014161713 0.548177139034 3.46316977049 1.89954007511 0.0 0.32815469451 0.630436151334 0.0 0.523605412225 0.115060161534 0.0 2.75619877963 187.0 89.0 56.0 0.101757078076 0.0205039556656 0.0208913496866 0.0689059744721 
0.118849712555 0.0 2.21453666142 0.0 0.409202636536 3.44074394242 2.00918291502 0.0 0.0 0.0 0.0 0.0 181.0 86.0 56.0 0.122648427762 0.0894099301378 -0.191854591687 0.0282445247103 
0.0 1.06889706984 0.0 0.644121139698 0.0 0.0 0.154324772634 0.502695657314 0.685959582293 0.0 0.0 0.0 172.0 73.0 65.0 -0.0692061639241 0.117654454848 -0.0821609084941 0.0773596394838 
1.00951662024 0.0 0.671292150466 0.748156105979 0.0 0.972069782755 0.0 0.0 0.0 0.0 0.0 0.0 150.0 42.0 106.0 -0.151367072418 0.195014094332 0.0684733158186 0.157516014948 
0.0 2.16649211127 0.355069312886 0.0 0.0 2.79356357885 0.0 7.42208877032 0.0 0.136383816766 6.31835926326 0.291831141459 147.0 43.0 99.0 -0.0828937565996 0.333333333333 -0.0411768564354 -0.00993235432205 
0.0104393417365 0.0932516115747 0.130778063777 0.0 0.0 0.414537330019 0.0 21.9148971549 0.0 0.0 9.55511454114 2.06796748263 146.0 45.0 95.0 -0.124070613035 0.323400979011 -0.206974237895 0.147444762927 
0.950239397699 0.0 0.612592233036 2.45291066646 0.656938369233 0.0 0.0 37.0944596511 0.0 0.0 11.6203787719 0.845010262537 145.0 45.0 92.0 -0.33104485093 0.333333333333 -0.0213441419962 -0.0329515797435 
0.0 0.490493242705 2.61873331741 2.16494013068 0.0 2.46175584027 0.0 49.4253903151 0.574782456412 1.35825913873 15.6834665183 0.0 145.0 45.0 91.0 -0.333333333333 0.30038175359 0.179167599163 -0.0745812794737 
1.38546089682 2.78408617486 2.00902498921 0.503737122197 0.0 0.0 0.0 56.7743111067 0.0 0.621913121459 16.6219522643 2.20003647794 146.0 45.0 91.0 -0.15416573417 0.225800474116 0.0559166394435 -0.0642555661317 
0.0 2.55065522065 0.213609857585 0.0 0.108677217544 0.0 0.0 57.0456792789 0.0 0.0 16.7392870472 0.817219610892 147.0 45.0 91.0 -0.0982490947267 0.161544907984 0.0813721782851 0.000338916925102 
1.35562820848 1.28184977594 2.03033775491 0.0 0.0 0.0 0.0 60.1121281218 0.0 1.53163435445 15.7634494601 0.948324860198 147.0 45.0 91.0 -0.0168769164416 0.16188382491 0.111041269965 -0.185645195661 
3.8741223662 3.09020460394 3.16665474902 2.77720606771 1.42049443601 1.60988998795 0.0 61.8475413849 0.0184832151015 3.09228666342 17.4669519978 1.84087740019 148.0 44.0 93.0 0.0941643535235 -0.0237613707512 0.0900163724414 0.131203204607 
# HEADER 2
1.22461284175 0.57809078279 1.72768409755 0.0 0.0 0.162234644006 0.0 0.225213572797 0.0 0.942436315596 0.0 0.0 133.0 248.0 255.0 0 0 -0.0662485393174 0.0529776993349 
0.497678794909 3.0332162489 0.0 1.31106179352 0.43878425918 1.04220105952 0.941074394543 1.59836969192 0.593190423477 0.0 0.0 0.0 133.0 245.0 255.0 -0.0662485393174 0.0529776993349 -0.0516625145816 -0.0292416152355 
1.32986588339 1.36788093135 0.0822819415453 0.0 0.279749963505 0.352742772448 0.0 0.0 0.23172351679 1.4037118467 0.0 0.713535906408 134.0 238.0 255.0 -0.117911053899 0.0237360840994 -0.0845534340214 0.0368576930335 
1.18609636224 1.29342901675 0.0 0.0 2.60406559753 0.0768973592991 0.0 0.0545208116809 0.0 1.16133229127 1.18763523284 1.03590092033 143.0 225.0 255.0 -0.20246448792 0.0605937771329 -0.0520322072512 -0.0177357188601 
0.0 0.0 1.21380334355 0.0 0.0 0.0 0.0 0.455961609191 0.0968616868584 0.814259041491 0.0 4.0402446221 153.0 210.0 255.0 -0.254496695172 0.0428580582728 0.0717217428782 0.0526538022071 
0.0 0.0 0.0 0.0 0.0 0.4453599785 0.0 0.0 1.55283230658 4.66724553834 0.0 0.0 163.0 194.0 255.0 -0.182774952294 0.0955118604799 0.0198066715402 -0.121057756612 
0.0 0.0 0.0 1.19654929906 0.0 0.0 0.0 0.0 0.0 0.0 0.0 0.0 172.0 188.0 255.0 -0.162968280753 -0.025545896132 0.036275147856 -0.0487510850225 
1.02159418027 0.586303269302 0.946774731451 0.0 0.0 0.920017976663 1.09773189841 0.0 0.0962542556829 0.0 0.0 0.0 182.0 192.0 255.0 -0.126693132897 -0.0742969811544 -0.139208821451 -0.135929358143 
0.0 0.0 0.0 0.0 0.0 0.102005661823 0.213999796998 0.0 0.162111568559 0.157023960248 0.0 1.53966890412 190.0 205.0 255.0 -0.265901954349 -0.210226339297 -0.00718493610005 -0.0732527512468 
0.689813961779 0.0 0.0 1.20103475397 2.66334384532 0.0735500513032 0.0 1.57777727566 0.725069371595 0.391794768202 1.44653536908 0.0 202.0 221.0 255.0 -0.273086890449 -0.283479090544 0.0315573970105 -0.097817288983 
0.0 0.379513110281 0.403901197208 0.223725117017 0.204226271348 0.0 0.397192021031 0.0 0.0 0.0 0.0 0.0 215.0 236.0 255.0 -0.241529493438 -0.333333333333 0.00492404019644 -0.0792010605662 
0.0 0.766621249321 0.0 0.535996382007 1.7743472348 0.0 0.359327709253 0.0 0.663294259052 1.49596249813 0.0 0.0 228.0 247.0 255.0 -0.236605453242 -0.333333333333 0.0680085738124 0.111297511457 
0.0 1.92871299091 0.283145850522 0.0 0.8916137809 1.91284712406 1.23314261742 0.0 0.0 1.02123125313 0.0 0.0 231.0 249.0 255.0 -0.168596879429 -0.222035821876 0.0100825708371 0.132730053551 
0.0 0.695876717622 1.35307114493 0.0 0.0 0.0 0.605278528448 0.0 0.0 0.0 0.127250854107 0.0 232.0 250.0 255.0 -0.158514308592 -0.089305768325 -0.0814567347216 -0.0149489708894 
# HEADER 3
0.661936281554 0.754044481663 0.667769417839 0.0 0.0 0.0 0.0 1.31383119355 0.0960568925911 0.0 0.0 0.0 132.0 246.0 255.0 0 0 -0.0436924434532 0.0759481540204 
0.0 1.41213520205 1.46333259637 0.308503688445 0.171277787468 1.00532411164 0.0 0.788873333281 0.575772418679 2.0996928611 0.0 0.493904288638 132.0 242.0 255.0 -0.0436924434532 0.0759481540204 0.00831086151849 0.0399904549333 
0.0 0.469481334616 0.0 0.0 0.0 0.0 0.0 0.0 1.25461773606 2.97826212461 0.0 0.0 134.0 233.0 255.0 -0.0353815819347 0.115938608954 0.212770443343 -0.124843506654 
0.0 0.0 0.48259040949 0.310248565541 0.0 0.0 0.0 0.0 0.0 1.61549343628 0.0 0.0 138.0 229.0 255.0 0.177388861408 -0.00890489770034 -0.197143692935 -0.0340748593822 
1.1582198186 0.0 0.0 0.331673412806 0.780668357569 0.0 0.0984170588187 0.0 0.0 0.0 0.0116556021207 1.17271839369 141.0 231.0 255.0 -0.0197548315268 -0.0429797570825 -0.1103139947 0.0805695391884 
0.0 0.0 0.848000261518 0.894418186709 0.376861273576 0.0 1.27318136248 0.0 0.0 0.0 0.0 0.0 147.0 230.0 255.0 -0.130068826227 0.0375897821059 -0.206487694528 0.0789353603162 
0.533347131475 0.0 0.21775568871 0.0 1.66670064184 0.0 0.0 0.0 0.0 1.21808569381 0.430500556658 0.591270722906 156.0 212.0 255.0 -0.333333333333 0.116525142422 -0.00227691225725 0.00517047605904 
0.0 0.0 0.0 0.0 0.0 1.07870778894 0.0 1.06313761036 0.3793132667 0.775007197017 0.0 0.0 163.0 193.0 255.0 -0.333333333333 0.121695618481 -0.0257085839137 0.0906942787428 
0.0 0.0 0.0 0.0 0.408377903922 0.0 0.0 0.0 0.0 0.0 0.53469793838 0.978532174758 173.0 182.0 250.0 -0.333333333333 0.212389897224 -0.0577732491059 -0.0211530624084 
0.55179539557 0.643564728726 0.451665856652 0.587686484486 0.0 0.0 0.0 0.653128319621 0.0 0.189517063415 0.0 0.374551449117 188.0 166.0 238.0 -0.333333333333 0.191236834816 0.0527635733548 -0.146025891528 
2.18049766913 0.0 0.400688909779 0.0 0.0 0.0 0.0 0.0 0.0 2.99393177534 0.0 0.0 200.0 150.0 230.0 -0.280569759979 0.0452109432876 0.12828050021 0.0818686086245 
0.0 0.0 0.212951281791 0.987813075111 0.645237305025 0.0 0.0 0.0 0.195146361644 0.0 0.0 0.0291880799594 211.0 134.0 224.0 -0.152289259768 0.127079551912 0.0456499837466 -0.159274670882 
0.617125136813 0.050313501033 0.0 0.0 0.0 0.0 0.0 1.89199624802 0.0 0.0 0.0 0.0 223.0 126.0 221.0 -0.106639276022 -0.0321951189695 -0.140629262556 0.0484770887356 
0.149677847355 0.0 0.575719155204 0.0 0.846951730632 0.0 0.0 1.4750864963 0.0 0.0 0.0 0.346833003131 229.0 126.0 222.0 -0.247268538577 0.0162819697662 0.0557784082877 -0.117997259032 
0.0 0.0 0.0 0.0 0.392133998719 0.151953651854 0.711166214886 0.0933170398434 0.586430714716 0.0 0.0 0.334996393794 230.0 128.0 230.0 -0.19149013029 -0.101715289266 0.0437908189181 0.0053430262534 
0.0 0.0 0.0 0.273267682808 0.463320449196 0.055074391296 0.910702427368 0.0 0.0 2.24015502307 0.224097246624 0.0 231.0 138.0 240.0 -0.147699311372 -0.0963722630122 -0.128355602333 0.189648127491 
0.0 0.137054106573 0.0 0.0 1.76018976425 1.72520866789 0.554119714228 1.33600088659 0.0 0.0 0.445152484011 1.44076497303 232.0 142.0 240.0 -0.276054913705 0.0932758644788 -0.0900424547001 0.0598504903613 
1.63669230435 2.88019146903 0.814279732598 1.30295874894 0.983421015595 1.57903631867 0.0 1.84104702555 1.41511509343 2.23269544926 0.323330055526 2.49218754973 234.0 136.0 231.0 -0.333333333333 0.15312635484 0.131902098098 0.0435437557901 
0.0 0.203739357918 0.425002913017 0.363979142979 0.922966045963 1.09136315202 0.0 0.0 0.0 0.259433810388 0.0 0.0 235.0 126.0 223.0 -0.201431235236 0.19667011063 -0.0851933556055 -0.128269533634 
0.0 0.536259261631 0.980960488281 0.786799254709 0.796735516444 0.0 0.130352685829 0.0 0.0322207624217 0.492940696962 0.312163667548 0.452304273493 235.0 120.0 214.0 -0.286624590841 0.0684005769965 -0.0260304952304 -0.0147954511285 
0.934056637134 2.04113130369 0.0 0.0 0.137616647337 0.0 0.0 0.875875384427 0.358916404328 1.10576426181 0.179999038648 1.35102561236 235.0 118.0 209.0 -0.312655086072 0.053605125868 -0.172934386955 -0.0723755583489 
0.68733053608 1.17271513946 0.0 0.555617102552 0.0336704119432 0.153083622763 0.0 0.0 0.0 1.61421535586 0.0523556299175 0.989562744815 235.0 117.0 211.0 -0.333333333333 -0.0187704324809 0.0179052979957 -0.122917037385 
0.620479771333 0.0 0.0 0.945226996284 0.344987550991 1.05376137105 0.556099371934 0.0 0.0 0.0 0.222325665291 0.671241605337 235.0 121.0 228.0 -0.315428035338 -0.141687469866 -0.000815653444282 -0.0863751114479 
0.0 0.525357417997 0.0 0.0 0.0 0.879933381653 1.39315456225 0.0 0.0 0.0 0.0 0.0 235.0 137.0 240.0 -0.316243688782 -0.228062581314 0.0264847180521 0.120077791712 
0.198125906177 0.0 0.0 0.802818217314 0.0 0.173909502122 0.0 0.0 1.08727417514 0.0 0.0 0.151525709452 236.0 150.0 251.0 -0.28975897073 -0.107984789602 -0.060683874901 -0.0223185072046 
1.17477636044 0.0 0.797988456883 0.869999944294 0.0 0.818909059704 0.0 1.83101664669 0.624347177071 0.377859112587 0.0 0.595171855663 236.0 163.0 255.0 -0.333333333333 -0.130303296807 -0.0621650125598 0.0243329786407 
0.0 0.433917899472 0.597673388287 0.0 0.657226881639 0.345026817374 0.218345668998 0.0 0.476003472399 0.0 0.0 0.99266643995 235.0 182.0 255.0 -0.333333333333 -0.105970318166 -0.0770165855478 -0.114486060595 
0.245362672513 0.0 0.0 0.2752100215 0.137457352914 0.102934088798 0.0 0.324254420172 0.0 0.305270573375 0.277128497124 0.0 235.0 206.0 255.0 -0.333333333333 -0.220456378761 0.0299167278053 -0.00866023182849 
0.769012058708 0.431841900346 0.660092252666 0.0 0.0 0.0 0.0 0.0 0.569602377082 0.461552230146 0.0 0.575067841157 235.0 228.0 255.0 -0.303416605528 -0.22911661059 -0.00244554186537 -0.0142190652742 
0.136385783345 0.0536471055184 0.157009578857 0.0 0.35853199933 0.495306411615 0.0 0.519848323895 0.162510854937 0.853915184977 0.62454493993 0.600883353939 235.0 245.0 255.0 -0.305862147393 -0.243335675864 0.0614429933841 0.120564882579 
0.00195760178584 2.12634962273 0.0 0.856103659926 0.0 0.590208628585 0.0 0.0 0.156392652309 0.0 0.0 0.382457188051 235.0 249.0 255.0 -0.244419154009 -0.122770793285 0.0592874853095 0.0524081181277 
0.687452777882 0.470862804466 0.180324941112 0.0 0.253281892841 0.0 0.0871860722916 1.27198843687 0.0 0.0 1.20411752703 0.113489358358 235.0 249.0 255.0 -0.1851316687 -0.0703626751576 -0.0229421243614 -0.0583353970265 
0.0 0.0 1.52437860435 0.0 0.0829791665375 0.0505956289892 0.667151858453 1.07354978084 0.588672714072 0.547316106097 1.33551944746 0.0 235.0 249.0 255.0 -0.208073793061 -0.128698072184 0.0686220433789 0.0761325852819 
0.0 0.0 0.622649259132 1.06126854825 0.0 0.0 1.59722271946 0.695012549822 0.506387026169 0.370038774773 0.0 0.54090911391 235.0 249.0 255.0 -0.139451749682 -0.0525654869023 -0.0941975258529 0.0740269280019 
1.37094041496 0.0 0.217898786363 1.04617025431 0.0630432674329 1.02518239611 1.20534086666 2.17272972882 0.1612238984 0.0 0.14201349753 0.163017388484 236.0 249.0 255.0 -0.233649275535 0.0214614410996 0.045592593443 -0.0035054888617 
0.147803907264 0.0 0.479633367368 0.0 0.0 0.113274723693 0.686831559377 0.980356101522 0.0 0.0 0.30667900006 0.222871792002 236.0 247.0 255.0 -0.188056682092 0.0179559522379 -0.0703610454772 -0.0684926851882 
0.0 0.0 0.0 0.285195277166 0.0 0.488844032277 0.502554249819 0.0 0.574792500836 0.538292441208 0.476637056452 0.0 236.0 248.0 255.0 -0.25841772757 -0.0505367329502 0.0231311459442 0.0629452218837 
0.0 0.349744880484 0.0 0.236651840688 0.0 0.931956515702 0.0 0.0 0.0 0.0 0.806980859984 0.854391019841 236.0 249.0 255.0 -0.235286581625 0.0124084889335 0.0833159958074 0.0478324747971 
0.6655479725 0.0 0.0 0.282779842219 0.0 0.813605684573 0.692948911013 0.440665252923 0.351874623498 1.09272151326 0.0 0.13506574113 236.0 245.0 255.0 -0.151970585818 0.0602409637306 0.113993542424 0.0462242054244 
2.43076751454 4.80737178478 3.18844582572 0.423726604628 0.0 0.0 0.0 1.55852295526 1.4706121879 6.51902199652 0.0 1.6389324537 236.0 235.0 255.0 -0.0379770433941 0.106465169155 -0.0903187187622 0.0882148007108 
0.0516372540528 0.137722690406 1.53865652896 1.22255317743 1.36402888018 0.0 0.312333793274 0.0 0.519198209461 0.0 0.0 0.177780726694 236.0 218.0 255.0 -0.128295762156 0.194679969866 -0.0966041909691 -0.00280257099252 
1.38935742543 0.985881381301 0.418487248223 0.141057948094 0.913891736259 0.245195495303 0.0 0.0 0.379246477137 0.0 0.90487920706 0.0 236.0 199.0 255.0 -0.224899953125 0.191877398873 -0.021080236703 -0.139794061629 
0.0 0.0 0.571884826086 0.0 0.0 0.0 0.0 0.0 0.204586995873 2.02080093066 1.09431732635 0.0 236.0 187.0 255.0 -0.245980189828 0.0520833372447 -0.160095768973 -0.0695730722145 
0.270415962273 0.731839826558 0.355550634966 0.0 0.395248256145 0.46588582918 0.0 0.555987226447 0.0 0.20221384554 0.0 0.0 235.0 185.0 255.0 -0.333333333333 -0.0174897349698 0.0331016382006 0.0284818692984 
0.0 0.0 1.46095623206 0.32174211365 0.00798081823478 0.169354479323 0.0 0.0 0.66116930842 0.54819793381 0.0 0.0 235.0 188.0 255.0 -0.300231695133 0.0109921343286 0.0901324790317 -0.147298915022 
0.0 0.0 0.0 0.284121188351 0.0 0.555292573352 0.0 0.0 0.145808699806 1.86583216975 0.0 0.0 235.0 198.0 255.0 -0.210099216101 -0.136306780693 0.0217633560693 -0.120218676106 
1.08039331687 0.0 0.193132060828 0.0 0.0 0.0 0.0 0.0 0.0 0.0 0.0 1.15733896304 235.0 222.0 255.0 -0.188335860032 -0.256525456799 -0.123319609459 -0.116362351965 
0.795440415885 0.647209346952 0.0 0.324522390377 0.0 0.0 0.0 0.0 0.0 0.0 0.0 0.733464284129 235.0 243.0 255.0 -0.311655469491 -0.333333333333 0.00741216619743 -0.121370567835 
0.683137809754 0.0 0.0 0.330978862845 0.0167788562202 0.0 0.121175923717 1.44812229638 0.0 0.0 0.0 0.322377439807 235.0 249.0 255.0 -0.304243303293 -0.333333333333 0.0237927805283 0.0671955184397 
0.679252451853 0.489340770129 0.19989595587 1.08092175645 0.503056021466 0.254908687808 0.0 1.31214500911 0.0 0.0 2.4757406989 0.0 235.0 249.0 255.0 -0.280450522765 -0.266137814894 0.0338237661779 0.0658795425502 
0.28802030899 0.0 0.0 0.717136473522 0.493604172126 1.15162244039 0.826714796591 1.68416721434 0.0 0.426138678165 0.682233145005 0.544633742354 235.0 249.0 255.0 -0.246626756587 -0.200258272343 -0.0868348608598 0.162063804296 
0.0 0.0 0.0224926017691 0.0 0.0 0.0 0.230006913675 1.14236419542 0.0 0.268783609777 0.0 0.644974363492 236.0 250.0 255.0 -0.333333333333 -0.0381944680469 0.119420259222 -0.0158411967507 
1.61601261374 0.0 0.566001575599 0.0 0.0 1.85205627891 1.39256234559 0.508781640461 0.0 0.359852642034 0.0 0.505773398221 236.0 250.0 255.0 -0.213913074111 -0.0540356647976 0.0631370892004 0.0938181184721 
0.443333355407 0.83826642641 0.0 0.0 0.399935322274 0.0 2.16072707382 1.65585275078 0.0 0.0 0.0 0.0 236.0 249.0 255.0 -0.150775984911 0.0397824536745 0.031547378295 -0.0939687671988 
0.487027228983 1.45070247908 0.646897492231 1.15068621274 0.0 1.83698556658 0.0 1.49991104232 0.0 0.318328747163 1.5612054594 0.682254272244 236.0 250.0 255.0 -0.119228606616 -0.0541863135244 0.0140702072667 0.145100153143 
0.078375707378 1.45806390756 0.592440692524 0.262210871166 0.0 0.0 0.0 0.0 0.0 0.0 0.368618665836 0.00752038761202 236.0 247.0 255.0 -0.105158399349 0.0909138396183 -0.128165994414 0.0634271751293 
0.0 0.0 0.0 0.0 0.0 0.0 0.0 0.0 0.0 0.0 0.0 0.0 236.0 236.0 255.0 -0.233324393763 0.154341014748 -0.0644017067886 0.0762152164328 
0.497566555677 2.1397262006 0.0 0.300159131949 0.0 0.0 1.453627923 0.0 1.60560638099 0.0 0.0 0.0 236.0 218.0 255.0 -0.297726100552 0.23055623118 -0.0752049660594 0.0698550406358 
0.0 1.01715557406 0.0 0.0 0.768570729152 0.0 0.735667262992 0.218897414884 0.630700174386 0.0 0.0 0.507822812463 236.0 196.0 255.0 -0.333333333333 0.300411271816 0.0734494666472 -0.0832026624648 
0.0 0.0 0.0 0.0 0.0 0.0 0.0 0.0 0.0 0.0 0.0 0.0 235.0 178.0 255.0 -0.259883866686 0.217208609351 -0.116022249387 -0.0880874664496 
0.0 0.0 0.0 0.0 1.00048914821 0.0 0.0 0.0 0.83762384906 2.28394315244 0.0 0.0 235.0 165.0 252.0 -0.333333333333 0.129121142902 0.103888202551 0.0395298739757 
0.0 0.0 0.0 0.0 0.0 0.0 0.0 0.0 0.0 3.57878714886 0.0 0.0 235.0 155.0 246.0 -0.229445130782 0.168651016877 -0.00797520856256 -0.0849824092959 
0.0 0.0 0.0 0.302605396096 0.646896030354 0.0 0.0 0.0 0.0 2.01979436933 0.0 0.0 235.0 147.0 240.0 -0.237420339345 0.0836686075815 -0.0188424921044 -0.0227552924818 
0.0580237262887 0.0 0.0 0.0 0.0 0.0 0.0627219056036 0.0 0.28637840639 0.181533774868 0.0 0.0 235.0 142.0 236.0 -0.256262831449 0.0609133150998 -0.146894514295 -0.0607681987428 
0.219055560557 0.0 1.32974346895 0.295189376633 0.0 0.0 0.0 0.397715655836 0.0 0.0 0.0 0.0 235.0 141.0 235.0 -0.333333333333 0.000145116356994 0.0396366780819 0.0387555125288 
0.299537350166 0.0566551505327 0.501711582 0.832239939277 0.4959248226 0.0 0.607083810793 0.316213104386 0.582204942629 0.330675755395 0.587395636214 0.358170833947 235.0 141.0 233.0 -0.293696655251 0.0389006288858 -0.0013309872481 0.145833305865 
0.675528767869 0.0 0.0 0.0 0.45144086432 0.0 0.0 0.0 0.0687276633418 0.0 0.0 0.0 235.0 134.0 227.0 -0.295027642499 0.184733934751 0.0801859399243 0.040838866515 
0.0 0.0 0.203989471017 0.304987524973 0.387373485802 0.0 0.0 1.44119767381 0.216831904004 0.0 0.741394054083 0.0 236.0 123.0 218.0 -0.214841702575 0.225572801266 0.086048023954 -0.0175859450023 
0.0 0.0 0.595482758213 0.588947332227 0.0 0.0 0.0 0.0 0.596795884597 0.258716133778 1.41224391928 1.63368037166 236.0 116.0 205.0 -0.128793678621 0.207986856263 0.153435478665 0.109943215933 
0.0 0.149465603815 0.0 0.058498999429 0.0 0.0 0.0 0.0 0.505827866798 0.261665585548 0.0 1.41755757699 235.0 109.0 191.0 0.0246418000441 0.317930072197 0.0887545286358 -0.037025714322 
0.164034874532 0.00405812638388 0.0 0.0 0.0 0.127065323344 0.765136039878 0.0861443073086 0.0 0.419538820937 0.243945371126 0.17910593971 235.0 110.0 168.0 0.11339632868 0.280904357875 0.0903654027683 -0.125344896012 
0.0 0.0 0.0 0.0 0.0 0.0 2.24850053369 0.0 0.0 0.0 0.0 0.0 230.0 118.0 147.0 0.203761731448 0.155559461863 -0.0875684626956 -0.0620693063124 
0.0 0.0 0.0 0.0 0.0 0.0 1.02076713302 0.0 0.0 0.0 0.0 0.0 229.0 122.0 134.0 0.116193268753 0.0934901555507 -0.0647476836657 -0.0677329674213 
0.0 0.0 0.0 0.0 0.0 0.830085988718 1.42068695685 1.10027662852 0.323580874683 0.392154902707 0.0 0.0 224.0 130.0 124.0 0.0514455850869 0.0257571881294 0.00482446882243 -0.0247783464214 
0.688227373157 0.0659229749113 0.528097980176 0.0 0.0 1.01690729312 1.67795689211 0.0 0.113523886084 0.314030318839 0.0 0.480516162885 220.0 140.0 119.0 0.0562700539094 0.000978841707988 -0.104186233415 -0.124028785886 
0.0 0.0 0.0 0.0 0.0 0.0 2.69550675721 0.0 0.0 0.0 0.696018124266 0.0 218.0 142.0 129.0 -0.0479161795059 -0.123049944178 -0.101184540325 0.00597494360081 
0.0 0.0 0.0 0.226463388741 0.0 0.0 1.83341400631 0.0656675503502 0.0 0.0 1.86829479221 0.0 219.0 138.0 160.0 -0.14910071983 -0.117075000577 0.170907923844 0.0236935248829 
0.481497191069 0.293703424104 0.0 0.0 0.638519715747 0.434160201768 0.92807337391 0.0 0.0 0.0 0.0 0.391998240488 221.0 132.0 188.0 0.0218072040139 -0.0933814756938 -0.00144834665316 -0.0297261642648 
0.0 0.576166968246 0.0 1.08440213354 0.803539343074 0.0743582808998 0.725695855054 0.668525708917 0.459225307507 0.340501408645 0.0 0.0 219.0 133.0 214.0 0.0203588573607 -0.123107639959 -0.0370432963853 -0.0582206173695 
1.11098123116 0.674016680318 0.592743521287 0.346973206925 0.415272898917 0.459292768918 1.1124475289 0.591587519801 1.03986220405 0.0 0.147839388614 0.0 218.0 138.0 237.0 -0.0166844390246 -0.181328257328 0.0278059672653 0.170047648373 
1.67699610561 0.581342646754 0.60631504795 0.0 1.64262639631 0.293022322501 0.945412214735 0.465349311366 0.0 0.654064931292 0.0 0.0 218.0 145.0 246.0 0.0111215282407 -0.0112806089549 0.122915148158 -0.187679579035 
0.357585256276 0.704587468708 1.35569941606 0.698200661513 0.801653736981 1.19617525675 0.0 0.58828919099 1.71080000046 1.6344610474 0.356232058831 0.831348103935 212.0 159.0 255.0 0.134036676399 -0.19896018799 -0.0528394801379 0.00843281919361 
0.0 0.0 0.0 0.0 0.709708113184 0.0850063450374 0.0 0.699220874449 0.0 0.0 0.0 0.0 204.0 186.0 255.0 0.0811971962612 -0.190527368796 0.105858110382 -0.104703025631 
0.907281863809 0.674864997797 0.0 0.0 0.0 0.0515328162465 0.0 0.216569215914 0.0 0.0 0.0 0.0 198.0 217.0 255.0 0.187055306643 -0.295230394427 -0.139618764216 0.147434851398 
0.360521650716 0.0 0.357212471702 0.511605863804 0.728817508783 0.957202632384 0.0 1.44305878475 0.0 0.358139824082 0.0 0.497457389442 188.0 243.0 255.0 0.0474365424271 -0.147795543029 -0.0420203993357 -0.0266588833731 
0.586224063035 0.0 0.508170319214 0.0 0.0 0.0 0.0 0.540077047924 0.0 0.551178400317 0.0 0.0 185.0 250.0 255.0 0.00541614309137 -0.174454426402 0.0844989443726 0.0681508169063 
0.0 0.0 1.81440035785 1.27360402591 0.88927394508 0.585108185155 0.0 0.721937198916 0.0 0.14645128381 0.159140348827 0.79072362598 182.0 251.0 255.0 0.0899150874639 -0.106303609495 -0.0315167484419 -0.0277010991045 
0.172980179338 0.566214268047 0.871976977179 0.849354624016 0.304715391773 0.79337279129 0.0957122355191 0.0 0.32345204046 0.0 0.469545668366 0.220763087454 175.0 251.0 255.0 0.0583983390221 -0.1340047086 -0.0343622155955 -0.0257668668772 
0.816752986093 0.0499197117215 0.0 0.389076714908 2.38831617518 0.311675047069 0.0 2.51349376132 1.16225030359 0.353348314616 0.0 0.180798490822 167.0 251.0 255.0 0.0240361234266 -0.159771575477 0.0300474666263 0.0306104773524 
0.0 1.33854635903 0.475852122327 1.30321089997 0.0 0.163237045797 0.691835388894 0.0 0.0 0.456564535393 0.0 0.601820145287 159.0 251.0 255.0 0.0540835900529 -0.129161098125 -0.00143928000558 -0.159509511162 
0.67255260498 0.0 0.101019468007 0.0 0.334720072815 0.0 1.21894698116 0.0 0.0 0.0 0.0 1.13888184532 154.0 251.0 255.0 0.0526443100473 -0.288670609286 0.0336064073714 -0.0296401714527 
0.0 0.0 0.266189452511 0.0 0.120944036886 1.04367080954 0.960168811156 0.0 0.556622202813 0.0 0.14116412553 0.615658030829 149.0 251.0 255.0 0.0862507174187 -0.318310780739 -0.117963705664 0.23111023249 
0.0 0.69492046008 0.471336853597 0.695960234138 0.0 0.0969550198872 0.704749767133 0.0 0.0 0.350583929527 1.2352478379 0.372942258847 143.0 251.0 255.0 -0.0317129882457 -0.0872005482493 -0.15788523741 -0.0224703838604 
0.804666963071 0.192981706275 1.86506437297 1.0883662055 0.40300832391 0.488452157266 0.48191263768 2.69749838382 0.0 0.0 1.39234333577 0.0 138.0 251.0 255.0 -0.189598225655 -0.10967093211 0.0595389674761 -0.0224598483693 
0.77889685646 4.24650872425 5.02552441207 2.10937938212 3.41915460679 2.11845544688 0.0 2.52602134993 0.669492256784 3.74106646745 0.0 0.581672804425 136.0 251.0 255.0 -0.130059258179 -0.132130780479 -0.0995243440928 0.111278699754 
0.590963691409 0.137326109184 0.229801356914 0.42185712051 0.168289863785 1.03384641368 0.675524861293 0.632371882843 0.557333263759 0.36731856718 1.15409481511 0.0 146.0 251.0 255.0 -0.229583602272 -0.0208520807248 -0.00952673565911 0.00722236756518 
0.0 1.08870716279 0.592000164963 0.348282626406 1.11606693855 0.0 0.0 1.66463613358 0.383611307549 0.798182863291 0.0 1.30968765966 157.0 251.0 255.0 -0.239110337931 -0.0136297131596 0.0695669873627 0.0760526335695 
0.558663952968 0.728562725436 0.597179150384 0.113144600152 0.0 1.02526338043 0.3146815635 0.118342113676 0.0993272357784 0.851022440749 0.825351266342 0.0 170.0 251.0 255.0 -0.169543350568 0.0624229204099 -0.0752283916131 -0.0192820132961 
0.0 2.06621392327 0.0 1.07799284158 0.0 0.0 0.89695415594 0.0 0.0 0.367139607779 0.0 0.0 183.0 251.0 255.0 -0.244771742182 0.0431409071137 -0.0641630545271 0.0557770324431 
0.186917996121 0.711612249241 0.0 0.342699757621 1.1424592424 0.436449628449 0.108893499058 0.184631589072 0.215685889587 0.843273363906 0.0 0.0 196.0 247.0 255.0 -0.308934796709 0.0989179395568 -0.0214711344075 -0.0360507550115 
0.0 0.0 0.0 0.0 0.0 0.0 2.43657085856 0.0 0.0 0.0 0.0 0.0 209.0 230.0 255.0 -0.330405931116 0.0628671845453 -0.0561312458829 -0.0459707255763 
0.0 0.00905933048225 0.478844355519 0.802616331085 0.380356152914 0.0978511248075 0.0 0.232687894228 0.0733603429049 0.714176304639 1.13509717137 0.0 221.0 215.0 255.0 -0.333333333333 0.016896458969 -0.109396951268 0.0207364482226 
0.130467878581 0.0 0.0 1.10393880043 0.133304942657 2.31346610607 0.0 1.97034222436 0.159112501185 0.583796109418 0.0791534540854 0.145225732073 229.0 204.0 255.0 -0.333333333333 0.0376329071916 -0.17722277092 0.0296746508649 
0.0 0.0 0.0 0.0 0.0 0.0 0.0 0.0 0.0 0.0 0.0 0.0 231.0 195.0 255.0 -0.333333333333 0.0673075580565 -0.0523415637039 0.196196950557 
0.0 0.0 0.0 0.0 0.0720990971121 0.265221319927 0.0 0.0 0.0 0.0 0.0 0.575562748863 233.0 179.0 255.0 -0.333333333333 0.263504508613 0.18846482818 -0.0649155415267 
0.0 0.0 1.03209832162 0.0 0.0 0.0 0.0 0.0 0.0 0.0 0.0 0.0 235.0 164.0 251.0 -0.144868505154 0.198588967087 -0.113651664128 0.0337003176495 
0.0 0.0 0.491658789735 0.0 0.0 0.0 0.0 0.0 0.0 2.80177969335 0.0 0.0 235.0 153.0 243.0 -0.258520169282 0.232289284736 -0.0270592532689 0.00358427121242 
0.0 0.0 0.0 0.0 0.0 0.0 0.0 0.0 0.128100916969 0.698133530896 0.0 0.0 235.0 142.0 234.0 -0.285579422551 0.235873555949 -0.0233871509425 -0.0874854243303 
1.04826473818 1.43081065825 0.0 0.253742972963 0.0 0.222259684321 0.0 0.0 0.684268259561 0.369530486089 0.0 0.0 235.0 132.0 226.0 -0.308966573493 0.148388131618 0.097392318438 0.0113018380822 
0.0406922708104 0.156101629539 1.10095660691 0.0 0.0 0.0 0.0 0.0 0.0 1.38918234383 0.144667548369 0.0 235.0 123.0 217.0 -0.211574255055 0.159689969701 0.00387496713829 0.0257500966684 
0.0 1.60643159245 0.71991005246 1.1843757209 0.0 0.0 1.2105438444 0.0 0.0 1.7158663654 0.0 0.0 235.0 117.0 205.0 -0.207699287917 0.185440066369 -0.0271888219329 -0.133406651104 
1.0235479306 0.19329042053 0.0 0.198889923054 0.325022936898 0.0 0.0 0.670908679788 0.179702620927 0.0 0.0 0.318714491665 235.0 112.0 197.0 -0.23488810985 0.052033415265 -0.0158781177798 -0.0331842419017 
0.539357425093 0.553910794932 0.0 0.0 1.37546907098 1.28376324105 0.0 1.11390968433 0.0 1.53057611156 0.0 0.571144788373 235.0 111.0 195.0 -0.25076622763 0.0188491733633 0.0968530988829 -0.053703199343 
0.77605787208 0.0 0.0 1.06002617043 0.914978984717 0.119384854188 0.572333967033 0.73025197371 1.3559753313 0.0 0.803181669062 0.0 235.0 112.0 202.0 -0.153913128747 -0.0348540259798 0.111966642962 0.0183411990166 
0.842265395781 0.0502313030014 0.0 0.610301184392 0.0 0.0 1.11039522654 0.22424196336 0.116422328689 0.206770273941 0.0 0.0 235.0 113.0 214.0 -0.0419464857847 -0.0165128269631 -0.00867847720437 -0.122819408985 
0.468150617878 0.541555602931 1.09272456447 0.0 1.07286061347 2.50425364623 0.0 0.0 1.3312157596 1.10378893194 0.26053648521 0.0 235.0 120.0 225.0 -0.0506249629891 -0.139332235948 -0.0488605188603 -0.0223587806714 
1.32140889868 1.70517780161 0.0935543835008 0.0 0.783871495785 0.0 0.0 0.538064958995 1.2399375273 2.80312664035 0.0 2.06740381767 235.0 134.0 237.0 -0.0994854818494 -0.161691016619 0.0234469613322 -0.082701049649 
0.318467962094 0.628858815595 0.31272050641 1.02683591459 0.325028451061 0.982230227445 0.0 0.191177897359 0.753687199638 1.18805386822 0.630355380251 1.42984483912 235.0 148.0 249.0 -0.0760385205172 -0.244392066268 -0.0867344672269 0.0385479987884 
0.0 0.471257856391 0.503471662045 0.35940753397 0.677324441411 0.0 0.0 0.701087223062 0.0 0.381061470117 0.0 0.0 236.0 166.0 255.0 -0.162772987744 -0.20584406748 -0.0177978329238 -0.0818187821173 
1.23189530426 1.51554324728 2.09973982719 0.0 0.0 1.64933365722 0.0 0.0 1.08902397185 2.80593113135 0.0 0.204511249769 236.0 196.0 255.0 -0.180570820668 -0.287662849597 0.202529881956 0.195678674654 
0.722648115892 0.609266554558 0.0 0.325486641612 0.213347892661 0.35812180592 1.37945598057 0.0 0.0 0.0305835440992 0.248589594252 0.0 236.0 216.0 255.0 0.0219590612881 -0.0919841749432 0.0422514250324 -0.021132267213 
0.808214765869 0.0 0.0 0.223641290892 0.0 0.0 0.2320415895 0.823584162486 0.0 0.0 0.0 0.331898442951 235.0 233.0 255.0 0.0642104863205 -0.113116442156 0.00174307787584 0.0271905401592 
0.0 0.0 1.2326894575 0.0 0.0684627254567 0.0 0.667020661806 1.55486199965 0.528860017717 0.0 0.0 0.604755933508 235.0 245.0 255.0 0.0659535641964 -0.085925901997 -0.0157831416966 0.150151308838 
0.0 0.529333125953 0.626435738839 0.308389390378 0.768485277717 0.0 0.0 0.0 0.0 0.0 1.45717269754 0.702334130933 235.0 247.0 255.0 0.0501704224998 0.0642254068412 0.0304435333277 -0.0499220247728 
0.0 0.0 0.0 0.0 0.0 0.0 0.0 0.0 0.0 1.18040782426 0.0 0.0 230.0 244.0 255.0 0.0806139558275 0.0143033820685 0.0792232475213 -0.0495765025926 
0.635828704307 0.148907308828 0.0312810488972 0.0 0.465581268223 0.0 0.322467500571 0.0 0.0801228837727 0.0 0.0596269978771 0.140017866292 229.0 245.0 255.0 0.159837203349 -0.0352731205241 -0.0925328909465 -0.0446889349763 
1.99453252945 1.07181577436 2.42060316945 0.887333799721 1.44644902381 0.192257148995 0.0 0.0 0.0324809614385 2.72883945923 0.544237760444 1.16488440954 227.0 249.0 255.0 0.0673043124023 -0.0799620555004 -0.00600495139703 0.0920291568126 
0.0 0.0 0.237963269062 0.0 0.351920506647 0.0 0.0 0.0 0.0 1.49657032892 0.0 0.0 223.0 250.0 255.0 0.0612993610053 0.0120671013122 0.106597322357 0.0442436993532 
0.0 0.275728722555 0.0 0.0 0.0 0.0 0.0 0.0 0.890165557793 0.804749469693 0.0 0.0 218.0 250.0 255.0 0.167896683363 0.0563108006653 0.0501291764387 -0.0496216818908 
0.0 0.0 0.0 0.0 0.0 0.0 0.0 0.0 0.0 0.0 0.0 0.0 208.0 249.0 255.0 0.218025859801 0.00668911877452 0.0302562192814 -0.140569223386 
0.0 0.172087576576 0.111999589702 0.0 0.0 0.0 0.0 0.0 0.335552867631 0.129496297505 1.16141071361 0.0 196.0 250.0 255.0 0.248282079083 -0.133880104611 -0.0120464557212 -0.0094065996776 
0.616194891211 0.449972335695 0.0 0.366546050883 0.828841176728 0.0 1.11579711432 1.04476732078 0.0 0.0 0.267234689908 0.0 185.0 250.0 255.0 0.236235623361 -0.143286704289 -0.126663492007 0.122415350851 
0.0 0.431383547808 0.587774743332 0.0 0.671825924434 0.462636654364 0.73495196952 2.35315034112 0.496803963944 0.843321634168 0.241042809134 0.117267148943 173.0 251.0 255.0 0.109572131354 -0.0208713534382 -0.117854380042 -0.0269364909536 
0.625884597466 1.45329904737 0.602245789212 0.279287680986 0.886685853392 1.44331915144 0.0 1.67940393945 0.0 0.591534572712 0.0 0.0 169.0 251.0 255.0 -0.00828224868828 -0.0478078443918 0.0560468224256 0.0349559285431 
# HEADER 4
0.463552860747 0.0 0.0 0.547352049533 0.686205953194 0.910292288388 0.0 0.755105794447 0.900477280862 0.112901236706 0.550873369913 1.4282527939 133.0 247.0 255.0 0 0 -0.0892155105275 -0.0452694403759 
0.975063743992 0.582676469286 0.608693678309 0.0957677378815 0.0 0.0 0.0 0.199051540856 0.288668833 0.0 0.432064789395 0.0 133.0 249.0 255.0 -0.0892155105275 -0.0452694403759 -0.025385371344 0.0712930685133 
0.0 0.0 0.0 0.0 0.0 0.0 0.0 0.0 0.0 1.96260850146 0.0 0.0 140.0 248.0 255.0 -0.114600881871 0.0260236281374 -0.024522781958 0.0354717216404 
0.0 0.0 0.0 0.108719992396 0.0 0.0 0.0 0.0 1.41025651194 5.86512022101 0.0 0.0 148.0 237.0 255.0 -0.139123663829 0.0614953497778 -0.110958027059 -0.127279395739 
0.0 0.0 0.0 0.324105571172 0.0 0.0 0.0 0.228360642465 0.0 0.0 0.0 0.373202920432 159.0 232.0 255.0 -0.250081690888 -0.065784045961 0.113532894102 -0.04415231541 
0.0 0.0 0.0 0.0 0.0 0.0 0.0 0.0 0.0 0.978008058054 0.0 0.0 170.0 241.0 255.0 -0.136548796786 -0.109936361371 -0.0444018361468 -0.0117326184375 
0.785604819256 0.111752072052 0.350696831778 0.0 0.0 0.0 0.0 0.0 0.0 0.0 0.697423607211 0.0 181.0 248.0 255.0 -0.180950632933 -0.121668979808 -0.0132162619362 -0.0653974104267 
0.3417965145 0.0 0.0 0.302228193225 0.0 0.0 0.0 0.0 0.0 0.0 0.250792359184 0.0 194.0 250.0 255.0 -0.194166894869 -0.187066390235 0.109360607574 -0.0840200586628 
0.178799884894 0.663689802572 0.537987484182 0.29654042432 0.41906872238 1.09657146229 0.0 0.830556059387 0.0 0.0 0.212558747726 0.0 205.0 250.0 255.0 -0.0848062872949 -0.271086448898 -0.0940692620788 -0.0584657891728 
0.175823665014 1.58179639975 2.66761363213 0.343218782725 0.0 0.193418204019 0.0 0.0 0.581914329216 0.0 0.789874565435 0.0 216.0 250.0 255.0 -0.178875549374 -0.329552238071 -0.00929310503388 -0.155329480352 
0.0 0.0 0.793191045846 0.343286946935 0.187343134826 0.0 0.0 0.785902001877 0.0 0.577491909713 0.704989086173 0.0 226.0 250.0 255.0 -0.188168654408 -0.333333333333 -0.030431219864 0.0506304084185 
0.53849832515 0.0 0.653980581812 0.312024948094 0.0 0.0 0.0 0.800357033574 0.550941133167 1.29630525454 0.625304398816 0.0 230.0 250.0 255.0 -0.218599874272 -0.282702924915 0.0365434804987 0.0392373706706 
0.213027447844 0.884054069332 0.776451763504 0.358189829479 0.936847994862 0.0 0.0 0.300149107703 0.424738661946 0.338271329865 0.342700645619 0.358047107408 233.0 249.0 255.0 -0.182056393773 -0.243465554244 -0.054179313505 0.094611754654 
0.723630360635 0.194113225456 0.262210582278 0.858682921722 0.0451171686953 0.0839277062649 0.0 0.245289978895 0.17264740544 0.80747469372 0.0 0.661755571238 235.0 249.0 255.0 -0.236235707278 -0.14885379959 -0.183846842903 -0.0425291292235 
1.26259886679 0.0 0.0 0.381689785413 0.469132487406 0.147648660381 0.316813787007 0.24399501986 0.0 0.0 0.54848436668 0.0 235.0 249.0 255.0 -0.333333333333 -0.191382928814 -0.0529557258946 -0.106426223935 
0.176995623255 0.567445330473 0.0 0.311712510742 0.0 0.0 0.0 0.0 1.03186551667 0.257639204363 0.0 0.167149218791 235.0 249.0 255.0 -0.333333333333 -0.297809152748 0.0262853245234 0.193609038493 
0.0 0.0 0.603138293972 0.357273055387 0.657177221053 0.0 0.0352801241911 1.50260989056 0.0 0.0881259347649 2.2590341031 0.0 235.0 248.0 255.0 -0.30704800881 -0.104200114256 -0.00881627317773 -0.141991029542 
0.853107360167 0.0 1.03994780501 0.0 0.0 0.0432854997541 0.0 0.559087541588 0.714391267918 1.06986384093 0.0 0.529316725993 235.0 249.0 255.0 -0.315864281988 -0.246191143797 -0.00714261665099 -0.0432422675476 
1.46752577905 0.48137715354 0.702130651618 0.0 0.0 0.0 0.0514341552127 1.07581336836 0.0 0.92849688918 0.0 0.0 235.0 249.0 255.0 -0.323006898639 -0.289433411345 0.0124401257834 0.152623945073 
0.555006739792 0.0 0.0 0.0 0.0 0.140204478121 0.788793854124 0.53692945956 0.585474124522 0.332098987921 1.56620304422 0.351473322103 235.0 249.0 255.0 -0.310566772855 -0.136809466272 0.115726672265 -0.10862701075 
1.64963677164 0.56248994415 0.0 0.221878856506 0.0 1.10142959477 0.861751118339 0.340443583989 2.0645974687 0.0 0.0 1.74011538455 235.0 249.0 255.0 -0.19484010059 -0.245436477022 0.0393263167817 0.0181415208598 
2.99418143068 2.60971765192 1.66881571136 2.05948236877 0.675547546999 1.16257529765 0.0 0.0 2.93035901381 3.75225880695 0.0 3.52667611841 235.0 249.0 255.0 -0.155513783809 -0.227294956162 -0.0626785071323 -0.15564181391 
0.373970642058 1.37507761762 0.399028369354 0.38448539178 0.45000592378 0.0 0.388471133076 1.15679739371 0.0 0.625133522906 0.0 0.835179049691 236.0 249.0 255.0 -0.218192290941 -0.333333333333 -0.0474155685158 -0.166761723326 
0.14515823508 0.0 0.457087156607 0.0 0.0 0.798930946102 0.573131616503 0.615052498351 0.411491790733 0.0 0.7459400901 0.714508520212 236.0 249.0 255.0 -0.265607859457 -0.333333333333 0.0416994888733 0.131164516752 
0.0 0.0 1.42634645139 1.29883958941 0.0 2.72015384657 0.0 0.0 0.419576117751 1.2520814756 0.0 0.0 236.0 249.0 255.0 -0.223908370584 -0.202168816582 -0.0955961823772 0.0987095905896 
0.0 0.631453425576 0.0 1.1142573615 0.487301689213 0.377894613057 0.0 1.85231258754 0.803549600767 0.0700071279575 0.0 0.633265256807 236.0 249.0 255.0 -0.319504552961 -0.103459225992 -0.0668198100341 0.0254135910081 
0.0 0.0933492101329 0.0 0.0 0.556004004895 0.822540943373 0.0 0.0 0.0192841949424 0.191906404753 0.0 0.0 236.0 249.0 255.0 -0.333333333333 -0.078045634984 -0.0408113081203 0.110779393004 
0.4629249111 0.538005175133 0.776141122527 0.489412325021 0.0 0.21964919516 0.0 0.0 1.16313737305 0.115685634949 1.36330695545 0.602557905845 236.0 249.0 255.0 -0.333333333333 0.0327337580201 -0.0517635618614 -0.0144592767014 
0.583555203049 0.0 0.055671058734 0.264679739058 0.526770629065 0.0696908485363 0.0 0.0 1.13356098348 0.0 0.0 0.477290229334 236.0 244.0 255.0 -0.333333333333 0.0182744813187 0.103565186218 0.0637095147223 
0.0 0.0 0.403904112305 0.354708512615 0.180735346189 0.0 0.0 0.0 0.0 0.0 0.0 0.0 236.0 237.0 255.0 -0.229768147115 0.0819839960411 -0.176996950943 -0.0154589262594 
0.0 0.0 0.0 0.0 0.628906538764 0.896670543057 0.0 0.53879181095 0.0 0.0 0.0 0.0 235.0 226.0 255.0 -0.333333333333 0.0665250697817 0.0589107031775 -0.188683571738 
1.58495976444 1.83940841121 2.02182430906 1.6929904092 0.0 1.55031114817 0.0 0.0 0.0 0.541241929124 0.314278506872 1.62298443667 235.0 229.0 255.0 -0.274422630156 -0.122158501957 -0.0337165665632 -0.0839650094645 
0.0 0.0 0.0 0.0 0.499235436327 0.0 0.0 0.0 0.0 0.0 0.0 0.0 235.0 246.0 255.0 -0.308139196719 -0.206123511421 -0.171032853299 0.0943887029703 
0.0314698735446 0.536979400576 1.82726492256 0.0 0.0 0.0 0.0 0.0 1.7258660908 2.92763920331 0.0 0.0 235.0 249.0 255.0 -0.333333333333 -0.111734808451 -0.0707567835117 -0.126464827064 
0.983709461241 0.920701201657 1.58659320931 0.0 0.430605340952 0.0 0.0 0.0 1.23593213815 4.25035152865 0.0 0.0 235.0 249.0 255.0 -0.333333333333 -0.238199635515 0.0754011613195 0.0746953207262 
0.326991577434 0.0 0.0 0.0 0.0 0.0 0.0 0.0 0.368770882984 0.0 0.0 0.0 235.0 249.0 255.0 -0.257932172014 -0.163504314788 -0.0906313774028 -0.0232014106028 
0.269738904831 0.955214861473 0.0 0.0 0.461257841123 0.151349163766 0.0 0.0 0.55822017524 0.0 0.31367880615 0.600720622255 235.0 249.0 255.0 -0.333333333333 -0.186705725391 0.0397897652331 -0.088293570221 
0.487528202017 0.0 0.0 0.0 0.0 0.0 0.0 0.0 0.0 0.278934324882 0.59190320718 0.667319452567 235.0 249.0 255.0 -0.2935435681 -0.274999295612 0.0143406138897 0.0113059929875 
0.0 0.0 0.0 0.346283722042 0.440013975708 0.0 1.18470141521 0.0 0.359253370571 0.801311096716 0.0 0.0 236.0 250.0 255.0 -0.279202954211 -0.263693302625 -0.0268105023102 -0.0682297059955 
0.0 0.912154531877 0.0 0.0 0.0 0.0 0.0 0.0 0.557877106155 0.355831595767 0.0 0.0 236.0 250.0 255.0 -0.306013456521 -0.33192300862 0.08529235263 0.0780022801051 
0.0 0.520300506271 0.0 0.352798784338 0.0 0.137337277764 1.54523149872 0.0 0.0 0.0 0.0 0.0 236.0 250.0 255.0 -0.220721103891 -0.253920728515 -0.100732270851 -0.0545936219179 
0.0 0.0 0.0 0.0 0.0 0.0 0.0 0.0 0.601106361023 0.0 0.0 0.0 236.0 250.0 255.0 -0.321453374742 -0.308514350433 0.234938053519 0.0394628577804 
0.0 0.0 0.0 0.0 0.0 0.0 0.0 0.0 0.0 2.30758134633 0.0 0.0 236.0 250.0 255.0 -0.0865153212228 -0.269051492652 -0.0956341940484 0.0703624664259 
0.0 0.0 0.0 0.0 0.0 0.0 0.0 0.0 0.268445035722 0.0 0.0 0.315982823244 236.0 250.0 255.0 -0.182149515271 -0.198689026227 0.0277061741172 -0.0891514742305 
0.512443859527 0.0 0.0 0.0 0.0 0.0 0.0 0.0 0.0 0.0 0.0 0.0 236.0 250.0 255.0 -0.154443341154 -0.287840500457 0.151825765306 -0.114336640877 
0.0 0.0 0.0 0.0 0.0 0.0 0.0 0.0 0.0 2.61800296389 0.0 0.0 236.0 250.0 255.0 -0.00261757584763 -0.333333333333 -0.029062060429 -0.0369573313357 
0.0 0.0 0.0 0.0 0.0 0.0 0.0 0.0 0.0 0.0 0.0 0.0 235.0 249.0 255.0 -0.0316796362767 -0.333333333333 -0.161362006566 -0.0849628651429 
0.0 0.0 0.0 0.0 0.0 0.0 0.0 0.0 0.0897456824238 2.39992245784 0.0 0.0 235.0 249.0 255.0 -0.193041642843 -0.333333333333 -0.0900499925435 0.138552048827 
0.0 0.0 0.0 0.0 0.0 0.0 0.0 0.0 0.0 2.99028087411 0.0 0.0 235.0 249.0 255.0 -0.283091635386 -0.194781284507 0.0571568594989 0.2521359232 
0.0 0.0 0.0 0.0 0.0 0.0 0.0 0.0 0.126437503162 2.52881340709 0.0 0.0 235.0 247.0 255.0 -0.225934775887 0.0573546386939 0.0585793481548 -0.0581547214252 
0.0 0.0 0.0 0.0 0.0 0.0 0.0 0.0 0.277974447433 1.11531485281 0.0 0.0 235.0 245.0 255.0 -0.167355427733 -0.000800082731292 0.165022903161 -0.0580576761229 
0.0 0.0 0.0 0.0 0.0 0.0 0.0 0.0 0.0 0.0 0.0 0.0 235.0 248.0 255.0 -0.00233252457182 -0.0588577588542 -0.0146454101859 -0.0473704209061 
1.18889657888 0.979349806092 0.64865907184 0.770367506087 0.950743438714 1.6540259279 0.0 0.712656364181 0.0 2.72441376465 0.0 2.1626328894 235.0 249.0 255.0 -0.0169779347578 -0.10622817976 -0.0120373046555 0.088131687696 
0.525392293234 0.406749927722 0.0 0.371496033624 0.0 0.477904160392 0.0 0.070106008103 0.0 0.195554651573 0.0 0.0 235.0 249.0 255.0 -0.0290152394132 -0.0180964920644 0.168490406332 -0.0212891873069 
0.0 0.0 0.0 0.0 0.441870449356 0.193731352145 0.0 0.466401206696 0.0 0.0 0.0 0.291721670116 235.0 249.0 255.0 0.139475166918 -0.0393856793713 -0.116489797367 -0.0640723273805 
0.0 0.98267521717 0.0 0.0 0.186642432139 0.0 0.0577637882942 0.716889920176 0.0 0.274896043221 0.0 0.667920581132 235.0 250.0 255.0 0.0229853695517 -0.103458006752 -0.0707908221154 -0.0175573429325 
0.0 0.629567871222 0.0 0.362165636156 0.0 0.0 1.70317369484 0.0 0.435277879338 0.297974408618 0.0 0.679587047716 235.0 250.0 255.0 -0.0478054525637 -0.121015349684 -0.0171019453643 -0.0250225757338 
0.0 0.0 0.0682445034227 0.802201830861 0.0 0.0 0.0 0.0 0.0650477071372 0.0 0.760063522946 0.242023351787 235.0 250.0 255.0 -0.064907397928 -0.146037925418 -0.0526337958923 0.0615961933886 
0.0 0.343474755075 0.0 0.0 0.0 0.175845810845 0.365587652607 1.32207817726 0.371858357804 1.235423159 0.0847526740767 0.0 235.0 250.0 255.0 -0.11754119382 -0.0844417320295 0.120419265601 0.141758877105 
1.06878192401 0.755305612608 0.150931203045 0.338183208698 0.0 0.564233172139 0.0 1.93792739613 0.610702188831 0.0 0.480516238194 1.26486426151 235.0 247.0 255.0 0.00287807178024 0.0573171450753 -0.227060444955 -0.0148686333248 
0.539040336929 0.98037158255 0.0 0.926904993223 0.0 2.44493510084 0.0 1.11883565449 0.0 1.22468677126 0.0 1.29707882953 235.0 240.0 255.0 -0.224182373174 0.0424485117505 -0.0120206425283 -0.0279765724967 
0.0 0.0 0.0 0.0 0.0 0.0 0.101765121599 0.0 0.0 0.250232149604 0.0 0.203336352962 236.0 235.0 255.0 -0.236203015703 0.0144719392539 0.00779388221875 0.094981163108 
2.69230607171 0.0 0.624485341621 0.330574624367 0.0 0.0 0.778449571606 0.0 0.0 1.42124700824 0.0 0.0 236.0 227.0 255.0 -0.228409133484 0.109453102362 -0.170466169367 -0.0653847666579 
1.5797150318 0.0 0.385572263338 0.0 0.0 0.0 0.0 0.0 1.55791129615 3.81356911145 0.0 2.3058689703 235.0 215.0 255.0 -0.333333333333 0.0440683357039 -0.0609532952794 -0.0408659344384 
0.514949901643 0.666376452671 0.739674288407 0.730511785177 1.20759827508 0.0 0.0 0.0 0.535328638155 1.44178286461 0.0 0.562499510905 235.0 212.0 255.0 -0.333333333333 0.00320240126554 -0.153635774309 -0.0698410690567 
0.0 0.0 0.0 0.933780877235 0.161002611404 0.0 0.0 0.508253169636 0.0 0.0 0.584736632304 0.675577462306 235.0 218.0 255.0 -0.333333333333 -0.0666386677912 0.153260458167 0.280820275639 
# HEADER 5
0.0 0.0 0.0 0.0 0.0 0.44366252902 0.0 0.902822704764 0.114509517664 0.180892475023 1.58136167787 0.0 132.0 246.0 255.0 0 0 -0.105245316582 -0.134581873793 
0.0 0.0 0.0 0.0 0.822602873693 0.0 0.549260446391 0.806254028811 0.40709559552 0.61752131511 1.64745635595 0.0 132.0 250.0 255.0 -0.105245316582 -0.134581873793 -0.0531624704244 0.115220454265 
0.0 0.45052172021 0.521253026942 0.232094175394 0.0 0.0 0.0 1.49202699527 0.598843374931 0.0 0.0 1.51007987346 133.0 251.0 255.0 -0.158407787007 -0.0193614195285 -0.141828749072 0.0959810568062 
0.0 0.60009582694 0.647526566861 0.0 0.0 0.0 0.0 0.767978609585 0.648163967766 0.0 0.0 0.148349682611 136.0 251.0 255.0 -0.300236536079 0.0766196372778 -0.0554001953328 0.14249773426 
0.200555172894 0.0 1.02373486438 0.466455480607 0.432807745105 0.219920000679 0.0 0.0 0.0 0.0 1.21003406976 0.0688751800122 148.0 239.0 255.0 -0.333333333333 0.219117371538 -0.151824607803 -0.228250736719 
1.41144637682 0.0 1.21663274598 0.963997563932 0.748544984768 0.370075913754 0.0 0.0 0.0 0.473661978122 2.25051394431 0.65710488312 162.0 226.0 255.0 -0.333333333333 -0.0091333651813 -0.05531350937 -0.074475217758 
0.0 0.0 2.23461898464 0.0 1.72132437963 1.84094073523 0.721870382527 0.681819914388 1.44276558167 0.0 0.0 0.0 176.0 226.0 255.0 -0.333333333333 -0.0836085829393 0.15417271587 0.0137296597798 
0.061408649511 0.00704964134963 1.75818493674 0.0 0.686045571631 0.0 0.0 1.67461014347 0.0 0.263444040634 0.0 0.539603117678 191.0 231.0 255.0 -0.179160617463 -0.0698789231595 0.0263631367135 0.0118286929081 
0.0 0.598944471854 0.583532178634 0.255367361124 0.0 1.02990880044 0.0 0.0 0.471113874699 0.0 0.722511737559 0.665213880013 203.0 236.0 255.0 -0.152797480749 -0.0580502302514 -0.0206158422075 0.0615395183218 
1.438277739 0.0 1.42413449474 0.256418698299 0.722164432692 0.113808863411 0.698070329949 0.0 0.0 0.268930453485 0.0 0.0 212.0 236.0 255.0 -0.173413322957 0.00348928807041 -0.0784685561422 0.0787401661325 
# HEADER 6
0.0 0.510656927044 0.0 0.0 0.0 0.0 0.0 0.393752077746 0.0 0.219470424373 0.881322973809 0.0 133.0 247.0 255.0 0 0 -0.0488971743579 -0.0526204384023 
0.460653535057 0.367053258786 0.0 0.0 1.22550852569 0.163033403998 0.0 1.00014726379 0.0 0.0 0.413142833048 0.0 133.0 250.0 255.0 -0.0488971743579 -0.0526204384023 0.0416437988018 -0.0362870555835 
0.0 0.0 0.0 0.0 0.0 0.0 0.0 0.790409636726 0.566384020712 0.137801190011 0.561636909071 0.0 137.0 251.0 255.0 -0.00725337555614 -0.0889074939859 0.10687880603 0.173556218328 
0.546872246613 1.10468854968 0.0 0.0 0.0 1.06851808217 0.597491600027 2.66131606679 0.780274708646 0.470617300507 0.0 0.0 139.0 251.0 255.0 0.0996254304738 0.0846487243424 0.0442658231298 -0.00315722992034 
0.0 0.0 0.0 0.394409861203 0.0 0.216392227463 0.0 0.0 0.595728958279 0.288093136139 0.0 0.415217750248 130.0 250.0 255.0 0.143891253604 0.081491494422 0.123450693219 0.0352945049145 
0.0 0.0 0.0 0.0 0.0 0.624596296898 0.341738770767 0.288413515861 0.639175374727 0.285054932721 0.0 2.35398840727 122.0 250.0 255.0 0.267341946823 0.116785999337 -0.0291295727701 0.0363668549504 
0.0 1.32123737897 0.0 0.0935254414437 0.0 0.0 0.0 0.777404527068 0.592620341204 0.0663547104139 0.0 0.680584277913 121.0 250.0 255.0 0.238212374053 0.153152854287 0.00147855316357 0.160899786151 
0.0 2.42443853869 1.95078555517 0.0 0.0 0.280123546312 0.127519085886 0.502859272804 1.30972985317 0.0 0.834412680941 0.763277862289 121.0 250.0 249.0 0.239690927216 0.314052640438 -0.117102120561 0.194091200183 
0.0 1.65913775375 3.38713952612 0.0 0.642251042929 1.92194778475 0.0 0.732753225282 0.648381883239 0.0846151727543 2.75543533192 0.654870644512 122.0 251.0 236.0 0.122588806655 0.333333333333 -0.0216877159044 -0.180587575435 
0.0 1.59935234598 8.29721131789 0.0 0.0 4.11742990966 0.0 1.75127025732 0.684382909149 0.0 4.58084238935 0.559262268682 122.0 252.0 228.0 0.100901090751 0.152745757898 -0.0616649469747 -0.122851280285 
0.209017494085 2.64415648561 8.59054867904 0.0 0.0 4.66420569924 0.400804570224 4.64045995713 0.0441457405885 0.0 5.71654025022 2.0258787786 122.0 252.0 227.0 0.0392361437763 0.0298944776126 -0.114482451408 0.03850153267 
0.0 1.42502067684 9.39194204773 0.0 0.0 5.15397769129 0.409478933481 5.83965264182 0.0 0.0 4.85686738544 0.907363253816 123.0 252.0 226.0 -0.075246307632 0.0683960102826 -0.0789289920561 -0.119422681612 
0.323678763826 0.701659631477 7.12208368921 0.0 0.0 4.79903561862 0.0 4.41821733473 0.0900574724097 0.272801021225 4.32560216139 0.155169226292 124.0 250.0 229.0 -0.154175299688 -0.0510266713294 0.117413716552 -0.0424179798388 
0.267106263472 2.51760564318 3.95733663501 0.0 0.0 2.47843966367 0.0427330847941 2.83154716918 0.363386432367 0.0 2.11263447755 0.627638914664 123.0 248.0 242.0 -0.036761583136 -0.0934446511682 0.0165499885929 0.0394098628103 
0.0 1.57579675809 0.90579375594 0.0 0.0 0.973027236842 0.0 1.18087420219 0.102126719613 0.0 1.70209389602 0.650338201703 122.0 247.0 255.0 -0.0202115945431 -0.0540347883579 -0.0311522975361 -0.0768742556638 
0.0 0.0 0.0 1.80111388505 0.0 1.16753304046 0.0 1.5295514007 1.33210760802 0.231712060125 0.273216584462 0.837752982431 121.0 248.0 255.0 -0.0513638920792 -0.130909044022 -0.000781171941644 0.130043104725 
0.677399045006 0.538914635994 0.0 1.28970701796 0.0402756670963 0.294950120715 0.0 0.0 0.0 0.379592170516 0.797551678491 0.0 124.0 249.0 255.0 -0.0521450640209 -0.00086593929701 0.0242572940512 -0.0275107076247 
0.0 0.0 0.120254763373 0.0 0.385106249558 0.655744053409 0.0 0.757856469486 0.0291381916362 0.0 1.16487557118 0.0 129.0 249.0 255.0 -0.0278877699697 -0.0283766469217 -0.0306401945252 -0.179716243084 
0.0 0.00617403388679 0.0789160198779 0.0 0.0 0.926743825649 0.0 2.27182022664 0.346243504099 0.0 0.0764737854155 0.387841953469 135.0 251.0 255.0 -0.058527964495 -0.208092890006 -0.182396358766 0.0533387798436 
0.0 0.454066617781 0.0 1.2905132858 0.0 0.924713653775 0.0 0.0 0.0 0.466893853182 0.0 0.46102517271 141.0 251.0 255.0 -0.240924323261 -0.154754110163 -0.108385151153 0.0677142159095 
1.46087788469 0.0 0.0 0.390386582843 0.820378936598 0.102299170457 0.0 1.52193932099 0.0 0.196365937931 0.0 0.647333545271 146.0 251.0 255.0 -0.333333333333 -0.0870398942531 0.0631090172602 0.0292233937146 
0.612742017391 0.466702114373 0.635448733722 0.0 0.0 0.0 0.355998268691 0.392192563836 0.0 0.0 0.247846875109 0.21260661314 153.0 251.0 255.0 -0.270224316073 -0.0578165005384 0.0673888900344 -0.0847038028186 
0.0 0.0 0.648968036852 1.10268416117 0.0 1.13080771936 0.0 0.0 0.771712041477 0.263705620608 0.0 0.0 163.0 251.0 255.0 -0.202835426039 -0.142520303357 -0.00205090653783 0.101096247593 
1.19480369504 1.35755549279 2.13304320233 0.980531270914 0.211438120051 0.948692731151 0.0 0.0 0.71716219258 3.28661334576 0.173064524929 0.869003732157 175.0 251.0 255.0 -0.204886332577 -0.0414240557644 -0.134558422334 0.0536766554971 
0.236797448917 0.0 1.33819725759 0.0 0.0 0.0 0.0 1.11247756363 0.894421202812 0.948863706946 0.0 0.299564303157 188.0 251.0 255.0 -0.333333333333 0.0122525997327 0.097511260698 0.012954527581 
0.0 0.0 0.547459274735 0.81426442747 0.506848938732 1.046358661 0.602739346942 0.775652406593 0.0 0.0 0.760211877931 0.0 201.0 251.0 255.0 -0.235822072635 0.0252071273137 -0.102334057963 -0.0346863184649 
0.0 0.0 0.0 1.34995489872 0.0 1.16484348071 0.0719249653816 0.0 0.0 0.0 0.0 1.40017798802 212.0 250.0 255.0 -0.333333333333 -0.00947919115125 -0.013516291904 -0.110268408255 
0.803354971915 0.502199446401 0.0 0.0 0.387352166394 1.07260667173 0.797750803812 0.272061851988 1.01031768803 0.0 0.0 0.160587220836 226.0 250.0 255.0 -0.333333333333 -0.119747599406 -0.0681808349265 0.119214905559 
0.94480141328 0.573812058863 0.0516164789234 0.0 0.0 0.0 0.105253786923 0.0 0.0 0.496481017054 0.0 0.0 230.0 250.0 255.0 -0.333333333333 -0.00053269384779 0.0432102420486 -0.0922996120884 
0.321418264686 0.355986369232 0.511052505158 0.0 0.946688034296 1.42902762159 0.343864718577 0.0 0.0 0.0 0.0 0.633286798366 231.0 249.0 255.0 -0.290123091285 -0.0928323059362 -0.0974079003392 -0.00374649140898 
0.0 0.539968163857 0.439844869173 0.249625080309 0.0582627032288 0.466354593596 0.425890432634 0.0 0.0 0.171590645985 0.0 0.460864720933 234.0 248.0 255.0 -0.333333333333 -0.0965787973452 0.124841974664 0.102036299508 
0.0 0.0 0.0 0.0 0.0 0.169904081844 0.754902086569 0.0 0.0 0.190538211075 0.696283985908 0.0 235.0 249.0 255.0 -0.20849135867 0.00545750216238 0.0751571111279 0.195029479127 
0.0 0.746003495597 0.0 0.408153848326 0.0 0.165164875885 0.0 0.707528911037 0.0275452308604 0.253821297552 1.71051029432 0.195899204998 235.0 243.0 255.0 -0.133334247542 0.20048698129 -0.138549248517 -0.00657795064365 
0.0 1.1552952018 0.0 0.0 0.0 0.0 0.0 0.987120954851 0.0 0.614398835078 0.0 0.85981107943 235.0 228.0 255.0 -0.271883496058 0.193909030646 -0.0970129359171 -0.0871674576219 
0.586729804583 0.0 0.170642205402 0.0 0.41369212205 0.0 0.330774185247 0.0 0.0 0.682575370168 0.0 0.167044654307 235.0 210.0 255.0 -0.333333333333 0.106741573024 -0.0480082139247 -0.0623126146842 
0.0 0.0 0.0 0.330534927635 0.0466121377561 0.0 0.0 0.0 0.370265496686 0.31283588941 0.0 0.0 235.0 200.0 255.0 -0.333333333333 0.0444289583399 -0.151120720663 -0.183109724973 
0.188334524267 0.0 0.0 0.0 0.0 0.209305108799 0.0 0.0544949891857 0.53857474514 0.37985385623 0.0 0.0 235.0 205.0 255.0 -0.333333333333 -0.138680766633 -0.0032414741534 0.0766194859322 
0.700944792209 0.323239722615 0.335115895957 0.0 0.0 0.0 0.362601175436 0.541219568164 0.0 0.0 1.10140581235 0.0 235.0 222.0 255.0 -0.333333333333 -0.0620612807006 0.00694635698751 0.146016417328 
0.0 0.0 0.52900891418 0.0 0.0 1.08145409333 0.0 0.576502319988 0.65852673807 0.0 0.832049914946 0.0 236.0 224.0 255.0 -0.326386976346 0.0839551366278 0.0507507274335 -0.0180645108417 
0.209667850681 0.0782246696253 0.583327203704 0.0 0.0 0.180384297896 0.0 0.33045190167 0.151681570718 0.333134865647 0.853915011742 0.0758411335016 236.0 213.0 255.0 -0.275636248912 0.0658906257861 -0.0329128352024 0.00888861703585 
0.0 0.568217268437 0.0 0.0889377510859 0.688970835134 1.13461092652 0.0 0.982280470515 0.580995467767 0.0837226172277 0.0 0.0 235.0 202.0 255.0 -0.308549084115 0.074779242822 0.00999350284747 0.0951682963568 
0.0 1.35692814709 0.604871508743 0.0 0.838892344351 0.289528597491 0.0 0.445902492561 0.0 0.0 0.686123943021 0.638152563662 235.0 187.0 255.0 -0.298555581267 0.169947539179 0.0121924907693 -0.129852565089 
0.0 0.0 0.771473681625 0.0 0.012465720256 0.0 0.0907009587689 0.0 0.00689612994414 0.0 0.0 0.790402322214 236.0 178.0 255.0 -0.286363090498 0.0400949740902 -0.0534411677036 0.134582027506 
0.0 0.0 0.445899557031 0.332305529958 0.0 0.0496493413467 0.0 0.0 0.563346048657 0.352030321041 0.0 0.558220604722 236.0 168.0 254.0 -0.333333333333 0.174677001597 -0.176611226463 -0.0517734221717 
0.0 0.0 0.0 0.0 0.0 0.0 0.54467584167 0.0 0.680557479877 1.6310794313 0.576057521345 0.0 236.0 158.0 248.0 -0.333333333333 0.122903579425 0.0798995962604 0.0256230628623 
0.664205669512 0.0 0.524918796965 0.0 0.0 0.0 0.0 0.569320395616 0.0 0.539151562908 0.538318725398 0.0 235.0 150.0 242.0 -0.253433737073 0.148526642287 -0.0268473141152 -0.0795412783039 
0.0 0.0 0.0 0.0 0.0 0.0 0.0 0.0 0.0 0.629883698341 0.0 0.0 235.0 143.0 236.0 -0.280281051188 0.0689853639833 -0.0714182805342 0.0725832422932 
0.688050921773 0.0 0.998043104676 0.0 0.939337103236 0.390106854467 0.215982486849 0.0896060557003 0.69465604496 0.0 0.0 0.543942178886 235.0 138.0 231.0 -0.333333333333 0.141568606277 0.0448162504232 0.0280809171501 
0.0 0.0 0.495341800142 0.0 0.0 0.0 0.0 0.0 0.0 0.0 0.0 0.0 235.0 128.0 223.0 -0.28851708291 0.169649523427 0.11222186111 0.0523352119292 
1.45490017218 0.0 0.0 0.0 0.0 0.0 0.0 0.0 0.0 0.0 0.0 0.0 235.0 120.0 212.0 -0.1762952218 0.221984735356 -0.188280097051 -0.0302124176572 
0.315134258988 0.282926243984 0.0 0.0 0.0 0.0 0.204204916242 0.727552861744 0.0870251900312 1.32980036029 0.0 0.0 235.0 112.0 200.0 -0.333333333333 0.191772317699 -0.0345783511555 -0.0881658702036 
0.0894491144051 0.0 0.614478413634 0.242350816164 0.551841655113 1.14825993836 0.347390724115 0.0 0.0 0.0 0.0 0.049186596727 235.0 109.0 187.0 -0.333333333333 0.103606447495 0.00684228826615 0.089516309433 
0.0 0.0 0.0 0.365292317752 0.760130060414 0.0 0.80508807025 0.338022939297 0.0 0.820996099159 0.0 0.0 235.0 109.0 174.0 -0.326491045067 0.193122756928 -0.0376992351976 -0.0858989294949 
0.0 0.0 0.0 0.0 0.0 0.0 4.41900763689 0.0 0.0 0.0 0.145534850226 0.0 235.0 111.0 157.0 -0.333333333333 0.107223827433 -0.0631336014774 0.0910382611473 
0.0 0.0 0.0 0.0 0.0 0.0 2.92864046615 0.0 0.0 0.0 0.0 0.0 235.0 113.0 142.0 -0.333333333333 0.19826208858 -0.150351129273 0.145740235007 
0.264751617465 0.396586909164 0.314390156472 0.872280774953 0.703053458168 0.0489258023171 1.16691217179 1.15159426612 1.3354797771 0.0 0.0 0.0 235.0 116.0 122.0 -0.333333333333 0.333333333333 -0.0771186990344 0.0441175817249 
0.0 0.0 0.0 0.0 0.0 0.0 0.0 0.0 0.0 3.36132414325 0.0 0.0 235.0 116.0 100.0 -0.333333333333 0.333333333333 -0.03776297046 0.0534034832504 
0.0 0.0 0.0 0.0 0.0 0.0 0.0 0.0 0.0 1.19496655838 0.0 0.0 235.0 111.0 82.0 -0.333333333333 0.333333333333 -0.123665685381 0.08365456432 
0.199462796332 0.642250716441 0.804188408022 0.0 0.0 0.0 0.0 0.0 0.0 0.0 0.0 0.0 235.0 97.0 74.0 -0.333333333333 0.333333333333 -0.01567841137 0.0706178887835 
1.11200145498 2.13099408922 0.403261278799 0.0 0.0 0.0441228449037 1.29293746894 0.0 0.465613805368 0.263770020525 0.0 0.0 235.0 69.0 77.0 -0.333333333333 0.333333333333 0.00623177031832 0.0126490440304 
0.0 0.0 0.0 0.433723484599 0.855997506061 0.0 0.0 0.724271873383 0.588501012619 0.0 0.0 0.0 235.0 57.0 68.0 -0.327101563015 0.333333333333 0.0243717999899 -0.0701760194042 
0.261167380586 1.47430883959 0.0 0.0 0.0 0.0 0.793597170524 0.715305543819 0.198497321076 0.288771278087 0.876555277877 0.127892201559 234.0 48.0 58.0 -0.302729763025 0.263157313929 0.100739686414 -0.0772801475608 
0.706050596533 0.189964565343 1.10621804842 0.340089635072 0.708188939659 0.0 0.0 0.0 0.0 0.0 0.0956664950702 0.195699126225 233.0 38.0 58.0 -0.201990076611 0.185877166368 -0.0281549459849 -0.00792366801841 
0.0 0.0 0.0 0.260566429606 0.0 0.0 0.0 0.0 0.0 0.387602867403 0.442670233447 0.274736076792 232.0 31.0 57.0 -0.230145022596 0.17795349835 -0.086141212261 0.0235383230303 
0.0 0.0 0.0 0.0 1.64093933244 0.0 0.0 0.0 0.345025236284 0.0 0.822768783233 1.21330721927 230.0 28.0 55.0 -0.316286234857 0.20149182138 0.0779694194031 -0.00526354507677 
0.0 0.0 0.0 0.315879208598 0.0 0.0 1.69831048435 0.0 0.397850110176 0.0 0.0 0.587012743914 230.0 26.0 53.0 -0.238316815454 0.196228276303 0.189068585301 -0.277623438031 
0.0 0.0672402396657 0.184507058625 0.0 0.0 1.10754569239 0.0 0.0 0.0 0.0 0.0 0.63910200867 231.0 27.0 56.0 -0.0492482301524 -0.0813951617274 -0.114557643135 0.00244109282469 
0.216080850275 0.0 0.0 0.0 0.0 0.744195704882 0.599507115938 0.0 0.0 0.0 1.03258671269 0.0 232.0 36.0 66.0 -0.163805873287 -0.0789540689027 -0.156698275732 -0.124523829255 
0.143649934087 0.536136776013 1.06276033811 0.354971018354 0.0 0.0 0.0 0.153967072942 0.451898021229 0.653794580432 0.0 0.265377272599 233.0 41.0 85.0 -0.32050414902 -0.203477898157 0.0424659471071 0.0542381140192 
0.892220442183 0.597440332725 1.17463745459 0.370262380891 0.0 0.159425776892 0.386959128105 0.00338402881813 0.134129639672 0.291837212198 0.0 0.0 234.0 45.0 105.0 -0.278038201913 -0.149239784138 -0.0506575094755 -0.0226702473833 
0.0 0.0 0.58589287508 0.799254109429 0.145945247085 0.0736687345122 0.0 0.0 0.0 1.27755115249 0.0 1.15605975339 235.0 45.0 113.0 -0.328695711388 -0.171910031521 -0.0856575377006 -0.0279150737162 
0.0 0.569482551289 0.0 0.0 0.0547518492418 0.0 0.0 0.0 0.558334536341 0.0 0.796020062355 0.67883014412 235.0 45.0 121.0 -0.333333333333 -0.199825105238 0.0820958550558 -0.0112272272931 
0.651665976324 0.0 0.0 0.0 0.0 1.02442570888 0.0 0.653053778973 0.151394684859 0.710262911668 0.0 0.218106755398 235.0 45.0 126.0 -0.251237478278 -0.211052332531 -0.227469703239 -0.044791863669 
0.0 0.567503747998 0.0 0.127169743347 0.192864873701 1.93034400337 0.582249961204 1.29199176372 0.363777148844 1.0407996317 0.0 0.429619396918 235.0 45.0 127.0 -0.333333333333 -0.2558441962 -0.0403725669432 0.0204129384568 
0.0 0.222803734965 0.0 0.0 1.32019997716 0.193570372734 0.0 0.0 0.0 0.670478053827 0.28947761013 0.651394402425 235.0 45.0 127.0 -0.333333333333 -0.235431257743 0.0436983844973 -0.139524171846 
0.0 0.779472978406 0.0 0.307676630621 0.211677991813 0.0 0.0 1.13996483469 0.715127154677 1.03937175866 0.0 0.654548473882 235.0 45.0 128.0 -0.289634948836 -0.333333333333 0.0646458295966 0.0532047408161 
0.0 0.506714363255 0.0 0.36879219605 0.0533531326169 0.0 0.638263323988 0.705377405531 0.0 0.0 0.0 0.654286743431 235.0 45.0 128.0 -0.224989119239 -0.280128592517 0.0766686545351 0.0398880540453 
0.14034896576 1.14254859275 0.0 0.0 0.394238337847 0.138079471602 0.805548682642 0.385698513767 0.0159460534442 0.179821581583 0.0 1.09130082551 235.0 45.0 128.0 -0.148320464704 -0.240240538472 -0.172993839636 -0.049647546129 
0.4717137915 0.0 0.0 0.0 0.0 0.0 0.0 0.552462611844 0.0 0.0645876141364 0.0 0.00462039153314 235.0 45.0 129.0 -0.32131430434 -0.289888084601 0.0550673567313 -0.0787823991674 
0.0 0.0 0.0 0.0 0.0 1.13860254095 1.73498879252 0.41454249128 0.0 0.0 0.0 0.0 235.0 45.0 129.0 -0.266246947609 -0.333333333333 -0.0199097950474 -0.00210379677111 
0.0 0.0 0.0 1.29801702224 0.840418642655 0.383770742149 0.0 0.0 0.379592310388 0.0 0.0 0.017737166466 235.0 45.0 129.0 -0.286156742656 -0.333333333333 -0.153046385555 -0.0197477102812 
# HEADER 7
0.0121420969116 0.0 0.0 0.0 0.0 0.0 0.0 0.0 0.0 1.39724085526 0.0 0.0 133.0 248.0 255.0 0 0 -0.0589769802732 0.0729039928506 
0.0 0.0 1.46763800702 0.0 0.0 0.0 0.0 0.0 0.0 0.0 0.0 0.0 135.0 244.0 255.0 -0.0589769802732 0.0729039928506 -0.0513464661414 0.0423052349166 
0.596568026521 0.0 0.806374465415 0.0 0.0 0.0 0.282872088803 0.460157841299 0.0 0.552877736178 0.610286601269 0.260880527407 138.0 231.0 255.0 -0.110323446415 0.115209227767 -0.0959425776253 -0.0223961960158 
0.276975656255 0.594914409938 0.0 0.770512256479 0.0 0.0 0.0 0.0 0.0 0.205565445734 0.450888163789 0.0 147.0 215.0 255.0 -0.20626602404 0.0928130317514 0.0838158184908 0.0764686123667 
0.702399578508 0.0 2.06822397828 0.0 1.39451628681 0.204253722188 0.431648740661 1.19473671066 0.0 0.0 0.0 0.230251061442 155.0 205.0 255.0 -0.122450205549 0.169281644118 -0.0102538885489 -0.08017141427 
0.184156081314 0.595338449638 2.19662175641 1.0586972078 0.0 0.982963555462 0.185992029868 0.0866795903793 1.08902204064 0.185068492763 0.0 0.0 164.0 196.0 245.0 -0.132704094098 0.0891102298481 0.0531041810832 -0.074979437583 
0.472803408049 0.124783640552 2.00949923083 0.717773549887 0.0 0.353887696507 0.431502612341 0.334668489689 0.76939685235 0.0 0.392708620887 0.0907143418201 169.0 190.0 242.0 -0.0795999130147 0.0141307922651 -0.128420783093 0.16892005271 
0.695836698647 0.0 0.661838069228 0.55563259332 0.705522901532 0.765990048158 0.482452594304 1.54142891741 0.0 0.0 0.0 0.701493281939 177.0 180.0 237.0 -0.208020696107 0.183050844975 0.119269899659 -0.0250562595706 
0.69865871245 0.891507610204 0.999481680859 0.943172274151 0.450769268353 1.61577237285 0.0608147769683 0.40363912195 0.0507745938383 0.0 0.0 0.617094614677 188.0 169.0 224.0 -0.0887507964488 0.157994585404 -0.00465947094187 0.012397784198 
0.854643445509 0.0 0.0 0.0 1.64928489592 3.53403732942 0.0 0.651255741751 0.0 0.0 0.831745834919 0.709200645816 196.0 162.0 210.0 -0.0934102673907 0.170392369602 0.0450960070997 -0.0940594452701 
1.59099315363 0.0 1.46809930047 1.27178712811 0.792163097541 1.31240162805 1.75930887113 0.748614359242 0.478063478098 1.1448272631 0.0 0.616697964045 204.0 155.0 197.0 -0.048314260291 0.076332924332 -0.210587933049 0.0076590637886 
0.727022493404 1.18867660424 0.0 0.28108070965 0.0125247212201 0.0 0.954479189133 0.34344185317 0.463497589173 0.109454215337 1.37587069493 0.0 209.0 149.0 189.0 -0.25890219334 0.0839919881206 0.0187172698736 0.114792334035 
0.931727891589 0.462586741935 0.0 0.0 0.0 0.0 1.47259905013 1.13413169666 0.0 0.0153015764949 2.41502455835 0.0 218.0 137.0 176.0 -0.240184923466 0.198784322155 -0.0251166201067 0.0720679050203 
0.715806350769 0.0 0.0 0.0 0.0 0.0 1.948392704 0.0 0.0 0.0 0.0 0.0 227.0 124.0 162.0 -0.265301543573 0.270852227176 -0.121443599391 0.0453160894952 
0.524724847013 1.26606788033 0.0 0.41370147927 0.0 0.127025131398 1.61045891679 0.493562424213 0.997426023303 0.0 0.0 0.0 230.0 121.0 138.0 -0.333333333333 0.316168316671 -0.0711590600043 -0.0350361731703 
0.0 0.0 0.0 0.0 0.0 0.0 2.71292707845 0.0 0.0 0.0 0.0 0.0 231.0 121.0 115.0 -0.333333333333 0.2811321435 -0.0291173958441 0.0945321165636 
0.988405944121 0.043794368833 0.0 0.539634296316 0.16591193874 0.96646351075 0.222287389802 0.269471318208 0.0 0.736246317804 0.570739037932 0.0 231.0 117.0 93.0 -0.333333333333 0.333333333333 0.146555109169 -0.0603869408603 
0.0 0.0232054383335 0.0 0.221688948321 0.815867488753 0.397344937196 0.314237183151 0.460955529081 1.09560867549 0.638480397351 0.0 0.214988902011 233.0 104.0 81.0 -0.186778224164 0.272946392473 0.0255649583106 0.00574152769182 
0.0 0.429032546309 0.754827504441 0.325906138921 0.716293309282 0.0 0.0 0.0 1.27055548267 0.292745375566 0.0 0.0 232.0 81.0 80.0 -0.161213265853 0.278687920165 0.0631954506767 -0.200231244874 
1.5315874581 0.0 0.627199891041 0.0 0.0 0.202259907659 0.0 0.0 0.444944653876 1.02161702958 0.548498813516 2.43092193563 232.0 68.0 80.0 -0.0980178151765 0.0784566752908 0.0745097409785 -0.0268228464114 
0.78724629931 1.50368478624 0.0 0.0 0.0 0.182325079747 0.0 0.802236815578 0.166302596894 0.360827423299 0.0 0.658949575813 231.0 63.0 79.0 -0.023508074198 0.0516338288794 -0.00093400400482 -0.0434817814591 
0.728312218171 0.65401830709 0.0 0.304520696135 0.0 0.760223048961 0.874217816639 1.79608011926 0.380679626315 0.0379984328012 0.860822680484 1.64647966134 232.0 62.0 78.0 -0.0244420782028 0.00815204742033 0.0507580852761 0.00859254308518 
# HEADER 8
0.0 0.0909213308472 1.02179014902 1.14244453014 0.0 0.948621534225 0.0 0.0 0.0 0.0 0.0 0.0 133.0 248.0 255.0 0 0 0.0221477159047 -0.103491050675 
0.583671203982 1.33074151243 0.544639118572 1.01691823675 0.0 0.867920482443 0.0253766709673 0.0 1.10583255352 0.839083666778 0.0 0.0 133.0 250.0 255.0 0.0221477159047 -0.103491050675 0.170877538086 -0.00228230899815 
0.0 0.0 0.0 0.358096859895 0.0 0.0 0.0 0.0 0.0 0.0 0.0 0.0 131.0 251.0 255.0 0.193025253991 -0.105773359673 -0.0109127741444 0.0166857714638 
0.0 0.0 0.0 0.0 0.0 0.0 0.0 0.0 0.0 0.434469233495 0.0 0.0 122.0 251.0 255.0 0.182112479846 -0.0890875882096 -0.0544928725787 -0.101511705962 
0.0 0.0 0.0 1.17762963993 0.693506189423 1.79959164454 0.0 0.0 0.0 1.80118135257 0.0 0.0 119.0 253.0 255.0 0.127619607267 -0.190599294172 -0.052171818789 0.00995629487099 
0.0 0.987470048391 0.188804725958 1.43841481946 0.82596978575 1.25681487223 0.0 0.0 0.0 0.0 0.0 0.0 116.0 254.0 255.0 0.0754477884784 -0.180642999301 -0.219246556871 0.0218156366404 
0.0606560292085 1.83086764465 1.48892493942 0.270102759102 0.0 0.888396432632 0.0 2.21101414777 0.0 0.231367790213 0.070098695102 0.881847460449 114.0 255.0 255.0 -0.143798768393 -0.15882736266 0.0881725016313 -0.0574291447088 
0.0 2.09265082225 2.61646354451 0.610936722816 0.0 0.976030176098 0.401881553924 1.00130429985 0.0 0.314212592384 1.82900670446 1.0625056884 113.0 255.0 255.0 -0.0556262667614 -0.216256507369 -0.111322957024 -0.0595206162804 
0.0 1.79866466168 2.70993404122 0.990981354349 0.624634888176 0.336142112832 0.0361160648227 0.950560228541 0.363139520872 0.0 2.04301504443 2.34613762754 115.0 255.0 255.0 -0.166949223786 -0.27577712365 0.00491682390649 0.0937553529424 
1.45825869922 1.13714475565 0.0 0.855687501516 0.401718717044 0.966529909201 0.0 0.574656992899 0.239979948749 0.413232175812 1.38947100088 0.974776880686 117.0 253.0 255.0 -0.162032399879 -0.182021770707 -0.087904641898 0.011263242858 
0.174045880859 0.657410693001 0.397611451461 0.0 0.0 2.08506801947 0.68107924925 0.755900825167 0.612759516789 0.0 1.34722901646 0.0 125.0 252.0 255.0 -0.249937041777 -0.170758527849 -0.0133668253714 0.0331910356094 
1.5598440342 0.0 0.0 0.305062230864 0.0 1.03911015689 1.57122951499 0.664737914883 0.0 0.0 0.768124751853 1.45039282765 138.0 252.0 255.0 -0.263303867149 -0.13756749224 -0.00930510718291 -0.0504718432197 
1.56526133927 0.634775884149 1.44553192089 1.26542265556 0.360081786454 0.0 0.302901763213 0.0 0.0 0.238943446554 0.0 1.10051416856 152.0 252.0 255.0 -0.272608974331 -0.18803933546 -0.046399952061 0.00879936466422 
1.61145965899 0.820203417947 0.0332689841165 1.01428839829 0.0 0.788910942308 0.0 0.727322856538 0.0 0.517240260183 0.0 0.485485188383 166.0 252.0 255.0 -0.319008926392 -0.179239970795 -0.245347294731 -0.0474065403608 
0.0 0.360447357691 0.460357379459 0.558571723904 0.0628702311173 1.08319208901 0.0 0.0 0.557850966032 1.30823637354 0.604063123251 0.0 179.0 252.0 255.0 -0.333333333333 -0.226646511156 0.0782600993486 -0.192619671876 
0.582263753607 1.47172537534 0.0 0.237032927592 0.0 0.991213253788 0.0 0.698967772062 0.523942680976 0.0 1.53747482691 0.645168867898 194.0 251.0 255.0 -0.255073233985 -0.333333333333 0.0385819947903 0.0504017279849 
1.64158476556 0.0668791747829 0.926955950436 1.16913257744 0.795056449329 0.598907204043 1.21466597636 0.319178525759 0.570127451478 0.848776040865 0.801396971727 0.0 205.0 251.0 255.0 -0.216491239194 -0.282931605348 0.0886967086085 -0.0278739924506 
1.17340362185 0.888988630418 1.03920852344 1.76126730826 0.856934569645 0.85807801946 0.0 0.750409787096 0.835853864088 1.08712112227 0.0 1.39938478558 214.0 250.0 255.0 -0.127794530586 -0.310805597799 0.0461868806819 -0.0815803660768 
0.118835296126 0.213632884948 0.149947437057 0.86350520171 0.606609052262 0.971147469359 0.0 0.0 0.620848644509 0.184195605689 0.838684755505 1.09910157768 223.0 250.0 255.0 -0.0816076499041 -0.333333333333 -0.125751742449 -0.0997927503219 
1.11801585264 0.734085127024 0.51073520159 0.849122724848 0.491898529687 0.331659744577 0.0 1.25893011735 0.617121606134 0.357203462743 0.0 0.750109556374 230.0 249.0 255.0 -0.207359392354 -0.333333333333 0.0604721695627 -0.00129991247792 
1.10167842472 0.632766151609 0.797283973884 0.348324569321 0.0 0.0 0.0 0.0 0.0 0.0 0.0 0.0 230.0 249.0 255.0 -0.146887222791 -0.333333333333 0.0916135763215 -0.0331397156055 
1.55401603482 0.0 0.332741157527 1.16823148567 0.0595279827183 0.265000627232 0.166187196372 0.133626023329 1.11322143554 0.391171065946 1.35297733328 0.0 230.0 249.0 255.0 -0.0552736464694 -0.333333333333 -0.107742693638 0.163747111193 
1.60719945668 0.0 0.419111526739 1.22714283998 0.0 1.05445788412 0.0 0.637153136203 0.733502127204 0.314031288604 0.0 0.0 232.0 249.0 255.0 -0.163016340108 -0.16958622214 -0.0746867314239 0.0815029351047 
0.998115171121 1.3518341632 0.0 0.352417021334 0.0 0.472647886595 0.0 0.0 0.774494422054 0.203554237226 0.0 1.18242117274 234.0 248.0 255.0 -0.237703071532 -0.0880832870352 0.0297926458114 0.0764784715982 
0.613251785334 1.15711872995 0.467238386228 0.447685399086 0.0886806906798 1.05683826644 0.0 0.0 1.36842974724 0.311017670014 0.0443319225565 0.719294300632 235.0 248.0 255.0 -0.20791042572 -0.011604815437 0.00740408919829 -0.122252157553 
1.54418234645 0.485201611774 0.51498804437 1.28286486201 0.80879702485 0.0265987848846 0.0 0.0 1.06685720586 0.0 0.792058433898 0.695863583239 235.0 248.0 255.0 -0.200506336522 -0.13385697299 -0.0485653869848 0.139947283051 
0.0 0.580396708014 0.0 0.367185653114 0.0 2.68965281893 0.0 2.38164415031 0.0 0.0 0.0 0.0 235.0 248.0 255.0 -0.249071723507 0.00609031006022 -0.0843262366484 0.0322845867473 
1.03149166574 0.159869915636 0.483892254149 1.21165543042 0.307974936155 1.10520822357 1.21516016888 0.780455602757 1.10171199659 0.346541885201 0.822763119302 0.275021344998 235.0 246.0 255.0 -0.333333333333 0.0383748968075 -0.132718739396 0.197077723946 
1.36197824501 0.0 0.0 0.0 0.0 0.0 0.0 0.0 1.38764241147 0.0 0.0 0.0169343554611 235.0 235.0 255.0 -0.333333333333 0.235452620753 0.089981829352 -0.0416519238189 
1.22588762533 0.449951097781 0.0 1.07591987141 0.969098723284 0.220028388319 0.0 0.716465874799 0.0 0.0280855167393 0.553822383647 0.684541870972 235.0 215.0 255.0 -0.243351503981 0.193800696934 0.137288302631 -0.0207858541332 
0.0 0.924915965303 0.273910112377 1.22272312499 0.166975472147 0.831937388489 0.0 1.31662584899 0.0 0.0 0.473370239887 0.882012228293 236.0 197.0 255.0 -0.10606320135 0.173014842801 0.0219768229537 -0.0572467580773 
# HEADER 9
0.554352118515 0.621165349132 0.0 0.0 0.817009640932 0.747790219266 0.58610644605 0.0 0.590611002257 0.0388701982341 0.5491121196 0.623729200257 132.0 246.0 255.0 0 0 0.177671570527 -0.0312576436302 
0.0 0.56466794714 0.0 0.255072508001 0.0 0.0 1.64486091227 0.597386041789 0.504780156252 1.26283395861 0.747858937941 0.671522491162 127.0 250.0 255.0 0.177671570527 -0.0312576436302 0.0858681557743 -0.00223214904422 
0.949622171766 0.984709803806 0.0 0.228334821451 0.0 0.0 0.0 0.623458721411 0.924737073173 2.49913299005 0.36027663244 0.562557224345 119.0 251.0 255.0 0.263539726301 -0.0334897926744 -0.0948717068237 0.050496230841 
# HEADER 10
0.0 0.0 0.0 0.0 0.0 0.0 0.0 0.0 0.0 2.65520407798 0.0 0.0 132.0 247.0 255.0 0 0 -0.120653105955 -0.0259510722324 
0.0 0.0 0.0 0.0 0.0 0.0 0.0 0.0 0.0 2.64825406438 0.0 0.0 132.0 249.0 255.0 -0.120653105955 -0.0259510722324 -0.229758831322 -0.0456918003706 
0.0 0.0 0.0 0.796167971875 0.0 0.0 0.0 0.0 0.452513002195 0.0 0.0 0.0 133.0 251.0 255.0 -0.333333333333 -0.0716428726029 -0.0961149661824 -0.218572695764 
0.0 0.0 0.0 0.0409917169147 0.0 2.4095545921 0.0 1.55470470275 0.0 0.0143463430987 1.64978007729 1.45241559728 133.0 251.0 255.0 -0.333333333333 -0.290215568367 -0.127235300957 0.0805039557619 
0.535815186079 2.41115189035 0.0 0.076183231112 0.0 1.20194170741 0.726891305408 0.0 0.485408851721 1.23128128324 0.0 0.0 133.0 251.0 255.0 -0.333333333333 -0.209711612605 -0.080160080117 -0.0781660820412 
0.125293748881 1.26361762409 0.0 1.10766173173 0.856560346499 0.667140447812 0.915014300139 0.866221103808 0.0 0.671767050309 0.29429819647 1.24809441658 137.0 251.0 255.0 -0.333333333333 -0.287877694646 -0.12299148213 -0.0309685785439 
0.993266055372 0.307157792027 0.0940621222042 0.951441188647 0.0 0.924041978946 0.0 0.0 0.3604609739 0.272141228358 0.142312489011 0.739364630737 152.0 251.0 255.0 -0.333333333333 -0.31884627319 -0.0699339754741 0.0630940710857 
0.44389741206 0.588804204135 0.0 0.792182159925 0.0 1.03703320285 0.0 0.0 0.230430048932 0.156656034348 0.0 0.872046465145 166.0 251.0 255.0 -0.333333333333 -0.255752202105 -0.0945505483022 -0.00788545409309 
1.26330591144 0.780191083043 1.01132694667 0.414080579721 0.0 0.0 0.604343914037 0.0 0.603108002416 1.01401659161 0.667739078099 0.717499544369 181.0 251.0 255.0 -0.333333333333 -0.263637656198 -0.0467138343182 -0.161930741809 
0.0 0.595296349951 0.492572222527 1.14206616008 0.0 0.0 0.0 0.882678536262 0.0 0.199045245568 0.0 0.621140827407 197.0 251.0 255.0 -0.333333333333 -0.333333333333 -0.0230105846015 0.0563998802334 
0.549580208565 0.545372841318 0.65538906731 0.668323950825 0.0 0.0 0.0 1.16255494805 0.0 0.0 1.33939310778 0.759779807674 210.0 251.0 255.0 -0.333333333333 -0.2769334531 0.0691200461418 0.193781839309 
0.779462405534 0.372630386133 0.0 0.176343559416 0.0 1.09456784413 0.0554104326626 0.822670414696 0.0 0.548920125622 0.704647455714 0.714726607592 223.0 250.0 255.0 -0.264213287192 -0.0831516137911 0.0466627836049 -0.0823444318531 
0.173157669627 1.22902319573 0.172538859396 1.15249014292 0.357206344324 0.91364247308 1.10679206717 0.316916890468 0.577579201538 0.770160285635 0.0 0.604532147316 230.0 249.0 255.0 -0.217550503587 -0.165496045644 0.0332544321752 -0.0319421196618 
0.507386615692 0.413965206913 0.0 0.417053573883 0.0675479459855 0.0 0.482224331197 1.88661800236 0.561029080289 0.882623405998 0.66690802829 0.0 231.0 249.0 255.0 -0.184296071411 -0.197438165306 0.039186536485 0.0365014757676 
0.652826943429 0.0 0.441298988133 1.13945751129 0.656960154094 1.0928018164 0.0 1.72280667173 0.0 0.290218928492 0.0 0.686091117644 234.0 249.0 255.0 -0.145109534926 -0.160936689538 0.0272342671792 0.0693361127307 
0.0610708628326 0.576151315019 0.0 0.665629804009 0.821854457353 0.506670704522 0.0 1.21962752877 0.155728701138 1.2490920358 0.4529332632 0.322086501104 235.0 249.0 255.0 -0.117875267747 -0.0916005768077 0.0965942905856 0.0581138273771 
0.63041912152 0.0 0.0 0.392123874127 0.120417762092 0.153589077792 0.0720635138666 1.03914352916 0.0 0.0 0.0 0.706746686045 235.0 249.0 255.0 -0.0212809771616 -0.0334867494306 0.0297402091303 -0.0088019464955 
0.670294076589 1.07598102322 0.046629242019 1.54349536715 0.421657475367 0.194641809133 0.0 0.833091403178 0.0 0.218127198028 0.0 0.0 235.0 248.0 255.0 0.00845923196871 -0.0422886959261 -0.0741653516751 0.00276976473547 
0.0 0.270256123793 0.507235227239 1.17003735873 0.863028882627 1.08557215349 0.0 0.297894122826 0.0 0.0 0.611832681341 0.0 235.0 248.0 255.0 -0.0657061197064 -0.0395189311906 -0.0696356652328 0.142835793493 
2.04553165671 1.58550470587 1.68603405224 1.05438628048 0.760093981026 1.39590516295 0.0 0.0 0.0 0.752665439387 0.208992015952 1.58988824693 235.0 246.0 255.0 -0.135341784939 0.103316862303 0.0960279206648 0.14526615829 
1.28489132122 1.63676518767 0.0 0.0 0.0 0.0 0.0 0.0 0.0 2.38025748233 0.0 0.0 235.0 232.0 255.0 -0.0393138642743 0.248583020593 -0.0265433603994 -0.0393836448503 
0.0 0.543251106905 1.31874986404 0.136974034242 0.0 0.0 0.0 0.0 0.547579942149 0.420281329621 0.0 0.375424215775 234.0 213.0 255.0 -0.0658572246737 0.209199375743 -0.060509586329 -0.164968264024 
1.47821460865 0.588328738973 0.136317822297 0.162855559034 0.292571081268 1.08167790225 0.0 0.770065187992 0.0 0.0 0.0 0.0 235.0 200.0 255.0 -0.126366811003 0.0442311117186 0.0721357462956 -0.0242844601819 
0.58786419318 1.33863444632 0.555003337448 0.381630222378 0.0 0.177206672727 0.606664026146 0.81773533581 0.573254642622 0.239149015385 0.88115713358 0.994320720021 235.0 196.0 255.0 -0.0542310647071 0.0199466515367 -0.0149937802489 -0.0184859348319 
1.27636368737 0.381669827809 0.0 1.15009390119 0.354074371808 0.381559088092 0.0 0.286505778348 0.0 0.0 0.416305194454 0.0 235.0 194.0 255.0 -0.069224844956 0.00146071670485 -0.0697934716384 -0.0357339408893 
0.614721619445 0.0 0.0 0.22409088644 0.0 1.13416606733 0.927311157957 0.809112552875 0.0 0.0 0.112010186373 0.653557931389 235.0 199.0 255.0 -0.139018316594 -0.0342732241844 -0.152242431411 0.0654087601275 
0.557238983411 0.0 0.437291154389 0.0690826456731 0.0 0.270319377306 1.73188200603 0.910419096424 0.487767014669 0.301726784799 0.0 0.7110743428 235.0 202.0 255.0 -0.291260748006 0.0311355359431 -0.0856573903678 0.133602248759 
0.618747461065 1.01146687415 0.903888258302 0.0975957100524 0.352721394196 0.647333513407 0.821809500782 0.0 0.107581761019 1.24709995981 0.916801322904 0.821027380191 235.0 191.0 255.0 -0.333333333333 0.164737784702 -0.0127932312202 0.0555485860657 
0.0410628370768 0.812738710125 1.3168134207 0.0 0.627270304712 1.13695413663 0.0 0.0 0.0 1.26104712596 0.0 0.0 235.0 175.0 255.0 -0.333333333333 0.220286370768 0.150514648481 0.0613558828734 
0.484811984576 0.637180961451 0.0 1.13363318804 0.0 0.222663112767 0.839022860637 1.06702659105 0.965708753819 0.0583772249492 0.417254067326 0.481290502923 236.0 159.0 250.0 -0.182818684852 0.281642253641 -0.00816725193621 -0.136723462028 
0.0 0.0 0.0 0.0 0.104629239463 1.12969850191 0.0 0.0 1.36470408864 0.0 0.0 1.45754438514 236.0 149.0 242.0 -0.190985936788 0.144918791613 0.131313763982 -0.0627128771558 
0.0 0.0 0.308929119182 0.195639569267 0.0589311273305 0.0 0.0 1.18385514123 0.481522306476 0.0604866586151 0.899219838687 0.72418627048 235.0 143.0 236.0 -0.0596721728061 0.0822059144577 0.110120296078 0.0756044945068 
0.0 3.34368217212 0.0 1.12934506886 0.0 0.0470406793425 1.69765475707 0.838115893185 0.387614530659 0.0 0.0 0.710410567733 235.0 135.0 229.0 0.0504481232719 0.157810408964 -0.0751112805886 -0.0933403214089 
0.293415450418 0.0 0.0 0.0 0.230455108834 0.0 1.22457322648 0.0 0.0 0.0 0.0 0.0 235.0 129.0 223.0 -0.0246631573167 0.0644700875556 0.0380870297541 0.0674205845323 
0.0358553818522 0.0 0.218026408127 0.86335891043 0.0 0.0 0.623094440864 0.771334737888 0.157893931666 0.0 0.826794541358 0.0 233.0 124.0 218.0 0.0134238724374 0.131890672088 0.0972876449628 -0.157208433969 
0.7504351867 0.557680887247 0.947013116124 1.06112097436 0.0 1.11003098872 0.0 0.0 0.101550209558 0.380476731427 0.914815072291 0.0 231.0 122.0 220.0 0.1107115174 -0.0253177618812 0.111248258773 -0.0312609171487 
0.0 0.0 0.051179097181 0.407294362344 0.0592750098866 0.956528418757 0.0403511553281 0.0 0.0 0.0 0.353184509047 0.0 230.0 125.0 232.0 0.221959776173 -0.0565786790299 -0.141017873391 0.0106259347107 
0.621980238249 0.551983997652 3.06799362823 0.162558600108 0.0 0.266062517079 0.635334953446 0.763359657157 0.580261189966 0.142095406659 0.797417770827 0.0 230.0 135.0 238.0 0.0809419027822 -0.0459527443192 0.176869414522 0.0859698598887 
0.555565326702 0.474932785131 0.0517687547423 0.11196393354 0.417515301376 0.145786704174 0.0 0.377585577787 0.123689507061 0.760399813522 0.0 0.634588105857 230.0 138.0 240.0 0.257811317304 0.0400171155696 0.0824978406882 -0.133313315985 
0.55426413442 0.0 0.535714862648 2.62626669815 0.644422494342 0.362282575602 0.0 0.808691730598 0.600658066003 1.03524327249 0.133713309212 0.490638189386 228.0 141.0 245.0 0.333333333333 -0.0932962004158 -0.0509073809371 0.155248519919 
0.928879899686 0.681550531011 0.167450758757 1.19618569989 0.365798518557 0.0 0.217708005135 0.0 0.0 0.0554426965878 0.0 0.206832781931 216.0 152.0 249.0 0.282425952396 0.061952319503 0.0181897116664 -0.0805012115354 
0.559412303592 1.89787917444 0.0 1.20413925211 0.814135594017 0.790165171594 0.044098987617 0.0 0.491639076613 1.19601510432 0.0972471350353 0.842787645193 201.0 156.0 255.0 0.300615664063 -0.0185488920324 0.0214814431305 -0.0991952707485 
0.553376370836 0.634834969254 0.0 0.0946712191342 0.773635446403 0.169013707447 0.0 0.880134950046 0.0 0.104383978818 0.0 1.49303471127 190.0 178.0 255.0 0.322097107193 -0.117744162781 0.142788319194 -0.00266142336301 
1.0997408419 0.646214714572 0.606944270811 0.202046220814 0.0 0.252987626082 0.305411260537 0.706735614076 0.0317568357466 0.0 1.38757937216 0.0 177.0 208.0 255.0 0.333333333333 -0.120405586144 0.0513547992093 0.227519135035 
1.10801890734 0.380566669349 1.10586728723 0.156742945955 0.0866716495819 0.0 0.373503196299 0.266004312444 0.567646054536 0.0 0.93779838386 1.21063049216 163.0 219.0 255.0 0.333333333333 0.107113548891 -0.0518699246457 0.00798496067994 
0.0 0.595262584594 0.0357484920257 0.639876814668 0.854786770247 0.967937201422 0.0 0.946302613939 0.997815917631 0.194954660714 0.196406700919 1.21687164353 148.0 215.0 255.0 0.281463408688 0.115098509571 0.0184164776564 -0.000145150769675 
1.80370050909 0.628720864738 2.42438034884 0.537506083549 0.865797313251 0.154917828675 0.226448727139 1.89379609453 0.0975380303856 0.447928912001 0.669155378494 1.13801329429 141.0 225.0 251.0 0.299879886344 0.114953358801 0.0493677089402 -0.133465105287 
0.18010266577 1.08202764042 2.55341440703 1.03559941014 0.364979248566 0.0 0.0 0.845837645127 0.864621191305 0.0 0.0356271289306 0.0 133.0 237.0 247.0 0.333333333333 -0.0185117464856 -0.019268434162 0.0692756600008 
0.311071515127 1.94791466971 1.80344496634 0.777391373158 0.622664168226 0.837415768205 0.0400533707205 2.23469917677 0.0478511769321 0.25685171108 1.29105008317 0.580498950229 126.0 246.0 244.0 0.314064899171 0.0507639135152 -0.0822384603493 0.0637423877008 
1.32855891087 0.538947002774 3.39921113393 0.179276670457 0.86015528805 0.261789969364 0.0 0.0 0.0 1.15254113138 1.10678338438 0.0 124.0 249.0 240.0 0.231826438822 0.114506301216 0.0493302139227 0.0753474124818 
0.562820912307 2.54704342245 5.07675842839 0.0 0.286271818898 3.11117449932 0.0 0.828967383248 0.0599937743343 0.182221715748 2.83736102152 0.786744536959 123.0 250.0 233.0 0.281156652745 0.189853713698 0.105301702394 -0.0110347192429 
0.0 1.29548749238 6.28605628314 0.365676593715 0.636384195934 4.87190078339 0.0 3.48198820223 0.0 0.0 3.87846278299 1.45779442175 122.0 251.0 228.0 0.333333333333 0.178818994455 0.0470755286281 0.161348881655 
0.0 0.822191521209 7.53412337656 0.0 0.376097751472 4.38077333451 1.97566533741 4.69354907821 0.0 0.0 5.89263150153 0.468026891172 121.0 252.0 222.0 0.333333333333 0.333333333333 0.108973300097 0.0862100884983 
0.0 2.50129449785 9.27158176549 0.0 0.668404900053 6.05719281005 0.91365625288 6.72494190247 0.0 0.0 6.13987138676 0.0 120.0 252.0 215.0 0.333333333333 0.333333333333 0.193008964939 0.104409525868 
0.0 1.60444465636 9.62685455282 0.0 0.0781925829571 8.2522368514 0.0 8.64323038702 0.0 0.0 6.09384795416 0.585447849748 119.0 253.0 209.0 0.333333333333 0.333333333333 0.0252957285916 0.211380043289 
0.0 2.1045284599 10.4136556901 0.0 0.349533764052 9.55062798878 2.21177241094 7.88874108004 0.0 0.0 6.93369695905 0.0 118.0 253.0 205.0 0.333333333333 0.333333333333 -0.0486606124763 -0.0914676190073 
1.01203827495 1.36157294624 11.8009494579 0.0 0.0 11.1623776451 1.55451878482 8.84245298013 0.0 0.0 6.67823431659 0.0 118.0 254.0 203.0 0.284672720857 0.241865714326 0.00410102465686 0.125185751613 
0.0266844584708 0.0 10.947625923 0.0 1.34563437543 11.2340875191 1.60537039226 9.30737971244 0.0 0.0 7.99903027492 0.0 117.0 254.0 200.0 0.288773745514 0.333333333333 -0.00170620921975 0.0586969351388 
0.0 0.0 9.08132977739 0.0 0.906333964192 10.3775513118 2.92874453159 10.5564617581 0.0 0.0 6.79977361491 0.0 117.0 254.0 197.0 0.287067536294 0.333333333333 -0.0511603910059 -0.00704720159845 
0.0 0.0 10.4292580228 0.0 0.922873979622 11.1320345553 2.84287778635 8.969487358 0.0 0.0 6.94716541101 0.0 117.0 254.0 195.0 0.235907145288 0.326286131735 0.0455266562438 0.0383003582715 
0.0 0.0 9.15888078051 0.0 0.641426116658 12.4056121567 3.39974077167 10.4498086534 0.0 0.0 6.98029182905 0.0 117.0 255.0 193.0 0.281433801532 0.333333333333 -0.0624369096725 -0.131662650215 
0.0 0.0 9.32610727519 0.0 0.406956247804 11.8292082535 3.74515341379 12.0167538539 0.0 0.0 7.76341081377 0.0 117.0 255.0 191.0 0.21899689186 0.201670683118 0.0681767155183 0.00298164940827 
0.0 0.0 8.71155893111 0.0 1.39164258297 11.2931830095 4.38933299875 11.7396879289 0.0 0.0 7.43523723274 0.0 117.0 255.0 191.0 0.287173607378 0.204652332527 -0.0489144078192 0.0192855838631 
0.0 0.0 8.10846985743 0.0 0.889869435309 11.5096814318 4.86465734356 11.7223713086 0.0 0.0 7.34999240962 0.0 116.0 255.0 191.0 0.238259199559 0.22393791639 0.0376499851516 -0.207767327443 
0.0 0.0 8.70837502191 0.143483890459 1.10658022784 12.5424136216 5.17095975355 11.7545862769 0.0 0.0 6.45248914584 0.0 116.0 255.0 191.0 0.27590918471 0.0161705889469 0.0750729865459 -0.0469104997386 
0.0 0.0 8.28851040098 0.0 0.862459457192 10.7309365025 5.17603329647 11.4118429947 0.0 0.0 7.73432842768 0.0 115.0 255.0 199.0 0.333333333333 -0.0307399107918 -0.113865828059 0.116622783308 
