nrollouts: 2
# HEADER 1
0.0 0.0 0.0 0.0 0.0 0.0 0.0 0.0 0.0 0.0 0.0 0.0 230.0 247.0 255.0 0 0 -0.152495512157 0.0526927968096 
0.0 0.0 0.0 0.0 0.0 0.0 0.0 0.0 0.0 0.0 0.0 0.0 230.0 247.0 255.0 -0.152495512157 0.0526927968096 -0.101084124062 -0.033942049445 
0.0 0.0 0.0 0.0 0.0 0.0 0.0 0.0 0.0 0.0 0.0 0.0 230.0 247.0 255.0 -0.25357963622 0.0187507473646 0.0558242405291 0.10334672138 
0.0 0.0 0.0 0.0 0.0 0.0 0.0 0.0 0.0 0.0 0.0 0.0 230.0 247.0 255.0 -0.197755395691 0.122097468745 0.0184044759612 -0.0497582889722 
0.0 0.0 0.0 0.0 0.0 0.0 0.0 0.0 0.0 0.0 0.0 0.0 230.0 247.0 255.0 -0.179350919729 0.0723391797727 -0.0302551854851 0.0523728265042 
0.0 0.0 0.0 0.0 0.0 0.0 0.0 0.0 0.0 0.0 0.0 0.0 230.0 247.0 255.0 -0.209606105214 0.124712006277 0.0189661169065 0.120854977186 
0.0 0.0 0.0 0.0 0.0 0.0 0.0 0.0 0.0 0.0 0.0 0.0 230.0 247.0 255.0 -0.190639988308 0.245566983462 0.128682471013 0.0148738285317 
0.0 0.0 0.0 0.0 0.0 0.0 0.0 0.0 0.0 0.0 0.0 0.0 230.0 247.0 255.0 -0.0619575172946 0.260440811994 0.0112874993436 -0.0604625551217 
0.0 0.0 0.0 0.0 0.0 0.0 0.0 0.0 0.0 0.0 0.0 0.0 230.0 247.0 255.0 -0.050670017951 0.199978256872 -0.0461883045723 0.144280374033 
0.0 0.0 0.0 0.0 0.0 0.0 0.0 0.0 0.0 0.0 0.0 0.0 230.0 247.0 255.0 -0.0968583225233 0.333333333333 -0.0524565039398 -0.0540163597066 
0.0 0.0 0.0 0.0 0.0 0.0 0.0 0.0 0.0 0.0 0.0 0.0 230.0 247.0 255.0 -0.149314826463 0.279316973627 -0.100181860444 0.212520786464 
0.0 0.0 0.0 0.0 0.0 0.0 0.0 0.0 0.0 0.0 0.0 0.0 230.0 247.0 255.0 -0.249496686907 0.333333333333 -0.254485696802 0.0127587482056 
0.0 0.0 0.0 0.0 0.0 0.0 0.0 0.0 0.0 0.0 0.0 0.0 230.0 247.0 255.0 -0.333333333333 0.333333333333 -0.0629151774182 0.0476365061551 
0.0 0.0 0.0 0.0 0.0 0.0 0.0 0.0 0.0 0.0 0.0 0.0 230.0 247.0 255.0 -0.333333333333 0.333333333333 -0.0148511867022 -0.0544440042416 
0.0 0.0 0.0 0.0 0.0 0.0 0.0 0.0 0.0 0.0 0.0 0.0 230.0 247.0 255.0 -0.333333333333 0.278889329092 -0.0164696385258 -0.149309772771 
0.0 0.0 0.0 0.0 0.0 0.0 0.0 0.0 0.0 0.0 0.0 0.0 230.0 247.0 255.0 -0.333333333333 0.129579556321 -0.0404670025336 -0.0822951163997 
0.0 0.0 0.0 0.0 0.0 0.0 0.0 0.0 0.0 0.0 0.0 0.0 230.0 247.0 255.0 -0.333333333333 0.0472844399215 -0.041100727002 -0.0674457634555 
0.0 0.0 0.0 0.0 0.0 0.0 0.0 0.0 0.0 0.0 0.0 0.0 230.0 247.0 255.0 -0.333333333333 -0.020161323534 0.0737736052745 -0.000475597966621 
0.0 0.0 0.0 0.0 0.0 0.0 0.0 0.0 0.0 0.0 0.0 0.0 230.0 247.0 255.0 -0.259559728059 -0.0206369215006 0.0594477893418 -0.167716838557 
0.0 0.0 0.0 0.0 0.0 0.0 0.0 0.0 0.0 0.0 0.0 0.0 230.0 247.0 255.0 -0.200111938717 -0.188353760058 -0.151471699494 0.0743368916356 
0.0 0.0 0.0 0.0 0.0 0.0 0.0 0.0 0.0 0.0 0.0 0.0 230.0 247.0 255.0 -0.333333333333 -0.114016868422 0.0619036679061 -0.0856858434395 
0.0 0.0 0.0 0.0 0.0 0.0 0.0 0.0 0.0 0.0 0.0 0.0 230.0 247.0 255.0 -0.271429665427 -0.199702711862 -0.191207416369 0.0846220250007 
0.0 0.0 0.0 0.0 0.0 0.0 0.0 0.0 0.0 0.0 0.0 0.0 230.0 247.0 255.0 -0.333333333333 -0.115080686861 -0.105349315499 -0.0590891033392 
0.0 0.0 0.0 0.0 0.0 0.0 0.0 0.0 0.0 0.0 0.0 0.0 230.0 247.0 255.0 -0.333333333333 -0.1741697902 0.0672294820929 0.298256486403 
0.0 0.0 0.0 0.0 0.0 0.0 0.0 0.0 0.0 0.0 0.0 0.0 230.0 247.0 255.0 -0.26610385124 0.124086696203 -0.0101465193884 0.0707577820474 
0.0 0.0 0.0 0.0 0.0 0.0 0.0 0.0 0.0 0.0 0.0 0.0 230.0 247.0 255.0 -0.276250370629 0.19484447825 0.112818147484 0.0275113946577 
0.0 0.0 0.0 0.0 0.0 0.0 0.0 0.0 0.0 0.0 0.0 0.0 230.0 247.0 255.0 -0.163432223145 0.222355872908 -0.0436750385316 -0.101931667701 
0.0 0.0 0.0 0.0 0.0 0.0 0.0 0.0 0.0 0.0 0.0 0.0 230.0 247.0 255.0 -0.207107261677 0.120424205207 0.00901334801298 -0.100949626464 
0.0 0.0 0.0 0.0 0.0 0.0 0.0 0.0 0.0 0.0 0.0 0.0 230.0 247.0 255.0 -0.198093913664 0.0194745787426 -0.135672623925 -0.0322015574223 
0.0 0.0 0.0 0.0 0.0 0.0 0.0 0.0 0.0 0.0 0.0 0.0 230.0 247.0 255.0 -0.333333333333 -0.0127269786798 -0.163380561501 0.0953407279908 
0.0 0.0 0.0 0.0 0.0 0.0 0.0 0.0 0.0 0.0 0.0 0.0 230.0 247.0 255.0 -0.333333333333 0.0826137493111 0.100008915254 0.100726582018 
0.0 0.0 0.0 0.0 0.0 0.0 0.0 0.0 0.0 0.0 0.0 0.0 230.0 247.0 255.0 -0.233324418079 0.183340331329 -0.0642861223165 0.00820389531129 
0.0 0.0 0.0 0.0 0.0 0.0 0.0 0.0 0.0 0.0 0.0 0.0 230.0 247.0 255.0 -0.297610540396 0.191544226641 -0.00697295078314 0.175898259202 
0.0 0.0 0.0 0.0 0.0 0.0 0.0 0.0 0.0 0.0 0.0 0.0 230.0 247.0 255.0 -0.304583491179 0.333333333333 0.0468182988621 -0.117875516463 
# HEADER 2
0.0 0.0 0.0 0.0 0.0 0.0 0.0 0.0 0.0 0.0 0.0 0.0 230.0 247.0 255.0 0 0 -0.0535677924609 0.0497871107442 
0.0 0.0 0.0 0.0 0.0 0.0 0.0 0.0 0.0 0.0 0.0 0.0 230.0 247.0 255.0 -0.0535677924609 0.0497871107442 0.132640749913 -0.0734565403975 
0.0 0.0 0.0 0.0 0.0 0.0 0.0 0.0 0.0 0.0 0.0 0.0 230.0 247.0 255.0 0.0790729574517 -0.0236694296533 0.0318323791887 0.0984259661156 
0.0 0.0 0.0 0.0 0.0 0.0 0.0 0.0 0.0 0.0 0.0 0.0 230.0 247.0 255.0 0.11090533664 0.0747565364623 0.0622639215558 -0.0812658370712 
0.0 0.0 0.0 0.0 0.0 0.0 0.0 0.0 0.0 0.0 0.0 0.0 230.0 247.0 255.0 0.173169258196 -0.00650930060887 -0.0537896916411 0.12282786127 
0.0 0.0 0.0 0.0 0.0 0.0 0.0 0.0 0.0 0.0 0.0 0.0 230.0 247.0 255.0 0.119379566555 0.116318560661 0.0339782585599 0.053231810719 
0.0 0.0 0.0 0.0 0.0 0.0 0.0 0.0 0.0 0.0 0.0 0.0 230.0 247.0 255.0 0.153357825115 0.16955037138 -0.00793951943525 -0.11601599197 
0.0 0.0 0.0 0.0 0.0 0.0 0.0 0.0 0.0 0.0 0.0 0.0 230.0 247.0 255.0 0.14541830568 0.0535343794095 0.158762701429 -0.0740699076181 
0.0 0.0 0.0 0.0 0.0 0.0 0.0 0.0 0.0 0.0 0.0 0.0 230.0 247.0 255.0 0.304181007109 -0.0205355282086 0.0495719727391 -0.0118967143473 
0.0 0.0 0.0 0.0 0.0 0.0 0.0 0.0 0.0 0.0 0.0 0.0 230.0 247.0 255.0 0.333333333333 -0.0324322425559 0.0984060170577 0.0899935542538 
0.0 0.0 0.0 0.0 0.0 0.0 0.0 0.0 0.0 0.0 0.0 0.0 230.0 247.0 255.0 0.333333333333 0.0575613116979 0.00781865422616 0.134766535677 
0.0 0.0 0.0 0.0 0.0 0.0 0.0 0.0 0.0 0.0 0.0 0.0 230.0 247.0 255.0 0.333333333333 0.192327847375 -0.0360185755944 0.0171945125459 
0.0 0.0 0.0 0.0 0.0 0.0 0.0 0.0 0.0 0.0 0.0 0.0 230.0 247.0 255.0 0.297314757739 0.209522359921 -0.101308778593 0.0599439283642 
0.0 0.0 0.0 0.0 0.0 0.0 0.0 0.0 0.0 0.0 0.0 0.0 230.0 247.0 255.0 0.196005979146 0.269466288285 0.000955267807528 -0.138471187242 
0.0 0.0 0.0 0.0 0.0 0.0 0.0 0.0 0.0 0.0 0.0 0.0 230.0 247.0 255.0 0.196961246954 0.130995101044 -0.0433005098401 -0.158402782981 
0.0 0.0 0.0 0.0 0.0 0.0 0.0 0.0 0.0 0.0 0.0 0.0 230.0 247.0 255.0 0.153660737114 -0.0274076819376 -0.0560807367602 -0.0918212317283 
0.0 0.0 0.0 0.0 0.0 0.0 0.0 0.0 0.0 0.0 0.0 0.0 230.0 247.0 255.0 0.0975800003533 -0.119228913666 0.0109110442062 0.123754915059 
0.0 0.0 0.0 0.0 0.0 0.0 0.0 0.0 0.0 0.0 0.0 0.0 230.0 247.0 255.0 0.10849104456 0.00452600139298 0.114421177995 -0.12225367603 
0.0 0.0 0.0 0.0 0.0 0.0 0.0 0.0 0.0 0.0 0.0 0.0 230.0 247.0 255.0 0.222912222554 -0.117727674637 0.0738550300869 -0.069752650645 
0.0 0.0 0.0 0.0 0.0 0.0 0.0 0.0 0.0 0.0 0.0 0.0 230.0 247.0 255.0 0.296767252641 -0.187480325282 0.0870617163181 -0.0981582251387 
0.0 0.0 0.0 0.0 0.0 0.0 0.0 0.0 0.0 0.0 0.0 0.0 230.0 247.0 255.0 0.333333333333 -0.28563855042 -0.0835803689929 -0.0144498154323 
0.0 0.0 0.0 0.0 0.0 0.0 0.0 0.0 0.0 0.0 0.0 0.0 230.0 247.0 255.0 0.24975296434 -0.300088365853 0.188173598126 -0.200190621081 
0.0 0.0 0.0 0.0 0.0 0.0 0.0 0.0 0.0 0.0 0.0 0.0 230.0 247.0 255.0 0.333333333333 -0.333333333333 0.0602462090013 0.021008536791 
0.0 0.0 0.0 0.0 0.0 0.0 0.0 0.0 0.0 0.0 0.0 0.0 230.0 247.0 255.0 0.333333333333 -0.312324796542 0.0120385596843 0.0387473278922 
0.0 0.0 0.0 0.0 0.0 0.0 0.0 0.0 0.0 0.0 0.0 0.0 230.0 247.0 255.0 0.333333333333 -0.27357746865 0.123737618806 -0.172346151292 
0.0 0.0 0.0 0.0 0.0 0.0 0.0 0.0 0.0 0.0 0.0 0.0 230.0 247.0 255.0 0.333333333333 -0.333333333333 -0.112882501564 -0.194872855663 
0.0 0.0 0.0 0.0 0.0 0.0 0.0 0.0 0.0 0.0 0.0 0.0 230.0 247.0 255.0 0.220450831769 -0.333333333333 -0.0064941343982 -0.145507386117 
0.0 0.0 0.0 0.0 0.0 0.0 0.0 0.0 0.0 0.0 0.0 0.0 230.0 247.0 255.0 0.213956697371 -0.333333333333 0.0739455077662 -0.0049119667149 
0.0 0.0 0.0 0.0 0.0 0.0 0.0 0.0 0.0 0.0 0.0 0.0 230.0 247.0 255.0 0.287902205137 -0.333333333333 0.053680962949 0.00591878257001 
0.0 0.0 0.0 0.0 0.0 0.0 0.0 0.0 0.0 0.0 0.0 0.0 230.0 247.0 255.0 0.333333333333 -0.327414550763 0.118738395914 -0.0246410023583 
