nrollouts: 2
# HEADER 1
0.0 0.0 0.0 0.0 0.0 0.0 0.0 0.0 0.0 0.0 0.0 0.0 230.0 247.0 255.0 0 0 0.0304822416205 0.034244465628 
0.0 0.0 0.0 0.0 0.0 0.0 0.0 0.0 0.0 0.0 0.0 0.0 230.0 247.0 255.0 0.0304822416205 0.034244465628 -0.119442116756 -0.0810045198979 
0.0 0.0 0.0 0.0 0.0 0.0 0.0 0.0 0.0 0.0 0.0 0.0 230.0 247.0 255.0 -0.0889598751352 -0.0467600542699 0.037627692172 0.0803937858608 
0.0 0.0 0.0 0.0 0.0 0.0 0.0 0.0 0.0 0.0 0.0 0.0 230.0 247.0 255.0 -0.0513321829632 0.0336337315909 0.121134646412 -0.0933755946777 
0.0 0.0 0.0 0.0 0.0 0.0 0.0 0.0 0.0 0.0 0.0 0.0 230.0 247.0 255.0 0.0698024634484 -0.0597418630868 -0.0639686724924 0.0356433807625 
0.0 0.0 0.0 0.0 0.0 0.0 0.0 0.0 0.0 0.0 0.0 0.0 230.0 247.0 255.0 0.00583379095598 -0.0240984823244 0.022871739473 0.0762615406802 
0.0 0.0 0.0 0.0 0.0 0.0 0.0 0.0 0.0 0.0 0.0 0.0 230.0 247.0 255.0 0.0287055304289 0.0521630583558 -0.165546544582 -0.107669780908 
0.0 0.0 0.0 0.0 0.0 0.0 0.0 0.0 0.0 0.0 0.0 0.0 230.0 247.0 255.0 -0.136841014153 -0.0555067225523 -0.0510799509537 -0.0624458915531 
0.0 0.0 0.0 0.0 0.0 0.0 0.0 0.0 0.0 0.0 0.0 0.0 230.0 247.0 255.0 -0.187920965107 -0.117952614105 -0.0489409880589 0.0315617140884 
0.0 0.0 0.0 0.0 0.0 0.0 0.0 0.0 0.0 0.0 0.0 0.0 230.0 247.0 255.0 -0.236861953166 -0.0863909000171 0.0324075569034 0.236888596952 
0.0 0.0 0.0 0.0 0.0 0.0 0.0 0.0 0.0 0.0 0.0 0.0 230.0 247.0 255.0 -0.204454396262 0.150497696935 -0.0300519775769 0.056864301926 
0.0 0.0 0.0 0.0 0.0 0.0 0.0 0.0 0.0 0.0 0.0 0.0 230.0 247.0 255.0 -0.234506373839 0.207361998861 -0.0759329692099 -0.0392421924035 
0.0 0.0 0.0 0.0 0.0 0.0 0.0 0.0 0.0 0.0 0.0 0.0 230.0 247.0 255.0 -0.310439343049 0.168119806458 0.0255001991378 0.177355528686 
0.0 0.0 0.0 0.0 0.0 0.0 0.0 0.0 0.0 0.0 0.0 0.0 230.0 247.0 255.0 -0.284939143911 0.333333333333 -0.054722055331 -0.125706296605 
0.0 0.0 0.0 0.0 0.0 0.0 0.0 0.0 0.0 0.0 0.0 0.0 230.0 247.0 255.0 -0.333333333333 0.207627036729 -0.0745303360078 0.0513255862369 
0.0 0.0 0.0 0.0 0.0 0.0 0.0 0.0 0.0 0.0 0.0 0.0 230.0 247.0 255.0 -0.333333333333 0.258952622966 0.0579254793154 0.0183382300178 
0.0 0.0 0.0 0.0 0.0 0.0 0.0 0.0 0.0 0.0 0.0 0.0 230.0 247.0 255.0 -0.275407854018 0.277290852983 -0.186330790838 -0.0213384805882 
0.0 0.0 0.0 0.0 0.0 0.0 0.0 0.0 0.0 0.0 0.0 0.0 230.0 247.0 255.0 -0.333333333333 0.255952372395 -0.00225161224481 0.110340908695 
0.0 0.0 0.0 0.0 0.0 0.0 0.0 0.0 0.0 0.0 0.0 0.0 230.0 247.0 255.0 -0.333333333333 0.333333333333 -0.0926101861335 -0.218853431757 
0.0 0.0 0.0 0.0 0.0 0.0 0.0 0.0 0.0 0.0 0.0 0.0 230.0 247.0 255.0 -0.333333333333 0.114479901576 -0.0359686183082 -0.10050843829 
0.0 0.0 0.0 0.0 0.0 0.0 0.0 0.0 0.0 0.0 0.0 0.0 230.0 247.0 255.0 -0.333333333333 0.0139714632861 0.02427282633 -0.109288916462 
0.0 0.0 0.0 0.0 0.0 0.0 0.0 0.0 0.0 0.0 0.0 0.0 230.0 247.0 255.0 -0.309060507003 -0.0953174531761 -0.0614649275094 0.198458560405 
0.0 0.0 0.0 0.0 0.0 0.0 0.0 0.0 0.0 0.0 0.0 0.0 230.0 247.0 255.0 -0.333333333333 0.103141107229 -0.0507923055539 0.181950107211 
0.0 0.0 0.0 0.0 0.0 0.0 0.0 0.0 0.0 0.0 0.0 0.0 230.0 247.0 255.0 -0.333333333333 0.28509121444 -0.0028754556227 0.0393287048129 
0.0 0.0 0.0 0.0 0.0 0.0 0.0 0.0 0.0 0.0 0.0 0.0 230.0 247.0 255.0 -0.333333333333 0.324419919253 -0.28514861532 -0.0712780512227 
0.0 0.0 0.0 0.0 0.0 0.0 0.0 0.0 0.0 0.0 0.0 0.0 230.0 247.0 255.0 -0.333333333333 0.25314186803 -0.100003795422 0.028924378241 
0.0 0.0 0.0 0.0 0.0 0.0 0.0 0.0 0.0 0.0 0.0 0.0 230.0 247.0 255.0 -0.333333333333 0.282066246271 -0.0824494713742 0.0287143447405 
0.0 0.0 0.0 0.0 0.0 0.0 0.0 0.0 0.0 0.0 0.0 0.0 230.0 247.0 255.0 -0.333333333333 0.310780591012 0.316923355752 -0.117473953256 
0.0 0.0 0.0 0.0 0.0 0.0 0.0 0.0 0.0 0.0 0.0 0.0 230.0 247.0 255.0 -0.016409977581 0.193306637756 0.00934453236968 0.0503270032298 
0.0 0.0 0.0 0.0 0.0 0.0 0.0 0.0 0.0 0.0 0.0 0.0 230.0 247.0 255.0 -0.00706544521132 0.243633640985 0.071538900525 0.0712032162567 
0.0 0.0 0.0 0.0 0.0 0.0 0.0 0.0 0.0 0.0 0.0 0.0 230.0 247.0 255.0 0.0644734553136 0.314836857242 0.0260979940528 0.085291851769 
0.0 0.0 0.0 0.0 0.0 0.0 0.0 0.0 0.0 0.0 0.0 0.0 230.0 247.0 255.0 0.0905714493664 0.333333333333 -0.0397402427502 -0.0631553082976 
0.0 0.0 0.0 0.0 0.0 0.0 0.0 0.0 0.0 0.0 0.0 0.0 230.0 247.0 255.0 0.0508312066162 0.270178025036 -0.120491604921 -0.252527423828 
0.0 0.0 0.0 0.0 0.0 0.0 0.0 0.0 0.0 0.0 0.0 0.0 230.0 247.0 255.0 -0.0696603983047 0.0176506012077 -0.062182523223 0.131846812613 
0.0 0.0 0.0 0.0 0.0 0.0 0.0 0.0 0.0 0.0 0.0 0.0 230.0 247.0 255.0 -0.131842921528 0.149497413821 -0.0591298792741 0.0145377777642 
0.0 0.0 0.0 0.0 0.0 0.0 0.0 0.0 0.0 0.0 0.0 0.0 230.0 247.0 255.0 -0.190972800802 0.164035191585 0.0406656070216 0.130538424875 
0.0 0.0 0.0 0.0 0.0 0.0 0.0 0.0 0.0 0.0 0.0 0.0 230.0 247.0 255.0 -0.15030719378 0.29457361646 -0.165137420227 0.0500266516837 
0.0 0.0 0.0 0.0 0.0 0.0 0.0 0.0 0.0 0.0 0.0 0.0 230.0 247.0 255.0 -0.315444614007 0.333333333333 0.246995974642 -0.0296728659518 
0.0 0.0 0.0 0.0 0.0 0.0 0.0 0.0 0.0 0.0 0.0 0.0 230.0 247.0 255.0 -0.0684486393654 0.303660467382 0.307705402742 0.10492243821 
0.0 0.0 0.0 0.0 0.0 0.0 0.0 0.0 0.0 0.0 0.0 0.0 230.0 247.0 255.0 0.239256763376 0.333333333333 0.0630979829414 0.014362013821 
0.0 0.0 0.0 0.0 0.0 0.0 0.0 0.0 0.0 0.0 0.0 0.0 230.0 247.0 255.0 0.302354746318 0.333333333333 -0.0776850479425 -0.0285629717865 
0.0 0.0 0.0 0.0 0.0 0.0 0.0 0.0 0.0 0.0 0.0 0.0 230.0 247.0 255.0 0.224669698375 0.304770361547 0.131227861222 0.111193405224 
0.0 0.0 0.0 0.0 0.0 0.0 0.0 0.0 0.0 0.0 0.0 0.0 230.0 247.0 255.0 0.333333333333 0.333333333333 0.232470920199 0.0153035640151 
0.0 0.0 0.0 0.0 0.0 0.0 0.0 0.0 0.0 0.0 0.0 0.0 230.0 247.0 255.0 0.333333333333 0.333333333333 -0.291880522507 0.120319031507 
0.0 0.0 0.0 0.0 0.0 0.0 0.0 0.0 0.0 0.0 0.0 0.0 230.0 247.0 255.0 0.0414528108261 0.333333333333 -0.229018535486 0.0829653513939 
0.0 0.0 0.0 0.0 0.0 0.0 0.0 0.0 0.0 0.0 0.0 0.0 230.0 247.0 255.0 -0.18756572466 0.333333333333 -0.0214387558606 -0.088905911592 
0.0 0.0 0.0 0.0 0.0 0.0 0.0 0.0 0.0 0.0 0.0 0.0 230.0 247.0 255.0 -0.209004480521 0.244427421741 -0.108502695658 -0.123499000932 
0.0 0.0 0.0 0.0 0.0 0.0 0.0 0.0 0.0 0.0 0.0 0.0 230.0 247.0 255.0 -0.317507176179 0.120928420809 0.138592738636 -0.0760295442301 
0.0 0.0 0.0 0.0 0.0 0.0 0.0 0.0 0.0 0.0 0.0 0.0 230.0 247.0 255.0 -0.178914437542 0.0448988765791 -0.0397464978383 0.0264619938902 
0.0 0.0 0.0 0.0 0.0 0.0 0.0 0.0 0.0 0.0 0.0 0.0 230.0 247.0 255.0 -0.218660935381 0.0713608704693 -0.1829409872 -0.212709804964 
0.0 0.0 0.0 0.0 0.0 0.0 0.0 0.0 0.0 0.0 0.0 0.0 230.0 247.0 255.0 -0.333333333333 -0.141348934495 -0.072814805475 -0.0493527440667 
0.0 0.0 0.0 0.0 0.0 0.0 0.0 0.0 0.0 0.0 0.0 0.0 230.0 247.0 255.0 -0.333333333333 -0.190701678562 -0.0956290830476 0.132919713593 
0.0 0.0 0.0 0.0 0.0 0.0 0.0 0.0 0.0 0.0 0.0 0.0 230.0 247.0 255.0 -0.333333333333 -0.057781964968 0.0362443233084 -0.0126635403202 
0.0 0.0 0.0 0.0 0.0 0.0 0.0 0.0 0.0 0.0 0.0 0.0 230.0 247.0 255.0 -0.297089010025 -0.0704455052883 -0.0353707052638 -0.0747362940487 
0.0 0.0 0.0 0.0 0.0 0.0 0.0 0.0 0.0 0.0 0.0 0.0 230.0 247.0 255.0 -0.332459715289 -0.145181799337 0.0154400803788 0.0697905860524 
0.0 0.0 0.0 0.0 0.0 0.0 0.0 0.0 0.0 0.0 0.0 0.0 230.0 247.0 255.0 -0.31701963491 -0.0753912132846 0.137572858595 -0.00930383245413 
0.0 0.0 0.0 0.0 0.0 0.0 0.0 0.0 0.0 0.0 0.0 0.0 230.0 247.0 255.0 -0.179446776315 -0.0846950457388 -0.0107930352371 -0.0756056808029 
0.0 0.0 0.0 0.0 0.0 0.0 0.0 0.0 0.0 0.0 0.0 0.0 230.0 247.0 255.0 -0.190239811552 -0.160300726542 0.0383457775001 0.0929430880199 
0.0 0.0 0.0 0.0 0.0 0.0 0.0 0.0 0.0 0.0 0.0 0.0 230.0 247.0 255.0 -0.151894034052 -0.0673576385217 -0.000801367743379 -0.0835016164733 
0.0 0.0 0.0 0.0 0.0 0.0 0.0 0.0 0.0 0.0 0.0 0.0 230.0 247.0 255.0 -0.152695401795 -0.150859254995 -0.198926659662 0.0271568392833 
0.0 0.0 0.0 0.0 0.0 0.0 0.0 0.0 0.0 0.0 0.0 0.0 230.0 247.0 255.0 -0.333333333333 -0.123702415712 0.115909527654 0.0451276036253 
0.0 0.0 0.0 0.0 0.0 0.0 0.0 0.0 0.0 0.0 0.0 0.0 230.0 247.0 255.0 -0.217423805679 -0.0785748120864 -0.0207163454396 0.209396767713 
0.0 0.0 0.0 0.0 0.0 0.0 0.0 0.0 0.0 0.0 0.0 0.0 230.0 247.0 255.0 -0.238140151119 0.130821955626 -0.194810117651 0.00512987418564 
0.0 0.0 0.0 0.0 0.0 0.0 0.0 0.0 0.0 0.0 0.0 0.0 230.0 247.0 255.0 -0.333333333333 0.135951829812 0.167561229806 0.0269787267946 
0.0 0.0 0.0 0.0 0.0 0.0 0.0 0.0 0.0 0.0 0.0 0.0 230.0 247.0 255.0 -0.165772103527 0.162930556607 0.00907429379192 -0.0124417105478 
0.0 0.0 0.0 0.0 0.0 0.0 0.0 0.0 0.0 0.0 0.0 0.0 230.0 247.0 255.0 -0.156697809735 0.150488846059 -0.0992297251432 0.0377063365852 
0.0 0.0 0.0 0.0 0.0 0.0 0.0 0.0 0.0 0.0 0.0 0.0 230.0 247.0 255.0 -0.255927534879 0.188195182644 -0.292817542515 -0.0969688225271 
0.0 0.0 0.0 0.0 0.0 0.0 0.0 0.0 0.0 0.0 0.0 0.0 230.0 247.0 255.0 -0.333333333333 0.0912263601168 0.109075326871 0.0543725507296 
0.0 0.0 0.0 0.0 0.0 0.0 0.0 0.0 0.0 0.0 0.0 0.0 230.0 247.0 255.0 -0.224258006463 0.145598910846 -0.0602446829859 0.0911178069078 
0.0 0.0 0.0 0.0 0.0 0.0 0.0 0.0 0.0 0.0 0.0 0.0 230.0 247.0 255.0 -0.284502689448 0.236716717754 0.0989037275778 -0.231361396986 
0.0 0.0 0.0 0.0 0.0 0.0 0.0 0.0 0.0 0.0 0.0 0.0 230.0 247.0 255.0 -0.185598961871 0.00535532076844 0.0249038118111 -0.0248284285208 
0.0 0.0 0.0 0.0 0.0 0.0 0.0 0.0 0.0 0.0 0.0 0.0 230.0 247.0 255.0 -0.160695150059 -0.0194731077524 0.0104082424728 -0.0357951541055 
0.0 0.0 0.0 0.0 0.0 0.0 0.0 0.0 0.0 0.0 0.0 0.0 230.0 247.0 255.0 -0.150286907587 -0.0552682618578 0.114935642156 0.14234975228 
0.0 0.0 0.0 0.0 0.0 0.0 0.0 0.0 0.0 0.0 0.0 0.0 230.0 247.0 255.0 -0.0353512654307 0.0870814904221 -0.031531155386 -0.0325843458574 
0.0 0.0 0.0 0.0 0.0 0.0 0.0 0.0 0.0 0.0 0.0 0.0 230.0 247.0 255.0 -0.0668824208167 0.0544971445647 0.0537528661431 -0.0380252948341 
0.0 0.0 0.0 0.0 0.0 0.0 0.0 0.0 0.0 0.0 0.0 0.0 230.0 247.0 255.0 -0.0131295546736 0.0164718497306 -0.0801698133571 0.00047067123312 
0.0 0.0 0.0 0.0 0.0 0.0 0.0 0.0 0.0 0.0 0.0 0.0 230.0 247.0 255.0 -0.0932993680307 0.0169425209637 -0.0478130805563 0.0738679596403 
0.0 0.0 0.0 0.0 0.0 0.0 0.0 0.0 0.0 0.0 0.0 0.0 230.0 247.0 255.0 -0.141112448587 0.090810480604 -0.0271775261786 -0.0309133063187 
0.0 0.0 0.0 0.0 0.0 0.0 0.0 0.0 0.0 0.0 0.0 0.0 230.0 247.0 255.0 -0.168289974766 0.0598971742853 0.157268711636 0.0267874161364 
0.0 0.0 0.0 0.0 0.0 0.0 0.0 0.0 0.0 0.0 0.0 0.0 230.0 247.0 255.0 -0.0110212631297 0.0866845904217 0.0477144112878 -0.0909421638163 
0.0 0.0 0.0 0.0 0.0 0.0 0.0 0.0 0.0 0.0 0.0 0.0 230.0 247.0 255.0 0.0366931481581 -0.00425757339456 0.169547489511 -0.0122251338372 
0.0 0.0 0.0 0.0 0.0 0.0 0.0 0.0 0.0 0.0 0.0 0.0 230.0 247.0 255.0 0.206240637669 -0.0164827072318 -0.041635233969 -0.106181948025 
0.0 0.0 0.0 0.0 0.0 0.0 0.0 0.0 0.0 0.0 0.0 0.0 230.0 247.0 255.0 0.1646054037 -0.122664655257 -0.104838770024 0.0733807196425 
0.0 0.0 0.0 0.0 0.0 0.0 0.0 0.0 0.0 0.0 0.0 0.0 230.0 247.0 255.0 0.0597666336763 -0.0492839356143 0.00535507775019 0.176117199785 
0.0 0.0 0.0 0.0 0.0 0.0 0.0 0.0 0.0 0.0 0.0 0.0 230.0 247.0 255.0 0.0651217114265 0.12683326417 -0.339116684298 -0.0368232854218 
0.0 0.0 0.0 0.0 0.0 0.0 0.0 0.0 0.0 0.0 0.0 0.0 230.0 247.0 255.0 -0.273994972872 0.0900099787484 -0.0389820740912 -0.121594502694 
0.0 0.0 0.0 0.0 0.0 0.0 0.0 0.0 0.0 0.0 0.0 0.0 230.0 247.0 255.0 -0.312977046963 -0.031584523946 0.0136112042494 0.00560407615176 
0.0 0.0 0.0 0.0 0.0 0.0 0.0 0.0 0.0 0.0 0.0 0.0 230.0 247.0 255.0 -0.299365842714 -0.0259804477942 -0.0258585003826 -0.0437727703569 
0.0 0.0 0.0 0.0 0.0 0.0 0.0 0.0 0.0 0.0 0.0 0.0 230.0 247.0 255.0 -0.325224343096 -0.0697532181511 0.0550181136787 -0.0385772152477 
0.0 0.0 0.0 0.0 0.0 0.0 0.0 0.0 0.0 0.0 0.0 0.0 230.0 247.0 255.0 -0.270206229418 -0.108330433399 -0.0479617991271 0.110816299991 
0.0 0.0 0.0 0.0 0.0 0.0 0.0 0.0 0.0 0.0 0.0 0.0 230.0 247.0 255.0 -0.318168028545 0.00248586659179 0.0279502600962 -0.0159155946059 
0.0 0.0 0.0 0.0 0.0 0.0 0.0 0.0 0.0 0.0 0.0 0.0 230.0 247.0 255.0 -0.290217768448 -0.0134297280141 -0.100046376287 -0.103394707463 
0.0 0.0 0.0 0.0 0.0 0.0 0.0 0.0 0.0 0.0 0.0 0.0 230.0 247.0 255.0 -0.333333333333 -0.116824435478 0.121000894096 0.0136848489211 
0.0 0.0 0.0 0.0 0.0 0.0 0.0 0.0 0.0 0.0 0.0 0.0 230.0 247.0 255.0 -0.212332439237 -0.103139586556 -0.00410572435664 0.0352770442759 
0.0 0.0 0.0 0.0 0.0 0.0 0.0 0.0 0.0 0.0 0.0 0.0 230.0 247.0 255.0 -0.216438163594 -0.0678625422806 -0.0121297450668 0.0261074734263 
0.0 0.0 0.0 0.0 0.0 0.0 0.0 0.0 0.0 0.0 0.0 0.0 230.0 247.0 255.0 -0.228567908661 -0.0417550688543 0.158330777697 -0.074138601855 
0.0 0.0 0.0 0.0 0.0 0.0 0.0 0.0 0.0 0.0 0.0 0.0 230.0 247.0 255.0 -0.0702371309641 -0.115893670709 0.0370454440612 0.110157558654 
0.0 0.0 0.0 0.0 0.0 0.0 0.0 0.0 0.0 0.0 0.0 0.0 230.0 247.0 255.0 -0.0331916869029 -0.005736112055 -0.194319512344 -0.16928507155 
0.0 0.0 0.0 0.0 0.0 0.0 0.0 0.0 0.0 0.0 0.0 0.0 230.0 247.0 255.0 -0.227511199247 -0.175021183605 0.09289051171 0.180889083852 
0.0 0.0 0.0 0.0 0.0 0.0 0.0 0.0 0.0 0.0 0.0 0.0 230.0 247.0 255.0 -0.134620687537 0.00586790024652 -0.035563881415 0.0146188132732 
0.0 0.0 0.0 0.0 0.0 0.0 0.0 0.0 0.0 0.0 0.0 0.0 230.0 247.0 255.0 -0.170184568952 0.0204867135197 0.0612667875693 -0.0660203932534 
0.0 0.0 0.0 0.0 0.0 0.0 0.0 0.0 0.0 0.0 0.0 0.0 230.0 247.0 255.0 -0.108917781382 -0.0455336797338 -0.050247063526 0.0856125856885 
0.0 0.0 0.0 0.0 0.0 0.0 0.0 0.0 0.0 0.0 0.0 0.0 230.0 247.0 255.0 -0.159164844908 0.0400789059547 0.0213479124842 -0.223094662603 
0.0 0.0 0.0 0.0 0.0 0.0 0.0 0.0 0.0 0.0 0.0 0.0 230.0 247.0 255.0 -0.137816932424 -0.183015756648 -0.0430534204236 0.119784116304 
0.0 0.0 0.0 0.0 0.0 0.0 0.0 0.0 0.0 0.0 0.0 0.0 230.0 247.0 255.0 -0.180870352848 -0.0632316403443 0.103551712307 0.0393115571007 
0.0 0.0 0.0 0.0 0.0 0.0 0.0 0.0 0.0 0.0 0.0 0.0 230.0 247.0 255.0 -0.0773186405411 -0.0239200832435 -0.00571306433634 -0.203519621231 
0.0 0.0 0.0 0.0 0.0 0.0 0.0 0.0 0.0 0.0 0.0 0.0 230.0 247.0 255.0 -0.0830317048774 -0.227439704475 0.0217316714383 -0.226211301507 
0.0 0.0 0.0 0.0 0.0 0.0 0.0 0.0 0.0 0.0 0.0 0.0 230.0 247.0 255.0 -0.0613000334392 -0.333333333333 -0.149653109463 -0.00630745108845 
0.0 0.0 0.0 0.0 0.0 0.0 0.0 0.0 0.0 0.0 0.0 0.0 230.0 247.0 255.0 -0.210953142903 -0.333333333333 -0.0978418709728 0.0861192565148 
0.0 0.0 0.0 0.0 0.0 0.0 0.0 0.0 0.0 0.0 0.0 0.0 230.0 247.0 255.0 -0.308795013875 -0.247214076819 0.0422744892589 -0.0436717010004 
0.0 0.0 0.0 0.0 0.0 0.0 0.0 0.0 0.0 0.0 0.0 0.0 230.0 247.0 255.0 -0.266520524617 -0.290885777819 -0.196695190035 0.044361925114 
0.0 0.0 0.0 0.0 0.0 0.0 0.0 0.0 0.0 0.0 0.0 0.0 230.0 247.0 255.0 -0.333333333333 -0.246523852705 -0.266934886802 0.0895153040782 
0.0 0.0 0.0 0.0 0.0 0.0 0.0 0.0 0.0 0.0 0.0 0.0 230.0 247.0 255.0 -0.333333333333 -0.157008548627 -0.155751032819 0.133847677901 
0.0 0.0 0.0 0.0 0.0 0.0 0.0 0.0 0.0 0.0 0.0 0.0 230.0 247.0 255.0 -0.333333333333 -0.023160870726 0.0910147217238 0.116554849296 
0.0 0.0 0.0 0.0 0.0 0.0 0.0 0.0 0.0 0.0 0.0 0.0 230.0 247.0 255.0 -0.24231861161 0.0933939785703 -0.0399249821087 -0.0583802513562 
0.0 0.0 0.0 0.0 0.0 0.0 0.0 0.0 0.0 0.0 0.0 0.0 230.0 247.0 255.0 -0.282243593718 0.035013727214 -0.0563372719439 0.0641034677049 
0.0 0.0 0.0 0.0 0.0 0.0 0.0 0.0 0.0 0.0 0.0 0.0 230.0 247.0 255.0 -0.333333333333 0.099117194919 0.0798294178289 -0.283587835133 
0.0 0.0 0.0 0.0 0.0 0.0 0.0 0.0 0.0 0.0 0.0 0.0 230.0 247.0 255.0 -0.253503915504 -0.184470640214 -0.090560491995 -0.0995943367658 
0.0 0.0 0.0 0.0 0.0 0.0 0.0 0.0 0.0 0.0 0.0 0.0 230.0 247.0 255.0 -0.333333333333 -0.28406497698 -0.111519062506 0.0166546816835 
0.0 0.0 0.0 0.0 0.0 0.0 0.0 0.0 0.0 0.0 0.0 0.0 230.0 247.0 255.0 -0.333333333333 -0.267410295297 0.14067819417 0.0078558384949 
0.0 0.0 0.0 0.0 0.0 0.0 0.0 0.0 0.0 0.0 0.0 0.0 230.0 247.0 255.0 -0.192655139163 -0.259554456802 -0.0463650312951 -0.0127630873493 
0.0 0.0 0.0 0.0 0.0 0.0 0.0 0.0 0.0 0.0 0.0 0.0 230.0 247.0 255.0 -0.239020170458 -0.272317544151 0.0092119904329 0.0444573009096 
0.0 0.0 0.0 0.0 0.0 0.0 0.0 0.0 0.0 0.0 0.0 0.0 230.0 247.0 255.0 -0.229808180025 -0.227860243241 -0.0685073722312 0.114530390782 
0.0 0.0 0.0 0.0 0.0 0.0 0.0 0.0 0.0 0.0 0.0 0.0 230.0 247.0 255.0 -0.298315552257 -0.11332985246 0.059655290013 0.00534497191433 
0.0 0.0 0.0 0.0 0.0 0.0 0.0 0.0 0.0 0.0 0.0 0.0 230.0 247.0 255.0 -0.238660262244 -0.107984880545 -0.0370891709292 0.0703051246015 
0.0 0.0 0.0 0.0 0.0 0.0 0.0 0.0 0.0 0.0 0.0 0.0 230.0 247.0 255.0 -0.275749433173 -0.0376797559438 0.0234476697093 -0.00483469264157 
0.0 0.0 0.0 0.0 0.0 0.0 0.0 0.0 0.0 0.0 0.0 0.0 230.0 247.0 255.0 -0.252301763463 -0.0425144485854 0.0108102083461 0.0278678553417 
0.0 0.0 0.0 0.0 0.0 0.0 0.0 0.0 0.0 0.0 0.0 0.0 230.0 247.0 255.0 -0.241491555117 -0.0146465932437 -0.0173512804419 0.161418124788 
0.0 0.0 0.0 0.0 0.0 0.0 0.0 0.0 0.0 0.0 0.0 0.0 230.0 247.0 255.0 -0.258842835559 0.146771531544 0.026802626401 0.0430755280814 
0.0 0.0 0.0 0.0 0.0 0.0 0.0 0.0 0.0 0.0 0.0 0.0 230.0 247.0 255.0 -0.232040209158 0.189847059625 -0.0276071929511 -0.00315418488355 
0.0 0.0 0.0 0.0 0.0 0.0 0.0 0.0 0.0 0.0 0.0 0.0 230.0 247.0 255.0 -0.259647402109 0.186692874742 -0.0443821301712 0.195420331692 
0.0 0.0 0.0 0.0 0.0 0.0 0.0 0.0 0.0 0.0 0.0 0.0 230.0 247.0 255.0 -0.304029532281 0.333333333333 0.0818098576136 0.0930750479226 
0.0 0.0 0.0 0.0 0.0 0.0 0.0 0.0 0.0 0.0 0.0 0.0 230.0 247.0 255.0 -0.222219674667 0.333333333333 0.0439671433628 -0.0727662256776 
0.0 0.0 0.0 0.0 0.0 0.0 0.0 0.0 0.0 0.0 0.0 0.0 230.0 247.0 255.0 -0.178252531304 0.260567107656 0.0631090164991 0.074839173558 
0.0 0.0 0.0 0.0 0.0 0.0 0.0 0.0 0.0 0.0 0.0 0.0 230.0 247.0 255.0 -0.115143514805 0.333333333333 0.0328080709861 0.00253729967882 
0.0 0.0 0.0 0.0 0.0 0.0 0.0 0.0 0.0 0.0 0.0 0.0 230.0 247.0 255.0 -0.0823354438189 0.333333333333 -0.0769499673518 -0.284290315794 
0.0 0.0 0.0 0.0 0.0 0.0 0.0 0.0 0.0 0.0 0.0 0.0 230.0 247.0 255.0 -0.159285411171 0.0490430175392 -0.0683906231905 -0.0192351117067 
0.0 0.0 0.0 0.0 0.0 0.0 0.0 0.0 0.0 0.0 0.0 0.0 230.0 247.0 255.0 -0.227676034361 0.0298079058325 0.139868960372 0.0229447287925 
0.0 0.0 0.0 0.0 0.0 0.0 0.0 0.0 0.0 0.0 0.0 0.0 230.0 247.0 255.0 -0.0878070739888 0.052752634625 -0.128196418247 -0.0350204872823 
0.0 0.0 0.0 0.0 0.0 0.0 0.0 0.0 0.0 0.0 0.0 0.0 230.0 247.0 255.0 -0.216003492236 0.0177321473428 -0.163712403277 -0.0429655915989 
0.0 0.0 0.0 0.0 0.0 0.0 0.0 0.0 0.0 0.0 0.0 0.0 230.0 247.0 255.0 -0.333333333333 -0.0252334442562 0.224747450154 -0.162629933188 
0.0 0.0 0.0 0.0 0.0 0.0 0.0 0.0 0.0 0.0 0.0 0.0 230.0 247.0 255.0 -0.108585883179 -0.187863377444 -0.00550233861157 -0.0482662010736 
0.0 0.0 0.0 0.0 0.0 0.0 0.0 0.0 0.0 0.0 0.0 0.0 230.0 247.0 255.0 -0.114088221791 -0.236129578518 -0.0325245951291 -0.0474468083834 
0.0 0.0 0.0 0.0 0.0 0.0 0.0 0.0 0.0 0.0 0.0 0.0 230.0 247.0 255.0 -0.14661281692 -0.283576386901 -0.123997159221 -0.0749810330012 
0.0 0.0 0.0 0.0 0.0 0.0 0.0 0.0 0.0 0.0 0.0 0.0 230.0 247.0 255.0 -0.270609976141 -0.333333333333 -0.0976401449466 -0.0917075223597 
0.0 0.0 0.0 0.0 0.0 0.0 0.0 0.0 0.0 0.0 0.0 0.0 230.0 247.0 255.0 -0.333333333333 -0.333333333333 -0.0914780111675 0.122743014213 
0.0 0.0 0.0 0.0 0.0 0.0 0.0 0.0 0.0 0.0 0.0 0.0 230.0 247.0 255.0 -0.333333333333 -0.210590319121 -0.0657715545146 -0.128162761937 
0.0 0.0 0.0 0.0 0.0 0.0 0.0 0.0 0.0 0.0 0.0 0.0 230.0 247.0 255.0 -0.333333333333 -0.333333333333 0.0417512218168 0.0297763834005 
0.0 0.0 0.0 0.0 0.0 0.0 0.0 0.0 0.0 0.0 0.0 0.0 230.0 247.0 255.0 -0.291582111517 -0.303556949933 -0.145343387687 0.132600634473 
0.0 0.0 0.0 0.0 0.0 0.0 0.0 0.0 0.0 0.0 0.0 0.0 230.0 247.0 255.0 -0.333333333333 -0.17095631546 0.184427660679 -0.123907586335 
# HEADER 2
0.0 0.0 0.0 0.0 0.0 0.0 0.0 0.0 0.0 0.0 0.0 0.0 230.0 247.0 255.0 0 0 -0.0322794006796 0.0593896353485 
0.0 0.0 0.0 0.0 0.0 0.0 0.0 0.0 0.0 0.0 0.0 0.0 230.0 247.0 255.0 -0.0322794006796 0.0593896353485 0.00510176743509 -0.00303713256005 
0.0 0.0 0.0 0.0 0.0 0.0 0.0 0.0 0.0 0.0 0.0 0.0 230.0 247.0 255.0 -0.0271776332445 0.0563525027885 -0.0229614899127 -0.0638430912414 
0.0 0.0 0.0 0.0 0.0 0.0 0.0 0.0 0.0 0.0 0.0 0.0 230.0 247.0 255.0 -0.0501391231572 -0.00749058845296 -0.0985699136806 -0.126035494641 
0.0 0.0 0.0 0.0 0.0 0.0 0.0 0.0 0.0 0.0 0.0 0.0 230.0 247.0 255.0 -0.148709036838 -0.133526083094 -0.159251239851 0.0625941512703 
0.0 0.0 0.0 0.0 0.0 0.0 0.0 0.0 0.0 0.0 0.0 0.0 230.0 247.0 255.0 -0.307960276689 -0.0709319318234 0.10839873086 0.0170771386849 
0.0 0.0 0.0 0.0 0.0 0.0 0.0 0.0 0.0 0.0 0.0 0.0 230.0 247.0 255.0 -0.199561545828 -0.0538547931384 0.0127571459892 -0.0381383315071 
0.0 0.0 0.0 0.0 0.0 0.0 0.0 0.0 0.0 0.0 0.0 0.0 230.0 247.0 255.0 -0.186804399839 -0.0919931246455 0.015305329532 0.0351027655334 
0.0 0.0 0.0 0.0 0.0 0.0 0.0 0.0 0.0 0.0 0.0 0.0 230.0 247.0 255.0 -0.171499070307 -0.0568903591121 -0.140012969666 0.132380297026 
0.0 0.0 0.0 0.0 0.0 0.0 0.0 0.0 0.0 0.0 0.0 0.0 230.0 247.0 255.0 -0.311512039973 0.0754899379137 -0.136165332188 -0.00986776913572 
0.0 0.0 0.0 0.0 0.0 0.0 0.0 0.0 0.0 0.0 0.0 0.0 230.0 247.0 255.0 -0.333333333333 0.0656221687779 -0.177226646584 -0.255636695476 
0.0 0.0 0.0 0.0 0.0 0.0 0.0 0.0 0.0 0.0 0.0 0.0 230.0 247.0 255.0 -0.333333333333 -0.190014526698 -0.0466840449347 0.169474432697 
0.0 0.0 0.0 0.0 0.0 0.0 0.0 0.0 0.0 0.0 0.0 0.0 230.0 247.0 255.0 -0.333333333333 -0.0205400940011 -0.0130537282886 -0.119888082315 
0.0 0.0 0.0 0.0 0.0 0.0 0.0 0.0 0.0 0.0 0.0 0.0 230.0 247.0 255.0 -0.333333333333 -0.140428176316 0.117746886919 0.0961617331659 
0.0 0.0 0.0 0.0 0.0 0.0 0.0 0.0 0.0 0.0 0.0 0.0 230.0 247.0 255.0 -0.215586446414 -0.0442664431501 -0.0585305630912 -0.0909580310053 
0.0 0.0 0.0 0.0 0.0 0.0 0.0 0.0 0.0 0.0 0.0 0.0 230.0 247.0 255.0 -0.274117009505 -0.135224474155 -0.0442992752116 -0.0459850636167 
0.0 0.0 0.0 0.0 0.0 0.0 0.0 0.0 0.0 0.0 0.0 0.0 230.0 247.0 255.0 -0.318416284717 -0.181209537772 -0.139680186219 -0.179666429458 
0.0 0.0 0.0 0.0 0.0 0.0 0.0 0.0 0.0 0.0 0.0 0.0 230.0 247.0 255.0 -0.333333333333 -0.333333333333 0.0585233723608 0.0258099454426 
0.0 0.0 0.0 0.0 0.0 0.0 0.0 0.0 0.0 0.0 0.0 0.0 230.0 247.0 255.0 -0.274809960973 -0.307523387891 -0.149887679183 -0.17296743954 
0.0 0.0 0.0 0.0 0.0 0.0 0.0 0.0 0.0 0.0 0.0 0.0 230.0 247.0 255.0 -0.333333333333 -0.333333333333 -0.145675544079 -0.0282715017226 
0.0 0.0 0.0 0.0 0.0 0.0 0.0 0.0 0.0 0.0 0.0 0.0 230.0 247.0 255.0 -0.333333333333 -0.333333333333 -0.149039577685 0.0761032032793 
0.0 0.0 0.0 0.0 0.0 0.0 0.0 0.0 0.0 0.0 0.0 0.0 230.0 247.0 255.0 -0.333333333333 -0.257230130054 -0.0103130505317 0.0081773892046 
0.0 0.0 0.0 0.0 0.0 0.0 0.0 0.0 0.0 0.0 0.0 0.0 230.0 247.0 255.0 -0.333333333333 -0.249052740849 -0.103228457299 0.196360110872 
0.0 0.0 0.0 0.0 0.0 0.0 0.0 0.0 0.0 0.0 0.0 0.0 230.0 247.0 255.0 -0.333333333333 -0.0526926299772 0.0500491624369 0.151727360646 
0.0 0.0 0.0 0.0 0.0 0.0 0.0 0.0 0.0 0.0 0.0 0.0 230.0 247.0 255.0 -0.283284170896 0.099034730669 -0.024639486019 -0.0573278105234 
0.0 0.0 0.0 0.0 0.0 0.0 0.0 0.0 0.0 0.0 0.0 0.0 230.0 247.0 255.0 -0.307923656915 0.0417069201456 -0.0298894343148 -0.088819754089 
0.0 0.0 0.0 0.0 0.0 0.0 0.0 0.0 0.0 0.0 0.0 0.0 230.0 247.0 255.0 -0.333333333333 -0.0471128339433 0.0205215650651 0.0454346373911 
0.0 0.0 0.0 0.0 0.0 0.0 0.0 0.0 0.0 0.0 0.0 0.0 230.0 247.0 255.0 -0.312811768268 -0.00167819655223 -0.155032218669 0.209025480325 
0.0 0.0 0.0 0.0 0.0 0.0 0.0 0.0 0.0 0.0 0.0 0.0 230.0 247.0 255.0 -0.333333333333 0.207347283773 0.263826176245 -0.109466849874 
0.0 0.0 0.0 0.0 0.0 0.0 0.0 0.0 0.0 0.0 0.0 0.0 230.0 247.0 255.0 -0.0695071570887 0.0978804338986 -0.010576890816 0.0489911176003 
0.0 0.0 0.0 0.0 0.0 0.0 0.0 0.0 0.0 0.0 0.0 0.0 230.0 247.0 255.0 -0.0800840479047 0.146871551499 -0.0643599807831 0.202578899791 
0.0 0.0 0.0 0.0 0.0 0.0 0.0 0.0 0.0 0.0 0.0 0.0 230.0 247.0 255.0 -0.144444028688 0.333333333333 0.0238020319381 0.0471345862796 
0.0 0.0 0.0 0.0 0.0 0.0 0.0 0.0 0.0 0.0 0.0 0.0 230.0 247.0 255.0 -0.12064199675 0.333333333333 -0.0745416087184 -0.0305314936549 
0.0 0.0 0.0 0.0 0.0 0.0 0.0 0.0 0.0 0.0 0.0 0.0 230.0 247.0 255.0 -0.195183605468 0.302801839678 -0.0686028647084 0.0020474640598 
0.0 0.0 0.0 0.0 0.0 0.0 0.0 0.0 0.0 0.0 0.0 0.0 230.0 247.0 255.0 -0.263786470177 0.304849303738 0.00253850454169 0.15464948415 
0.0 0.0 0.0 0.0 0.0 0.0 0.0 0.0 0.0 0.0 0.0 0.0 230.0 247.0 255.0 -0.261247965635 0.333333333333 -0.0471661109035 0.12113578415 
0.0 0.0 0.0 0.0 0.0 0.0 0.0 0.0 0.0 0.0 0.0 0.0 230.0 247.0 255.0 -0.308414076538 0.333333333333 0.105489745459 -0.0102625209438 
0.0 0.0 0.0 0.0 0.0 0.0 0.0 0.0 0.0 0.0 0.0 0.0 230.0 247.0 255.0 -0.202924331079 0.32307081239 0.131738853506 0.0634225953637 
0.0 0.0 0.0 0.0 0.0 0.0 0.0 0.0 0.0 0.0 0.0 0.0 230.0 247.0 255.0 -0.0711854775734 0.333333333333 0.0402302998538 -0.01379973703 
0.0 0.0 0.0 0.0 0.0 0.0 0.0 0.0 0.0 0.0 0.0 0.0 230.0 247.0 255.0 -0.0309551777196 0.319533596303 -0.140683100581 -0.0796204249529 
0.0 0.0 0.0 0.0 0.0 0.0 0.0 0.0 0.0 0.0 0.0 0.0 230.0 247.0 255.0 -0.171638278301 0.23991317135 0.131731301707 0.144108318037 
0.0 0.0 0.0 0.0 0.0 0.0 0.0 0.0 0.0 0.0 0.0 0.0 230.0 247.0 255.0 -0.0399069765937 0.333333333333 -0.0893300151532 0.049784598669 
0.0 0.0 0.0 0.0 0.0 0.0 0.0 0.0 0.0 0.0 0.0 0.0 230.0 247.0 255.0 -0.129236991747 0.333333333333 0.152501748084 -0.116545959512 
0.0 0.0 0.0 0.0 0.0 0.0 0.0 0.0 0.0 0.0 0.0 0.0 230.0 247.0 255.0 0.0232647563371 0.216787373821 0.0169747295305 0.0229122467439 
0.0 0.0 0.0 0.0 0.0 0.0 0.0 0.0 0.0 0.0 0.0 0.0 230.0 247.0 255.0 0.0402394858676 0.239699620565 0.0119847270782 -0.103837676126 
0.0 0.0 0.0 0.0 0.0 0.0 0.0 0.0 0.0 0.0 0.0 0.0 230.0 247.0 255.0 0.0522242129458 0.135861944439 -0.0915923439247 0.0171848593002 
0.0 0.0 0.0 0.0 0.0 0.0 0.0 0.0 0.0 0.0 0.0 0.0 230.0 247.0 255.0 -0.0393681309789 0.153046803739 0.251315087741 0.100699661391 
0.0 0.0 0.0 0.0 0.0 0.0 0.0 0.0 0.0 0.0 0.0 0.0 230.0 247.0 255.0 0.211946956763 0.25374646513 0.0761786232919 -0.0865062554909 
0.0 0.0 0.0 0.0 0.0 0.0 0.0 0.0 0.0 0.0 0.0 0.0 230.0 247.0 255.0 0.288125580054 0.167240209639 0.0683277194601 0.0820072866703 
0.0 0.0 0.0 0.0 0.0 0.0 0.0 0.0 0.0 0.0 0.0 0.0 230.0 247.0 255.0 0.333333333333 0.249247496309 -0.11751466664 0.102642688052 
0.0 0.0 0.0 0.0 0.0 0.0 0.0 0.0 0.0 0.0 0.0 0.0 230.0 247.0 255.0 0.215818666694 0.333333333333 -0.153037652478 0.0385201548025 
0.0 0.0 0.0 0.0 0.0 0.0 0.0 0.0 0.0 0.0 0.0 0.0 230.0 247.0 255.0 0.062781014216 0.333333333333 0.106137916022 0.0024119799447 
0.0 0.0 0.0 0.0 0.0 0.0 0.0 0.0 0.0 0.0 0.0 0.0 230.0 247.0 255.0 0.168918930238 0.333333333333 -0.147784836481 -0.099488138992 
0.0 0.0 0.0 0.0 0.0 0.0 0.0 0.0 0.0 0.0 0.0 0.0 230.0 247.0 255.0 0.0211340937569 0.233845194341 -0.0524655002784 -0.0583482535313 
0.0 0.0 0.0 0.0 0.0 0.0 0.0 0.0 0.0 0.0 0.0 0.0 230.0 247.0 255.0 -0.0313314065214 0.17549694081 -0.125873342832 -0.104506690202 
0.0 0.0 0.0 0.0 0.0 0.0 0.0 0.0 0.0 0.0 0.0 0.0 230.0 247.0 255.0 -0.157204749353 0.0709902506082 0.0965333963576 0.18096091825 
0.0 0.0 0.0 0.0 0.0 0.0 0.0 0.0 0.0 0.0 0.0 0.0 230.0 247.0 255.0 -0.0606713529954 0.251951168858 -0.198800081855 0.1797043258 
0.0 0.0 0.0 0.0 0.0 0.0 0.0 0.0 0.0 0.0 0.0 0.0 230.0 247.0 255.0 -0.25947143485 0.333333333333 -0.015478754204 -0.303953685535 
0.0 0.0 0.0 0.0 0.0 0.0 0.0 0.0 0.0 0.0 0.0 0.0 230.0 247.0 255.0 -0.274950189054 0.0293796477979 -0.0530719500473 -0.0772236121418 
0.0 0.0 0.0 0.0 0.0 0.0 0.0 0.0 0.0 0.0 0.0 0.0 230.0 247.0 255.0 -0.328022139101 -0.0478439643439 -0.0152864154093 -0.0238773547792 
0.0 0.0 0.0 0.0 0.0 0.0 0.0 0.0 0.0 0.0 0.0 0.0 230.0 247.0 255.0 -0.333333333333 -0.0717213191231 -0.0762179144949 0.087105893944 
0.0 0.0 0.0 0.0 0.0 0.0 0.0 0.0 0.0 0.0 0.0 0.0 230.0 247.0 255.0 -0.333333333333 0.0153845748209 -0.227603507076 0.143344329031 
0.0 0.0 0.0 0.0 0.0 0.0 0.0 0.0 0.0 0.0 0.0 0.0 230.0 247.0 255.0 -0.333333333333 0.158728903852 -0.135519313961 -0.121401324535 
0.0 0.0 0.0 0.0 0.0 0.0 0.0 0.0 0.0 0.0 0.0 0.0 230.0 247.0 255.0 -0.333333333333 0.0373275793167 0.0280361697638 -0.0731139985615 
0.0 0.0 0.0 0.0 0.0 0.0 0.0 0.0 0.0 0.0 0.0 0.0 230.0 247.0 255.0 -0.30529716357 -0.0357864192447 -0.00523285544436 -0.0259116500987 
0.0 0.0 0.0 0.0 0.0 0.0 0.0 0.0 0.0 0.0 0.0 0.0 230.0 247.0 255.0 -0.310530019014 -0.0616980693434 0.0661006591476 0.00732852731841 
0.0 0.0 0.0 0.0 0.0 0.0 0.0 0.0 0.0 0.0 0.0 0.0 230.0 247.0 255.0 -0.244429359866 -0.054369542025 0.162798650639 0.0367318599522 
0.0 0.0 0.0 0.0 0.0 0.0 0.0 0.0 0.0 0.0 0.0 0.0 230.0 247.0 255.0 -0.0816307092278 -0.0176376820728 -0.10237154943 -0.0680440222895 
0.0 0.0 0.0 0.0 0.0 0.0 0.0 0.0 0.0 0.0 0.0 0.0 230.0 247.0 255.0 -0.184002258658 -0.0856817043623 0.0789028527886 -0.0364911598565 
0.0 0.0 0.0 0.0 0.0 0.0 0.0 0.0 0.0 0.0 0.0 0.0 230.0 247.0 255.0 -0.10509940587 -0.122172864219 -0.0550262638501 -0.0432194170528 
0.0 0.0 0.0 0.0 0.0 0.0 0.0 0.0 0.0 0.0 0.0 0.0 230.0 247.0 255.0 -0.16012566972 -0.165392281272 -0.0618942257745 0.0906128063079 
0.0 0.0 0.0 0.0 0.0 0.0 0.0 0.0 0.0 0.0 0.0 0.0 230.0 247.0 255.0 -0.222019895494 -0.0747794749637 -0.00184304586125 0.196794625872 
0.0 0.0 0.0 0.0 0.0 0.0 0.0 0.0 0.0 0.0 0.0 0.0 230.0 247.0 255.0 -0.223862941356 0.122015150908 -0.0422185474841 -0.102023778139 
0.0 0.0 0.0 0.0 0.0 0.0 0.0 0.0 0.0 0.0 0.0 0.0 230.0 247.0 255.0 -0.26608148884 0.0199913727686 0.00585443560032 0.10326319599 
0.0 0.0 0.0 0.0 0.0 0.0 0.0 0.0 0.0 0.0 0.0 0.0 230.0 247.0 255.0 -0.260227053239 0.123254568759 -0.135223164566 -0.193224137477 
0.0 0.0 0.0 0.0 0.0 0.0 0.0 0.0 0.0 0.0 0.0 0.0 230.0 247.0 255.0 -0.333333333333 -0.0699695687187 0.135403250319 -0.163123654922 
0.0 0.0 0.0 0.0 0.0 0.0 0.0 0.0 0.0 0.0 0.0 0.0 230.0 247.0 255.0 -0.197930083014 -0.233093223641 0.030897484981 -0.036372276093 
0.0 0.0 0.0 0.0 0.0 0.0 0.0 0.0 0.0 0.0 0.0 0.0 230.0 247.0 255.0 -0.167032598033 -0.269465499734 0.156281400881 0.00472175936216 
0.0 0.0 0.0 0.0 0.0 0.0 0.0 0.0 0.0 0.0 0.0 0.0 230.0 247.0 255.0 -0.0107511971523 -0.264743740372 0.0543886907383 -0.0787175605922 
0.0 0.0 0.0 0.0 0.0 0.0 0.0 0.0 0.0 0.0 0.0 0.0 230.0 247.0 255.0 0.0436374935861 -0.333333333333 -0.0142301610815 0.0926206317152 
0.0 0.0 0.0 0.0 0.0 0.0 0.0 0.0 0.0 0.0 0.0 0.0 230.0 247.0 255.0 0.0294073325045 -0.240712701618 -0.130883921072 0.0679784873657 
0.0 0.0 0.0 0.0 0.0 0.0 0.0 0.0 0.0 0.0 0.0 0.0 230.0 247.0 255.0 -0.101476588567 -0.172734214252 -0.0317382371687 0.000922392725886 
0.0 0.0 0.0 0.0 0.0 0.0 0.0 0.0 0.0 0.0 0.0 0.0 230.0 247.0 255.0 -0.133214825736 -0.171811821527 -0.0180455938307 -0.122799795642 
0.0 0.0 0.0 0.0 0.0 0.0 0.0 0.0 0.0 0.0 0.0 0.0 230.0 247.0 255.0 -0.151260419567 -0.294611617169 0.000102440044393 -0.0552693349251 
0.0 0.0 0.0 0.0 0.0 0.0 0.0 0.0 0.0 0.0 0.0 0.0 230.0 247.0 255.0 -0.151157979522 -0.333333333333 -0.0837319116468 -0.0469490485529 
0.0 0.0 0.0 0.0 0.0 0.0 0.0 0.0 0.0 0.0 0.0 0.0 230.0 247.0 255.0 -0.234889891169 -0.333333333333 0.0996738660045 0.024062670404 
0.0 0.0 0.0 0.0 0.0 0.0 0.0 0.0 0.0 0.0 0.0 0.0 230.0 247.0 255.0 -0.135216025165 -0.309270662929 -0.154865324252 0.0466894173004 
0.0 0.0 0.0 0.0 0.0 0.0 0.0 0.0 0.0 0.0 0.0 0.0 230.0 247.0 255.0 -0.290081349416 -0.262581245629 0.0446166189238 0.00772685879626 
0.0 0.0 0.0 0.0 0.0 0.0 0.0 0.0 0.0 0.0 0.0 0.0 230.0 247.0 255.0 -0.245464730492 -0.254854386833 -0.0155676148551 0.00748041577328 
0.0 0.0 0.0 0.0 0.0 0.0 0.0 0.0 0.0 0.0 0.0 0.0 230.0 247.0 255.0 -0.261032345348 -0.247373971059 0.0735192945448 0.105734390881 
0.0 0.0 0.0 0.0 0.0 0.0 0.0 0.0 0.0 0.0 0.0 0.0 230.0 247.0 255.0 -0.187513050803 -0.141639580178 0.0896819488577 -0.0267963194401 
0.0 0.0 0.0 0.0 0.0 0.0 0.0 0.0 0.0 0.0 0.0 0.0 230.0 247.0 255.0 -0.0978311019452 -0.168435899618 0.107312682743 -0.0161390681223 
0.0 0.0 0.0 0.0 0.0 0.0 0.0 0.0 0.0 0.0 0.0 0.0 230.0 247.0 255.0 0.00948158079792 -0.184574967741 0.0723228492696 0.117977099907 
0.0 0.0 0.0 0.0 0.0 0.0 0.0 0.0 0.0 0.0 0.0 0.0 230.0 247.0 255.0 0.0818044300675 -0.0665978678336 0.0541831017467 0.121399920709 
0.0 0.0 0.0 0.0 0.0 0.0 0.0 0.0 0.0 0.0 0.0 0.0 230.0 247.0 255.0 0.135987531814 0.0548020528749 0.101512429156 0.110831462772 
0.0 0.0 0.0 0.0 0.0 0.0 0.0 0.0 0.0 0.0 0.0 0.0 230.0 247.0 255.0 0.23749996097 0.165633515647 0.0291768669367 -0.134089016422 
0.0 0.0 0.0 0.0 0.0 0.0 0.0 0.0 0.0 0.0 0.0 0.0 230.0 247.0 255.0 0.266676827906 0.0315444992243 0.184963068294 -0.100355818041 
0.0 0.0 0.0 0.0 0.0 0.0 0.0 0.0 0.0 0.0 0.0 0.0 230.0 247.0 255.0 0.333333333333 -0.0688113188163 -0.0864115300042 0.155202046883 
0.0 0.0 0.0 0.0 0.0 0.0 0.0 0.0 0.0 0.0 0.0 0.0 230.0 247.0 255.0 0.246921803329 0.0863907280664 0.0290991674422 -0.0023255920532 
0.0 0.0 0.0 0.0 0.0 0.0 0.0 0.0 0.0 0.0 0.0 0.0 230.0 247.0 255.0 0.276020970771 0.0840651360132 0.0913446180382 0.0197512055197 
0.0 0.0 0.0 0.0 0.0 0.0 0.0 0.0 0.0 0.0 0.0 0.0 230.0 247.0 255.0 0.333333333333 0.103816341533 -0.235705580167 -0.104171911053 
0.0 0.0 0.0 0.0 0.0 0.0 0.0 0.0 0.0 0.0 0.0 0.0 230.0 247.0 255.0 0.0976277531665 -0.000355569520054 0.0832545503884 -0.0530191866413 
0.0 0.0 0.0 0.0 0.0 0.0 0.0 0.0 0.0 0.0 0.0 0.0 230.0 247.0 255.0 0.180882303555 -0.0533747561614 0.0911392924043 0.0853337747739 
0.0 0.0 0.0 0.0 0.0 0.0 0.0 0.0 0.0 0.0 0.0 0.0 230.0 247.0 255.0 0.272021595959 0.0319590186125 0.134366995606 -0.0307916844289 
0.0 0.0 0.0 0.0 0.0 0.0 0.0 0.0 0.0 0.0 0.0 0.0 230.0 247.0 255.0 0.333333333333 0.00116733418368 0.11799227985 0.0265726046019 
0.0 0.0 0.0 0.0 0.0 0.0 0.0 0.0 0.0 0.0 0.0 0.0 230.0 247.0 255.0 0.333333333333 0.0277399387856 -0.0275193633504 0.0039334763465 
0.0 0.0 0.0 0.0 0.0 0.0 0.0 0.0 0.0 0.0 0.0 0.0 230.0 247.0 255.0 0.305813969983 0.0316734151321 0.0691324224069 -0.0312106065288 
0.0 0.0 0.0 0.0 0.0 0.0 0.0 0.0 0.0 0.0 0.0 0.0 230.0 247.0 255.0 0.333333333333 0.000462808603272 -0.0109522843724 0.0716363807996 
0.0 0.0 0.0 0.0 0.0 0.0 0.0 0.0 0.0 0.0 0.0 0.0 230.0 247.0 255.0 0.322381048961 0.0720991894028 -0.0566384881638 0.00356126463016 
0.0 0.0 0.0 0.0 0.0 0.0 0.0 0.0 0.0 0.0 0.0 0.0 230.0 247.0 255.0 0.265742560797 0.075660454033 -0.0114130778966 0.0292428616464 
0.0 0.0 0.0 0.0 0.0 0.0 0.0 0.0 0.0 0.0 0.0 0.0 230.0 247.0 255.0 0.254329482901 0.104903315679 -0.0192806294511 -0.0151930117861 
0.0 0.0 0.0 0.0 0.0 0.0 0.0 0.0 0.0 0.0 0.0 0.0 230.0 247.0 255.0 0.235048853449 0.0897103038933 -0.0180513806937 -0.13384393085 
0.0 0.0 0.0 0.0 0.0 0.0 0.0 0.0 0.0 0.0 0.0 0.0 230.0 247.0 255.0 0.216997472756 -0.044133626957 -0.0321203056955 0.0479528570862 
0.0 0.0 0.0 0.0 0.0 0.0 0.0 0.0 0.0 0.0 0.0 0.0 230.0 247.0 255.0 0.18487716706 0.00381923012925 0.123269768539 -0.0582021527056 
0.0 0.0 0.0 0.0 0.0 0.0 0.0 0.0 0.0 0.0 0.0 0.0 230.0 247.0 255.0 0.3081469356 -0.0543829225764 -0.0182656853908 -0.241692852849 
0.0 0.0 0.0 0.0 0.0 0.0 0.0 0.0 0.0 0.0 0.0 0.0 230.0 247.0 255.0 0.289881250209 -0.296075775425 0.0818273777027 0.0129483264635 
0.0 0.0 0.0 0.0 0.0 0.0 0.0 0.0 0.0 0.0 0.0 0.0 230.0 247.0 255.0 0.333333333333 -0.283127448962 -0.0529394866932 -0.0381182698982 
0.0 0.0 0.0 0.0 0.0 0.0 0.0 0.0 0.0 0.0 0.0 0.0 230.0 247.0 255.0 0.28039384664 -0.32124571886 -0.00710805155811 -0.113330618218 
0.0 0.0 0.0 0.0 0.0 0.0 0.0 0.0 0.0 0.0 0.0 0.0 230.0 247.0 255.0 0.273285795082 -0.333333333333 0.0148906487637 -0.124373693606 
0.0 0.0 0.0 0.0 0.0 0.0 0.0 0.0 0.0 0.0 0.0 0.0 230.0 247.0 255.0 0.288176443846 -0.333333333333 0.00778920859096 -0.0528509381427 
0.0 0.0 0.0 0.0 0.0 0.0 0.0 0.0 0.0 0.0 0.0 0.0 230.0 247.0 255.0 0.295965652437 -0.333333333333 -0.112515049936 -0.00855793408602 
0.0 0.0 0.0 0.0 0.0 0.0 0.0 0.0 0.0 0.0 0.0 0.0 230.0 247.0 255.0 0.183450602501 -0.333333333333 -0.051280555081 0.0843637635762 
0.0 0.0 0.0 0.0 0.0 0.0 0.0 0.0 0.0 0.0 0.0 0.0 230.0 247.0 255.0 0.13217004742 -0.248969569757 -0.117885548966 0.046437934615 
0.0 0.0 0.0 0.0 0.0 0.0 0.0 0.0 0.0 0.0 0.0 0.0 230.0 247.0 255.0 0.0142844984537 -0.202531635142 -0.018491943352 0.0315666841445 
0.0 0.0 0.0 0.0 0.0 0.0 0.0 0.0 0.0 0.0 0.0 0.0 230.0 247.0 255.0 -0.00420744489836 -0.170964950998 -0.032968081725 -0.0820527387948 
0.0 0.0 0.0 0.0 0.0 0.0 0.0 0.0 0.0 0.0 0.0 0.0 230.0 247.0 255.0 -0.0371755266234 -0.253017689793 0.0116202021902 0.0558696167119 
0.0 0.0 0.0 0.0 0.0 0.0 0.0 0.0 0.0 0.0 0.0 0.0 230.0 247.0 255.0 -0.0255553244331 -0.197148073081 -0.132633438791 0.0441129081912 
0.0 0.0 0.0 0.0 0.0 0.0 0.0 0.0 0.0 0.0 0.0 0.0 230.0 247.0 255.0 -0.158188763224 -0.153035164889 0.0542044270082 0.0196026125988 
0.0 0.0 0.0 0.0 0.0 0.0 0.0 0.0 0.0 0.0 0.0 0.0 230.0 247.0 255.0 -0.103984336216 -0.133432552291 0.0842159759829 0.081328128189 
0.0 0.0 0.0 0.0 0.0 0.0 0.0 0.0 0.0 0.0 0.0 0.0 230.0 247.0 255.0 -0.0197683602331 -0.0521044241016 -0.0214294062713 -0.100734181727 
0.0 0.0 0.0 0.0 0.0 0.0 0.0 0.0 0.0 0.0 0.0 0.0 230.0 247.0 255.0 -0.0411977665045 -0.152838605829 -0.0546367141673 0.181290192903 
0.0 0.0 0.0 0.0 0.0 0.0 0.0 0.0 0.0 0.0 0.0 0.0 230.0 247.0 255.0 -0.0958344806718 0.0284515870742 -0.0479159826431 0.0241256398769 
0.0 0.0 0.0 0.0 0.0 0.0 0.0 0.0 0.0 0.0 0.0 0.0 230.0 247.0 255.0 -0.143750463315 0.0525772269511 0.0312434791627 0.0755136611714 
0.0 0.0 0.0 0.0 0.0 0.0 0.0 0.0 0.0 0.0 0.0 0.0 230.0 247.0 255.0 -0.112506984152 0.128090888122 0.0344173868326 -0.0559040739234 
0.0 0.0 0.0 0.0 0.0 0.0 0.0 0.0 0.0 0.0 0.0 0.0 230.0 247.0 255.0 -0.0780895973196 0.0721868141991 0.142697330292 0.0174571687495 
0.0 0.0 0.0 0.0 0.0 0.0 0.0 0.0 0.0 0.0 0.0 0.0 230.0 247.0 255.0 0.0646077329721 0.0896439829485 -0.100265411057 0.0685051906866 
0.0 0.0 0.0 0.0 0.0 0.0 0.0 0.0 0.0 0.0 0.0 0.0 230.0 247.0 255.0 -0.0356576780854 0.158149173635 -0.123055132953 0.0421616565898 
0.0 0.0 0.0 0.0 0.0 0.0 0.0 0.0 0.0 0.0 0.0 0.0 230.0 247.0 255.0 -0.158712811038 0.200310830225 0.0369497907626 -0.0660550747611 
0.0 0.0 0.0 0.0 0.0 0.0 0.0 0.0 0.0 0.0 0.0 0.0 230.0 247.0 255.0 -0.121763020276 0.134255755464 0.27855057985 0.160078901759 
0.0 0.0 0.0 0.0 0.0 0.0 0.0 0.0 0.0 0.0 0.0 0.0 230.0 247.0 255.0 0.156787559574 0.294334657223 0.0123168150734 0.0232392071797 
0.0 0.0 0.0 0.0 0.0 0.0 0.0 0.0 0.0 0.0 0.0 0.0 230.0 247.0 255.0 0.169104374648 0.317573864402 0.332788354776 -0.00505260605049 
0.0 0.0 0.0 0.0 0.0 0.0 0.0 0.0 0.0 0.0 0.0 0.0 230.0 247.0 255.0 0.333333333333 0.312521258352 -0.0204633849534 -0.170378918891 
0.0 0.0 0.0 0.0 0.0 0.0 0.0 0.0 0.0 0.0 0.0 0.0 230.0 247.0 255.0 0.31286994838 0.142142339461 0.0370034325025 0.00312083812984 
0.0 0.0 0.0 0.0 0.0 0.0 0.0 0.0 0.0 0.0 0.0 0.0 230.0 247.0 255.0 0.333333333333 0.145263177591 0.0922925708386 -0.0639605186698 
0.0 0.0 0.0 0.0 0.0 0.0 0.0 0.0 0.0 0.0 0.0 0.0 230.0 247.0 255.0 0.333333333333 0.0813026589207 -0.114919620414 -0.0439564592929 
0.0 0.0 0.0 0.0 0.0 0.0 0.0 0.0 0.0 0.0 0.0 0.0 230.0 247.0 255.0 0.218413712919 0.0373461996278 -0.0236031615183 -0.0184698931238 
0.0 0.0 0.0 0.0 0.0 0.0 0.0 0.0 0.0 0.0 0.0 0.0 230.0 247.0 255.0 0.194810551401 0.018876306504 -0.081536579516 0.0507197879096 
0.0 0.0 0.0 0.0 0.0 0.0 0.0 0.0 0.0 0.0 0.0 0.0 230.0 247.0 255.0 0.113273971885 0.0695960944137 0.299055657087 -0.120137872365 
0.0 0.0 0.0 0.0 0.0 0.0 0.0 0.0 0.0 0.0 0.0 0.0 230.0 247.0 255.0 0.333333333333 -0.0505417779512 0.126976684791 0.0984595828763 
0.0 0.0 0.0 0.0 0.0 0.0 0.0 0.0 0.0 0.0 0.0 0.0 230.0 247.0 255.0 0.333333333333 0.0479178049251 0.0869301853014 0.0661717589399 
