nrollouts: 2
# HEADER 1
0.0 0.0 0.0 0.0 0.0 0.0 0.0 0.0 0.0 0.0 0.0 0.0 230.0 245.0 255.0 0 0 0.0811114420143 0.0789972847646 
0.0 0.0 0.0 0.0 0.0 0.0 0.0 0.0 0.0 0.0 0.0 0.0 230.0 248.0 255.0 0.0811114420143 0.0789972847646 0.0429585840578 -0.0445349139563 
0.0 0.0 0.0 0.0 0.0 0.0 0.0 0.0 0.0 0.0 0.0 0.0 230.0 250.0 255.0 0.124070026072 0.0344623708082 -0.0480334624424 0.20805249707 
0.0 0.0 0.0 0.0 0.0 0.0 0.0 0.0 0.0 0.0 0.0 0.0 230.0 250.0 255.0 0.0760365636297 0.242514867878 -0.0787514770125 0.14777321165 
0.0 0.0 0.0 0.0 0.0 0.0 0.0 0.0 0.0 0.0 0.0 0.0 230.0 250.0 255.0 -0.00271491338281 0.333333333333 0.157877824859 0.0679952457162 
0.0 0.0 0.0 0.0 0.0 0.0 0.0 0.0 0.0 0.0 0.0 0.0 230.0 250.0 255.0 0.155162911477 0.333333333333 -0.151571046394 0.0632758449765 
0.0 0.0 0.0 0.0 0.0 0.0 0.0 0.0 0.0 0.0 0.0 0.0 230.0 250.0 255.0 0.00359186508225 0.333333333333 0.0974974432665 -0.123117944689 
0.0 0.0 0.0 0.0 0.0 0.0 0.0 0.0 0.0 0.0 0.0 0.0 230.0 250.0 255.0 0.101089308349 0.210215388644 -0.0257697387916 0.0139778033407 
0.0 0.0 0.0 0.0 0.0 0.0 0.0 0.0 0.0 0.0 0.0 0.0 230.0 250.0 255.0 0.0753195695571 0.224193191985 0.00139723674612 0.0950670382101 
0.0 0.0 0.0 0.0 0.0 0.0 0.0 0.0 0.0 0.0 0.0 0.0 230.0 250.0 255.0 0.0767168063032 0.319260230195 0.0388757512673 0.0614335185206 
0.0 0.0 0.0 0.0 0.0 0.0 0.0 0.0 0.0 0.0 0.0 0.0 230.0 249.0 255.0 0.115592557571 0.333333333333 -0.121873250384 0.0994465196589 
0.0 0.0 0.0 0.0 0.0 0.0 0.0 0.0 0.0 0.0 0.0 0.0 230.0 249.0 255.0 -0.00628069281365 0.333333333333 0.178112340736 -0.0950289382321 
0.0 0.0 0.0 0.0 0.0 0.0 0.0 0.0 0.0 0.0 0.0 0.0 230.0 249.0 255.0 0.171831647922 0.238304395101 0.0166257505164 -0.0607085896484 
0.0 0.0 0.0 0.0 0.0 0.0 0.0 0.0 0.0 0.0 0.0 0.0 230.0 249.0 255.0 0.188457398439 0.177595805453 -0.017967266531 0.130522687177 
0.0 0.0 0.0 0.0 0.0 0.0 0.0 0.0 0.0 0.0 0.0 0.0 230.0 249.0 255.0 0.170490131908 0.30811849263 0.0771445983046 -0.00480567532448 
0.0 0.0 0.0 0.0 0.0 0.0 0.0 0.0 0.0 0.0 0.0 0.0 230.0 249.0 255.0 0.247634730212 0.303312817305 0.0632726692731 0.0113605861109 
0.0 0.0 0.0 0.0 0.0 0.0 0.0 0.0 0.0 0.0 0.0 0.0 230.0 249.0 255.0 0.310907399485 0.314673403416 -0.0566952730696 -0.11791843114 
0.0 0.0 0.0 0.0 0.0 0.0 0.0 0.0 0.0 0.0 0.0 0.0 230.0 248.0 255.0 0.254212126416 0.196754972276 0.0682941920222 -0.0397724805548 
0.0 0.0 0.0 0.0 0.0 0.0 0.0 0.0 0.0 0.0 0.0 0.0 230.0 248.0 255.0 0.322506318438 0.156982491721 -0.28160497801 0.179830598245 
0.0 0.0 0.0 0.0 0.0 0.0 0.0 0.0 0.0 0.0 0.0 0.0 230.0 249.0 255.0 0.0409013404282 0.333333333333 0.0683234772326 0.0457984330485 
0.0 0.0 0.0 0.0 0.0 0.0 0.0 0.0 0.0 0.0 0.0 0.0 230.0 248.0 255.0 0.109224817661 0.333333333333 0.00484900855899 -0.116490217981 
0.0 0.0 0.0 0.0 0.0 0.0 0.0 0.0 0.0 0.0 0.0 0.0 230.0 248.0 255.0 0.11407382622 0.216843115353 0.165204610532 0.0699134629956 
0.0 0.0 0.0 0.0 0.0 0.0 0.0 0.0 0.0 0.0 0.0 0.0 230.0 249.0 255.0 0.279278436752 0.286756578348 -0.13732170311 0.0541939898285 
0.0 0.0 0.0 0.0 0.0 0.0 0.0 0.0 0.0 0.0 0.0 0.0 230.0 249.0 255.0 0.141956733642 0.333333333333 0.0356573342334 -0.0349496460831 
0.0 0.0 0.0 0.0 0.0 0.0 0.0 0.0 0.0 0.0 0.0 0.0 230.0 248.0 255.0 0.177614067876 0.29838368725 0.114318100034 0.119992697805 
0.0 0.0 0.0 0.0 0.0 0.0 0.0 0.0 0.0 0.0 0.0 0.0 230.0 248.0 255.0 0.291932167909 0.333333333333 0.0121149715325 0.12427466908 
0.0 0.0 0.0 0.0 0.0 0.0 0.0 0.0 0.0 0.0 0.0 0.0 230.0 248.0 255.0 0.304047139442 0.333333333333 0.153829764784 0.112618184098 
0.0 0.0 0.0 0.0 0.0 0.0 0.0 0.0 0.0 0.0 0.0 0.0 230.0 248.0 255.0 0.333333333333 0.333333333333 -0.200988026524 -0.21836208059 
0.0 0.0 0.0 0.0 0.0 0.0 0.0 0.0 0.0 0.0 0.0 0.0 230.0 247.0 255.0 0.13234530681 0.114971252743 -0.00250726012821 0.0778062335473 
0.0 0.0 0.0 0.0 0.0 0.0 0.0 0.0 0.0 0.0 0.0 0.0 230.0 248.0 255.0 0.129838046681 0.19277748629 -0.189610420167 0.0106442059963 
0.0 0.0 0.0 0.0 0.0 0.0 0.0 0.0 0.0 0.0 0.0 0.0 230.0 248.0 255.0 -0.0597723734856 0.203421692287 -4.4479931621e-05 -0.236316826278 
0.0 0.0 0.0 0.0 0.0 0.0 0.0 0.0 0.0 0.0 0.0 0.0 230.0 247.0 255.0 -0.0598168534172 -0.0328951339914 0.100601468162 0.00968071932708 
0.0 0.0 0.0 0.0 0.0 0.0 0.0 0.0 0.0 0.0 0.0 0.0 230.0 247.0 255.0 0.040784614745 -0.0232144146643 -0.139508498887 0.0981899269697 
0.0 0.0 0.0 0.0 0.0 0.0 0.0 0.0 0.0 0.0 0.0 0.0 230.0 247.0 255.0 -0.0987238841419 0.0749755123054 0.160832624968 0.0326259861747 
0.0 0.0 0.0 0.0 0.0 0.0 0.0 0.0 0.0 0.0 0.0 0.0 230.0 247.0 255.0 0.0621087408264 0.10760149848 0.0254448832302 -0.122049255883 
0.0 0.0 0.0 0.0 0.0 0.0 0.0 0.0 0.0 0.0 0.0 0.0 230.0 247.0 255.0 0.0875536240566 -0.0144477574025 -0.0135245467725 0.158764658815 
0.0 0.0 0.0 0.0 0.0 0.0 0.0 0.0 0.0 0.0 0.0 0.0 230.0 247.0 255.0 0.0740290772841 0.144316901412 0.0216322753699 -0.0414500095276 
0.0 0.0 0.0 0.0 0.0 0.0 0.0 0.0 0.0 0.0 0.0 0.0 230.0 247.0 255.0 0.095661352654 0.102866891884 0.169828539538 0.0222702518373 
0.0 0.0 0.0 0.0 0.0 0.0 0.0 0.0 0.0 0.0 0.0 0.0 230.0 247.0 255.0 0.265489892192 0.125137143722 0.0485197747658 -0.0336669988091 
0.0 0.0 0.0 0.0 0.0 0.0 0.0 0.0 0.0 0.0 0.0 0.0 230.0 247.0 255.0 0.314009666958 0.0914701449127 0.00324426510426 -0.0125238273548 
0.0 0.0 0.0 0.0 0.0 0.0 0.0 0.0 0.0 0.0 0.0 0.0 230.0 247.0 255.0 0.317253932063 0.0789463175579 -0.0018508793806 -0.0447429744961 
0.0 0.0 0.0 0.0 0.0 0.0 0.0 0.0 0.0 0.0 0.0 0.0 230.0 247.0 255.0 0.315403052682 0.0342033430618 0.00942591587852 0.124761853038 
0.0 0.0 0.0 0.0 0.0 0.0 0.0 0.0 0.0 0.0 0.0 0.0 230.0 247.0 255.0 0.32482896856 0.1589651961 -0.288118482667 -0.129864367348 
0.0 0.0 0.0 0.0 0.0 0.0 0.0 0.0 0.0 0.0 0.0 0.0 230.0 247.0 255.0 0.0367104858933 0.0291008287513 0.0716843149092 0.0840898976894 
0.0 0.0 0.0 0.0 0.0 0.0 0.0 0.0 0.0 0.0 0.0 0.0 230.0 248.0 255.0 0.108394800802 0.113190726441 0.0158828310528 -0.17150942981 
0.0 0.0 0.0 0.0 0.0 0.0 0.0 0.0 0.0 0.0 0.0 0.0 230.0 247.0 255.0 0.124277631855 -0.0583187033692 -0.109597568615 -0.0811170449363 
0.0 0.0 0.0 0.0 0.0 0.0 0.0 0.0 0.0 0.0 0.0 0.0 230.0 247.0 255.0 0.0146800632407 -0.139435748305 0.114477286986 -0.0218526203622 
0.0 0.0 0.0 0.0 0.0 0.0 0.0 0.0 0.0 0.0 0.0 0.0 230.0 248.0 255.0 0.129157350227 -0.161288368668 -0.187931618487 -0.191716545033 
0.0 0.0 0.0 0.0 0.0 0.0 0.0 0.0 0.0 0.0 0.0 0.0 230.0 247.0 255.0 -0.05877426826 -0.333333333333 0.055461392761 -0.110368964784 
0.0 0.0 0.0 0.0 0.0 0.0 0.0 0.0 0.0 0.0 0.0 0.0 230.0 247.0 255.0 -0.00331287549899 -0.333333333333 -0.092536882043 -0.0273349316444 
0.0 0.0 0.0 0.0 0.0 0.0 0.0 0.0 0.0 0.0 0.0 0.0 230.0 247.0 255.0 -0.095849757542 -0.333333333333 -0.137394671217 -0.0393905612874 
0.0 0.0 0.0 0.0 0.0 0.0 0.0 0.0 0.0 0.0 0.0 0.0 230.0 247.0 255.0 -0.233244428759 -0.333333333333 -0.123946734163 0.0551031523994 
0.0 0.0 0.0 0.0 0.0 0.0 0.0 0.0 0.0 0.0 0.0 0.0 230.0 247.0 255.0 -0.333333333333 -0.278230180934 -0.0687380171275 -0.0426603902675 
0.0 0.0 0.0 0.0 0.0 0.0 0.0 0.0 0.0 0.0 0.0 0.0 230.0 247.0 255.0 -0.333333333333 -0.320890571201 -0.0496481477968 -0.0852661988684 
0.0 0.0 0.0 0.0 0.0 0.0 0.0 0.0 0.0 0.0 0.0 0.0 230.0 247.0 255.0 -0.333333333333 -0.333333333333 0.0701357821045 0.0342054449878 
0.0 0.0 0.0 0.0 0.0 0.0 0.0 0.0 0.0 0.0 0.0 0.0 230.0 247.0 255.0 -0.263197551229 -0.299127888346 0.0862754243219 -0.00462366185021 
0.0 0.0 0.0 0.0 0.0 0.0 0.0 0.0 0.0 0.0 0.0 0.0 230.0 247.0 255.0 -0.176922126907 -0.303751550196 -0.0132629254651 -0.0960351674004 
0.0 0.0 0.0 0.0 0.0 0.0 0.0 0.0 0.0 0.0 0.0 0.0 230.0 247.0 255.0 -0.190185052372 -0.333333333333 -0.106016350631 -0.117902726029 
0.0 0.0 0.0 0.0 0.0 0.0 0.0 0.0 0.0 0.0 0.0 0.0 230.0 247.0 255.0 -0.296201403003 -0.333333333333 -0.10372310683 -0.00924630446967 
0.0 0.0 0.0 0.0 0.0 0.0 0.0 0.0 0.0 0.0 0.0 0.0 230.0 247.0 255.0 -0.333333333333 -0.333333333333 0.00123518300471 0.0837274460289 
0.0 0.0 0.0 0.0 0.0 0.0 0.0 0.0 0.0 0.0 0.0 0.0 230.0 247.0 255.0 -0.332098150329 -0.249605887304 0.0195290185983 -0.019741414654 
0.0 0.0 0.0 0.0 0.0 0.0 0.0 0.0 0.0 0.0 0.0 0.0 230.0 247.0 255.0 -0.31256913173 -0.269347301958 -0.0166885815136 0.175055149296 
0.0 0.0 0.0 0.0 0.0 0.0 0.0 0.0 0.0 0.0 0.0 0.0 230.0 247.0 255.0 -0.329257713244 -0.0942921526621 0.162630700903 0.0733970466173 
0.0 0.0 0.0 0.0 0.0 0.0 0.0 0.0 0.0 0.0 0.0 0.0 230.0 247.0 255.0 -0.166627012341 -0.0208951060449 -0.0776383218888 -0.159748594466 
0.0 0.0 0.0 0.0 0.0 0.0 0.0 0.0 0.0 0.0 0.0 0.0 230.0 247.0 255.0 -0.24426533423 -0.18064370051 0.095819017495 0.00191984265044 
0.0 0.0 0.0 0.0 0.0 0.0 0.0 0.0 0.0 0.0 0.0 0.0 230.0 247.0 255.0 -0.148446316735 -0.17872385786 0.0688162936932 -0.100130152835 
0.0 0.0 0.0 0.0 0.0 0.0 0.0 0.0 0.0 0.0 0.0 0.0 230.0 247.0 255.0 -0.0796300230418 -0.278854010695 -0.053799934752 0.052979043653 
0.0 0.0 0.0 0.0 0.0 0.0 0.0 0.0 0.0 0.0 0.0 0.0 230.0 247.0 255.0 -0.133429957794 -0.225874967042 0.0842361438147 0.0283107643844 
0.0 0.0 0.0 0.0 0.0 0.0 0.0 0.0 0.0 0.0 0.0 0.0 230.0 247.0 255.0 -0.0491938139791 -0.197564202658 0.180469145904 0.0853554670975 
0.0 0.0 0.0 0.0 0.0 0.0 0.0 0.0 0.0 0.0 0.0 0.0 230.0 247.0 255.0 0.131275331925 -0.11220873556 -0.01900817914 -0.00769404392657 
0.0 0.0 0.0 0.0 0.0 0.0 0.0 0.0 0.0 0.0 0.0 0.0 230.0 247.0 255.0 0.112267152785 -0.119902779487 0.069295376105 0.248939716029 
0.0 0.0 0.0 0.0 0.0 0.0 0.0 0.0 0.0 0.0 0.0 0.0 230.0 247.0 255.0 0.18156252889 0.129036936542 0.00291968814126 -0.101471061181 
0.0 0.0 0.0 0.0 0.0 0.0 0.0 0.0 0.0 0.0 0.0 0.0 230.0 247.0 255.0 0.184482217031 0.0275658753603 -0.00378924457921 -0.121956076098 
0.0 0.0 0.0 0.0 0.0 0.0 0.0 0.0 0.0 0.0 0.0 0.0 230.0 247.0 255.0 0.180692972452 -0.0943902007373 0.0130587506539 -0.100297325324 
0.0 0.0 0.0 0.0 0.0 0.0 0.0 0.0 0.0 0.0 0.0 0.0 230.0 247.0 255.0 0.193751723106 -0.194687526061 -0.00393893212871 0.062841842693 
0.0 0.0 0.0 0.0 0.0 0.0 0.0 0.0 0.0 0.0 0.0 0.0 230.0 247.0 255.0 0.189812790977 -0.131845683368 0.00621168608291 0.0679139703081 
0.0 0.0 0.0 0.0 0.0 0.0 0.0 0.0 0.0 0.0 0.0 0.0 230.0 247.0 255.0 0.19602447706 -0.0639317130599 0.0555825239612 0.0607206850901 
0.0 0.0 0.0 0.0 0.0 0.0 0.0 0.0 0.0 0.0 0.0 0.0 230.0 247.0 255.0 0.251607001021 -0.00321102796986 -0.0065776063474 -0.108417552787 
0.0 0.0 0.0 0.0 0.0 0.0 0.0 0.0 0.0 0.0 0.0 0.0 230.0 247.0 255.0 0.245029394674 -0.111628580757 0.065441858661 0.00291160025865 
0.0 0.0 0.0 0.0 0.0 0.0 0.0 0.0 0.0 0.0 0.0 0.0 230.0 247.0 255.0 0.310471253335 -0.108716980499 -0.0235826787371 0.00471873290947 
0.0 0.0 0.0 0.0 0.0 0.0 0.0 0.0 0.0 0.0 0.0 0.0 230.0 246.0 255.0 0.286888574598 -0.103998247589 -0.024410841027 0.0954492612634 
0.0 0.0 0.0 0.0 0.0 0.0 0.0 0.0 0.0 0.0 0.0 0.0 230.0 247.0 255.0 0.262477733571 -0.00854898632577 0.0424979598422 0.154106732266 
0.0 0.0 0.0 0.0 0.0 0.0 0.0 0.0 0.0 0.0 0.0 0.0 230.0 247.0 255.0 0.304975693413 0.14555774594 0.132918075164 0.059282884249 
0.0 0.0 0.0 0.0 0.0 0.0 0.0 0.0 0.0 0.0 0.0 0.0 230.0 247.0 255.0 0.333333333333 0.204840630189 -0.000729048340838 -0.0926608819861 
0.0 0.0 0.0 0.0 0.0 0.0 0.0 0.0 0.0 0.0 0.0 0.0 230.0 247.0 255.0 0.332604284992 0.112179748203 0.114112441139 0.112779298952 
0.0 0.0 0.0 0.0 0.0 0.0 0.0 0.0 0.0 0.0 0.0 0.0 230.0 247.0 255.0 0.333333333333 0.224959047155 0.0535707762583 0.121539197203 
0.0 0.0 0.0 0.0 0.0 0.0 0.0 0.0 0.0 0.0 0.0 0.0 230.0 247.0 255.0 0.333333333333 0.333333333333 0.120274992987 0.0727258244147 
0.0 0.0 0.0 0.0 0.0 0.0 0.0 0.0 0.0 0.0 0.0 0.0 230.0 247.0 255.0 0.333333333333 0.333333333333 0.105189866082 0.0518198138191 
0.0 0.0 0.0 0.0 0.0 0.0 0.0 0.0 0.0 0.0 0.0 0.0 230.0 248.0 255.0 0.333333333333 0.333333333333 -0.072704437364 0.0298663655266 
0.0 0.0 0.0 0.0 0.0 0.0 0.0 0.0 0.0 0.0 0.0 0.0 230.0 248.0 255.0 0.260628895969 0.333333333333 -0.0603225162075 -0.157316745509 
0.0 0.0 0.0 0.0 0.0 0.0 0.0 0.0 0.0 0.0 0.0 0.0 230.0 248.0 255.0 0.200306379762 0.176016587824 0.141222606948 -0.170417675869 
0.0 0.0 0.0 0.0 0.0 0.0 0.0 0.0 0.0 0.0 0.0 0.0 230.0 249.0 255.0 0.333333333333 0.00559891195464 0.0896273733159 -0.0661257181822 
0.0 0.0 0.0 0.0 0.0 0.0 0.0 0.0 0.0 0.0 0.0 0.0 231.0 251.0 255.0 0.333333333333 -0.0605268062276 0.0874708144552 0.0631091509174 
0.0 0.0 0.0 0.0 0.0 0.0 0.0 0.0 0.0 0.0 0.0 0.0 232.0 252.0 255.0 0.333333333333 0.00258234468983 -0.062745765148 -0.139548154683 
0.0 0.0 0.0 0.0 0.0 0.0 0.0 0.0 0.0 0.0 0.0 0.0 230.0 250.0 255.0 0.270587568185 -0.136965809993 -0.138542600289 -0.119039041301 
0.0 0.0 0.0 0.0 0.0 0.0 0.0 0.0 0.0 0.0 0.0 0.0 230.0 249.0 255.0 0.132044967896 -0.256004851295 0.215968545418 -0.0820497370415 
0.0 0.0 0.0 0.0 0.0 0.0 0.0 0.0 0.0 0.0 0.0 0.0 230.0 248.0 255.0 0.333333333333 -0.333333333333 -0.046345244656 0.203745979366 
0.0 0.0 0.0 0.0 0.0 0.0 0.0 0.0 0.0 0.0 0.0 0.0 230.0 249.0 255.0 0.286988088677 -0.129587353967 0.275940675552 0.0442263575534 
0.0 0.0 0.0 0.0 0.0 0.0 0.0 0.0 0.0 0.0 0.0 0.0 230.0 247.0 255.0 0.333333333333 -0.0853609964139 0.0506751987629 0.0124111245391 
0.0 0.0 0.0 0.0 0.0 0.0 0.0 0.0 0.0 0.0 0.0 0.0 230.0 247.0 255.0 0.333333333333 -0.0729498718748 -0.016268668919 -0.0188483739159 
0.0 0.0 0.0 0.0 0.0 0.0 0.0 0.0 0.0 0.0 0.0 0.0 230.0 247.0 255.0 0.317064664414 -0.0917982457907 -0.0783735652748 -0.088455242903 
0.0 0.0 0.0 0.0 0.0 0.0 0.0 0.0 0.0 0.0 0.0 0.0 230.0 250.0 255.0 0.238691099139 -0.180253488694 -0.00638199037195 0.0727521449304 
0.0 0.0 0.0 0.0 0.0 0.0 0.0 0.0 0.0 0.0 0.0 0.0 231.0 250.0 255.0 0.232309108768 -0.107501343763 -0.00906669950066 -0.122821976492 
0.0 0.0 0.0 0.0 0.0 0.0 0.0 0.0 0.0 0.0 0.0 0.0 230.0 250.0 255.0 0.223242409267 -0.230323320255 -0.0398833873791 -0.062887596349 
0.0 0.0 0.0 0.0 0.0 0.0 0.0 0.0 0.0 0.0 0.0 0.0 230.0 250.0 255.0 0.183359021888 -0.293210916604 0.0379131489281 0.0724103159046 
0.0 0.0 0.0 0.0 0.0 0.0 0.0 0.0 0.0 0.0 0.0 0.0 230.0 249.0 255.0 0.221272170816 -0.220800600699 -0.133075150799 0.163713401579 
0.0 0.0 0.0 0.0 0.0 0.0 0.0 0.0 0.0 0.0 0.0 0.0 230.0 249.0 255.0 0.0881970200173 -0.0570871991203 -0.0380156393804 0.128956362111 
0.0 0.0 0.0 0.0 0.0 0.0 0.0 0.0 0.0 0.0 0.0 0.0 230.0 249.0 255.0 0.0501813806369 0.0718691629907 0.120577849968 0.0250970049631 
0.0 0.0 0.0 0.0 0.0 0.0 0.0 0.0 0.0 0.0 0.0 0.0 230.0 246.0 255.0 0.170759230605 0.0969661679538 0.0356405438474 0.0318321191645 
0.0 0.0 0.0 0.0 0.0 0.0 0.0 0.0 0.0 0.0 0.0 0.0 230.0 245.0 255.0 0.206399774452 0.128798287118 0.0163355091793 -0.0945496760647 
0.0 0.0 0.0 0.0 0.0 0.0 0.0 0.0 0.0 0.0 0.0 0.0 230.0 247.0 255.0 0.222735283632 0.0342486110536 -0.0267467767066 0.00642699998076 
0.0 0.0 0.0 0.0 0.0 0.0 0.0 0.0 0.0 0.0 0.0 0.0 230.0 249.0 255.0 0.195988506925 0.0406756110343 0.174877480122 0.240195432924 
0.0 0.0 0.0 0.0 0.0 0.0 0.0 0.0 0.0 0.0 0.0 0.0 230.0 247.0 255.0 0.333333333333 0.280871043959 0.000857383695811 -0.0520684266738 
0.0 0.0 0.0 0.0 0.0 0.0 0.0 0.0 0.0 0.0 0.0 0.0 230.0 247.0 255.0 0.333333333333 0.228802617285 0.0229031777451 0.179481354891 
0.0 0.0 0.0 0.0 0.0 0.0 0.0 0.0 0.0 0.0 0.0 0.0 230.0 247.0 255.0 0.333333333333 0.333333333333 -0.0562142039225 -0.122548078012 
0.0 0.0 0.0 0.0 0.0 0.0 0.0 0.0 0.0 0.0 0.0 0.0 230.0 247.0 255.0 0.277119129411 0.210785255321 -0.116436870723 -0.0306599428722 
0.0 0.0 0.0 0.0 0.0 0.0 0.0 0.0 0.0 0.0 0.0 0.0 230.0 247.0 255.0 0.160682258688 0.180125312449 0.0286540920533 -0.180726973466 
0.0 0.0 0.0 0.0 0.0 0.0 0.0 0.0 0.0 0.0 0.0 0.0 230.0 247.0 255.0 0.189336350742 -0.000601661016645 0.141728418759 0.0731845815291 
0.0 0.0 0.0 0.0 0.0 0.0 0.0 0.0 0.0 0.0 0.0 0.0 230.0 247.0 255.0 0.3310647695 0.0725829205124 0.0238697627377 0.240601837106 
0.0 0.0 0.0 0.0 0.0 0.0 0.0 0.0 0.0 0.0 0.0 0.0 230.0 247.0 255.0 0.333333333333 0.313184757619 -0.0244985479588 0.0424311859612 
0.0 0.0 0.0 0.0 0.0 0.0 0.0 0.0 0.0 0.0 0.0 0.0 230.0 247.0 255.0 0.308834785375 0.333333333333 -0.00783704272102 0.136600590758 
0.0 0.0 0.0 0.0 0.0 0.0 0.0 0.0 0.0 0.0 0.0 0.0 230.0 248.0 255.0 0.300997742654 0.333333333333 0.075916552689 -0.120014298863 
0.0 0.0 0.0 0.0 0.0 0.0 0.0 0.0 0.0 0.0 0.0 0.0 230.0 248.0 255.0 0.333333333333 0.213319034471 0.00902745938298 -0.0313257942369 
0.0 0.0 0.0 0.0 0.0 0.0 0.0 0.0 0.0 0.0 0.0 0.0 230.0 247.0 255.0 0.333333333333 0.181993240234 0.0671491315718 -0.0233147034988 
0.0 0.0 0.0 0.0 0.0 0.0 0.0 0.0 0.0 0.0 0.0 0.0 230.0 247.0 255.0 0.333333333333 0.158678536735 0.140820950045 -0.260643652314 
0.0 0.0 0.0 0.0 0.0 0.0 0.0 0.0 0.0 0.0 0.0 0.0 230.0 247.0 255.0 0.333333333333 -0.101965115579 0.0119707141835 -0.0293791111571 
0.0 0.0 0.0 0.0 0.0 0.0 0.0 0.0 0.0 0.0 0.0 0.0 230.0 247.0 255.0 0.333333333333 -0.131344226736 -0.286928797534 0.250587410297 
0.0 0.0 0.0 0.0 0.0 0.0 0.0 0.0 0.0 0.0 0.0 0.0 230.0 247.0 255.0 0.0464045357988 0.11924318356 -0.192039002109 0.0279178979755 
0.0 0.0 0.0 0.0 0.0 0.0 0.0 0.0 0.0 0.0 0.0 0.0 230.0 247.0 255.0 -0.14563446631 0.147161081536 0.151544063157 -0.118618090237 
0.0 0.0 0.0 0.0 0.0 0.0 0.0 0.0 0.0 0.0 0.0 0.0 230.0 247.0 255.0 0.00590959684707 0.0285429912987 0.102954871983 0.00488535295326 
0.0 0.0 0.0 0.0 0.0 0.0 0.0 0.0 0.0 0.0 0.0 0.0 230.0 247.0 255.0 0.10886446883 0.033428344252 -0.0618776139152 -0.0832454575849 
0.0 0.0 0.0 0.0 0.0 0.0 0.0 0.0 0.0 0.0 0.0 0.0 230.0 247.0 255.0 0.0469868549149 -0.0498171133329 0.0530970017787 -0.0148229864268 
0.0 0.0 0.0 0.0 0.0 0.0 0.0 0.0 0.0 0.0 0.0 0.0 230.0 247.0 255.0 0.100083856694 -0.0646400997597 -0.0870687597642 0.0234762770487 
0.0 0.0 0.0 0.0 0.0 0.0 0.0 0.0 0.0 0.0 0.0 0.0 230.0 247.0 255.0 0.0130150969294 -0.041163822711 -0.162254373089 0.0370116738216 
0.0 0.0 0.0 0.0 0.0 0.0 0.0 0.0 0.0 0.0 0.0 0.0 230.0 247.0 255.0 -0.14923927616 -0.00415214888941 -0.0379843215439 -0.113082275734 
0.0 0.0 0.0 0.0 0.0 0.0 0.0 0.0 0.0 0.0 0.0 0.0 230.0 247.0 255.0 -0.187223597704 -0.117234424623 0.128277649154 -0.0918447039541 
0.0 0.0 0.0 0.0 0.0 0.0 0.0 0.0 0.0 0.0 0.0 0.0 230.0 247.0 255.0 -0.0589459485497 -0.209079128577 -0.104109300962 0.157717369483 
0.0 0.0 0.0 0.0 0.0 0.0 0.0 0.0 0.0 0.0 0.0 0.0 230.0 247.0 255.0 -0.163055249511 -0.051361759094 0.198626981708 -0.140885804523 
0.0 0.0 0.0 0.0 0.0 0.0 0.0 0.0 0.0 0.0 0.0 0.0 230.0 247.0 255.0 0.0355717321968 -0.192247563617 -0.0426342850405 -0.130618294981 
0.0 0.0 0.0 0.0 0.0 0.0 0.0 0.0 0.0 0.0 0.0 0.0 230.0 247.0 255.0 -0.00706255284364 -0.322865858598 0.114219604826 -0.0271664692302 
0.0 0.0 0.0 0.0 0.0 0.0 0.0 0.0 0.0 0.0 0.0 0.0 230.0 247.0 255.0 0.107157051982 -0.333333333333 -0.00907851417189 -0.0595779761633 
0.0 0.0 0.0 0.0 0.0 0.0 0.0 0.0 0.0 0.0 0.0 0.0 230.0 247.0 255.0 0.0980785378102 -0.333333333333 0.0983625092733 -0.153198336258 
0.0 0.0 0.0 0.0 0.0 0.0 0.0 0.0 0.0 0.0 0.0 0.0 230.0 247.0 255.0 0.196441047083 -0.333333333333 -0.0240018990829 0.00503743541028 
# HEADER 2
0.0 0.0 0.0 0.0 0.0 0.0 0.0 0.0 0.0 0.0 0.0 0.0 230.0 247.0 255.0 0 0 -0.00981763957263 0.0385939751013 
0.0 0.0 0.0 0.0 0.0 0.0 0.0 0.0 0.0 0.0 0.0 0.0 230.0 247.0 255.0 -0.00981763957263 0.0385939751013 0.0173275987727 0.0181180548072 
0.0 0.0 0.0 0.0 0.0 0.0 0.0 0.0 0.0 0.0 0.0 0.0 230.0 247.0 255.0 0.00750995920006 0.0567120299085 -0.0459891578136 0.0299752585413 
0.0 0.0 0.0 0.0 0.0 0.0 0.0 0.0 0.0 0.0 0.0 0.0 230.0 247.0 255.0 -0.0384791986136 0.0866872884498 0.00151314322847 -0.0348443252682 
0.0 0.0 0.0 0.0 0.0 0.0 0.0 0.0 0.0 0.0 0.0 0.0 230.0 247.0 255.0 -0.0369660553851 0.0518429631816 0.0344780448593 -0.0305271873647 
0.0 0.0 0.0 0.0 0.0 0.0 0.0 0.0 0.0 0.0 0.0 0.0 230.0 247.0 255.0 -0.00248801052576 0.0213157758169 0.156621912959 -0.080764928411 
0.0 0.0 0.0 0.0 0.0 0.0 0.0 0.0 0.0 0.0 0.0 0.0 230.0 247.0 255.0 0.154133902433 -0.0594491525941 0.041998217389 -0.0180598191165 
0.0 0.0 0.0 0.0 0.0 0.0 0.0 0.0 0.0 0.0 0.0 0.0 230.0 247.0 255.0 0.196132119822 -0.0775089717106 0.0533803511893 0.0369716674348 
0.0 0.0 0.0 0.0 0.0 0.0 0.0 0.0 0.0 0.0 0.0 0.0 230.0 246.0 255.0 0.249512471012 -0.0405373042758 0.0626056933322 0.18167412094 
0.0 0.0 0.0 0.0 0.0 0.0 0.0 0.0 0.0 0.0 0.0 0.0 230.0 247.0 255.0 0.312118164344 0.141136816665 0.0205200780488 0.0233185201519 
0.0 0.0 0.0 0.0 0.0 0.0 0.0 0.0 0.0 0.0 0.0 0.0 230.0 246.0 255.0 0.332638242393 0.164455336817 0.112301243093 -0.147973575285 
0.0 0.0 0.0 0.0 0.0 0.0 0.0 0.0 0.0 0.0 0.0 0.0 230.0 248.0 255.0 0.333333333333 0.016481761532 0.188245906511 0.0929419059909 
0.0 0.0 0.0 0.0 0.0 0.0 0.0 0.0 0.0 0.0 0.0 0.0 230.0 248.0 255.0 0.333333333333 0.109423667523 0.276427138147 0.0230148349314 
0.0 0.0 0.0 0.0 0.0 0.0 0.0 0.0 0.0 0.0 0.0 0.0 230.0 249.0 255.0 0.333333333333 0.132438502454 0.0786342572304 -0.115264007087 
0.0 0.0 0.0 0.0 0.0 0.0 0.0 0.0 0.0 0.0 0.0 0.0 230.0 249.0 255.0 0.333333333333 0.0171744953677 0.0642700722554 0.0201478898881 
0.0 0.0 0.0 0.0 0.0 0.0 0.0 0.0 0.0 0.0 0.0 0.0 230.0 249.0 255.0 0.333333333333 0.0373223852557 0.0209742515025 -0.030796566691 
0.0 0.0 0.0 0.0 0.0 0.0 0.0 0.0 0.0 0.0 0.0 0.0 230.0 249.0 255.0 0.333333333333 0.00652581856476 0.145299678089 -0.0677196486304 
0.0 0.0 0.0 0.0 0.0 0.0 0.0 0.0 0.0 0.0 0.0 0.0 230.0 246.0 255.0 0.333333333333 -0.0611938300656 -0.0815978060391 0.156364380966 
0.0 0.0 0.0 0.0 0.0 0.0 0.0 0.0 0.0 0.0 0.0 0.0 230.0 244.0 255.0 0.251735527294 0.0951705509003 -0.00452730263454 -0.111492764696 
0.0 0.0 0.0 0.0 0.0 0.0 0.0 0.0 0.0 0.0 0.0 0.0 230.0 245.0 255.0 0.24720822466 -0.0163222137959 -0.0841076310107 0.0266597874365 
0.0 0.0 0.0 0.0 0.0 0.0 0.0 0.0 0.0 0.0 0.0 0.0 230.0 246.0 255.0 0.163100593649 0.0103375736407 -0.0549416336351 -0.00387398405297 
0.0 0.0 0.0 0.0 0.0 0.0 0.0 0.0 0.0 0.0 0.0 0.0 230.0 248.0 255.0 0.108158960014 0.00646358958768 -0.0855491596908 -0.0614464211677 
0.0 0.0 0.0 0.0 0.0 0.0 0.0 0.0 0.0 0.0 0.0 0.0 230.0 248.0 255.0 0.0226098003231 -0.05498283158 -0.0314562096583 0.0818068081808 
0.0 0.0 0.0 0.0 0.0 0.0 0.0 0.0 0.0 0.0 0.0 0.0 230.0 248.0 255.0 -0.00884640933522 0.0268239766008 -0.0692442175486 -0.105755032823 
0.0 0.0 0.0 0.0 0.0 0.0 0.0 0.0 0.0 0.0 0.0 0.0 230.0 247.0 255.0 -0.0780906268838 -0.0789310562226 0.0261460328163 0.0819973206341 
0.0 0.0 0.0 0.0 0.0 0.0 0.0 0.0 0.0 0.0 0.0 0.0 230.0 247.0 255.0 -0.0519445940675 0.00306626441148 0.0225622910693 -0.00885712476396 
0.0 0.0 0.0 0.0 0.0 0.0 0.0 0.0 0.0 0.0 0.0 0.0 230.0 247.0 255.0 -0.0293823029982 -0.00579086035248 0.136437278028 -0.192592850573 
0.0 0.0 0.0 0.0 0.0 0.0 0.0 0.0 0.0 0.0 0.0 0.0 230.0 244.0 255.0 0.10705497503 -0.198383710925 -0.165636548186 -0.00630711176276 
0.0 0.0 0.0 0.0 0.0 0.0 0.0 0.0 0.0 0.0 0.0 0.0 230.0 247.0 255.0 -0.0585815731562 -0.204690822688 -0.0406986232708 -0.0256242532297 
0.0 0.0 0.0 0.0 0.0 0.0 0.0 0.0 0.0 0.0 0.0 0.0 230.0 248.0 255.0 -0.099280196427 -0.230315075918 0.0524409503383 0.0299505436023 
0.0 0.0 0.0 0.0 0.0 0.0 0.0 0.0 0.0 0.0 0.0 0.0 230.0 246.0 255.0 -0.0468392460887 -0.200364532316 0.112564146986 -0.0423200245123 
0.0 0.0 0.0 0.0 0.0 0.0 0.0 0.0 0.0 0.0 0.0 0.0 230.0 248.0 255.0 0.0657249008978 -0.242684556828 0.022541280531 0.106661590018 
0.0 0.0 0.0 0.0 0.0 0.0 0.0 0.0 0.0 0.0 0.0 0.0 230.0 245.0 255.0 0.0882661814288 -0.13602296681 0.0102784748012 -0.124137466325 
0.0 0.0 0.0 0.0 0.0 0.0 0.0 0.0 0.0 0.0 0.0 0.0 230.0 240.0 255.0 0.09854465623 -0.260160433135 -0.0654282074711 0.0683215365136 
0.0 0.0 0.0 0.0 0.0 0.0 0.0 0.0 0.0 0.0 0.0 0.0 230.0 246.0 255.0 0.0331164487589 -0.191838896622 -0.210225723551 -0.247520475604 
0.0 0.0 0.0 0.0 0.0 0.0 0.0 0.0 0.0 0.0 0.0 0.0 230.0 247.0 255.0 -0.177109274792 -0.333333333333 0.0847402676257 -0.193408652162 
0.0 0.0 0.0 0.0 0.0 0.0 0.0 0.0 0.0 0.0 0.0 0.0 230.0 247.0 255.0 -0.0923690071659 -0.333333333333 0.0819702927854 0.200687094152 
0.0 0.0 0.0 0.0 0.0 0.0 0.0 0.0 0.0 0.0 0.0 0.0 230.0 247.0 255.0 -0.0103987143805 -0.132646239182 0.109718931406 -0.130816347591 
0.0 0.0 0.0 0.0 0.0 0.0 0.0 0.0 0.0 0.0 0.0 0.0 230.0 247.0 255.0 0.0993202170256 -0.263462586773 -0.0507894715551 0.141312295465 
0.0 0.0 0.0 0.0 0.0 0.0 0.0 0.0 0.0 0.0 0.0 0.0 230.0 247.0 255.0 0.0485307454704 -0.122150291308 -0.0878376608326 0.067789321987 
0.0 0.0 0.0 0.0 0.0 0.0 0.0 0.0 0.0 0.0 0.0 0.0 230.0 247.0 255.0 -0.0393069153621 -0.0543609693213 0.00629480117818 -0.0230358354683 
0.0 0.0 0.0 0.0 0.0 0.0 0.0 0.0 0.0 0.0 0.0 0.0 230.0 247.0 255.0 -0.0330121141839 -0.0773968047896 -0.280868295013 -0.0903083980363 
0.0 0.0 0.0 0.0 0.0 0.0 0.0 0.0 0.0 0.0 0.0 0.0 230.0 247.0 255.0 -0.313880409197 -0.167705202826 0.0556984457038 0.106612938587 
0.0 0.0 0.0 0.0 0.0 0.0 0.0 0.0 0.0 0.0 0.0 0.0 230.0 247.0 255.0 -0.258181963493 -0.0610922642386 0.206564405139 0.0755091545344 
0.0 0.0 0.0 0.0 0.0 0.0 0.0 0.0 0.0 0.0 0.0 0.0 230.0 247.0 255.0 -0.0516175583536 0.0144168902958 -0.0659239447226 -0.0795465096451 
0.0 0.0 0.0 0.0 0.0 0.0 0.0 0.0 0.0 0.0 0.0 0.0 230.0 247.0 255.0 -0.117541503076 -0.0651296193493 0.0256057049952 -0.0956328676298 
0.0 0.0 0.0 0.0 0.0 0.0 0.0 0.0 0.0 0.0 0.0 0.0 230.0 247.0 255.0 -0.0919357980809 -0.160762486979 0.00113113328272 -0.0434241086019 
0.0 0.0 0.0 0.0 0.0 0.0 0.0 0.0 0.0 0.0 0.0 0.0 230.0 247.0 255.0 -0.0908046647982 -0.204186595581 -0.124424149149 0.116311652367 
0.0 0.0 0.0 0.0 0.0 0.0 0.0 0.0 0.0 0.0 0.0 0.0 230.0 247.0 255.0 -0.215228813947 -0.0878749432145 0.00649406573258 -0.134444042426 
0.0 0.0 0.0 0.0 0.0 0.0 0.0 0.0 0.0 0.0 0.0 0.0 230.0 247.0 255.0 -0.208734748214 -0.222318985641 0.0406407951348 0.0446211351602 
0.0 0.0 0.0 0.0 0.0 0.0 0.0 0.0 0.0 0.0 0.0 0.0 230.0 247.0 255.0 -0.168093953079 -0.17769785048 0.0923902766847 0.170466466244 
0.0 0.0 0.0 0.0 0.0 0.0 0.0 0.0 0.0 0.0 0.0 0.0 230.0 246.0 255.0 -0.0757036763948 -0.00723138423668 -0.0956917349323 -0.00567839434279 
0.0 0.0 0.0 0.0 0.0 0.0 0.0 0.0 0.0 0.0 0.0 0.0 230.0 246.0 255.0 -0.171395411327 -0.0129097785795 0.127345514275 0.0854001786581 
0.0 0.0 0.0 0.0 0.0 0.0 0.0 0.0 0.0 0.0 0.0 0.0 230.0 247.0 255.0 -0.0440498970521 0.0724904000786 0.0232756868505 -0.0185174045749 
0.0 0.0 0.0 0.0 0.0 0.0 0.0 0.0 0.0 0.0 0.0 0.0 230.0 247.0 255.0 -0.0207742102017 0.0539729955038 -0.072600353437 0.139358306767 
0.0 0.0 0.0 0.0 0.0 0.0 0.0 0.0 0.0 0.0 0.0 0.0 230.0 247.0 255.0 -0.0933745636387 0.19333130227 -0.118391024221 -0.0143362387715 
0.0 0.0 0.0 0.0 0.0 0.0 0.0 0.0 0.0 0.0 0.0 0.0 230.0 247.0 255.0 -0.21176558786 0.178995063499 -0.125904064119 -0.144761754526 
0.0 0.0 0.0 0.0 0.0 0.0 0.0 0.0 0.0 0.0 0.0 0.0 230.0 246.0 255.0 -0.333333333333 0.0342333089729 0.169398826673 0.126928994627 
0.0 0.0 0.0 0.0 0.0 0.0 0.0 0.0 0.0 0.0 0.0 0.0 230.0 247.0 255.0 -0.163934506661 0.1611623036 -0.0607961115358 0.0168574880927 
0.0 0.0 0.0 0.0 0.0 0.0 0.0 0.0 0.0 0.0 0.0 0.0 230.0 247.0 255.0 -0.224730618197 0.178019791693 -0.00269121945074 0.106397968674 
0.0 0.0 0.0 0.0 0.0 0.0 0.0 0.0 0.0 0.0 0.0 0.0 230.0 247.0 255.0 -0.227421837647 0.284417760367 -0.0174320817972 -0.0919272004703 
0.0 0.0 0.0 0.0 0.0 0.0 0.0 0.0 0.0 0.0 0.0 0.0 230.0 247.0 255.0 -0.244853919444 0.192490559896 0.110505625312 -0.0633395980578 
0.0 0.0 0.0 0.0 0.0 0.0 0.0 0.0 0.0 0.0 0.0 0.0 230.0 247.0 255.0 -0.134348294132 0.129150961839 0.0290824406703 0.116560779662 
0.0 0.0 0.0 0.0 0.0 0.0 0.0 0.0 0.0 0.0 0.0 0.0 230.0 247.0 255.0 -0.105265853462 0.2457117415 0.0499254663152 -0.0867623532637 
0.0 0.0 0.0 0.0 0.0 0.0 0.0 0.0 0.0 0.0 0.0 0.0 230.0 247.0 255.0 -0.0553403871465 0.158949388236 -0.0348585970802 -0.0296014707658 
0.0 0.0 0.0 0.0 0.0 0.0 0.0 0.0 0.0 0.0 0.0 0.0 230.0 247.0 255.0 -0.0901989842267 0.129347917471 -0.186279040007 -0.0998255511345 
0.0 0.0 0.0 0.0 0.0 0.0 0.0 0.0 0.0 0.0 0.0 0.0 230.0 247.0 255.0 -0.276478024234 0.0295223663363 -0.0258888273596 0.124662551326 
0.0 0.0 0.0 0.0 0.0 0.0 0.0 0.0 0.0 0.0 0.0 0.0 230.0 247.0 255.0 -0.302366851594 0.154184917662 -0.0036396827951 -0.127112356137 
0.0 0.0 0.0 0.0 0.0 0.0 0.0 0.0 0.0 0.0 0.0 0.0 230.0 247.0 255.0 -0.306006534389 0.0270725615247 -0.0189195995816 0.169465009163 
0.0 0.0 0.0 0.0 0.0 0.0 0.0 0.0 0.0 0.0 0.0 0.0 230.0 247.0 255.0 -0.32492613397 0.196537570688 0.0001739685805 0.148858338324 
0.0 0.0 0.0 0.0 0.0 0.0 0.0 0.0 0.0 0.0 0.0 0.0 230.0 247.0 255.0 -0.32475216539 0.333333333333 -0.0454139876986 -0.0157167668389 
0.0 0.0 0.0 0.0 0.0 0.0 0.0 0.0 0.0 0.0 0.0 0.0 230.0 246.0 255.0 -0.333333333333 0.317616566494 0.0797269618784 -0.0295258004314 
0.0 0.0 0.0 0.0 0.0 0.0 0.0 0.0 0.0 0.0 0.0 0.0 230.0 246.0 255.0 -0.253606371455 0.288090766063 0.132861019633 -0.00974917562673 
0.0 0.0 0.0 0.0 0.0 0.0 0.0 0.0 0.0 0.0 0.0 0.0 230.0 247.0 255.0 -0.120745351822 0.278341590436 0.0279965871716 -0.168457376465 
0.0 0.0 0.0 0.0 0.0 0.0 0.0 0.0 0.0 0.0 0.0 0.0 230.0 247.0 255.0 -0.0927487646503 0.109884213971 -0.105721154604 -0.034448935635 
0.0 0.0 0.0 0.0 0.0 0.0 0.0 0.0 0.0 0.0 0.0 0.0 230.0 246.0 255.0 -0.198469919254 0.0754352783361 0.0263072490281 -0.0047033444057 
0.0 0.0 0.0 0.0 0.0 0.0 0.0 0.0 0.0 0.0 0.0 0.0 230.0 247.0 255.0 -0.172162670226 0.0707319339304 -0.00882800380845 0.0612914609024 
0.0 0.0 0.0 0.0 0.0 0.0 0.0 0.0 0.0 0.0 0.0 0.0 230.0 247.0 255.0 -0.180990674035 0.132023394833 -0.105759945664 -0.108868219392 
0.0 0.0 0.0 0.0 0.0 0.0 0.0 0.0 0.0 0.0 0.0 0.0 230.0 247.0 255.0 -0.286750619698 0.0231551754405 -0.0324204680043 -0.0452357446602 
0.0 0.0 0.0 0.0 0.0 0.0 0.0 0.0 0.0 0.0 0.0 0.0 230.0 247.0 255.0 -0.319171087703 -0.0220805692197 -0.18902476809 0.188955728147 
0.0 0.0 0.0 0.0 0.0 0.0 0.0 0.0 0.0 0.0 0.0 0.0 230.0 247.0 255.0 -0.333333333333 0.166875158927 0.0278369490449 0.000108179914297 
0.0 0.0 0.0 0.0 0.0 0.0 0.0 0.0 0.0 0.0 0.0 0.0 230.0 247.0 255.0 -0.305496384288 0.166983338841 0.0449524989745 -0.0827764369226 
0.0 0.0 0.0 0.0 0.0 0.0 0.0 0.0 0.0 0.0 0.0 0.0 230.0 247.0 255.0 -0.260543885314 0.0842069019186 0.0236161454057 0.00920855232431 
0.0 0.0 0.0 0.0 0.0 0.0 0.0 0.0 0.0 0.0 0.0 0.0 230.0 247.0 255.0 -0.236927739908 0.0934154542429 0.0771652686337 -0.164307837372 
0.0 0.0 0.0 0.0 0.0 0.0 0.0 0.0 0.0 0.0 0.0 0.0 230.0 247.0 255.0 -0.159762471275 -0.0708923831286 -0.152079279085 -0.061190794663 
0.0 0.0 0.0 0.0 0.0 0.0 0.0 0.0 0.0 0.0 0.0 0.0 230.0 247.0 255.0 -0.311841750359 -0.132083177792 -0.0489600337126 0.067581685734 
0.0 0.0 0.0 0.0 0.0 0.0 0.0 0.0 0.0 0.0 0.0 0.0 230.0 247.0 255.0 -0.333333333333 -0.0645014920576 0.179448332647 0.221187841992 
0.0 0.0 0.0 0.0 0.0 0.0 0.0 0.0 0.0 0.0 0.0 0.0 230.0 247.0 255.0 -0.153885000687 0.156686349934 -0.0232674330979 0.0287878689516 
0.0 0.0 0.0 0.0 0.0 0.0 0.0 0.0 0.0 0.0 0.0 0.0 230.0 247.0 255.0 -0.177152433785 0.185474218886 0.00808982696073 -0.0531477925989 
0.0 0.0 0.0 0.0 0.0 0.0 0.0 0.0 0.0 0.0 0.0 0.0 230.0 247.0 255.0 -0.169062606824 0.132326426287 -0.0694490178308 -0.116043692677 
0.0 0.0 0.0 0.0 0.0 0.0 0.0 0.0 0.0 0.0 0.0 0.0 230.0 247.0 255.0 -0.238511624655 0.0162827336104 0.0199686947461 -0.215063752694 
0.0 0.0 0.0 0.0 0.0 0.0 0.0 0.0 0.0 0.0 0.0 0.0 230.0 246.0 255.0 -0.218542929909 -0.198781019084 0.0698270862253 -0.149491975131 
0.0 0.0 0.0 0.0 0.0 0.0 0.0 0.0 0.0 0.0 0.0 0.0 230.0 247.0 255.0 -0.148715843683 -0.333333333333 -0.000654590843963 -0.0968982880403 
0.0 0.0 0.0 0.0 0.0 0.0 0.0 0.0 0.0 0.0 0.0 0.0 230.0 247.0 255.0 -0.149370434527 -0.333333333333 -0.0698417981386 0.0606600034162 
0.0 0.0 0.0 0.0 0.0 0.0 0.0 0.0 0.0 0.0 0.0 0.0 230.0 247.0 255.0 -0.219212232666 -0.272673329917 -0.016390600072 -0.0258279067179 
0.0 0.0 0.0 0.0 0.0 0.0 0.0 0.0 0.0 0.0 0.0 0.0 230.0 246.0 255.0 -0.235602832738 -0.298501236635 -0.089417314738 0.154743419309 
0.0 0.0 0.0 0.0 0.0 0.0 0.0 0.0 0.0 0.0 0.0 0.0 230.0 247.0 255.0 -0.325020147476 -0.143757817327 0.0871582934189 -0.118826412147 
0.0 0.0 0.0 0.0 0.0 0.0 0.0 0.0 0.0 0.0 0.0 0.0 230.0 247.0 255.0 -0.237861854057 -0.262584229473 0.285385484689 -0.122510979798 
0.0 0.0 0.0 0.0 0.0 0.0 0.0 0.0 0.0 0.0 0.0 0.0 230.0 247.0 255.0 0.0475236306324 -0.333333333333 -0.125494021679 0.0792958044697 
0.0 0.0 0.0 0.0 0.0 0.0 0.0 0.0 0.0 0.0 0.0 0.0 230.0 247.0 255.0 -0.0779703910461 -0.254037528864 0.0430082144644 -0.168685492183 
0.0 0.0 0.0 0.0 0.0 0.0 0.0 0.0 0.0 0.0 0.0 0.0 230.0 247.0 255.0 -0.0349621765817 -0.333333333333 -0.158676597053 0.0962439761896 
0.0 0.0 0.0 0.0 0.0 0.0 0.0 0.0 0.0 0.0 0.0 0.0 230.0 247.0 255.0 -0.193638773635 -0.237089357144 -0.0172030577757 0.156787186516 
0.0 0.0 0.0 0.0 0.0 0.0 0.0 0.0 0.0 0.0 0.0 0.0 230.0 247.0 255.0 -0.21084183141 -0.0803021706277 -0.0200756440362 -0.204051781974 
0.0 0.0 0.0 0.0 0.0 0.0 0.0 0.0 0.0 0.0 0.0 0.0 230.0 247.0 255.0 -0.230917475447 -0.284353952601 -0.0390864365993 0.149311724268 
0.0 0.0 0.0 0.0 0.0 0.0 0.0 0.0 0.0 0.0 0.0 0.0 230.0 247.0 255.0 -0.270003912046 -0.135042228333 0.0420599715894 -0.0626814949538 
0.0 0.0 0.0 0.0 0.0 0.0 0.0 0.0 0.0 0.0 0.0 0.0 230.0 246.0 255.0 -0.227943940457 -0.197723723287 0.0174952382088 -0.0117848884928 
0.0 0.0 0.0 0.0 0.0 0.0 0.0 0.0 0.0 0.0 0.0 0.0 230.0 246.0 255.0 -0.210448702248 -0.20950861178 -0.146732539344 0.00801109663152 
0.0 0.0 0.0 0.0 0.0 0.0 0.0 0.0 0.0 0.0 0.0 0.0 230.0 247.0 255.0 -0.333333333333 -0.201497515148 -0.0199639021334 -0.0677596286522 
0.0 0.0 0.0 0.0 0.0 0.0 0.0 0.0 0.0 0.0 0.0 0.0 230.0 247.0 255.0 -0.333333333333 -0.2692571438 0.0406416670603 0.165166226348 
0.0 0.0 0.0 0.0 0.0 0.0 0.0 0.0 0.0 0.0 0.0 0.0 230.0 247.0 255.0 -0.292691666273 -0.104090917452 -0.121115977663 -0.157747986256 
0.0 0.0 0.0 0.0 0.0 0.0 0.0 0.0 0.0 0.0 0.0 0.0 230.0 247.0 255.0 -0.333333333333 -0.261838903708 0.0368341505524 0.0140248757191 
0.0 0.0 0.0 0.0 0.0 0.0 0.0 0.0 0.0 0.0 0.0 0.0 230.0 247.0 255.0 -0.296499182781 -0.247814027988 0.0725963692933 -0.0531617564713 
0.0 0.0 0.0 0.0 0.0 0.0 0.0 0.0 0.0 0.0 0.0 0.0 230.0 247.0 255.0 -0.223902813488 -0.30097578446 -0.0658794168382 0.095854426429 
0.0 0.0 0.0 0.0 0.0 0.0 0.0 0.0 0.0 0.0 0.0 0.0 230.0 246.0 255.0 -0.289782230326 -0.205121358031 0.0762455736565 0.0883646241881 
0.0 0.0 0.0 0.0 0.0 0.0 0.0 0.0 0.0 0.0 0.0 0.0 230.0 245.0 255.0 -0.213536656669 -0.116756733843 -0.00762435138523 -0.201569731503 
0.0 0.0 0.0 0.0 0.0 0.0 0.0 0.0 0.0 0.0 0.0 0.0 230.0 245.0 255.0 -0.221161008054 -0.318326465345 0.101608180558 -0.0607569346196 
0.0 0.0 0.0 0.0 0.0 0.0 0.0 0.0 0.0 0.0 0.0 0.0 230.0 245.0 255.0 -0.119552827497 -0.333333333333 -0.0719907475783 -0.074571633938 
0.0 0.0 0.0 0.0 0.0 0.0 0.0 0.0 0.0 0.0 0.0 0.0 230.0 242.0 255.0 -0.191543575075 -0.333333333333 0.163057831631 -0.0701148296042 
0.0 0.0 0.0 0.0 0.0 0.0 0.0 0.0 0.0 0.0 0.0 0.0 230.0 245.0 255.0 -0.0284857434438 -0.333333333333 -0.183792705342 0.0375635959735 
0.0 0.0 0.0 0.0 0.0 0.0 0.0 0.0 0.0 0.0 0.0 0.0 230.0 246.0 255.0 -0.212278448786 -0.29576973736 -0.0731370225503 -0.202151356348 
0.0 0.0 0.0 0.0 0.0 0.0 0.0 0.0 0.0 0.0 0.0 0.0 230.0 247.0 255.0 -0.285415471336 -0.333333333333 -0.0980850884648 0.0506267181192 
0.0 0.0 0.0 0.0 0.0 0.0 0.0 0.0 0.0 0.0 0.0 0.0 230.0 248.0 255.0 -0.333333333333 -0.282706615214 0.0890380776057 -0.0514913146654 
0.0 0.0 0.0 0.0 0.0 0.0 0.0 0.0 0.0 0.0 0.0 0.0 230.0 249.0 255.0 -0.244295255728 -0.333333333333 -0.0464598063647 -0.223529635375 
0.0 0.0 0.0 0.0 0.0 0.0 0.0 0.0 0.0 0.0 0.0 0.0 230.0 249.0 255.0 -0.290755062092 -0.333333333333 -0.0943290673295 -0.0401617633647 
0.0 0.0 0.0 0.0 0.0 0.0 0.0 0.0 0.0 0.0 0.0 0.0 230.0 248.0 255.0 -0.333333333333 -0.333333333333 0.0271761955516 -0.0197798896722 
0.0 0.0 0.0 0.0 0.0 0.0 0.0 0.0 0.0 0.0 0.0 0.0 230.0 248.0 255.0 -0.306157137782 -0.333333333333 -0.0622517547399 0.0122087038753 
0.0 0.0 0.0 0.0 0.0 0.0 0.0 0.0 0.0 0.0 0.0 0.0 230.0 248.0 255.0 -0.333333333333 -0.321124629458 0.045724374099 -0.392900318224 
0.0 0.0 0.0 0.0 0.0 0.0 0.0 0.0 0.0 0.0 0.0 0.0 230.0 247.0 255.0 -0.287608959234 -0.333333333333 -0.0133684364959 0.027521352013 
0.0 0.0 0.0 0.0 0.0 0.0 0.0 0.0 0.0 0.0 0.0 0.0 230.0 247.0 255.0 -0.30097739573 -0.30581198132 -0.0943889167529 -0.0173831908145 
0.0 0.0 0.0 0.0 0.0 0.0 0.0 0.0 0.0 0.0 0.0 0.0 230.0 247.0 255.0 -0.333333333333 -0.323195172135 -0.126694751798 0.0322889540795 
0.0 0.0 0.0 0.0 0.0 0.0 0.0 0.0 0.0 0.0 0.0 0.0 230.0 247.0 255.0 -0.333333333333 -0.290906218055 -0.118980348071 -0.00150025872555 
0.0 0.0 0.0 0.0 0.0 0.0 0.0 0.0 0.0 0.0 0.0 0.0 230.0 248.0 255.0 -0.333333333333 -0.292406476781 0.0238478157592 0.047525639698 
0.0 0.0 0.0 0.0 0.0 0.0 0.0 0.0 0.0 0.0 0.0 0.0 230.0 248.0 255.0 -0.309485517574 -0.244880837083 -0.0154516282968 -0.0524844478791 
0.0 0.0 0.0 0.0 0.0 0.0 0.0 0.0 0.0 0.0 0.0 0.0 230.0 247.0 255.0 -0.324937145871 -0.297365284962 -0.0276478911432 0.0907671916456 
0.0 0.0 0.0 0.0 0.0 0.0 0.0 0.0 0.0 0.0 0.0 0.0 230.0 247.0 255.0 -0.333333333333 -0.206598093317 -0.123362602123 0.0473182086794 
0.0 0.0 0.0 0.0 0.0 0.0 0.0 0.0 0.0 0.0 0.0 0.0 230.0 247.0 255.0 -0.333333333333 -0.159279884637 -0.00869778190924 0.0807536875305 
0.0 0.0 0.0 0.0 0.0 0.0 0.0 0.0 0.0 0.0 0.0 0.0 230.0 247.0 255.0 -0.333333333333 -0.0785261971066 -0.0164632965238 0.00693087532902 
0.0 0.0 0.0 0.0 0.0 0.0 0.0 0.0 0.0 0.0 0.0 0.0 230.0 248.0 255.0 -0.333333333333 -0.0715953217776 0.121413761506 -0.0612432518203 
0.0 0.0 0.0 0.0 0.0 0.0 0.0 0.0 0.0 0.0 0.0 0.0 230.0 248.0 255.0 -0.211919571827 -0.132838573598 0.0927592246953 -0.163282940651 
0.0 0.0 0.0 0.0 0.0 0.0 0.0 0.0 0.0 0.0 0.0 0.0 230.0 248.0 255.0 -0.119160347132 -0.296121514249 0.158512967617 -0.0177887401326 
0.0 0.0 0.0 0.0 0.0 0.0 0.0 0.0 0.0 0.0 0.0 0.0 230.0 248.0 255.0 0.0393526204852 -0.313910254381 0.0900422061967 0.0683706210314 
0.0 0.0 0.0 0.0 0.0 0.0 0.0 0.0 0.0 0.0 0.0 0.0 230.0 248.0 255.0 0.129394826682 -0.24553963335 0.196008504963 0.192139967585 
0.0 0.0 0.0 0.0 0.0 0.0 0.0 0.0 0.0 0.0 0.0 0.0 230.0 248.0 255.0 0.325403331645 -0.0533996657647 0.0449925645745 0.13673315339 
0.0 0.0 0.0 0.0 0.0 0.0 0.0 0.0 0.0 0.0 0.0 0.0 230.0 248.0 255.0 0.333333333333 0.0833334876249 -0.26250540065 0.057743716621 
0.0 0.0 0.0 0.0 0.0 0.0 0.0 0.0 0.0 0.0 0.0 0.0 230.0 248.0 255.0 0.0708279326835 0.141077204246 -0.0420879236186 -0.0564341603675 
0.0 0.0 0.0 0.0 0.0 0.0 0.0 0.0 0.0 0.0 0.0 0.0 230.0 248.0 255.0 0.0287400090648 0.0846430438784 -8.26475783924e-06 -0.0203783493711 
0.0 0.0 0.0 0.0 0.0 0.0 0.0 0.0 0.0 0.0 0.0 0.0 230.0 248.0 255.0 0.028731744307 0.0642646945073 -0.120852975596 -0.054084421029 
0.0 0.0 0.0 0.0 0.0 0.0 0.0 0.0 0.0 0.0 0.0 0.0 230.0 247.0 255.0 -0.0921212312886 0.0101802734782 -0.0950143157421 -0.0799109635836 
0.0 0.0 0.0 0.0 0.0 0.0 0.0 0.0 0.0 0.0 0.0 0.0 230.0 247.0 255.0 -0.187135547031 -0.0697306901053 -0.0728507284031 -0.0216655869751 
0.0 0.0 0.0 0.0 0.0 0.0 0.0 0.0 0.0 0.0 0.0 0.0 230.0 248.0 255.0 -0.259986275434 -0.0913962770805 0.077351466145 0.0439400479622 
