nrollouts: 10
# HEADER 1
0.0 0.115978303469 0.26234952466 0.346334945222 0.0 0.0 0.0 0.590208712193 0.893982420731 0.0 0.0 0.0 133.0 249.0 255.0 0 0 0.14059444246 0.190869820223 0.0 
0.0 0.0 0.0 0.0 0.0 0.0 0.0 0.0 0.0 0.0 0.0 0.0 108.0 219.0 255.0 0.14059444246 0.190869820223 0.298583583931 -0.192174445045 0.0 
0.0 0.0 0.0 0.0 0.495933441646 0.0 0.0 0.268472476697 0.0 0.0 0.0 0.0 82.0 252.0 255.0 0.298583583931 -0.192174445045 0.200379588489 0.0277874827909 0.0 
0.0 0.0 1.04601138348 0.0 0.0 0.918943054403 0.254486547262 2.54461470726 0.0 0.0 1.36811693376 0.0 76.0 255.0 255.0 0.200379588489 0.0277874827909 0.13640152809 -0.167158672751 0.0 
0.0 0.0 0.934140153458 0.0 0.0 2.03237361758 2.0211286569 2.40937675136 0.0 0.0 2.28165678432 0.0 71.0 255.0 255.0 0.13640152809 -0.167158672751 0.134841119566 0.0724450502059 0.00935453493523 
0.349844349365 0.0 5.62234825904 0.19051063617 0.237202751486 5.03055340397 0.27584449994 6.09718467103 0.0 0.0 2.71752095339 0.396392899305 69.0 255.0 255.0 0.134841119566 0.0724450502059 0.137191265179 -0.309688787194 0.0246687799217 
0.0 0.0 4.64170172967 0.0 0.0 4.36384796152 1.77610314458 6.50348506046 0.0 0.0 3.96707409828 0.0 67.0 255.0 255.0 0.137191265179 -0.309688787194 0.128692253712 0.0419837810852 0.00905317070105 
0.0 0.138235694787 5.68586387899 0.0 0.0 4.94365932037 0.0 6.15624873299 0.00570383909793 0.0 5.48984276439 1.31635920039 66.0 255.0 255.0 0.128692253712 0.0419837810852 0.0680555782213 -0.0592673482162 0.0251601367874 
0.0 0.0 6.47306917122 0.0 0.0 6.76697855682 1.26274854337 8.0892563541 1.55360900024 0.0213075995816 4.46001486383 0.0 66.0 255.0 255.0 0.0680555782213 -0.0592673482162 0.28566496833 0.33 0.0 
0.0 0.0 3.41541466168 0.0 0.0 4.6858989501 2.70682056576 8.11696485022 0.0 0.0 4.64141922055 0.0 63.0 255.0 255.0 0.28566496833 0.33 0.0118192816718 -0.0740594289455 0.0 
0.0 0.0 4.14539933495 0.0 0.0 5.27552092353 3.03087974793 9.10542720037 0.0 0.0 6.0654524856 0.0 62.0 255.0 255.0 0.0118192816718 -0.0740594289455 -0.183644339268 -0.00824076595715 0.00872752623682 
0.0 0.0 6.56432615504 0.0 0.998906820451 7.22162419003 1.47151296096 9.91646092385 0.33109281593 0.0 4.56654418213 0.371905987911 62.0 255.0 255.0 -0.183644339268 -0.00824076595715 0.0889918575122 0.250066753962 0.025596787294 
0.0 0.0 5.13854687089 0.0 0.0 5.13887060351 2.87694860948 9.7271183653 0.0 0.0 4.57227019153 0.0 62.0 255.0 255.0 0.0889918575122 0.250066753962 0.183777915613 0.104223410604 0.0 
0.0 0.0 4.64614188974 0.205180881306 0.0 5.70938626892 4.99107082506 11.3767604488 0.0 0.0 4.46114252524 0.0 61.0 255.0 255.0 0.183777915613 0.104223410604 0.262259317171 0.29280921312 0.0 
0.0 0.0 0.0 0.0 0.0 3.81740219614 11.0409825432 8.74252135878 0.0 0.0 2.89318704442 0.0 60.0 255.0 234.0 0.262259317171 0.29280921312 0.0322783549718 -0.097018117894 0.00837958469804 
0.0 0.0 3.76531955279 0.0 0.0 8.18498077287 8.6089346647 11.8060959784 0.122256188592 0.0 5.23409422835 0.0 54.0 255.0 255.0 0.0322783549718 -0.097018117894 0.0282077882325 -0.00673813199451 0.06790583571 
0.0 0.0 4.70828427369 0.0 0.0 8.01402590413 7.4649335949 14.5918603179 0.307080434091 0.0 5.46289072952 0.0 55.0 255.0 255.0 0.0282077882325 -0.00673813199451 0.0318996500546 0.33 -0.0260786559842 
0.0 0.0 3.31029211956 0.0 0.0 8.38714709645 8.91189992995 14.7811172616 0.0 0.0 6.9119220957 0.0 55.0 255.0 252.0 0.0318996500546 0.33 0.00449200827688 0.0490302204494 0.0 
0.0 0.0 0.0 0.0 0.0 4.93120302098 13.0468157932 11.6963541641 0.0 0.0 4.87267181589 0.0 55.0 255.0 246.0 0.00449200827688 0.0490302204494 0.233056456765 -0.0877842591516 0.0 
0.0 0.0 1.30394802943 0.0 0.0 6.45422645126 10.794651466 14.8308549543 0.0 0.0 7.75906705418 0.0 53.0 255.0 255.0 0.233056456765 -0.0877842591516 0.172208810917 0.098423908802 0.0260786559842 
0.0 0.0 1.64730607119 0.0 0.0 7.21494648267 10.6334558179 14.1163373438 0.0 0.0 7.4558187252 0.0 53.0 255.0 255.0 0.172208810917 0.098423908802 -0.256514885759 0.0990020898795 0.0 
0.0 0.0 0.0 0.0 0.0 3.03197547564 12.9528324909 8.28912839461 0.0 0.0 3.60393563698 0.0 71.0 254.0 217.0 -0.256514885759 0.0990020898795 -0.177608174666 0.327796939469 0.0 
0.0 0.0 0.0 0.0 0.305787433723 0.251967154126 5.85177444292 1.40772290643 0.0 0.0 0.0 0.0 101.0 248.0 114.0 -0.177608174666 0.327796939469 -0.0820503601 -0.267620623528 -0.00762636999914 
0.0 0.0 0.0 0.0 0.0 0.0 4.43177446357 0.714784366855 0.0 0.0 1.24319130172 0.0 117.0 231.0 179.0 -0.0820503601 -0.267620623528 0.33 0.0290575227535 0.141110332274 
0.0 0.0 0.502443316539 0.0 0.395102359381 0.493062109877 0.0 0.558847150019 0.0 0.0 0.362036569175 0.0 140.0 189.0 204.0 0.33 0.0290575227535 -0.000660929500035 -0.0644998363467 -0.193184977156 
1.02567249082 0.0 0.255403506711 0.0 0.0 0.0 1.28738263981 0.986801839031 1.26292832385 0.0 0.264807451131 0.44706826246 171.0 172.0 239.0 -0.000660929500035 -0.0644998363467 -0.0764979337427 -0.143384017686 0.0 
0.0 0.0 0.0 0.0 0.0 0.0 2.14667334878 0.0 0.0 0.0 0.0 0.0 210.0 199.0 255.0 -0.0764979337427 -0.143384017686 -0.0738912019408 -0.0138570792273 0.0 
0.0 0.219610046305 0.0928901780183 0.0222892801382 0.0 0.0 0.732235530752 0.140137186889 0.0 0.124124739283 0.0 0.0 231.0 220.0 255.0 -0.0738912019408 -0.0138570792273 0.0414077892098 -0.0375151437747 0.00803439701509 
0.0 0.0 0.0 0.0 0.0 0.0 0.0 0.0 0.0 0.0 0.0 0.0 230.0 247.0 255.0 0.0414077892098 -0.0375151437747 -0.33 0.284681347622 0.0 
0.0 0.0 0.0 0.0 0.883416330023 0.0 0.0 0.0 0.0 0.0 0.0 0.0 209.0 210.0 255.0 -0.33 0.284681347622 0.040442935489 -0.121368062254 0.0 
0.0 0.0 0.0 0.0 0.0 0.0 0.0 0.0 0.0 0.0 0.0 0.0 197.0 243.0 255.0 0.040442935489 -0.121368062254 0.135413846761 0.0337837291401 0.0 
0.0 0.0 0.0 0.0 0.0 0.0 0.0 0.0 0.0 0.0 0.0 0.0 169.0 247.0 255.0 0.135413846761 0.0337837291401 0.0475131647175 0.114707875868 0.0 
0.0 0.0 0.0 0.0 0.0 0.0 0.27990224515 0.0 0.486808875165 0.0 0.0 0.0 146.0 212.0 255.0 0.0475131647175 0.114707875868 -0.191894689002 0.139318811123 -0.00803439701509 
0.0 0.0 0.0 0.0 0.0 0.0 0.0 0.0 0.642332015293 0.68194250445 0.0 0.0 129.0 197.0 225.0 -0.191894689002 0.139318811123 -0.300506081449 0.00110860623086 0.0 
0.0 0.0 0.0 0.0 0.0 0.952105467733 1.31504113326 0.702652894335 0.0 0.168593959383 0.506847638696 0.0 119.0 211.0 208.0 -0.300506081449 0.00110860623086 -0.131364189794 -0.162554025422 0.0412958417426 
0.0 0.0 0.404107264503 0.0 0.0 0.0 0.0 0.0 0.0 0.0 0.0 0.0 127.0 213.0 255.0 -0.131364189794 -0.162554025422 -0.171498302619 -0.0350111922691 0.0331622339349 
0.0 0.0 0.0 0.0 0.0 0.0 0.0 0.0 0.0 0.0 0.0 0.0 160.0 237.0 255.0 -0.171498302619 -0.0350111922691 -0.0211188760584 0.288679093142 -0.0664236786624 
0.446695178333 0.0 0.0 0.285379525779 0.0 0.0 0.50647120027 0.0 0.0 0.0 0.0 0.0 187.0 174.0 248.0 -0.0211188760584 0.288679093142 -0.178448421986 0.248825722703 0.0 
0.0548749892615 0.702483695264 0.107697225676 0.501600950883 0.0884262349902 0.0 0.0 0.0 0.472993991931 0.0 0.0 0.0 211.0 115.0 192.0 -0.178448421986 0.248825722703 0.0937250396191 -0.200919694393 0.0 
0.0 0.0 0.0 0.0 0.0 0.0 0.0 0.0 0.0 0.0 0.0 0.0 231.0 127.0 224.0 0.0937250396191 -0.200919694393 -0.197390898339 -0.153932729118 0.0 
0.0 0.0 0.0 0.0 0.0 0.711782722937 0.0129122877366 1.11850747153 0.0 0.177561284655 1.14891554048 0.607479617372 236.0 177.0 254.0 -0.197390898339 -0.153932729118 0.209224963771 -0.0458577467967 0.0 
0.0 0.0 0.0 0.0 0.0403886083596 0.0 0.0 1.12243105613 0.0 0.286871284379 0.0 0.0 231.0 233.0 255.0 0.209224963771 -0.0458577467967 -0.178246160648 -0.153137467926 0.0 
0.0 0.0 0.0 0.0 0.0 0.0 0.347556281534 0.258210489523 0.4905428293 0.0 0.35886514468 0.0 234.0 246.0 255.0 -0.178246160648 -0.153137467926 0.0715284604632 0.27543631571 0.0 
0.0 0.0 0.0 0.0 0.0 0.0 0.0 0.0 1.0952708029 0.0 0.0 0.0 228.0 193.0 255.0 0.0715284604632 0.27543631571 0.23357121189 0.0412959367522 0.0 
0.0 0.49274962559 0.846175805939 0.292573946633 0.0 0.0 1.170778761 0.0 0.127882268606 0.0 0.413552839704 0.651891994415 206.0 172.0 249.0 0.23357121189 0.0412959367522 0.106791751439 0.0341602861425 0.0 
0.346365687533 1.22648837859 0.11466581509 0.118468496429 0.0463737836516 0.271643592187 0.0 0.190091821036 0.143941712041 0.0 0.0 0.344108292138 178.0 163.0 244.0 0.106791751439 0.0341602861425 0.181530227937 -0.33 0.0 
0.0 0.0 0.0 0.342947530094 0.0 0.0 0.222969948246 0.0 0.0 0.0 0.0 0.0 152.0 237.0 255.0 0.181530227937 -0.33 -0.0989038437111 0.216811981864 0.0 
0.0 0.0 0.0 0.251106889325 0.365768034902 0.0682093971719 0.0 0.0 0.0888523410377 0.409675152531 0.0 0.0 119.0 223.0 255.0 -0.0989038437111 0.216811981864 -0.123600753996 -0.210320401954 0.0 
0.0 0.0 0.0 0.0 0.0 0.0 0.0 0.0 0.0 0.0 0.0 0.0 91.0 251.0 255.0 -0.123600753996 -0.210320401954 -0.0128680622663 -0.0671982150147 0.0 
0.440790470932 0.0 0.0 0.529036246256 0.0 0.275429381678 0.0 1.56823122623 0.640613846461 0.226678483259 1.78739356471 0.346401388324 81.0 254.0 255.0 -0.0128680622663 -0.0671982150147 0.33 -0.0496576066045 0.0 
0.477676225805 0.0 2.3264231399 0.443031030396 1.40933293745 2.48448470202 1.07303546745 3.09932543086 0.377747866431 0.0 2.26058244103 0.947251586115 73.0 255.0 255.0 0.33 -0.0496576066045 0.0539254396091 0.252834949233 0.0255879618821 
1.43853288712 0.0 5.01120114962 0.0 0.0 4.01040427735 0.207809954575 6.05743103658 0.744433772777 0.0966397882401 3.08755934188 0.536597560149 66.0 255.0 255.0 0.0539254396091 0.252834949233 -0.279002938604 -0.175824859432 0.033538263901 
0.0 0.564768040076 2.61717801512 0.0 0.0266753544117 3.58616008003 0.280303334769 4.08240894814 0.974607874985 0.0 2.8721740764 0.184418201128 72.0 255.0 255.0 -0.279002938604 -0.175824859432 0.0782756815401 0.188303988911 0.0333794857873 
0.396736534068 0.504354260422 0.819813603297 0.0 0.0 3.50706038985 1.11870910754 2.27220147033 1.33834114659 0.0546029418694 1.39923934024 0.0 72.0 255.0 255.0 0.0782756815401 0.188303988911 0.117752676741 -0.0148896114218 -0.0260820329079 
0.0 0.0 0.0489293535414 0.0 0.0 1.97690902188 2.17884566344 4.97571762904 0.0 0.0 3.63536710049 0.0 68.0 255.0 255.0 0.117752676741 -0.0148896114218 0.117170576635 0.170239210227 -0.00729745287934 
0.0 0.0 2.65846631092 0.0 0.149862469242 4.95158518437 2.94181935804 5.33119794445 0.0 0.0 3.89213346644 0.0 65.0 255.0 255.0 0.117170576635 0.170239210227 0.294759965622 -0.107865003074 0.00729745287934 
0.0 0.0 2.63790876183 0.0 0.0407864567855 5.70453326326 3.66397620054 7.59789085439 0.0 0.0 4.46615519463 0.0 62.0 255.0 255.0 0.294759965622 -0.107865003074 -0.301807181031 -0.24025549935 0.0260820329079 
0.0 0.0 0.826838812638 0.0 0.0 3.66841593862 3.32568654881 6.86745027474 0.0 0.0 1.97680485781 0.0 69.0 255.0 255.0 -0.301807181031 -0.24025549935 0.013038345927 -0.0207546468706 0.00690897823152 
0.0 0.0 0.0 0.0 0.483764958835 0.993894252315 0.361372373391 1.83375637579 0.0179401133534 0.138720497264 1.57476512191 0.684154089219 87.0 251.0 255.0 0.013038345927 -0.0207546468706 -0.0786604664184 0.0439934857038 -0.0329910111395 
0.0 0.518178544956 0.75693944689 0.0 0.0 0.805729139474 0.0 1.0701398917 0.0 0.0 0.0115478121259 0.0 111.0 251.0 255.0 -0.0786604664184 0.0439934857038 0.0229076452859 0.0235385533911 -0.0331622339349 
0.0 0.539891651937 0.0 0.0 0.0 0.610580253461 0.0 1.00809247248 0.463073069165 0.0 0.262139995874 0.0 128.0 245.0 255.0 0.0229076452859 0.0235385533911 0.0583166563176 0.10797926764 0.0 
0.0 0.0 0.0 0.0 0.0 0.0 1.39107818103 0.367065893686 0.0 0.0 1.86606203996 0.0 141.0 190.0 254.0 0.0583166563176 0.10797926764 -0.106391991258 0.185563416444 0.0 
0.0 0.0 0.644059369283 0.0 0.467862673223 0.0 0.0 1.80929965584 0.0186273895002 0.223998210782 0.0689314590054 0.0 160.0 145.0 215.0 -0.106391991258 0.185563416444 0.214133989135 0.0307801577198 0.0 
0.272233115816 0.0 0.0 0.0 0.486485860423 0.0 1.10806199244 0.121719798561 0.71282366143 0.948602287269 0.384447633024 0.0 179.0 114.0 187.0 0.214133989135 0.0307801577198 -0.109873172456 0.274476061037 0.0258647810555 
0.0 0.0 1.0288325667 0.461467793461 0.51272656761 1.15780622455 0.543054031381 0.16375232558 0.0 0.0 0.37692732575 0.0 198.0 84.0 118.0 -0.109873172456 0.274476061037 -0.0393627672518 -0.325224264004 0.00729745287934 
0.0 0.0 0.0 0.0 0.0682490846362 0.0 1.25400516995 0.574162577412 0.0 0.0 0.373455915809 0.0 212.0 85.0 179.0 -0.0393627672518 -0.325224264004 0.251816114859 -0.223077583694 0.0 
0.0 0.0 0.0 0.0 0.0 0.0 0.0 0.0 0.0 0.38766461873 0.0 0.0 188.0 157.0 243.0 0.251816114859 -0.223077583694 0.274189916486 0.157250929932 0.0 
0.0 0.0 0.0 0.0 0.0 0.0 0.0 0.0 0.0 0.0 0.0 0.0 149.0 156.0 236.0 0.274189916486 0.157250929932 -0.303256370898 0.0640580171781 0.0 
0.0 0.0 0.0 0.0609777098301 0.0 0.0 0.802152800272 0.0 0.110072451235 0.0 0.0 0.0 126.0 210.0 157.0 -0.303256370898 0.0640580171781 -0.0709383363006 0.33 0.0 
0.0 0.0 0.650361021712 0.0905761282104 0.390259627629 1.0731580726 0.668556831877 0.545055385341 0.0 0.0 0.289219447595 0.560400896174 131.0 187.0 85.0 -0.0709383363006 0.33 0.245179435994 -0.00908469569284 0.0657410136589 
1.10728495949 2.49528141149 2.44225711285 0.55833728774 0.0 2.56120137983 0.0 1.7079006269 2.08903386439 2.81278739356 0.0 3.52352369498 121.0 161.0 110.0 0.245179435994 -0.00908469569284 -0.0317432501903 -0.195261538011 0.31690818169 
0.0 0.0 0.0 0.0 0.0 0.0 0.0 0.0 0.0 0.899124300166 0.337871928191 0.0 127.0 142.0 140.0 -0.0317432501903 -0.195261538011 -0.33 -0.0755280319347 0.0256351636649 
0.0 0.0 0.0 0.0 0.0487444394781 0.0 0.552010266483 0.0 0.0 0.0842578228787 0.0 0.0 139.0 96.0 215.0 -0.33 -0.0755280319347 0.10906157458 -0.064330088827 0.0 
0.0 0.300892228838 0.62511851013 0.351258834555 0.0 0.257192519265 0.0 1.05060511599 0.801865476855 0.39343225974 0.0 0.0 133.0 80.0 255.0 0.10906157458 -0.064330088827 -0.0991382109624 0.0305101956665 0.0 
0.0 0.0 0.486118223415 0.0 0.0 0.690443002741 0.769539312612 1.01573355921 1.48471281132 0.0418633103073 0.261447104145 0.120674999555 134.0 76.0 255.0 -0.0991382109624 0.0305101956665 0.0334906181039 -0.33 0.0 
0.299632592413 0.0 0.608583077208 0.0 0.521499135587 0.0 0.650085359354 0.0 0.583474505112 0.0 0.0 0.903390505301 134.0 75.0 255.0 0.0334906181039 -0.33 0.135429701873 0.0608421828427 0.050857786232 
0.91301735325 0.0 1.07843779972 0.0 0.347786364421 0.19931725345 0.0 0.0684163442171 0.0737540926463 0.260344196094 0.340070066804 0.375235003723 120.0 80.0 255.0 0.135429701873 0.0608421828427 0.33 -0.33 0.0 
# HEADER 2
0.0 0.0 0.0 0.145822342799 0.219282048451 0.0 0.0 0.0 0.0 0.0 0.0 0.0 132.0 248.0 255.0 0 0 -0.282654714422 -0.233875698553 0.143842117783 
0.0 0.0 0.0 0.0 0.0 0.0 0.0 0.0 0.311454474263 0.0 0.0 0.0 162.0 250.0 255.0 -0.282654714422 -0.233875698553 0.33 -0.209138399212 0.0 
0.0 0.0 0.0 0.0 0.0 0.0 0.0 0.0 0.0 0.0 0.0 0.0 201.0 250.0 255.0 0.33 -0.209138399212 0.0129531947873 0.107835728148 0.0 
0.0 0.435040708677 0.0 0.427723474233 0.114883199417 0.0 0.0 0.132859534683 0.0 0.0 0.0 0.0 202.0 228.0 255.0 0.0129531947873 0.107835728148 0.322744483269 -0.17290626353 0.0 
0.0 0.0 0.0 0.0 0.0 0.0 0.0 0.0 0.0 0.0 0.0 0.0 173.0 251.0 255.0 0.322744483269 -0.17290626353 0.107352993347 -0.0284051579401 0.0 
0.0 0.0 0.0 0.0 0.0 0.0 0.0 0.0 0.0 0.0 0.0 0.0 145.0 251.0 255.0 0.107352993347 -0.0284051579401 -0.0355796486246 0.00508627960261 0.0 
0.0 0.0 0.0 0.0 0.0 0.0 0.0 0.0 0.403502575642 0.0 0.0 0.0 145.0 251.0 255.0 -0.0355796486246 0.00508627960261 0.148755603505 -0.235789602161 0.0 
0.0 0.0 0.228092013187 0.0 0.0 0.269998431161 0.228921383947 0.0 0.100349225239 0.0 1.20159212472 0.0 129.0 251.0 255.0 0.148755603505 -0.235789602161 -0.00273447785923 -0.170113970037 0.0 
0.0 0.0 0.485658397164 0.0 0.0 0.781465667492 0.228642649904 0.0 0.0562105166947 0.228552403026 0.00157176140506 0.00762293837985 100.0 251.0 255.0 -0.00273447785923 -0.170113970037 -0.33 -0.0356993105204 0.0 
0.220057187814 0.0 0.803983946341 0.0 0.171162689973 0.368083613399 0.0 0.680284602618 0.0 0.0 0.452372774943 0.0 122.0 251.0 255.0 -0.33 -0.0356993105204 -0.160900902026 0.0278206725089 0.0 
0.521189752925 0.0 0.0 0.552315675327 0.0 0.732776146076 0.131221169542 0.206514615691 0.0 0.12704675418 0.409398604769 0.902209724639 165.0 251.0 255.0 -0.160900902026 0.0278206725089 -0.0870770436585 0.0984014856306 0.0 
0.0527866945472 0.0 0.0 0.0 0.0 0.0 0.0 0.0 0.0 0.0 0.308112014763 0.0 200.0 194.0 255.0 -0.0870770436585 0.0984014856306 -0.173283226174 0.33 0.0 
0.0 0.559378543447 0.0 0.0 0.0 0.0 0.791585857691 0.0576735309253 0.398424870226 0.0 0.0 0.0 226.0 128.0 217.0 -0.173283226174 0.33 0.231732431645 0.134144205793 0.0 
0.0 0.0 0.0 0.0 0.0 0.303094350915 0.513511308211 0.0 0.393410306936 0.0 0.1829027757 0.0220154818977 203.0 107.0 175.0 0.231732431645 0.134144205793 -0.33 0.164190593173 0.0 
# HEADER 3
0.0 0.0 0.0 0.0 0.0 0.0 0.138110010176 0.0 0.0 0.0 0.0 0.0 133.0 250.0 255.0 0 0 -0.33 -0.33 0.0 
0.0 0.0 0.0 0.0 0.0 0.0 0.0 0.0 0.0 0.0 0.0 0.0 164.0 251.0 255.0 -0.33 -0.33 -0.24407843046 -0.108078857544 0.0 
0.0 0.0 0.0 0.0 0.0 0.0 0.0 0.0 0.0 0.0 0.0 0.0 205.0 250.0 255.0 -0.24407843046 -0.108078857544 -0.142259688109 0.00833862657512 0.0 
0.0 0.0 0.223725162068 0.0 0.0902516104632 0.0 0.0 0.0 0.0 0.0 0.0 0.0 231.0 239.0 255.0 -0.142259688109 0.00833862657512 0.33 -0.189803514115 0.0 
0.0 0.0 0.0 0.368981745742 0.0 0.0 0.0 0.0 0.0 0.0 0.0 0.0 212.0 250.0 255.0 0.33 -0.189803514115 0.0113443968986 -0.136456589532 0.0 
0.0 0.0 0.0 0.0 0.0 0.0 0.0 0.0 0.0 0.0 0.0 0.0 201.0 250.0 255.0 0.0113443968986 -0.136456589532 0.33 -0.0126306517142 0.0 
0.0 0.0 0.0 0.0 0.0 0.0 0.0 0.0 0.0110779888806 0.0 0.0 0.0 166.0 251.0 255.0 0.33 -0.0126306517142 0.147973933968 -0.0853997074571 0.0 
0.0 0.0 0.0 0.0 0.0 0.0 0.0 0.0 0.0732987641887 0.0 0.0 0.0 133.0 251.0 255.0 0.147973933968 -0.0853997074571 -0.149750716278 -0.036771918206 0.0 
0.0 0.0 0.0 0.0 0.0 0.0 0.0243069696576 0.0 0.0 0.0 0.0 0.0 146.0 251.0 255.0 -0.149750716278 -0.036771918206 0.104361814559 -0.12935461804 0.0 
0.0 0.0 0.0 0.0 0.0 0.0 0.0 0.0 0.0 0.0 0.0 0.0 137.0 251.0 255.0 0.104361814559 -0.12935461804 -0.0992380578325 -0.0181018094049 0.0 
0.0 0.0 0.0 0.0 0.0 0.0 0.0 0.0 0.0 0.0 0.0 0.0 147.0 251.0 255.0 -0.0992380578325 -0.0181018094049 -0.0743960335457 0.0620104311191 0.0 
0.0 0.0 0.0 0.0 0.0 0.0 0.0 0.0 0.0 0.0 0.0 0.0 170.0 249.0 255.0 -0.0743960335457 0.0620104311191 -0.199119017612 0.0444689298463 0.0 
0.0 0.0 0.433315974282 0.0 0.0 0.0 0.0 0.0 0.0 0.0 0.46386146336 0.0833135742458 199.0 193.0 254.0 -0.199119017612 0.0444689298463 -0.0366336183337 -0.246828030505 0.0 
0.0 0.0 0.0 0.0 0.0 0.0 0.0 0.0 0.0 0.0 0.0 0.0 216.0 238.0 255.0 -0.0366336183337 -0.246828030505 0.21464577547 -0.218172414535 0.0 
0.0 0.0 0.292571934515 0.0 0.0 0.0 0.0 0.0 0.0 0.0 0.0 0.0 199.0 250.0 255.0 0.21464577547 -0.218172414535 0.0135094144349 -0.158163027861 0.0 
0.0 0.0 0.0 0.0 0.547630016273 0.0 0.0543609482266 0.0 0.0 0.13136474272 0.0 0.0 165.0 251.0 255.0 0.0135094144349 -0.158163027861 0.216545228915 -0.239168622657 0.0 
0.0 0.0 0.0 0.0 0.0 0.0 0.0 0.0 0.0 0.0 0.0 0.0 128.0 251.0 255.0 0.216545228915 -0.239168622657 0.234832986292 -0.0515233315595 0.0 
0.0 0.0 0.0 0.0 0.0 0.0 0.0 0.0 0.0 0.0 0.0 0.0 95.0 251.0 255.0 0.234832986292 -0.0515233315595 0.230137047524 -0.224964328072 -0.0240971872961 
0.0 0.805948711419 0.637922748744 0.0 0.0 1.67404321891 0.251361468337 1.05176006091 0.620185950313 0.221562025203 0.264031946339 0.0203913563552 81.0 255.0 255.0 0.230137047524 -0.224964328072 0.150287764894 0.146784804152 0.0240971872961 
0.373945862635 0.0948295737228 0.981468378365 0.0 0.622186107904 4.2156814632 0.0 3.29670624743 0.377506309939 0.173102372889 3.21866145914 0.61107581607 75.0 255.0 255.0 0.150287764894 0.146784804152 0.233300390717 0.068785095033 0.0 
0.0762327355192 0.57918453955 2.7237760415 0.506045017505 0.42919554658 5.061662894 0.523275133417 5.29463293529 0.0 0.0 4.49997966278 0.792861800142 70.0 255.0 255.0 0.233300390717 0.068785095033 -0.33 -0.21645395577 0.0228537268937 
0.0 0.0 1.66053961091 0.0 0.0690010474043 2.36914990133 0.875622483973 3.34233337107 1.04512545972 0.0 1.99540963267 0.479728836575 77.0 253.0 255.0 -0.33 -0.21645395577 -0.123741645022 -0.0693771793231 0.0257481398984 
0.601012778844 0.0 0.0 0.0 0.0 0.655441151568 0.220772681814 0.396920645573 0.598826340248 0.0 0.0 0.88527570213 107.0 251.0 255.0 -0.123741645022 -0.0693771793231 0.33 -0.197552334835 -0.0257481398984 
0.0 0.0 0.0 0.0 0.0 0.0 0.0 0.216297288098 0.374980672293 0.0430242357958 0.401268537928 0.0 87.0 251.0 255.0 0.33 -0.197552334835 0.00601247020869 0.0617249662665 -0.0228537268937 
0.604834956803 0.0 1.62813971711 0.0 0.0 3.45674689772 0.630199335324 1.77459833362 0.0 0.230617908734 2.21725925276 0.0 73.0 255.0 255.0 0.00601247020869 0.0617249662665 -0.31810597745 -0.148739242472 0.0 
0.0 0.0 3.93255760542 0.0 0.667805697372 5.00435422451 0.0 5.9931586004 0.292225333857 0.0 4.45139254568 0.278949448438 68.0 255.0 255.0 -0.31810597745 -0.148739242472 -0.0113098581112 0.0453704116773 0.0486018667922 
0.0 0.0 4.51516468265 0.0 0.185664943151 5.20951026433 5.99526363718 6.38330518309 0.0 0.0 6.06557171352 0.0 64.0 255.0 255.0 -0.0113098581112 0.0453704116773 0.33 0.0381773330825 0.0224838521268 
0.0 0.0 5.20976868406 0.0 0.673536073125 7.33015310272 4.48930117586 9.96508558961 0.0 0.0 5.42397186519 0.0 60.0 255.0 255.0 0.33 0.0381773330825 0.33 -0.261913407049 0.0264747027699 
0.0 0.0 3.21620560168 0.0 0.194879142446 5.41037542768 7.28532081195 9.25814531309 0.0 0.0 5.39466115227 0.0 58.0 255.0 255.0 0.33 -0.261913407049 0.228199476084 0.012175881447 0.0220022960493 
0.920004640352 0.0950711770824 9.12015093805 1.24452136947 1.55716994667 10.2109505141 1.98571727865 11.1845567925 3.08382163099 0.0 4.68407043008 0.435741993867 57.0 255.0 255.0 0.228199476084 0.012175881447 -0.02526056293 -0.104335533981 0.0270807201196 
0.0 0.0 2.06390292437 0.0 0.0 5.94043932649 6.56460665905 7.74389547662 0.0 0.0 5.4903782445 0.0 60.0 255.0 255.0 -0.02526056293 -0.104335533981 0.0456988859222 0.217201436332 0.0 
0.0 0.0 4.94374429545 0.0 0.135001334054 5.80685605685 5.20227675077 8.23315133028 0.0 0.0 4.8947584482 0.0 61.0 255.0 255.0 0.0456988859222 0.217201436332 -0.227767693715 0.0523209341904 -0.0270807201196 
0.0 0.0 4.58691427676 0.0 0.678550559577 5.57521445372 4.1349371426 7.27803017995 0.0 0.0 4.5842326485 0.0 61.0 255.0 255.0 -0.227767693715 0.0523209341904 0.108827997577 -0.19607941453 0.0 
0.0 0.0 5.21725677681 0.0 0.680168275984 5.96606954852 3.52281936143 7.83715728189 1.42829389396 0.0 5.92333373279 0.0 61.0 255.0 255.0 0.108827997577 -0.19607941453 0.0878611105296 -0.303117763605 -0.00248027104547 
0.0 0.0 4.78068070545 0.0 0.113143519148 5.68053425478 4.70275576523 7.83955842336 0.506218656933 0.0 5.87183968801 0.0 61.0 255.0 255.0 0.0878611105296 -0.303117763605 -0.33 -0.307704410511 0.00248027104547 
0.0 0.0 4.70895768622 0.598334857183 0.613169234776 4.86703839374 5.12586541198 9.03822267384 0.0 0.0 5.40180912493 0.0 61.0 255.0 255.0 -0.33 -0.307704410511 0.272312780365 0.33 0.0 
0.0 0.0 5.50198107593 0.0 1.23021433195 5.81723636335 4.80959878938 8.07892057175 0.0 0.0 5.52699986758 0.0 61.0 255.0 255.0 0.272312780365 0.33 -0.0282412283564 -0.113439981165 0.0 
0.0 0.0 5.46016668674 0.0 0.665167463658 4.98357907535 3.23246335517 7.24192838911 0.0 0.0 4.93651236927 0.0 65.0 255.0 255.0 -0.0282412283564 -0.113439981165 -0.213920127936 0.215332421157 -0.00248027104547 
0.0 0.0 4.1043019977 0.0 0.0 3.63650411224 1.73771711819 2.62515162385 0.0195165568745 0.0 1.49791381098 0.0 81.0 247.0 255.0 -0.213920127936 0.215332421157 0.00921791907909 0.127086608 -0.0239757184785 
0.412455038567 0.674384340821 2.76776505219 0.0 0.643815186079 4.52282885171 1.10504373606 1.26483282012 0.570569621033 0.0 1.4112640716 0.997302199762 87.0 248.0 229.0 0.00921791907909 0.127086608 0.0212877119554 -0.127300341538 -0.0702530013204 
0.0 0.0 2.92757957044 0.0 0.0 1.47796715838 0.0 0.0 0.0 0.0 1.43688029503 0.0 82.0 249.0 255.0 0.0212877119554 -0.127300341538 -0.33 0.180902610676 0.0463121462565 
0.141540123443 0.0 1.28577935315 0.0 0.655508789002 2.47457424055 0.0 1.52198623241 0.226564665404 0.968070194697 0.174896118483 0.0441179108897 101.0 233.0 234.0 -0.33 0.180902610676 -0.0227814942365 -0.138426718128 -0.0463121462565 
0.0 0.0 0.0 0.0 0.668831654949 0.839536280231 0.293782256013 1.1530710539 0.0168572493752 0.436918041986 0.381395320722 0.578160404939 110.0 235.0 255.0 -0.0227814942365 -0.138426718128 -0.13569806215 -0.23159255662 0.0224334316554 
0.0 0.0 0.0 0.108840999156 0.363953065648 0.0 0.158231570875 0.0 0.0 0.0 0.0 0.0 122.0 250.0 255.0 -0.13569806215 -0.23159255662 -0.0530525796162 0.109574553991 0.0 
0.0 0.893257832279 0.574051899583 0.0 0.0 0.7349434162 0.0 0.661173461531 0.0 0.0 0.480268570568 0.313458591327 133.0 250.0 255.0 -0.0530525796162 0.109574553991 -0.100210040226 0.176407381665 0.0 
0.167573599336 0.388391414819 0.0 0.0 0.0 0.577130081812 1.1295770775 0.403182472538 0.0 0.0 0.0 0.0 135.0 200.0 255.0 -0.100210040226 0.176407381665 -0.213671505175 0.176504172326 0.0 
0.0 0.55132473109 0.0968076320245 0.0 0.0 0.628792197743 0.0 0.0 0.0 0.0 0.0 0.0 159.0 158.0 209.0 -0.213671505175 0.176504172326 0.142809756382 -0.33 0.0 
0.0 0.0 0.0 0.790592083276 0.0 0.0422352390226 0.92075782448 1.1689502866 0.444215054113 0.0 0.244273832496 0.0 193.0 165.0 247.0 0.142809756382 -0.33 -0.33 -0.190774877933 0.047819569665 
0.0 0.0 0.0 0.0 0.0 0.0 0.433685468915 0.0 0.022204491599 0.0 0.0 0.0 230.0 212.0 255.0 -0.33 -0.190774877933 0.134208562353 -0.162417739663 0.0 
0.0 0.0 0.0 0.0 0.0 0.0 0.0 0.0 0.0 0.0 0.0 0.0 236.0 241.0 255.0 0.134208562353 -0.162417739663 0.180427746729 0.0204978165874 0.0 
0.0 0.0 0.497238267619 0.0 0.0 0.563085916806 0.12143932261 0.0 0.0 0.240287143043 0.0 0.501531228283 236.0 228.0 255.0 0.180427746729 0.0204978165874 -0.0180818183092 -0.228625123232 0.0 
0.0 0.0 0.0 0.0 0.563500034287 0.0 0.0 0.0 0.369321633889 0.0 0.0 0.0 236.0 243.0 255.0 -0.0180818183092 -0.228625123232 0.241328395847 0.0524058251624 0.0 
0.0 0.0 0.0 0.0 0.0 0.0 0.0 0.0 1.3569434779 0.233043677799 0.153485568702 0.0 237.0 217.0 255.0 0.241328395847 0.0524058251624 -0.33 -0.33 0.0 
0.0 0.0 0.0 0.0 0.0 0.0 0.049557700868 0.803021127416 0.557266047276 0.0 0.0 0.0 237.0 245.0 255.0 -0.33 -0.33 0.011955653886 -0.267792467781 0.0 
1.18519582697 1.31962179709 1.2331877401 0.688481882887 0.0 2.06323388048 0.0 0.985999557645 1.01237079712 3.23065416551 0.519283721472 3.08075811975 236.0 245.0 255.0 0.011955653886 -0.267792467781 -0.33 0.0869516274463 0.0 
0.0 0.0 0.557036837067 0.0 0.0 0.736531951536 0.17237948713 0.0 0.0 0.0 0.0 0.0644635323732 236.0 212.0 255.0 -0.33 0.0869516274463 0.0041968216351 -0.0406561587194 0.0 
0.0 1.19003106595 0.0 0.53742781759 0.421630746945 0.0 0.15634004798 0.0 0.0 0.997413420411 0.0 0.0 236.0 231.0 255.0 0.0041968216351 -0.0406561587194 0.33 -0.33 0.0 
0.0 0.0 0.0419318896459 0.0 0.0 0.0 0.177249757074 0.0 0.153326695765 0.0 0.0 0.409022688694 236.0 244.0 255.0 0.33 -0.33 -0.206587522584 -0.143204990481 0.0 
0.46563943719 2.47478550844 0.471286054975 0.688662174655 0.545307387595 0.502152166383 0.0 0.0 1.36318865318 3.66056065601 0.0 0.0 236.0 244.0 255.0 -0.206587522584 -0.143204990481 -0.0953340400873 0.0868378966601 0.0 
0.0 0.0 0.611754714853 0.0 0.0 0.729006642509 0.114330650864 0.0 0.0 0.0 0.0 0.582655717586 237.0 211.0 255.0 -0.0953340400873 0.0868378966601 0.00606128166617 -0.00393299139222 0.0 
0.0 0.0 0.0 0.0 0.0 0.0 0.304536818383 0.0 0.0 0.0 0.833787637464 0.0 236.0 211.0 255.0 0.00606128166617 -0.00393299139222 0.215683120676 -0.239469786319 0.0 
0.0 0.166295166676 0.0 0.332510607694 0.0 0.0 0.396548083819 0.0 0.0 0.754330214513 1.16246309139 0.110413975041 228.0 249.0 255.0 0.215683120676 -0.239469786319 0.0964069322423 -0.00246649738707 0.0 
0.0 0.0 0.0 0.0 0.0 0.0 0.0 0.0 0.234534158975 0.0 0.0 0.0 203.0 251.0 255.0 0.0964069322423 -0.00246649738707 0.275926421168 0.0645172587821 0.0 
0.0 0.683271415396 0.0 0.0 0.0 0.538160135139 0.185112025967 0.0 0.443809611412 0.0433228813999 0.0 0.086835013346 167.0 250.0 255.0 0.275926421168 0.0645172587821 -0.320835506995 0.127988451176 0.0 
0.0 0.0 0.0 0.293952615113 0.186376157732 0.0 0.0 0.0 0.183892745666 0.0 0.0 0.0 181.0 191.0 254.0 -0.320835506995 0.127988451176 0.13406989922 -0.33 0.0 
0.0 0.0 0.0 0.0 0.0 0.0 0.186871813201 1.08420825235 0.0 0.0 0.0 0.0 174.0 250.0 255.0 0.13406989922 -0.33 -0.0110885780779 -0.0111931697466 0.0 
0.0 0.0 0.0 0.0 0.0 0.0 0.0 0.0 0.0 0.224322691024 0.0 0.0 169.0 251.0 255.0 -0.0110885780779 -0.0111931697466 0.197033706451 -0.0957787511636 0.0 
0.0 0.0 0.0 0.0 0.0 0.0 0.0 0.0 0.0 0.0 0.0 0.0 173.0 251.0 255.0 0.197033706451 -0.0957787511636 -0.21079132847 0.117791602138 0.0 
0.0 0.0 0.0 0.0 0.0 0.0 0.0 0.0 0.0 0.285842176308 0.0 0.0 176.0 237.0 255.0 -0.21079132847 0.117791602138 0.21034135081 0.33 0.0 
0.0 0.248425536595 0.0 0.0 0.0 0.109948827044 0.0 0.0 0.0 0.0 0.0 0.0 145.0 179.0 252.0 0.21034135081 0.33 0.100049642014 0.123404313547 0.0 
0.0 0.0 0.0 0.0 0.0 0.0 1.89849383532 0.0 0.0 0.0 0.296961367149 0.0 128.0 201.0 185.0 0.100049642014 0.123404313547 0.0850158591618 0.220313805627 0.0 
0.0 0.20086606047 0.0 0.211210605249 0.0 0.103444044896 1.33256737101 0.288365984028 0.461197472241 0.0 0.0835939025026 0.0 119.0 215.0 93.0 0.0850158591618 0.220313805627 0.33 0.119539277389 0.0479587838629 
0.670971150735 0.0 0.0 0.0 0.0 0.0 0.109130642085 0.0995716359092 0.485316798279 0.166701685229 0.432846610476 0.10273083515 77.0 100.0 175.0 0.33 0.119539277389 0.188221590378 0.113819967262 0.0 
0.0 0.0 0.0 0.0 0.0 0.0 0.0 0.0 0.0 0.0 0.0 0.0 47.0 97.0 142.0 0.188221590378 0.113819967262 -0.0345756010466 0.268094125068 0.0 
0.0 0.605717226934 0.0 0.0 0.0 0.430594723394 0.124337339823 0.0 0.0 0.218258363526 0.0 0.0 43.0 68.0 89.0 -0.0345756010466 0.268094125068 0.105019412631 0.119125450881 0.0 
0.0 0.0 0.0606371126923 0.0 0.0 0.0 1.29644368854 0.486323798925 0.0 0.0 0.0 0.073754685121 34.0 62.0 49.0 0.105019412631 0.119125450881 -0.245194387168 0.0975395182986 0.0 
0.0 0.0 0.0 0.0 0.0 0.0 13.3144097284 0.0 0.0 0.0 1.16089014791 0.0 34.0 63.0 41.0 -0.245194387168 0.0975395182986 0.183848340463 -0.153947860472 0.0 
0.0 0.0 0.0195729138326 0.212157369451 0.0419808985298 0.0702187655096 0.882072378617 0.666586444428 0.486191244932 0.0 1.3812046788 0.870745040937 34.0 63.0 93.0 0.183848340463 -0.153947860472 0.33 -0.182082069352 0.0 
0.582699102477 0.0332658955057 0.0 0.0 0.637999223886 0.761964900185 1.05753911686 1.23472522359 0.465871320649 0.277147963733 0.276888582286 0.109036297197 14.0 97.0 186.0 0.33 -0.182082069352 -0.12784949991 0.0508461630554 0.0 
0.0 0.0 0.0 0.0 0.0 0.546168307652 0.366239078272 0.801067128301 0.0 0.0 0.0 0.110853294495 13.0 105.0 167.0 -0.12784949991 0.0508461630554 0.0448791777162 0.0764798435993 0.0 
0.0 0.0 0.0 0.0 0.0 0.0 0.0 0.0 0.0 0.0 0.0 0.0 12.0 89.0 133.0 0.0448791777162 0.0764798435993 0.0789989391699 0.222807998579 0.0 
0.0 0.0 0.0 0.0 0.0 0.0 1.43719411736 0.0 0.0 0.0 0.0 0.0 4.0 92.0 71.0 0.0789989391699 0.222807998579 0.245556402891 -0.024012782106 0.0 
0.185353025023 0.0 0.190150378368 0.0 0.0 0.156612512178 1.23550203266 0.606896575045 1.50224195569 0.0 0.0 0.0825007908043 1.0 98.0 94.0 0.245556402891 -0.024012782106 -0.0927567806143 -0.33 0.0 
0.0 0.0 0.697987822082 0.0 0.0 0.0 0.952026080888 0.0 0.680078330766 0.0 0.192969571116 0.0 1.0 107.0 196.0 -0.0927567806143 -0.33 -0.205754543621 0.325860884017 0.0 
0.0 0.0 0.79888212066 0.0 0.0 0.407340896546 0.784100260291 0.649615868954 0.0 0.60287196874 0.0 0.0 3.0 96.0 143.0 -0.205754543621 0.325860884017 -0.156469349257 -0.144627158198 0.0 
0.0 0.0 0.0 0.0 0.0 0.0 1.03833537038 0.220719717803 0.523740801449 0.298816483582 0.290122950244 0.0172252088575 13.0 93.0 179.0 -0.156469349257 -0.144627158198 0.15019798028 -0.157716876023 0.0 
0.0 0.0 0.0 0.0 0.219153859965 0.0 0.156944141389 0.323821643491 0.55140810941 0.0 0.0 0.0 12.0 137.0 231.0 0.15019798028 -0.157716876023 -0.0501816570062 -0.275746092281 0.0 
0.0 0.916229375294 0.62890088947 0.0 0.610901218972 0.0 1.17071511505 0.910469953639 0.0 0.0 1.19680472363 0.143040650027 2.0 223.0 255.0 -0.0501816570062 -0.275746092281 -0.047565616538 0.0840739810804 0.0 
0.0 0.0 0.0 0.0 0.0 0.0 0.173998952365 0.0 0.0 0.0 0.0 0.00479333390453 1.0 203.0 255.0 -0.047565616538 0.0840739810804 0.117754262714 0.251660440247 0.0 
0.0 0.309088583433 0.129454919946 0.0 0.115768620462 0.0 0.176441455949 0.0 0.559211922576 0.0 0.295681834572 0.0979960237701 1.0 143.0 231.0 0.117754262714 0.251660440247 -0.0659726529992 0.157145309113 0.0 
0.0 0.370847446374 0.0 0.0 0.0 0.0 0.0 0.0 0.0 0.310126605548 0.0 0.0 6.0 109.0 179.0 -0.0659726529992 0.157145309113 -0.112531625954 -0.109120354024 0.0 
0.0 0.883803814815 1.53345014952 0.0 0.0 0.0 1.01872429425 0.170976796733 1.50457913539 0.40065259422 0.388172648036 1.05993306656 17.0 111.0 204.0 -0.112531625954 -0.109120354024 0.107925912051 -0.33 0.0 
0.0 0.0 0.0 0.0 0.0 0.0 0.416338598859 0.0 0.0 0.296722877662 0.0 0.0 16.0 173.0 253.0 0.107925912051 -0.33 -0.114199989951 -0.222988078256 0.0 
0.125041182641 0.0 0.0 0.0 0.0 0.672783031881 0.177014496704 0.742356842925 0.665372304938 0.027816626792 0.0 0.505225214618 18.0 181.0 255.0 -0.114199989951 -0.222988078256 0.280334221588 -0.204474434663 0.0 
0.29051053948 0.516505356494 1.22275710444 0.0 0.554436001274 0.594759262709 1.23739088297 0.0 0.0 0.0 0.0 0.683034093934 11.0 199.0 255.0 0.280334221588 -0.204474434663 0.0823645438545 0.102888688511 0.0 
0.0 0.388119629223 0.0 0.360019866205 0.0 0.0 0.0 0.0 0.157840872785 0.207532819645 0.364075066307 0.0 3.0 223.0 255.0 0.0823645438545 0.102888688511 0.33 0.0783072209413 0.0 
0.0 0.672331396007 0.0 0.0 0.0 0.0 0.49712582285 0.275693112823 0.0 0.0 0.0 0.0830692558142 1.0 229.0 255.0 0.33 0.0783072209413 0.144795453584 0.118474113468 0.0 
0.0877768729356 0.0 0.0 0.0 0.0 0.0 0.14420407063 0.0 0.0 0.311468401606 0.0 0.0 0.0 200.0 255.0 0.144795453584 0.118474113468 0.119209713592 -0.000730631106854 0.0 
0.0 0.0 0.0 0.0 0.0 0.0 0.104650883909 0.0 0.561880083055 0.214029643082 0.984634175637 0.0 0.0 191.0 255.0 0.119209713592 -0.000730631106854 0.303501976752 -0.151747385757 0.0 
0.0 0.0 0.0 0.0 0.0 0.0 1.29263367986 0.0144530424636 0.652628586515 0.0 0.0 0.0 0.0 229.0 255.0 0.303501976752 -0.151747385757 -0.230413281565 -0.0127688814048 0.0 
0.0 0.0 0.487886502533 0.0 0.734036506686 0.0 0.439174582939 0.0 0.545658693011 0.294820154731 0.0 0.136892384993 0.0 229.0 255.0 -0.230413281565 -0.0127688814048 -0.0185587722179 -0.261478347491 0.0 
0.0 0.0 1.37149112298 0.493322147583 0.485614996633 0.0 0.0 0.0 0.657839714259 0.277933441751 0.0 1.07599555875 0.0 229.0 255.0 -0.0185587722179 -0.261478347491 0.0561297810061 -0.0519498671247 0.0 
0.0 0.263780998235 0.384260370568 0.0 0.148651135484 0.0 0.387801055645 0.408063538138 0.337140651306 0.0 0.0 0.0 0.0 229.0 255.0 0.0561297810061 -0.0519498671247 -0.10574339414 0.27412029219 0.0 
0.0 0.179582124281 0.0 0.0 0.526242124093 0.0 0.168427312895 1.00100631668 0.822931397881 0.534505056636 0.0 0.0 0.0 229.0 255.0 -0.10574339414 0.27412029219 0.20909765611 -0.0663019498661 0.0 
0.228964638519 0.344842588222 0.227698813251 0.0 0.0 0.0 0.606528005753 0.0 0.173191739585 0.200304404643 0.0 0.0 0.0 229.0 255.0 0.20909765611 -0.0663019498661 0.215035088768 -0.0440722698333 0.0 
0.0 1.77010693428 0.723487401504 0.00960128729335 0.0 0.785152752645 0.0 0.0 0.466928611451 0.0 0.0 0.0318963139126 0.0 229.0 255.0 0.215035088768 -0.0440722698333 0.180867290398 0.126330105061 0.0 
0.0 0.710794010955 0.720236065005 0.0 0.683539978338 0.0 0.168059174071 0.0 0.0 0.0 0.362197767997 0.0 0.0 229.0 255.0 0.180867290398 0.126330105061 -0.33 0.0899529398919 0.0 
0.0 0.703385265918 0.0 0.612319883763 0.0 0.0604997982704 0.386427580953 0.286803742792 0.63867274386 0.0833023917039 0.0 0.662167420559 0.0 229.0 255.0 -0.33 0.0899529398919 0.143470497081 0.33 0.0 
0.0 0.0177307881433 0.0 0.0 0.0 0.0 0.172992082546 1.1988035416 0.0 0.223114248744 0.501290086398 0.0113031554679 0.0 217.0 255.0 0.143470497081 0.33 -0.0758181454671 -0.172217706429 0.0 
0.0 0.0 0.0 0.0 0.0 0.485187511894 0.0 0.0 0.0 0.0 0.0 0.0 0.0 229.0 255.0 -0.0758181454671 -0.172217706429 0.197300621131 0.0666555430902 0.0 
0.0 0.0 0.0 0.0 0.0 0.0 0.0 0.0 0.0 0.0 0.0 0.0 0.0 229.0 255.0 0.197300621131 0.0666555430902 0.15444359536 -0.172629206751 0.0 
0.0 0.0 0.0 0.0 0.0 0.0 0.0 0.0 0.0 0.0 0.0 0.0 0.0 229.0 255.0 0.15444359536 -0.172629206751 -0.0913450003908 -0.30360603405 0.0 
0.0 0.0 0.0 0.0 0.0 0.413398328629 0.168098507961 0.0 0.0 0.0 0.0 0.0 0.0 229.0 255.0 -0.0913450003908 -0.30360603405 0.222711630172 -0.283364521291 0.0 
0.0 0.0 0.0 0.0 0.0 0.0 0.0 0.0 0.0 0.0 0.0 0.0 0.0 229.0 255.0 0.222711630172 -0.283364521291 -0.11873223044 -0.33 0.0 
0.0 0.0 0.0 0.0 0.0 0.0 0.0 0.0 0.0 0.0 0.0 0.0 0.0 229.0 255.0 -0.11873223044 -0.33 -0.0245146149056 -0.151213380194 0.0 
0.0 0.0 0.0 0.0 0.0 0.0 0.168968186971 0.0 0.0 0.0 0.0 0.976622162445 0.0 229.0 255.0 -0.0245146149056 -0.151213380194 -0.0090948664709 -0.219681685765 0.0 
0.0 0.2851947461 0.738575085037 0.0 0.690877838432 0.623014041515 1.05157083185 0.273212366731 0.653484497018 0.370863969823 0.0 0.832376672688 0.0 229.0 255.0 -0.0090948664709 -0.219681685765 0.0301293562603 -0.2328725659 0.0 
0.588138906971 0.0 0.0 0.0 0.0 0.0 1.11717391689 0.368032274358 0.0 0.381142386155 0.0 0.984973329704 0.0 229.0 255.0 0.0301293562603 -0.2328725659 0.170822683606 0.037582355551 0.0 
0.0 0.0 0.0 0.0 0.0 0.0 0.0 0.0 0.409397313802 0.0 0.0 0.0 0.0 229.0 255.0 0.170822683606 0.037582355551 -0.00524245062547 0.0151205469465 0.0 
0.0 0.0 0.0 0.0 0.0 0.0 0.131801419103 0.0 0.0 0.0 0.0 0.0 0.0 229.0 255.0 -0.00524245062547 0.0151205469465 -0.143447009448 -0.33 0.0 
0.0 0.986327295093 1.17082420903 0.0857692158028 0.0 0.0 0.358514756148 0.0 0.620616019019 1.02978166772 0.0 0.0 0.0 229.0 255.0 -0.143447009448 -0.33 0.0619516987098 -0.0130007260232 0.0 
0.0 0.0 0.0 0.775113333707 0.0 0.793123592756 0.077390865523 1.0075365842 0.0 0.361961547879 0.0 1.0126301164 0.0 228.0 255.0 0.0619516987098 -0.0130007260232 0.33 0.0826661243837 0.0 
0.575498812105 0.0 0.0 0.0300382744717 0.0 0.629744256372 0.169961422893 0.046224273951 0.0 0.200001410765 0.986696719913 0.0 0.0 229.0 255.0 0.33 0.0826661243837 0.0998843084207 -0.33 0.0 
0.245081804925 0.0 0.34745179366 0.0 1.24225288932 0.0 0.172660699235 0.0 0.0 0.0418179534449 1.29459952389 1.12698182512 0.0 229.0 255.0 0.0998843084207 -0.33 0.286932410664 -0.175683874218 0.0 
0.521691153453 0.706226570284 0.495503904184 0.0 0.0 0.0 0.0 0.0344590677119 0.672868729091 0.819039201841 0.0 0.0 0.0 230.0 255.0 0.286932410664 -0.175683874218 -0.0915309725464 -0.11747717971 0.0 
0.678746973905 0.340802870077 0.0 0.0 0.0 0.0 0.0 0.0 0.0 0.0 0.0 0.0 0.0 230.0 255.0 -0.0915309725464 -0.11747717971 -0.116459293348 0.0798888275176 0.0 
0.0 0.0 0.578546440344 0.0 0.0 0.351699175976 0.639440275416 0.057506894399 0.0 0.405900234541 0.0 0.0 0.0 229.0 255.0 -0.116459293348 0.0798888275176 -0.0570638087216 0.33 0.0 
0.178907873679 0.0 0.248981136879 0.0 0.0 0.248552707112 0.232663531413 0.0 0.0 0.311538045388 0.0 0.070814075409 0.0 229.0 255.0 -0.0570638087216 0.33 0.283768168029 -0.0910689342277 0.0 
0.0 0.876248237015 0.0 0.0 0.725399823499 0.702099522338 0.197477630312 0.0 0.0 0.310957117059 0.334324091078 0.13513553935 1.0 223.0 255.0 0.283768168029 -0.0910689342277 0.18135407251 0.135817328909 0.0 
0.0 0.0 0.0 0.0 0.0 0.0 0.0 0.0 0.0 0.0 0.0 0.0 1.0 229.0 255.0 0.18135407251 0.135817328909 -0.33 -0.0165148598113 0.0 
0.0 0.0 0.0 0.0 0.0 0.0 0.0 0.0 0.0 0.0 0.0 0.0 1.0 229.0 255.0 -0.33 -0.0165148598113 -0.33 0.0122217100071 0.0 
0.0 0.0 0.0 0.0 0.0 0.0 0.0 0.0 0.0 0.0 0.0 0.0 1.0 229.0 255.0 -0.33 0.0122217100071 0.32171433084 -0.044654606235 0.0 
0.0 0.0 0.0 0.0 0.0 0.0 0.0 0.0 0.0 0.0 0.0 0.0 5.0 210.0 255.0 0.32171433084 -0.044654606235 0.0948441773693 -0.0154950449416 0.0 
0.0 0.0 0.0 0.0 0.0 0.574250069426 0.167387798116 0.0 0.0 0.286371725731 0.0 0.0 7.0 210.0 255.0 0.0948441773693 -0.0154950449416 -0.138665291675 -0.193119205041 0.0 
# HEADER 4
0.0 0.0 0.0 0.0 0.0 0.0 0.0 0.0 0.0 0.0 0.0 0.0 133.0 249.0 255.0 0 0 -0.33 0.215199311601 -0.741353317237 
0.0 2.44267682441 0.0 0.0 0.0 0.0 0.0 0.0 2.40715320178 4.77503754046 0.42628621403 0.0 155.0 189.0 253.0 -0.33 0.215199311601 0.0789344122636 -0.28159855057 0.0 
0.0 0.0 0.0 0.0 0.0 0.0 0.0 0.0 0.0 0.0 0.0 0.0 156.0 236.0 255.0 0.0789344122636 -0.28159855057 0.146573757527 -0.210214576216 0.0 
0.0 0.0 0.0 0.0 0.266719280844 0.0 0.0 0.0 0.0 0.0 0.0 0.0 130.0 250.0 255.0 0.146573757527 -0.210214576216 -0.144018711445 -0.0977585840288 0.0 
0.0 0.0 0.0 0.0 0.0 0.0 0.0 0.0 0.0 0.205168586568 0.0 0.0 142.0 250.0 255.0 -0.144018711445 -0.0977585840288 -0.00360504803595 0.169246971702 0.0466099928608 
0.0 0.0 0.0 0.0 0.0 0.0 0.0 0.0 0.0 0.0 0.0 0.0 170.0 234.0 255.0 -0.00360504803595 0.169246971702 0.32982765535 -0.147149141955 -0.0466099928608 
0.0 0.0 0.0 0.0 0.0 0.0 0.0 0.0 0.688200566219 0.0 0.0 0.0 149.0 250.0 255.0 0.32982765535 -0.147149141955 -0.33 -0.0410125814452 0.0 
0.0 0.0 0.0 0.0 0.0 0.0 0.0 0.0 0.0 0.0 0.0 0.0 169.0 250.0 255.0 -0.33 -0.0410125814452 0.269871079863 -0.181620085123 0.0 
0.0 0.0 0.0 0.0 0.0 0.0 0.0 0.0 0.0 0.0 0.0 0.0 154.0 250.0 255.0 0.269871079863 -0.181620085123 -0.128057279813 0.192345366566 0.0 
0.0 0.0 0.0 0.0 0.0 0.0 0.0 0.0 0.0 0.0 0.0 0.0 160.0 241.0 255.0 -0.128057279813 0.192345366566 -0.154927609715 -0.297941408732 0.0 
0.0 0.0 0.0 0.0 0.0 0.0 0.0 0.0 0.0 0.0 0.0 0.0 190.0 249.0 255.0 -0.154927609715 -0.297941408732 -0.0783386072942 0.195853623006 0.0 
0.0 0.0 0.0 0.0 0.556837436756 0.0 0.0 0.0 0.0 0.0 0.0 0.0 208.0 212.0 255.0 -0.0783386072942 0.195853623006 -0.33 0.0467664851001 0.0 
0.382770476629 0.980374907701 0.0 0.0 0.0 0.859188952253 0.275786516728 0.0 0.458211699374 0.0 0.525936347628 0.0 225.0 162.0 244.0 -0.33 0.0467664851001 -0.0196107744182 -0.313949357324 0.0 
0.0 0.0 0.585504755736 0.0 0.0 0.0 0.305045175592 0.28713306605 0.437547581034 0.0 0.0 0.0 232.0 213.0 255.0 -0.0196107744182 -0.313949357324 -0.250294263463 0.0203022525069 0.0 
0.0 0.0 0.0 0.0 0.0 0.0 0.0 0.0 0.0 0.0 0.0 0.0 234.0 212.0 255.0 -0.250294263463 0.0203022525069 0.152601933369 -0.0947010956336 0.0 
0.782499073122 0.0 0.0 0.0 0.0 0.0 0.0 0.0 0.0 0.0 0.0 0.384782387192 230.0 244.0 255.0 0.152601933369 -0.0947010956336 0.33 -0.212573228419 0.0 
0.0 0.0 0.0 0.0 0.0 0.0 0.0 0.0 0.0 0.0 0.0 0.0 203.0 250.0 255.0 0.33 -0.212573228419 0.0153389631153 -0.0092584774212 0.0 
0.0 0.0 0.0 0.0 0.0 0.0 0.278354307842 0.0 0.672132463093 0.0 0.560274048401 1.02656696893 192.0 250.0 255.0 0.0153389631153 -0.0092584774212 -0.0200700423917 -0.0711226448058 0.0 
0.0220184369812 0.862028686831 0.592964654086 0.0 0.0601575932205 0.128364987595 0.22718554833 0.109554538542 0.0 0.272813577502 0.0 0.485667808113 194.0 250.0 255.0 -0.0200700423917 -0.0711226448058 -0.0747082280124 0.0253940525059 0.0 
0.0 0.0 0.0 0.0 0.0 0.0 0.0 0.0 0.0 0.631197424366 0.0 0.0 209.0 241.0 255.0 -0.0747082280124 0.0253940525059 0.3139925216 0.0602489300197 0.0 
0.0 0.0 0.0 0.759113381721 0.0 0.286106542079 0.816676925837 0.0 0.019847635239 0.0 0.0 0.0 183.0 218.0 255.0 0.3139925216 0.0602489300197 -0.33 0.00285777351949 0.0 
0.0 0.0 0.304952558169 0.0 0.0 0.398789652468 0.271301819386 0.936357951378 0.211835325674 0.0 0.916072409229 0.0 141.0 229.0 255.0 -0.33 0.00285777351949 -0.0514397803821 0.0870916626884 0.0 
0.0 0.0 0.0 0.00946119769198 0.0706570574941 0.0 0.0 0.747661116873 0.706187613987 0.0 0.0 0.0 103.0 225.0 251.0 -0.0514397803821 0.0870916626884 -0.329201417661 -0.0321694883799 0.0 
0.0 0.0 0.0 0.0 0.0 0.0 0.0 0.0 0.0 0.0 0.0 0.0 121.0 226.0 255.0 -0.329201417661 -0.0321694883799 0.128111154299 -0.202213783444 -0.013341856792 
0.0 0.0 0.0 0.0 0.0 0.0 0.0 0.0 0.0 0.0 0.0 0.0 115.0 251.0 255.0 0.128111154299 -0.202213783444 -0.224494503952 0.00703619565425 0.0599518496527 
0.0 0.0 0.0 0.0 0.0 0.0 0.0460502400982 0.0 0.0 0.0 0.0 0.0 132.0 251.0 255.0 -0.224494503952 0.00703619565425 0.33 0.102368576425 0.0 
0.0 0.0 0.0 0.0 0.553233328435 0.775054596808 0.0 0.0 0.0 0.0 0.466171952751 0.0 164.0 217.0 255.0 0.33 0.102368576425 -0.0854692965957 0.302609427645 0.0 
0.313742467613 0.0 0.0 0.965830514236 0.0 0.0 0.294257803136 0.93902995788 0.0 0.0 0.35957206531 0.158591112422 195.0 137.0 225.0 -0.0854692965957 0.302609427645 -0.148315950308 -0.128023538347 0.0 
0.0 0.0412531091724 0.0 1.03960619572 0.0 0.902537898221 0.0 0.455183490883 0.0 0.336768055949 0.0 0.239774927485 227.0 143.0 239.0 -0.148315950308 -0.128023538347 0.202793962914 -0.244866755327 0.0 
0.0 0.0 0.0 0.0 0.0 0.0 0.0 0.0 0.0 0.0 0.0 0.0 215.0 224.0 255.0 0.202793962914 -0.244866755327 -0.0508457515539 0.150379997059 0.0 
0.0 0.0 0.0 0.0 0.0 0.0 0.322217000577 0.0 0.652085301604 0.0 0.431818313913 0.0 215.0 195.0 255.0 -0.0508457515539 0.150379997059 0.106284244799 0.101847765598 0.0 
0.0 0.0222706742272 0.555169514286 0.0 0.0 0.237788098332 0.0793924018735 0.0 0.322176381369 0.0 0.528086846501 0.155452317376 196.0 161.0 244.0 0.106284244799 0.101847765598 0.33 -0.28366572485 0.0 
0.60578544647 0.927582523065 0.0 0.0 0.0 0.0 0.0 0.0 0.27319907812 0.1017538417 0.528110488872 1.23100182278 162.0 232.0 255.0 0.33 -0.28366572485 0.106688936805 0.163927623061 0.0 
0.0 0.0 0.0 0.0 0.0 0.0 0.0 0.0 0.0 0.0 0.0 0.0 119.0 230.0 255.0 0.106688936805 0.163927623061 -0.0185105760233 -0.230358406677 0.0 
0.0 0.0 0.0 0.0 0.0 0.0 0.0 0.0 0.0 0.0 0.0 0.0 116.0 250.0 255.0 -0.0185105760233 -0.230358406677 0.314474024381 -0.050810732783 0.0 
0.0 0.0 0.0 0.0 0.0 0.0 0.397862362166 0.0 1.08388909193 0.0 0.0 0.229830034847 94.0 251.0 255.0 0.314474024381 -0.050810732783 -0.0564327465679 -0.0560509603642 0.0 
0.0 0.0 0.0 0.0 0.0 0.0 0.0 0.0 0.235048816896 0.0 0.0 0.0 95.0 251.0 255.0 -0.0564327465679 -0.0560509603642 -0.0924610923508 0.0144313360842 0.0 
0.0 0.580829763468 0.0 0.0 0.35852290842 0.539611441324 0.0 1.06649512987 0.274408391286 0.839688116713 1.03099173555 0.318641359612 117.0 251.0 255.0 -0.0924610923508 0.0144313360842 0.212493786797 0.132281743951 0.0 
0.0 0.0 0.0 0.0 0.0 0.0 0.0 0.0 0.0 0.0 0.0 0.0 98.0 249.0 255.0 0.212493786797 0.132281743951 0.127214821679 0.006641772261 0.0 
0.0 0.0 0.0 0.0 0.0 0.0 0.0 0.0 0.0 0.0 0.0 0.0 82.0 251.0 255.0 0.127214821679 0.006641772261 0.131180141875 -0.0942675834263 0.0 
0.0 0.0 2.85292225596 0.0 0.0 1.0579443709 0.308149584988 3.35726331065 0.470085281425 0.0 0.59401300154 1.14981336324 77.0 255.0 255.0 0.131180141875 -0.0942675834263 -0.0305695544794 0.0687879868106 0.0 
0.0 0.0 2.89737031345 0.0 0.656363809674 5.25708457044 1.57119850997 4.75410971495 0.0 0.0 2.55993853884 0.0 71.0 255.0 255.0 -0.0305695544794 0.0687879868106 0.114763117823 -0.0813614941541 0.030213474359 
0.0 0.0 4.44112107058 0.0 0.0 5.00580277489 2.69215986611 6.63715640637 0.0 0.0 2.05929197917 0.0 67.0 255.0 255.0 0.114763117823 -0.0813614941541 -0.223319102084 0.265713681749 0.0279484885665 
0.240014992063 0.554480134111 5.40581941325 0.0 0.0 5.55866899533 1.36434417074 5.99163434721 1.13683515603 0.0 2.71098790399 0.0 74.0 252.0 255.0 -0.223319102084 0.265713681749 0.171078205792 -0.180847476731 0.0402877346059 
0.0 0.0 1.37094332206 0.159624151927 0.196338915944 0.760741607502 0.893324380525 2.55345348781 0.685702717942 1.12496285702 1.55593589728 1.33245351135 88.0 250.0 255.0 0.171078205792 -0.180847476731 0.0373784977116 0.0922533311538 -0.0257730876539 
1.60924411577 1.39693998586 0.615413246702 0.0418201166575 0.0 1.00443951283 0.330815283153 0.0 0.0 0.148916655489 0.0 0.463711216983 116.0 231.0 255.0 0.0373784977116 0.0922533311538 0.100808813395 0.053876690614 -0.0726766098774 
0.0 0.0 0.724885347136 0.538803129931 0.0 0.410926540902 0.299018186453 0.234211676773 0.0 0.0 0.0 0.0 143.0 175.0 251.0 0.100808813395 0.053876690614 -0.189530922577 0.0752681613197 0.0 
0.0 0.276266997908 0.00732299231825 0.15928371238 0.0 0.0 1.1432254763 0.493914820009 1.49391913446 0.407866388297 1.39919299722 0.181501542055 172.0 132.0 221.0 -0.189530922577 0.0752681613197 -0.173222341273 -0.289927450142 0.0 
0.855029639438 0.655767786123 0.0 0.0 0.0 0.0 0.190740499433 0.0 0.585503032087 0.150145486251 1.25359237544 0.0 203.0 154.0 246.0 -0.173222341273 -0.289927450142 0.291447652835 0.136433912957 0.0 
0.0 0.0788428810179 0.0 0.0 0.0 0.0 0.471414803838 0.783932326734 0.0 0.110624107797 0.0 0.0 230.0 131.0 220.0 0.291447652835 0.136433912957 0.0224195574957 -0.33 0.0 
0.0 0.0 0.308214671237 0.0 0.421445417075 0.0 0.285582079226 0.0 0.0 0.404812461972 0.0 0.182470139719 233.0 167.0 252.0 0.0224195574957 -0.33 -0.300699407446 -0.107785862332 0.0 
0.0 0.0 0.0 0.0 0.0 0.0 0.0 0.0 0.0 0.0 0.0 1.05448076349 237.0 232.0 255.0 -0.300699407446 -0.107785862332 0.0341340492476 -0.321235658076 0.0 
0.0 0.0 0.0 0.0 0.0 0.0 0.0 0.0 0.0 0.0 0.0 0.0 238.0 240.0 255.0 0.0341340492476 -0.321235658076 -0.198317136254 -0.232579388558 0.0 
0.0 0.0 0.0 0.0 0.0 0.0 0.0 0.0 0.0 0.0 0.0 0.0 237.0 240.0 255.0 -0.198317136254 -0.232579388558 -0.0195699127992 -0.0787205609035 0.0 
0.0 0.0 0.0 0.0 0.0 0.0 0.0 0.0 0.0 0.0 0.0 0.0 238.0 240.0 255.0 -0.0195699127992 -0.0787205609035 0.0477884645991 0.106430749802 0.0 
0.0 0.0 0.0 0.0 0.0 0.0 0.0 0.0 0.0 0.0 0.0 0.536965133673 233.0 205.0 255.0 0.0477884645991 0.106430749802 -0.0213658121773 0.0272778419442 0.0 
0.850054887431 0.0330443622864 0.0 0.0485722272928 0.0 0.0 0.0 0.0 0.0 0.0 0.287624293896 0.0394486318889 231.0 173.0 250.0 -0.0213658121773 0.0272778419442 0.0516257981601 0.0655959843731 0.0 
0.0 0.0 0.0 0.0 0.0 0.0 0.0 0.0 0.0 0.0 0.0 0.0 222.0 152.0 237.0 0.0516257981601 0.0655959843731 -0.256512342429 0.0491920645195 0.0 
0.0 0.0 0.364669797193 0.0703760648245 0.0 0.0 0.670664839378 0.20780513388 0.0 0.163584431727 0.0 1.03330782584 232.0 126.0 211.0 -0.256512342429 0.0491920645195 -0.0376392034295 -0.116762270196 0.0 
0.371621241109 0.961701986755 0.0 0.0 0.480882201523 0.470605215795 0.0 1.08531340096 0.748279497578 0.0 0.521664532205 0.0 234.0 148.0 241.0 -0.0376392034295 -0.116762270196 -0.0786846486404 0.285661637603 0.0 
0.0 0.0711359920146 0.607355612633 0.92864852984 0.89005101417 0.953782989485 0.313405564567 0.508810906809 1.50074928141 1.10099512888 0.478161169343 0.284213183525 233.0 124.0 209.0 -0.0786846486404 0.285661637603 -0.256980763673 0.0167222221993 0.0 
0.308956936088 0.0 0.0 0.0 0.725211670527 0.0 0.0 1.07628394953 0.0 0.339593581813 0.0 0.0 233.0 113.0 184.0 -0.256980763673 0.0167222221993 -0.00689579218879 0.0380530520923 0.0 
0.0 0.0 0.631763806275 0.0840615049768 0.0 0.0 0.602751078953 0.0 0.0 0.0 0.0 0.0 233.0 104.0 158.0 -0.00689579218879 0.0380530520923 -0.0550529026305 0.161632766103 0.0 
0.0 0.0 0.0 0.0 0.0 0.0 0.0 0.0 0.0 0.0 0.0 0.0 233.0 82.0 114.0 -0.0550529026305 0.161632766103 -0.0927014206906 -0.33 0.0 
0.845942478047 0.942148190213 0.0 0.958238499986 0.770475959766 0.807957916301 0.408188143746 0.0 0.715195729911 2.09423444475 0.539246108943 1.19256536034 233.0 89.0 188.0 -0.0927014206906 -0.33 -0.170519934582 -0.00771419362352 0.0 
0.0682057921249 0.0 0.551063452147 0.973959253404 0.672645252243 2.46995684181 0.315135936167 0.628219072885 0.532098575583 0.288515285773 0.569947113501 0.282079546902 234.0 119.0 211.0 -0.170519934582 -0.00771419362352 -0.0666314413572 -0.0954795112014 0.0 
# HEADER 5
0.0 0.899172962764 0.0 0.0964383174432 0.0 0.933366776566 0.21801305654 0.574892075042 0.0 0.0 0.0 0.0 132.0 248.0 255.0 0 0 0.269492169231 0.201195470483 0.0 
0.0 0.0 0.0 0.00537042567796 0.0 0.0 0.0 0.0 0.0 0.0 0.0 0.0 132.0 199.0 255.0 0.269492169231 0.201195470483 -0.194961257715 0.33 0.0 
0.0 0.119221987619 0.0 0.849833189232 0.0 0.512485636169 1.27902784637 0.419548481898 0.471333537383 0.10501151915 0.346276299421 0.241689562205 155.0 164.0 182.0 -0.194961257715 0.33 0.0443974103731 0.0724586434322 0.0 
0.0 0.0 0.0 0.0 0.0 0.0 0.0 0.0 0.0 0.120507787409 0.0 0.0 183.0 98.0 155.0 0.0443974103731 0.0724586434322 0.115551278813 -0.33 0.305640880401 
0.0 0.0 0.0 0.100792573428 0.130391594982 0.258502411591 0.0 0.0 0.0 0.343798000978 0.579364889534 0.865796900582 170.0 134.0 218.0 0.115551278813 -0.33 0.24172145573 -0.138110163284 0.40533558102 
0.0 1.23075240222 0.378929659423 0.226108664853 0.0 0.0 0.238515032388 1.24687002971 0.0 0.0804684401311 0.0664056117694 0.0 140.0 207.0 255.0 0.24172145573 -0.138110163284 -0.225081603617 -0.0041086110004 -0.229645816797 
1.39552965553 0.0 0.611763222435 0.0 0.0 0.814708280246 0.0 0.613318296683 0.692691480697 0.293985121502 0.0 0.501617456134 156.0 224.0 255.0 -0.225081603617 -0.0041086110004 -0.0704660359815 -0.103015714184 -0.352619778948 
0.0 0.121994311701 1.75948856586 0.0 0.884761451774 0.0 1.23761790192 0.0 0.0 0.0 0.591413899752 1.25128385176 181.0 250.0 255.0 -0.0704660359815 -0.103015714184 -0.316253255335 -0.0126494100587 0.0390857660499 
0.0 0.0 0.0 0.0 0.0 0.0 0.0 0.0 0.0 0.0 0.0 0.0 218.0 249.0 255.0 -0.316253255335 -0.0126494100587 -0.257396492651 -0.0850993171032 0.0 
0.00816244507876 0.0 0.496782335958 0.0 0.05545086996 0.0 0.0 0.0 0.834761887583 0.732804443314 0.0720131351073 0.0 237.0 241.0 255.0 -0.257396492651 -0.0850993171032 -0.0331215778698 -0.162523252402 0.0 
# HEADER 6
0.0 0.0 0.0 0.0 0.0 0.0 0.0 0.0 0.0 0.0 0.0 0.0 133.0 247.0 255.0 0 0 0.33 -0.0455204888456 -0.0153807472433 
0.0 0.0 0.0 0.0 0.0 0.0 0.0 0.0 0.0 0.0 0.0 0.0 109.0 250.0 255.0 0.33 -0.0455204888456 -0.231306436899 0.127172613226 0.0 
0.20330150386 0.411151521466 0.352212851213 0.0 0.168584054209 0.139160888026 0.372834048816 0.0 0.221796638741 0.0 0.11551724225 0.0 83.0 253.0 255.0 -0.231306436899 0.127172613226 0.21397787258 0.180685888782 0.0 
0.0 0.130361511753 1.9350035344 0.144860116867 0.0751380322706 3.10239743493 1.27455181806 1.82328015646 0.0 0.260839908705 1.59744040583 0.342506897391 75.0 252.0 248.0 0.21397787258 0.180685888782 0.280128000101 0.019731619618 -0.0148804209017 
0.0 0.0 1.78206810679 0.0 0.0 6.66999119747 4.08257877052 8.4347550902 0.0 0.0 2.67042749887 0.0 68.0 254.0 244.0 0.280128000101 0.019731619618 0.24052212009 -0.0462697146278 0.110498617055 
0.0 0.0 5.11985510762 0.0 0.945220459807 7.12717255943 3.43284773808 10.4405719627 0.0 0.0 5.80429219319 0.0 63.0 255.0 255.0 0.24052212009 -0.0462697146278 0.201367872293 0.00808745036174 0.0334431086055 
0.0 0.0 1.57644360764 0.0 0.0 6.45857968642 6.30019363502 11.2636470304 0.0 0.0 4.80822982679 0.0 61.0 255.0 255.0 0.201367872293 0.00808745036174 -0.2315865404 0.228576074916 0.0 
0.0 0.0 0.0 0.0 0.0 0.882856278564 7.88383446766 7.48165447559 0.0 0.0 2.14131847496 0.0 74.0 252.0 221.0 -0.2315865404 0.228576074916 -0.232440670477 0.0259120737243 0.0 
0.0 0.0 0.0 0.0 0.0 0.0 6.03469157013 0.0 0.0 0.0 0.601223509831 0.0 95.0 244.0 171.0 -0.232440670477 0.0259120737243 0.33 0.268319790391 0.0632494572087 
0.0 0.0 0.0 0.0 0.0 0.0 2.50915116631 0.589689819944 0.0 0.0 0.607273561092 0.0 125.0 207.0 105.0 0.33 0.268319790391 0.0107477585629 -0.172863337812 0.0747117011388 
0.0 0.0 0.0 0.535984883105 0.0 0.0 2.66737260609 0.0 0.0 0.0 1.31315843204 0.0 146.0 167.0 185.0 0.0107477585629 -0.172863337812 -0.164385186951 -0.131452958596 0.282041069276 
0.0 0.0 0.0 0.529934945657 0.962182931878 0.440876560037 0.487143625375 0.0 0.235460011497 0.324580770693 0.363328035638 0.0 174.0 170.0 247.0 -0.164385186951 -0.131452958596 -0.15018962167 -0.33 -0.141343623533 
0.0 0.0 0.0 0.0 0.0 0.0 0.0 0.0 0.173349751303 0.0 0.0 0.0 212.0 226.0 255.0 -0.15018962167 -0.33 -0.143372554275 -0.0835053679141 -0.124316813926 
0.700779833868 0.0882873322374 0.0 1.02200132733 0.0 1.24612207951 0.0512857487475 0.930412953841 0.0 0.0 1.00077431925 0.951169647648 233.0 244.0 255.0 -0.143372554275 -0.0835053679141 -0.302478300677 0.328681843669 0.0 
0.0 0.0 0.0 0.0 0.0 0.0 0.0 0.0 0.0 0.0 0.0 0.0 235.0 181.0 251.0 -0.302478300677 0.328681843669 0.114576582868 0.154444273406 0.0 
0.0 0.128793726691 0.0 0.596575083569 0.0 0.72755521201 0.0 1.20416123042 0.676504884462 0.0 0.0995094196843 0.375508143862 235.0 136.0 220.0 0.114576582868 0.154444273406 -0.00832226072624 0.236388549948 0.0 
0.0 0.0 0.0 0.0 0.0 0.0 0.0 0.0 0.0 0.0 0.0 0.0 234.0 105.0 163.0 -0.00832226072624 0.236388549948 0.130404803861 -0.101633466566 0.0 
0.0 0.0 0.906375395234 0.0 0.455882084327 0.411531094187 0.344945166836 1.67581855502 0.0 0.0 0.0 0.41701287851 229.0 116.0 203.0 0.130404803861 -0.101633466566 -0.247675735284 -0.119725512007 0.0 
0.184674209478 0.20527117479 0.155635925012 0.0 0.728329261872 0.370880803278 0.34628952943 0.914524841693 0.509502352381 0.145803588878 0.628095521255 0.362363302296 202.0 171.0 252.0 -0.247675735284 -0.119725512007 0.113909375236 -0.102150977054 0.0 
0.0 1.03326057024 0.0 0.582172295007 0.0 0.791134178822 0.739156526318 0.907156281785 0.0 0.341196056559 0.0 0.0 179.0 248.0 255.0 0.113909375236 -0.102150977054 -0.193575918248 -0.0283768903679 0.0 
0.0 0.0 0.0 0.0 0.0 0.236518465328 0.250725366889 0.678867311335 0.0 0.44647567499 0.0 0.0 197.0 250.0 255.0 -0.193575918248 -0.0283768903679 0.281973573502 -0.0539677222352 0.0 
0.0 0.666190551224 0.0 0.0 0.548699945954 0.0 0.0 0.950716193222 0.176660284756 0.0 0.123836552496 0.0 227.0 245.0 255.0 0.281973573502 -0.0539677222352 -0.0677505800608 0.102661483742 0.0 
0.0 0.0379449324921 0.0 0.0 0.0 0.0 0.0 0.0 0.0 0.263092220927 0.508307505042 0.0 232.0 205.0 255.0 -0.0677505800608 0.102661483742 -0.322586412472 0.195999983711 0.0 
0.0 0.0 0.0 0.0 0.0 0.0 0.0 0.588148984684 0.659783694408 0.0 0.0 0.0 233.0 151.0 236.0 -0.322586412472 0.195999983711 0.0340600435165 -0.247964006533 0.0 
0.0814899703298 0.0 0.0 0.0 0.0 0.237602401518 0.338336364814 0.0 0.0 0.0 0.0 0.0 237.0 191.0 255.0 0.0340600435165 -0.247964006533 -0.272192312573 0.037872899659 0.0 
0.0 0.77891067994 0.0 0.147439700215 0.0 0.0 0.230145425292 0.0 0.0 0.0 0.611976889665 0.358896715999 237.0 182.0 252.0 -0.272192312573 0.037872899659 -0.161906063138 -0.297398988275 0.0 
0.0 0.0 0.0 0.0 0.0 0.0 0.0 0.0 0.0 0.0 0.0 0.0 237.0 238.0 255.0 -0.161906063138 -0.297398988275 0.156683056914 -0.131175287291 0.0 
0.0 0.132814787348 0.0 0.0 0.0 1.09418547487 0.354542695945 1.58139710761 0.0 0.392146452329 0.713059897652 0.300107727072 237.0 242.0 255.0 0.156683056914 -0.131175287291 -0.00423841195187 0.0754384619098 0.0 
0.0 0.0 0.0 0.0 0.00777976649415 0.0 0.330799974856 1.51004104355 0.381161501375 0.0 0.0 0.0 237.0 209.0 255.0 -0.00423841195187 0.0754384619098 0.214225899338 0.233684478041 0.0 
0.472609606069 0.0577476377401 0.0 0.0 0.395890126554 0.0 0.353186608104 0.0 0.0407014319506 0.276187850999 0.0 0.355105089734 236.0 152.0 237.0 0.214225899338 0.233684478041 0.0117598573119 0.0904177275611 0.0 
0.488595462641 1.14476743658 0.166490024267 0.182859391042 0.77529902699 0.797332780486 0.572851055709 0.43865630773 0.561124832068 1.11585598825 0.86194298688 0.158600216675 235.0 123.0 203.0 0.0117598573119 0.0904177275611 0.31173597048 0.33 0.0 
0.0 0.0 0.0 0.0 0.0 0.0 0.0 0.0 0.0 0.0 0.0 0.0 215.0 97.0 150.0 0.31173597048 0.33 0.155121711042 0.00537196226302 0.0 
0.0 0.0 0.135734674411 0.189724404468 0.75724555367 0.690024778264 0.0 0.173422266211 0.451156750804 0.411866824471 0.0 0.0 181.0 93.0 156.0 0.155121711042 0.00537196226302 0.148793831713 -0.117913701308 0.0 
0.0 0.18664780467 0.0 0.580651217248 0.0 0.414060365154 0.278941498658 0.0 0.731303305628 0.0 0.588738890217 0.0 162.0 133.0 198.0 0.148793831713 -0.117913701308 -0.133591217647 0.254584082819 0.0 
0.70375592128 0.0 0.0 0.159295757514 0.847725922346 0.772121216195 0.813728793368 0.681014690797 0.0 0.0 0.588998361383 0.0 141.0 180.0 118.0 -0.133591217647 0.254584082819 -0.0183284924068 -0.222918799436 -0.491666679418 
0.0 0.0 0.0 0.0 0.0 0.0 4.28180183666 0.0 0.0 0.0 0.431251454363 0.0 137.0 190.0 177.0 -0.0183284924068 -0.222918799436 0.169088322957 -0.262184799664 0.153095428986 
0.0 0.0 0.0 0.0 0.0 0.0 0.0 0.0 0.0 0.0 0.0 0.36858717749 114.0 222.0 255.0 0.169088322957 -0.262184799664 -0.00370052818897 -0.0805183568952 -0.449786613741 
0.0 0.0 0.0 0.0 0.0 0.0 0.0 0.0 0.0 0.0 0.0 0.0 85.0 250.0 255.0 -0.00370052818897 -0.0805183568952 0.0844420362225 0.111635903507 -0.507276577017 
0.468919130433 0.207288086043 0.456286940537 0.0 0.451608165718 1.1366933086 0.359475813126 1.69195178397 0.0 0.0 0.590057215289 0.0 80.0 253.0 255.0 0.0844420362225 0.111635903507 0.218936761108 0.192051156283 0.0 
0.0 0.0 1.42752102651 0.0 0.0 6.35196961321 1.47040847531 5.30111789812 0.0 0.0 2.93307536015 0.0 77.0 252.0 240.0 0.218936761108 0.192051156283 0.14049567437 -0.131640840259 0.0832255904087 
0.0 0.0 2.74346876456 0.0 0.923794694495 6.87103917067 0.97305512324 7.01279414659 0.0 0.0145055978459 5.55067504986 0.177794820635 70.0 255.0 255.0 0.14049567437 -0.131640840259 -0.0382402258157 -0.030673330348 0.132936843122 
0.0 0.0 1.17245442941 0.0 0.0 4.37635647224 2.21412127336 3.89757532646 0.0 0.0 5.54017707216 0.0 73.0 255.0 255.0 -0.0382402258157 -0.030673330348 0.142176755302 -0.274082144918 -0.00166771734881 
0.178642540273 0.19813973815 1.90826872863 0.0 0.0 5.86598353895 0.469537055639 3.62466485574 0.0 0.0 4.28798302015 1.68139771702 71.0 255.0 255.0 0.142176755302 -0.274082144918 -0.157502478316 -0.169777861431 -0.0658888985142 
0.0 0.0 2.02658022829 0.436744844725 0.0 2.60944411894 0.982476538975 1.91695491042 0.0 0.0 2.26521271209 0.0 77.0 253.0 255.0 -0.157502478316 -0.169777861431 0.231351638918 -0.238491107125 0.0 
0.0 0.0 0.0 0.0 0.0 0.0 0.0 0.0 0.0 0.0 0.0 0.0 92.0 250.0 255.0 0.231351638918 -0.238491107125 0.21335127363 -0.261307522732 -0.0596107097859 
0.0 0.0 0.0 0.0 0.0 0.0 0.0 0.0 0.0 0.0 0.0 0.0 120.0 250.0 255.0 0.21335127363 -0.261307522732 0.110291105886 -0.130322199604 -0.0184624817184 
0.0 0.0 0.0 0.0 0.0 0.0 0.0 0.0 0.0 0.0 0.0 0.0 153.0 250.0 255.0 0.110291105886 -0.130322199604 -0.157009723 0.283367745487 0.0 
0.0 0.0 0.550128766584 0.195642788891 0.851649898559 0.0528316714381 0.330889604304 0.0 0.0 0.366041041978 0.351344439293 0.0372738357923 177.0 221.0 255.0 -0.157009723 0.283367745487 -0.121149569987 0.0569050591592 0.0 
0.0 0.210084520018 0.0 0.0 0.0 0.709418014543 0.32925879439 0.116906877404 0.0 0.353283578925 0.624090450655 0.371693150391 201.0 161.0 242.0 -0.121149569987 0.0569050591592 0.212060589709 -0.305653094562 0.0 
0.0 0.0 0.0296161362086 0.0 0.0 0.0 0.0 0.0 0.0 0.0 0.109783695671 0.761390784491 186.0 224.0 255.0 0.212060589709 -0.305653094562 0.0338942654702 -0.161167957491 -0.061702523823 
0.0 0.393484056895 0.0 0.0 0.0 0.0 0.0 0.0 0.0 0.152082404587 0.0 0.809519740758 154.0 250.0 255.0 0.0338942654702 -0.161167957491 -0.0808656185771 0.0863288209415 0.061702523823 
0.0 0.0 0.0 0.0 0.0 0.0 0.0 0.201749042852 0.0 0.0 0.518046981012 0.0 158.0 247.0 255.0 -0.0808656185771 0.0863288209415 -0.0155315799411 0.134340148494 0.0 
0.0 0.30146105088 0.0 0.0 0.883718008092 0.0 0.0 0.0 0.0 0.332661046421 0.0 0.462251437364 173.0 185.0 252.0 -0.0155315799411 0.134340148494 0.223304819909 -0.275806945319 0.0 
0.492104651405 0.0 0.0 0.0 0.0 0.0 0.0 0.0 0.0 0.0 0.0 0.492673623049 157.0 246.0 255.0 0.223304819909 -0.275806945319 0.0225655894163 0.073191928839 0.0 
0.0 0.0 0.0 0.0 0.0 0.0 0.0 0.356868565527 0.656121422022 0.0 1.12645606888 0.0 142.0 239.0 255.0 0.0225655894163 0.073191928839 0.33 0.0344876503607 0.0 
0.0 0.0 0.0 0.955259098324 0.0 0.831624830414 0.0 0.0 0.0 0.152484475079 0.295711967716 0.332654879433 129.0 212.0 255.0 0.33 0.0344876503607 -0.33 -0.176205359009 0.0 
0.0 0.0 0.0 0.0 0.0 0.0 0.0 0.0 0.0 0.0 0.0 0.0 157.0 240.0 255.0 -0.33 -0.176205359009 0.217946638009 -0.183343911445 -0.061702523823 
0.0 0.0 0.0 0.0 0.0 0.0 0.0 0.0 0.0 0.0 0.0 0.0 143.0 250.0 255.0 0.217946638009 -0.183343911445 0.0861036376886 0.209621435574 0.061702523823 
0.0 0.0 0.0 0.0 0.0 0.0 1.22162390506 0.0 0.0 0.273701646046 0.0 0.0 117.0 249.0 255.0 0.0861036376886 0.209621435574 0.33 -0.33 0.0 
0.0 0.16109628651 0.0 0.0 0.769064246512 0.246616508542 0.0 1.38943343642 0.762524029705 0.0 0.617546918744 0.0 84.0 251.0 255.0 0.33 -0.33 -0.308486425904 0.046514093378 0.0 
0.0 0.0 0.0 0.0 0.0 0.0 0.0 0.0 0.0 0.0 0.0 0.0 101.0 251.0 255.0 -0.308486425904 0.046514093378 0.33 -0.00954230182573 0.0 
0.0 0.0 0.0 0.0 0.0 0.0 0.0 0.0 0.0 0.0 0.0 0.0 84.0 251.0 255.0 0.33 -0.00954230182573 0.0133647862672 -0.0466548860894 0.0 
0.0 0.0 0.834221301223 0.0 0.0297059784606 1.11159924642 0.0 1.68038510123 0.645976341026 0.0 1.39725973656 0.0 82.0 252.0 255.0 0.0133647862672 -0.0466548860894 0.33 0.33 0.0 
0.574245432112 0.801977627139 1.17879966634 0.174013652362 0.250715017062 1.41392508963 0.334540448013 0.963760612458 0.0 0.0 0.0 0.189371099019 81.0 253.0 255.0 0.33 0.33 -0.117760328227 0.0765047724513 0.0126929642453 
0.0 0.0 0.0539356008213 0.0892252722247 0.11818602387 2.13505271467 0.306410830267 1.60130235238 1.22830340543 0.0 0.00947841467889 0.780648944228 91.0 242.0 240.0 -0.117760328227 0.0765047724513 -0.155608929497 0.108571465252 0.0 
0.0 0.0 0.0 0.0 0.0 0.0 4.06857348926 0.639667860714 0.0 0.0 0.0 0.0 119.0 218.0 186.0 -0.155608929497 0.108571465252 -0.0790887690949 -0.268876654153 0.065380227259 
0.0 0.0 0.0 0.0 0.0 0.0713013003519 0.486333264826 0.0 0.412790443532 0.327771037141 0.617011424895 0.217981594821 135.0 200.0 254.0 -0.0790887690949 -0.268876654153 0.312020116931 -0.052538517221 0.35867075935 
0.448170148941 0.422353225286 0.183732665098 0.428129452611 0.236206519999 1.64459911021 1.30493041314 0.895994553496 0.734197988088 0.641360342586 0.0 0.143208036133 164.0 234.0 255.0 0.312020116931 -0.052538517221 -0.33 0.192818920892 -0.294553514493 
0.0 0.0 0.0 0.0 0.0 0.0 0.0 0.0 0.0 0.0 0.0 0.0 199.0 175.0 249.0 -0.33 0.192818920892 -0.110705624616 -0.177999538237 0.0 
0.0 0.0 0.0 0.0 0.0 0.0 0.370555173746 0.0 0.0 0.0 0.0 0.0 226.0 195.0 255.0 -0.110705624616 -0.177999538237 -0.309787870113 0.19940013108 0.0626323369781 
0.0 0.0 0.0 0.0 0.0 0.0 0.0 0.0 0.0 0.0 0.0 0.0 232.0 162.0 244.0 -0.309787870113 0.19940013108 -0.09218964913 0.0098870032227 -0.0626323369781 
0.131632918343 0.265942454935 0.0 0.0 0.0 1.01659198878 0.371343311064 1.65445666504 0.701772604951 0.0 0.618513440205 0.0 232.0 147.0 231.0 -0.09218964913 0.0098870032227 0.33 0.0615576817217 0.0 
0.206747496728 0.0 0.794541112246 0.0 0.026012536085 0.203270842445 0.0 0.152016547119 0.398280329763 0.0 0.627369737532 0.578438267661 213.0 134.0 219.0 0.33 0.0615576817217 0.070814333742 -0.0188687764383 0.0 
0.0 0.629195163173 0.21416721669 0.225382131026 0.525811895043 0.143733022869 0.454713876174 0.0 0.0 0.0 0.109460552636 0.52058308425 189.0 151.0 241.0 0.070814333742 -0.0188687764383 0.33 0.070421032949 0.0 
0.0 0.0 0.905280887916 0.00323457991758 0.0254366707562 0.89756048776 0.0 0.0 0.0 0.0 0.0665946857318 0.594270318364 150.0 157.0 236.0 0.33 0.070421032949 0.0257198899043 0.0597799553875 0.0 
0.0 0.0 0.0 0.0 0.0 0.0 4.79606072 0.215883699571 0.0 0.0 0.0 0.0 144.0 178.0 181.0 0.0257198899043 0.0597799553875 -0.040564932127 0.0449761661676 0.0625033877133 
0.0 0.0 0.0 0.0 0.0 0.0 2.48267164126 0.497797251015 0.0 0.0 0.0 0.0 148.0 173.0 141.0 -0.040564932127 0.0449761661676 0.159458544187 -0.206707596721 0.282733594557 
0.0 0.0 0.0 0.0 0.0 0.0 3.89112641545 0.0 0.0 0.0 0.229994776981 0.0 133.0 191.0 208.0 0.159458544187 -0.206707596721 0.0492633981239 -0.129001397679 0.246007716978 
0.0 0.0 0.0 0.0 0.0 0.0 0.0 0.0 0.0 0.0 0.0 0.0 110.0 232.0 255.0 0.0492633981239 -0.129001397679 0.0758950805309 -0.0964607803146 -0.528862336071 
0.0 0.0 0.0 0.0 0.0 0.0 0.0 0.0 0.0 0.0 0.0 0.0 96.0 250.0 255.0 0.0758950805309 -0.0964607803146 0.0757499050998 -0.33 -0.345649158154 
0.0 0.0 0.0 0.0 0.0 0.0 0.0 0.0 0.563153462673 0.0 0.0 0.0 84.0 251.0 255.0 0.0757499050998 -0.33 -0.214582827002 0.33 0.0 
# HEADER 7
0.0253790296992 0.198189785162 0.0 0.222682506053 0.0 0.0 0.315795139401 0.710199195004 0.0 0.0 0.619636844178 0.397035657816 133.0 247.0 255.0 0 0 0.0654934100121 0.124820470981 0.210903166767 
0.0 0.0143318773242 0.0 0.0 0.0 0.0 0.0 0.714903891562 0.685214761811 0.947642084344 0.0 0.201693026523 121.0 216.0 255.0 0.0654934100121 0.124820470981 -0.298694183149 -0.178449817947 0.0 
0.0 0.0 0.0 0.0 0.381649037098 0.0 0.0 0.0 0.0 0.0 0.0 0.0 103.0 250.0 255.0 -0.298694183149 -0.178449817947 0.0372261026251 0.11510298613 0.0 
0.0 0.0 0.0 0.0 0.0 0.0 0.0 0.0 0.0 0.0 0.0 0.0 85.0 249.0 255.0 0.0372261026251 0.11510298613 -0.144039867413 0.33 0.0 
0.0 0.0 0.0 0.0 0.0 0.0 2.00519650174 1.00604407172 0.0 0.0 0.0 0.0 103.0 240.0 187.0 -0.144039867413 0.33 0.0400003528721 0.0300269941031 0.0 
0.0 0.0 0.0 0.0 0.558278963842 0.0 4.3557721029 0.0 0.0 0.0 0.406624817114 0.28040664746 132.0 204.0 158.0 0.0400003528721 0.0300269941031 0.175170688403 0.000869055014348 0.307987751611 
0.0 0.0 0.0 0.0 0.0 0.0 4.72313323359 0.0 0.0 0.0 0.0 0.0 124.0 214.0 146.0 0.175170688403 0.000869055014348 0.281251717648 -0.179241741994 0.305724896529 
0.0 0.0 0.0 0.0 0.0 0.0 0.0126850599479 1.42801930096 0.534895344858 0.0 0.0 0.0 89.0 248.0 218.0 0.281251717648 -0.179241741994 0.095210474414 0.186187466822 0.0498956793184 
0.0 0.0 0.0 0.0 0.0 1.52280836379 5.54979440425 3.38938827292 0.0 0.0 0.15954108958 0.0 84.0 251.0 199.0 0.095210474414 0.186187466822 -0.0659928927003 -0.0316525540276 -0.468608310333 
0.0 0.0 0.0 0.0 0.0 0.686733870663 2.08283890879 1.32485674987 0.0 0.0 0.0 0.0 83.0 249.0 223.0 -0.0659928927003 -0.0316525540276 -0.284027507771 -0.32451704853 0.222600593355 
0.0 0.0 0.0 0.0 0.0 0.0 0.0 0.0 0.0 0.0 0.0 0.0 88.0 250.0 255.0 -0.284027507771 -0.32451704853 0.0880312365004 0.029807131896 -0.16478090287 
0.0 0.0 0.0 0.0 0.0 0.0 0.0 0.0 0.0 0.0 0.0 0.0 106.0 249.0 255.0 0.0880312365004 0.029807131896 -0.0827408569824 0.112084162743 -0.117823742422 
0.0 0.0 0.141683158292 0.433154286102 0.259324659883 0.856820131207 0.259030025106 0.424842365291 0.0 0.201052821736 0.0 0.0540555787827 120.0 197.0 255.0 -0.0827408569824 0.112084162743 0.179474149618 0.0748837244557 0.0 
0.0 0.0 0.0 0.0 0.0 0.0 2.81309702981 0.710325678365 0.0 0.0 0.131486909951 0.0 114.0 219.0 199.0 0.179474149618 0.0748837244557 -0.142150918034 0.286763108477 0.0 
0.0 0.0 0.0 0.0 0.0 0.0 4.43187376824 0.498735751117 0.0 0.0 0.0 0.0 128.0 209.0 110.0 -0.142150918034 0.286763108477 -0.120079198818 0.16632092341 0.172991786423 
0.980282900471 0.0 0.0 1.00192498648 0.982926644297 0.165691975035 0.0 0.0136228272345 0.732680075629 1.43150624225 1.57196812248 0.0 135.0 99.0 131.0 -0.120079198818 0.16632092341 -0.0714575051138 -0.278418196904 0.480767516267 
0.159734387025 0.0 0.0693794938503 0.149501482649 0.0534864764778 0.0462997093049 0.0 1.0848711764 1.18368126983 0.0 0.130763357986 0.922392201387 159.0 90.0 184.0 -0.0714575051138 -0.278418196904 0.259426838917 0.0850087385137 0.973764790004 
0.0 0.808220247743 0.515532238306 0.0 0.0 0.268243741963 0.774401229739 0.216104844765 0.838045592247 0.0 0.0 0.918164457762 176.0 101.0 146.0 0.259426838917 0.0850087385137 0.119578545751 0.33 0.247111201025 
0.0 0.121124225157 0.0 0.0875288155165 0.0 0.0 0.429675949836 0.0 0.64076143715 0.0 0.373830381911 0.0 155.0 77.0 98.0 0.119578545751 0.33 0.084176147582 -0.0192089527115 -0.113388770094 
0.0 0.0 0.0 0.0 0.529354658052 0.939505297117 0.0 0.828189098767 0.420206414383 1.4884383146 0.0 0.0 128.0 74.0 138.0 0.084176147582 -0.0192089527115 -0.0613730962216 0.0153136329927 0.0 
0.0998252421844 0.760915979822 0.0 0.262967825386 0.0162649952306 0.60339998885 0.251783505744 0.641298830116 0.355157780675 0.0 0.0 0.0 131.0 76.0 131.0 -0.0613730962216 0.0153136329927 -0.0378887381078 -0.00580948875411 0.0145186614239 
0.0557092138004 0.279991768107 0.0414044114907 0.182145610135 0.146108864394 0.156065958876 1.12923307048 1.48191156925 0.0 0.524373664475 0.0 0.423469798365 146.0 76.0 134.0 -0.0378887381078 -0.00580948875411 -0.122453385244 -0.000290010320139 0.0 
# HEADER 8
0.0 0.0 0.0 0.0 0.0 0.0 0.0 0.0 0.681400921063 2.04123102206 0.0 0.0 133.0 250.0 255.0 0 0 0.0926421324829 -0.181365291863 0.0 
0.0 0.0 0.0 0.0 0.0 0.0 0.0 0.0 0.0 0.0 0.0 0.0 117.0 251.0 255.0 0.0926421324829 -0.181365291863 -0.33 -0.0466033557552 0.0 
0.0 0.0 0.0 0.0 0.0 0.0 0.0 0.0 0.0 0.0 0.0 0.0 95.0 251.0 255.0 -0.33 -0.0466033557552 0.33 0.136669422727 0.0 
0.327049993825 0.773363141295 0.0 0.0 0.549889870742 0.0867776064966 0.0 0.166299752991 0.306424382429 0.0 0.0 0.0 80.0 255.0 255.0 0.33 0.136669422727 0.0617717010636 -0.27149733087 0.0 
1.58805252275 1.0847680465 4.46355097673 0.0 0.406405017295 4.97002843587 0.33510529952 4.28944898511 0.76880377656 0.0 2.88245828494 0.0 72.0 255.0 255.0 0.0617717010636 -0.27149733087 0.102682272667 -0.100223847314 0.0 
0.0 0.0 7.37219785625 0.0 0.0928254742492 7.6435728946 1.87218955417 7.14559086846 0.0 0.0 4.75628712893 0.0 66.0 255.0 255.0 0.102682272667 -0.100223847314 -0.00165825402251 0.33 0.0287655478548 
0.0 0.0 6.33011749777 0.0 0.0 6.73648122977 6.17183622179 6.94183857645 0.0 0.0 5.57991680956 0.0 63.0 255.0 255.0 -0.00165825402251 0.33 0.177685244848 0.0263274639067 0.0283700392478 
0.0 0.0 7.0143375443 0.0 0.0933710607268 7.94150199589 7.826234335 8.51171506717 0.0 0.0 5.86834676423 0.0 61.0 255.0 255.0 0.177685244848 0.0263274639067 -0.316310443668 0.169303138815 0.0279379619943 
0.0 0.0 0.0 0.0 0.0 4.37091870642 8.05878427336 5.04820417596 0.0 0.0 3.70966793912 0.0 77.0 252.0 221.0 -0.316310443668 0.169303138815 -0.137390391507 -0.123329089149 0.0 
0.0 0.0 1.68331263107 0.0423651571604 0.0 1.90637412038 1.58102623121 1.64490573141 0.337938044405 0.0 0.0 0.0 85.0 242.0 254.0 -0.137390391507 -0.123329089149 0.178202169648 0.0427835664436 0.0137965595729 
0.0 0.0 0.0 0.0 0.0 0.0 0.0 0.0 0.0 0.0 0.0 0.0 81.0 248.0 245.0 0.178202169648 0.0427835664436 -0.0636133480168 -0.135895704928 -0.0988701086697 
0.0 0.0 0.0 0.0 0.0 0.0 0.0 0.4485023489 1.32651125451 0.444601833684 0.0 0.150615924292 82.0 250.0 255.0 -0.0636133480168 -0.135895704928 -0.192012335204 -0.01257879278 0.0144297824942 
0.107950183907 0.0 0.889099100502 0.266284878812 0.58413800658 1.13586109731 0.22692688505 0.724315683781 0.0 0.0 0.0980236805956 0.995479391767 109.0 250.0 255.0 -0.192012335204 -0.01257879278 -0.000568830566536 -0.0873294728318 -0.0144297824942 
0.103185700532 1.0846352654 1.1721579803 0.254705663859 0.0980426326794 0.940142957758 0.0 0.736776298478 0.0 0.463833578883 0.764303129218 0.0 143.0 250.0 255.0 -0.000568830566536 -0.0873294728318 0.0140121085827 -0.109953699664 -0.0145186614239 
0.0 0.0 0.0 0.0 0.155639598786 0.0 0.0 0.0 0.0 0.0 0.0 0.0 175.0 250.0 255.0 0.0140121085827 -0.109953699664 -0.33 -0.0726800776618 0.0 
0.0 0.0 0.0 0.0 0.0 0.0 0.0 0.0 0.0 0.0 0.0 0.0 209.0 249.0 255.0 -0.33 -0.0726800776618 -0.154832287166 0.314183894333 0.0 
0.0 0.0 0.49353804775 0.00104720175833 0.851858238047 0.223879756381 1.01724132075 0.0 0.0 0.396884675513 1.02157331581 0.0 230.0 183.0 253.0 -0.154832287166 0.314183894333 -0.0753447930676 0.0405395517112 0.0 
0.0 0.264650024164 0.114823429627 0.0 0.237564166401 0.0 0.0 0.741721297367 0.0 0.592596078989 1.65038747017 0.472174062666 231.0 150.0 235.0 -0.0753447930676 0.0405395517112 -0.0153549793968 -0.33 0.0 
0.0 0.0 0.320107891815 0.127599304903 0.0 0.0 0.794040559088 0.51042392032 0.070067430405 0.0 0.40140548893 0.0 234.0 201.0 255.0 -0.0153549793968 -0.33 -0.33 -0.33 0.0 
0.0 0.0 0.0 0.0 0.0 0.0 0.0 0.0 0.0 0.0 0.0 0.0 237.0 240.0 255.0 -0.33 -0.33 -0.0914826620741 0.0423552884862 0.0 
0.0 0.339740620726 0.256532735741 0.110792484368 0.645419955966 0.742918049039 0.0 0.0 0.0 1.19863930904 0.0 0.183790527316 237.0 216.0 255.0 -0.0914826620741 0.0423552884862 -0.33 0.111350518683 0.0 
0.0 0.0 0.0 0.317246466051 0.261702933625 0.0 0.0 0.0 0.0 0.0 0.0 0.0 237.0 166.0 247.0 -0.33 0.111350518683 0.130498586658 0.166178884123 0.0 
0.0922082214313 0.888124063009 0.0 0.553594535986 0.106686338174 0.199830995748 0.272192228772 0.496389543309 0.0259755131934 0.0 0.0 1.04249784111 227.0 133.0 218.0 0.130498586658 0.166178884123 -0.33 -0.33 0.0 
0.159167045862 0.0 1.92661614172 0.314743065608 0.292533619698 1.15074808258 0.217996965355 1.25413285978 0.200555315649 0.423647583457 0.0 0.347003554357 235.0 163.0 250.0 -0.33 -0.33 0.0376494958668 -0.33 0.0 
0.0 0.0 0.0 0.0 0.0 0.0 0.0 0.0 0.204643703258 0.0 0.0 0.0 236.0 242.0 255.0 0.0376494958668 -0.33 -0.254615437374 -0.0996964435711 0.0 
0.0 0.0 0.0 0.0 0.0 0.0 0.0 0.0 0.720316098203 0.0 0.0 0.0 230.0 245.0 255.0 -0.254615437374 -0.0996964435711 0.327646339297 -0.0919354554391 0.0 
0.0 0.0 0.0 0.0 0.0 0.0 0.0 0.0 0.0 0.0 0.0 0.0 218.0 250.0 255.0 0.327646339297 -0.0919354554391 -0.126506036106 -0.0557554520463 0.0 
0.0 0.0 0.0 0.0 0.0 0.0 0.0 0.0 0.0 0.0 0.0 0.0 204.0 250.0 255.0 -0.126506036106 -0.0557554520463 0.0408189709331 -0.209336855711 0.0 
0.0 0.0 0.0 0.0 0.0 0.0 0.0 0.0 0.0 0.0 0.0 0.0 190.0 251.0 255.0 0.0408189709331 -0.209336855711 0.224188875181 0.047016606785 0.0 
0.0 0.182776028929 0.252387667042 0.0 0.315811096656 0.956472386938 0.294311792708 0.783459785028 0.0 0.47965038061 0.0 0.0 158.0 251.0 255.0 0.224188875181 0.047016606785 0.147456168301 -0.0850857901193 0.0 
0.0 0.0 0.0 0.0 0.0 0.0 0.0 0.0 0.0 0.0 0.0 0.0 122.0 251.0 255.0 0.147456168301 -0.0850857901193 -0.092605007813 -0.27621068206 0.0 
# HEADER 9
0.0 0.0 0.391660111163 0.0 0.0244855441243 0.0 1.16190714022 1.2343768763 0.0 0.0 0.0 0.0 134.0 247.0 255.0 0 0 -0.159688415015 0.310683731231 0.0 
0.0 0.0 0.0 0.0 0.0 0.0 0.0535438379798 0.0 0.0 0.0 0.0 0.0 153.0 174.0 250.0 -0.159688415015 0.310683731231 0.0497390875014 -0.0442613787697 0.0 
0.0 0.0 0.0 0.0 0.0 0.0 0.0 0.0 0.0 0.0 0.0 0.217655282367 148.0 196.0 255.0 0.0497390875014 -0.0442613787697 -0.2206335905 0.33 0.0 
# HEADER 10
0.0 0.0 0.0 0.0 0.0 0.0 0.0 0.0 0.0 0.0 0.0 0.0 133.0 249.0 255.0 0 0 0.33 -0.204330529639 0.0 
0.0 0.0 0.0 0.0 0.0 0.0 0.0 0.0 0.0 0.0 0.0 0.0 105.0 251.0 255.0 0.33 -0.204330529639 0.257996628464 -0.239304462924 0.0 
0.0 0.0 0.0 0.0 0.0 0.0 0.0 1.12908213369 0.0 0.452079769292 0.0 0.0 82.0 254.0 255.0 0.257996628464 -0.239304462924 -0.101089332328 -0.142529253788 0.0 
0.0 0.0 0.51261400307 0.0 0.218923293926 0.0 0.876644572688 1.82806146963 0.0 0.484383310622 0.0 0.169990485619 86.0 252.0 255.0 -0.101089332328 -0.142529253788 0.219074069421 0.0486243316137 0.0 
0.0748729660084 0.0 0.0 0.444888624398 0.129066973462 1.2555421315 1.21314175287 1.73872029193 0.796472836055 2.92859415827 0.0 0.545943631862 111.0 252.0 255.0 0.219074069421 0.0486243316137 0.128902514558 -0.0215173808488 0.0 
0.197391035065 0.225089252679 0.618789819066 1.16570418968 0.986557066557 1.06771352847 1.11153451733 2.62732404086 0.906276195469 0.482765233131 0.769326460714 0.53673303716 137.0 251.0 255.0 0.128902514558 -0.0215173808488 -0.0886493047422 -0.122285862751 0.0 
0.422214705354 0.0 0.762778788953 0.0 0.0 0.164638178501 0.0 0.764133737532 0.523785468381 0.513622199895 0.103915380212 0.540867100925 160.0 251.0 255.0 -0.0886493047422 -0.122285862751 -0.126134608961 -0.262151768804 0.0 
0.104114614226 1.16176855629 0.840609316271 0.292984625042 0.20701895089 0.404646335357 0.0 1.4785625908 0.0 0.0 0.0 1.39228822381 184.0 251.0 255.0 -0.126134608961 -0.262151768804 -0.12010433936 0.000208879435576 0.0 
0.468849839119 0.0 0.324117698896 0.0 0.175667082818 0.299207436241 0.374068285437 0.898675721663 0.71919299789 0.981618868204 0.44035849164 0.30636173064 208.0 250.0 255.0 -0.12010433936 0.000208879435576 0.195546712634 -0.0731228064598 0.0 
0.0 0.0 0.0 0.0 0.0 0.0 0.0 0.0 0.0 0.0 0.20545500002 0.0 193.0 251.0 255.0 0.195546712634 -0.0731228064598 -0.0297401196579 0.296898268516 0.0 
0.0 0.0 0.0 0.0 0.0 0.0 0.0 0.0 0.0 0.0 0.0 0.0 187.0 211.0 255.0 -0.0297401196579 0.296898268516 -0.307959168985 0.283331663642 0.0 
0.0 0.0 0.0 0.0271025171984 0.0 0.0 1.21320969182 0.0 0.0 0.0 0.0 0.0 212.0 136.0 223.0 -0.307959168985 0.283331663642 0.167247047898 0.33 0.0 
0.0 0.0 0.247727033042 0.0 0.180622919909 0.0 0.0 0.890868526154 0.0351344763453 0.0 0.715236780394 0.0 231.0 94.0 143.0 0.167247047898 0.33 -0.0227570865665 -0.31331849665 0.0 
0.0 0.0406786904028 0.0 0.38798701703 0.557872339116 0.312247372246 0.0 1.75151138026 0.459245893022 0.489751127976 0.484371617917 0.333695617499 233.0 106.0 201.0 -0.0227570865665 -0.31331849665 0.300490157415 0.210419258703 0.0 
0.440580226991 0.829106230264 0.0445496886988 0.0 0.0 0.0 0.0 0.883352804853 0.0754735593149 0.91898027937 0.714928781933 0.527627163941 233.0 105.0 162.0 0.300490157415 0.210419258703 0.108647570253 -0.186489937798 0.0 
0.0 0.0 0.551277338575 0.28964617921 1.67226189692 0.0 0.0 0.0 0.083997351842 0.0 0.0 0.164665880252 229.0 124.0 211.0 0.108647570253 -0.186489937798 -0.169038341896 0.169908145144 0.0 
0.0 0.366103459507 0.833268341907 0.422381489773 0.956027042928 0.0 0.353103940577 0.0 0.0 0.510296157898 0.72300992631 1.28627781149 232.0 111.0 181.0 -0.169038341896 0.169908145144 -0.169887890611 -0.0821971270321 0.0 
0.0 0.0 0.650302271434 0.400458599089 0.0 0.76593217207 0.357324617569 0.375215899987 0.0 0.0423974058628 0.578772043883 0.075595323022 234.0 121.0 212.0 -0.169887890611 -0.0821971270321 0.234296078246 -0.0901949639601 0.0 
0.0816278354828 1.31471822097 0.958033452017 0.438176764135 0.0851271139553 0.401848848735 0.356095296415 0.00910896630439 0.720854658454 0.0 0.720496307227 1.41782329981 235.0 160.0 246.0 0.234296078246 -0.0901949639601 -0.273515492168 0.0106283334222 0.0 
0.651822413278 1.61191808164 1.61435228184 0.355839984786 0.119443829172 0.633703546807 0.31623764461 0.0735849894848 0.0 0.420629654277 0.0 0.290836205068 235.0 164.0 245.0 -0.273515492168 0.0106283334222 -0.133925262808 -0.00973302664747 0.0 
0.0 0.533197657092 0.0 0.304677878672 0.287194893198 0.0 0.0 0.519280222247 0.245565494231 0.0 0.0 0.813820828481 235.0 169.0 254.0 -0.133925262808 -0.00973302664747 -0.0349221534473 -0.0817674805607 0.0 
0.139867086125 0.0875283432951 0.00283289140038 0.383711396037 0.157527496734 0.0 0.0 0.0 0.615567888313 0.0 0.230773759706 0.735851543867 237.0 221.0 255.0 -0.0349221534473 -0.0817674805607 0.21523216187 0.329843478291 0.0 
0.0 0.929609007343 1.13234826385 0.00740754952618 0.0 0.37752370547 0.0 0.0 0.0 0.104647098 0.0 0.0 237.0 174.0 250.0 0.21523216187 0.329843478291 -0.0844794162218 -0.198487088991 0.0 
0.957727106486 0.624068807783 0.0338329569344 0.0 0.0 0.0 0.15235931386 0.0 0.0 0.472785783009 0.0 1.27395141814 237.0 214.0 255.0 -0.0844794162218 -0.198487088991 -0.236542685091 -0.118723629228 0.0 
0.0 0.0 0.0419697741589 0.0 0.0 1.26826898485 0.0 0.935310631549 0.301069897572 0.455799053984 0.94544781298 0.0 237.0 240.0 255.0 -0.236542685091 -0.118723629228 0.0584020457997 -0.0526051787067 0.0 
0.0 0.0 0.905256558918 0.414226542048 0.173827683666 0.218989245333 0.467667696365 1.72943200843 0.0 0.570380895654 0.692574176011 0.634247669858 237.0 239.0 255.0 0.0584020457997 -0.0526051787067 0.107483582122 0.328155584503 0.0 
0.0 1.66977977565 2.11998243684 0.166103983736 0.0 0.931298257831 0.0 0.0 0.661004634009 3.04326977566 0.0 1.66036490684 229.0 186.0 252.0 0.107483582122 0.328155584503 0.246316726038 -0.209580501151 0.0 
0.0 0.0 0.0 0.0 0.0 0.0 0.159257403227 0.0 0.0 0.0 0.0 0.0 210.0 238.0 255.0 0.246316726038 -0.209580501151 0.0622000268197 0.0947367816532 0.0 
0.155748327251 0.0 1.00759426753 0.0 0.217785003151 0.0 0.272701493901 0.73782113102 0.331330647444 0.0 0.764188232623 0.550510567424 189.0 230.0 255.0 0.0622000268197 0.0947367816532 0.236136093795 0.0578198426656 0.0 
0.0 0.0 0.0 0.0 0.0 0.0 0.0 0.798797778422 0.0 0.0 0.0 0.0 151.0 210.0 255.0 0.236136093795 0.0578198426656 0.33 0.279727505114 0.0 
0.708481966121 0.471343866808 0.0 0.0 0.176824426258 0.265621233758 1.12664673273 0.0 0.363528371221 0.236820735792 0.449779500723 0.348474050891 119.0 212.0 209.0 0.33 0.279727505114 0.33 0.136736676585 0.0 
0.0 0.0 0.0 0.0 0.0 0.0 4.38906459735 0.0 0.0 0.0 0.135853681613 0.0 103.0 247.0 114.0 0.33 0.136736676585 0.179450852508 -0.0225639625319 0.0575210405022 
0.0 0.0 0.0 0.0 0.0 0.0 7.09765922255 0.0 0.0 0.0 0.431010591119 0.0 91.0 252.0 147.0 0.179450852508 -0.0225639625319 0.193534054058 0.0162541104846 0.180286722988 
0.0 0.0 0.0 0.0 0.0 0.0 10.2409719868 0.0 0.0 0.0 0.350801436064 0.0 85.0 254.0 158.0 0.193534054058 0.0162541104846 0.231041355541 -0.0732785228565 -0.0526422108064 
0.0 0.0 0.0 0.0 0.367193891391 5.23764269131 8.70745719307 7.0619851332 0.0 0.0 2.43975444342 0.0 70.0 255.0 234.0 0.231041355541 -0.0732785228565 0.293961946848 -0.244894570294 -0.0271967097702 
0.0616045096647 0.0 4.0647261305 0.308907328758 0.119451434027 9.17568687136 3.50793596009 8.86282762309 0.0 0.0 5.72092458104 0.0 62.0 255.0 255.0 0.293961946848 -0.244894570294 0.014217605369 -0.33 -0.129020398995 
0.0 0.0 4.29540581607 0.0 0.24336429292 11.0244790917 5.23758002703 10.8883802776 0.0 0.0 5.91196462631 0.0 60.0 255.0 255.0 0.014217605369 -0.33 -0.152507390605 0.0323132918167 -0.0144297824942 
0.0 0.0 4.06575396832 0.0 0.0 7.33804409798 2.49896821659 7.80244232037 0.0 0.0 7.066493736 0.0 68.0 255.0 255.0 -0.152507390605 0.0323132918167 0.230899335437 -0.220886008723 0.0144297824942 
0.0 0.0 1.96471462198 0.0 0.253491384722 4.57779771475 2.28001867196 5.44033552873 0.0 0.0 5.24178287248 0.0 65.0 255.0 255.0 0.230899335437 -0.220886008723 -0.045856265637 0.190589404906 -0.0435506328093 
0.0 0.374944734646 3.175866602 0.0 0.80383585611 5.67449792159 1.60870425847 5.96865930251 0.0 0.0 3.94690128034 0.0 69.0 255.0 255.0 -0.045856265637 0.190589404906 0.272134810407 -0.231444694597 0.0146021888912 
0.0 0.0 1.50192865568 0.640192191517 0.409838827335 5.0765100882 2.31783243805 5.60989940657 0.0 0.0 4.44557158557 0.0 65.0 255.0 255.0 0.272134810407 -0.231444694597 0.122939810972 -0.263551135775 -0.0146021888912 
0.0 0.0 2.11886695246 0.320923630358 0.596855615244 8.77823397723 4.3712360513 9.83311669732 0.359199456556 0.0 5.14182526697 0.0517596097314 62.0 255.0 255.0 0.122939810972 -0.263551135775 0.284601063377 -0.0469272207313 0.0146021888912 
0.0 0.0 4.11855015255 0.0 0.561585571448 11.916074322 4.37729604662 10.0993342118 0.666928349896 0.0 6.30178279904 0.0 60.0 255.0 255.0 0.284601063377 -0.0469272207313 -0.257214541314 -0.240410643042 0.0289484439181 
0.0 0.0 2.7634442589 0.0 0.633614372907 5.66192858399 3.23010051345 7.14533283583 0.0 0.0 3.93151823563 0.0 69.0 255.0 255.0 -0.257214541314 -0.240410643042 0.0193048689003 0.202178061109 0.0143357653606 
0.259489444326 0.474216691532 1.30260667488 0.448649481103 0.224598163922 2.12075407528 1.06466223324 1.45319270271 0.0 0.0 1.16583766459 0.0 82.0 251.0 255.0 0.0193048689003 0.202178061109 -0.239617478393 -0.0705411444234 -0.0578863981699 
0.0 0.80640380537 0.937578185053 0.901586834238 0.594400666407 0.898020134497 0.412319458178 1.85161047061 0.206742802047 0.0 0.222211583599 1.35021846082 112.0 250.0 255.0 -0.239617478393 -0.0705411444234 0.33 -0.171216273794 -0.0442512180262 
0.0 0.438171192704 1.0135339795 0.980604343066 0.41147895502 0.0 0.0914880976288 2.27319997689 0.831230379242 0.312482053846 0.0 0.0 150.0 250.0 255.0 0.33 -0.171216273794 0.0365622662142 0.0564168378656 0.0 
0.166495726294 0.435954714347 0.557712656151 0.0 0.0418936011059 1.76865281476 0.27848906989 1.34604129521 0.0 0.0 0.234659453766 0.0645411440274 183.0 240.0 255.0 0.0365622662142 0.0564168378656 -0.0102943515565 0.246056248809 0.0 
0.0 0.538907026101 0.134564478771 0.47098119615 0.168195288053 1.24867880975 1.20468890513 0.953872430051 0.829154148558 0.0 1.63618958651 0.0 211.0 161.0 243.0 -0.0102943515565 0.246056248809 -0.312407158109 0.104351511807 0.0 
0.0676917917185 1.08922470385 0.0 0.582141261371 0.0585346186878 0.233268154645 1.34910254018 1.57553136809 1.3018687161 0.995473961658 0.533058595216 0.404043454447 231.0 122.0 200.0 -0.312407158109 0.104351511807 0.221192974765 0.0483021063776 0.0 
0.235411684037 0.0568713048283 0.664014315481 0.0 0.571933939289 0.282714263067 0.787478530182 0.940060313677 0.837528239538 0.0 0.170385213587 0.559713900032 213.0 113.0 180.0 0.221192974765 0.0483021063776 -0.12039490068 -0.229789553534 0.0 
0.778157898857 0.0 0.0 0.0 0.152071148059 0.0 0.0 1.2755524699 1.31959945454 1.46149195041 0.106839769805 0.584362699106 225.0 134.0 225.0 -0.12039490068 -0.229789553534 -0.33 0.117940548878 0.0 
0.133948953695 0.32839774573 0.135759580197 0.35423819574 0.196724931889 1.17763203495 0.0 0.946425099808 0.774206580556 0.0 0.0 0.475854519643 233.0 123.0 200.0 -0.33 0.117940548878 0.137440564109 0.0188410066523 0.0 
0.0 0.0 0.0 1.00052617816 0.418676560347 0.0 0.308692227205 1.67866197247 0.606415848526 0.503126382166 0.608945273423 0.0 226.0 113.0 182.0 0.137440564109 0.0188410066523 0.169424706749 -0.260697655012 0.0 
1.09101817514 0.0744703140176 0.529772503818 0.214283184596 0.0 0.571737880536 0.0813181515852 0.445840424566 0.373752621505 0.529825755833 0.556266407464 0.95299245547 199.0 153.0 242.0 0.169424706749 -0.260697655012 -0.159881020079 -0.33 0.0 
0.0 0.0 0.970587794299 0.447596679791 0.162505856151 0.0 0.0 0.0 0.766522142905 0.0 0.387876266535 0.0 217.0 225.0 255.0 -0.159881020079 -0.33 0.127796474645 0.119246398222 0.0 
0.230739975893 0.0 0.0 0.0734795199578 0.0 0.0 0.676788661424 0.689496549249 0.0 0.0 0.668389086522 0.182419858151 232.0 194.0 254.0 0.127796474645 0.119246398222 0.0362281671525 0.314688324191 0.0 
0.0 0.0 0.0806478236122 0.0 0.674804009716 0.104150186576 0.0 0.0962428868962 0.724215203552 0.147254578627 0.0 0.0 233.0 137.0 221.0 0.0362281671525 0.314688324191 0.310532136967 -0.0581725314552 0.0 
1.18253721552 0.0807115184045 0.0 0.445274732734 0.162646957724 1.27565780754 0.0 1.8005328606 0.846363159738 1.46321364388 1.52509541279 0.943613048525 219.0 155.0 246.0 0.310532136967 -0.0581725314552 -0.157299089886 -0.33 0.0 
0.0 1.08169667962 0.0 0.0 0.0 0.745107457721 0.304241268591 0.0 0.859276013444 0.0 0.0 0.0 187.0 249.0 255.0 -0.157299089886 -0.33 0.0060710288081 -0.160975483279 0.0 
0.473039483563 0.452526087754 0.745689308295 0.447205880998 0.108071476937 0.332195884214 0.170646582798 1.00481538881 0.0421298035764 0.0 0.0 0.0 179.0 250.0 255.0 0.0060710288081 -0.160975483279 -0.184928814115 -0.207625953614 0.0 
0.468947303757 0.803029271186 0.0471117869842 0.349159363352 0.0533589092308 0.620898403597 0.674827606952 0.689615964414 0.0 0.0164179536649 0.772461395047 0.0896999456043 179.0 250.0 255.0 -0.184928814115 -0.207625953614 0.121531637961 0.224280079427 0.0 
0.330599622224 0.417254181829 0.0 0.444680581702 0.162369432032 0.0 1.2770082991 1.67145513636 0.0 0.501066572672 0.0 0.457526177027 178.0 224.0 255.0 0.121531637961 0.224280079427 0.33 -0.0156874810267 0.0 
0.0607104069022 0.876580862707 0.0 0.0 0.75910641875 0.0 0.279740116269 2.06272553704 0.0 0.0 0.0 0.0 143.0 249.0 255.0 0.33 -0.0156874810267 0.15446998114 -0.18464123226 0.0 
0.0 0.0 0.336039021545 0.0 0.0 1.00904326735 0.0300639005286 1.49304385924 0.625835587456 0.0 0.858066618604 0.350922877492 114.0 250.0 255.0 0.15446998114 -0.18464123226 0.127200404927 -0.33 0.0 
0.0 0.349310518997 0.0118350043485 0.0 0.181197241226 0.767370592957 0.230025959442 0.37201242096 0.844552556588 0.10331904365 0.104596631405 1.14582555171 89.0 251.0 255.0 0.127200404927 -0.33 0.289524847148 -0.0952545101194 0.0 
