nrollouts: 2
# HEADER 1
0.0 1.73565417116 0.0 0.0 0.0 0.0 0.0 0.0 0.0801738163882 0.0237757155614 0.0932404525778 1.94063004543 132.0 247.0 255.0 0 0 0.0523101122709 -0.0465613321609 
0.0 0.500436820079 0.0 0.0 0.0 0.160009360696 0.791510330741 0.0 0.0 0.0 0.0 0.0 132.0 250.0 255.0 0.0523101122709 -0.0465613321609 -0.0399961115334 0.0496297152741 
0.130359192398 0.0 0.0 0.166422983249 0.0 0.0 1.58730511244 1.40022822492 0.0614331369317 0.0 0.0 0.434382721674 132.0 251.0 255.0 0.0123140007375 0.00306838311319 -0.0485050521805 -0.156718052066 
0.14833811934 0.837832549654 0.512859326344 0.0 0.892009777662 0.0 0.643295825128 1.57690829356 0.0 0.0 0.759831681132 1.95548578806 132.0 252.0 255.0 -0.036191051443 -0.153649668953 0.0521622835084 0.00566855512013 
0.0 0.00348154156752 0.0255949452687 0.301221280423 0.0703769749481 0.0 0.0 0.0 0.0 0.0 0.0 0.0 132.0 252.0 255.0 0.0159712320655 -0.147981113833 -0.0255858642072 0.193148925797 
0.476172698214 0.0 0.0 0.55504297793 1.01295052337 0.802726475954 0.03510973774 0.0 0.0 0.0 0.0 0.0 132.0 252.0 255.0 -0.00961463214178 0.0451678119634 -0.137359026317 0.0379272776026 
0.0 0.0 0.0 0.0 0.948159108476 0.0 0.0 0.0406425602773 0.567042020636 0.109430133898 0.0 0.0 132.0 252.0 255.0 -0.146973658459 0.0830950895661 0.00532770856386 0.212450729832 
0.0 0.536430781597 0.00814043728189 0.0 1.03920978732 0.0 0.0620188540638 0.0 0.0 0.0 0.657264788938 0.0 132.0 249.0 255.0 -0.141645949895 0.295545819398 -0.142145569747 -0.0534710919063 
0.0 0.0 0.0 0.0 0.0 0.0 1.90810854595 0.0 0.0 0.0 0.0 0.0 141.0 233.0 255.0 -0.283791519641 0.242074727492 -0.0758171485506 0.0101020886722 
0.0 0.0 0.0 0.0 0.672395666577 0.0 1.09002452448 0.0 0.0 0.0 0.0 1.27288518737 151.0 216.0 255.0 -0.333333333333 0.252176816164 0.0952213353647 -0.0226452287483 
0.0 0.531170538378 0.100559437865 0.0 0.0 0.0 0.282559840539 0.416275577222 0.780850054773 0.795795768078 0.638015556971 2.23236857745 161.0 203.0 255.0 -0.238111997969 0.229531587415 0.0360385751944 0.00905682495344 
0.0 0.0 1.76462221849 1.50444429095 0.0418637093975 0.0 0.0697634883751 0.0 0.0 0.84548306211 0.780392247215 0.231097071052 170.0 193.0 253.0 -0.202073422774 0.238588412369 0.0935135411947 0.16820143177 
0.0 0.0 0.0 0.0 0.450999140201 0.0 0.0 0.326628754016 0.0 0.0656886757711 0.0 0.356055779493 180.0 183.0 244.0 -0.10855988158 0.333333333333 -0.105652905752 -0.14733081946 
0.0 0.0 0.0 0.0 0.0572480048892 0.165753982316 0.0601323414646 1.92107770182 0.0 0.228605335315 0.0 0.0 189.0 172.0 237.0 -0.214212787331 0.186002513873 -0.188132259044 0.189486647335 
0.0 0.561980603402 0.0 0.0 0.0 0.0 0.0 0.314312029211 0.0 0.0 0.354943298478 0.0 199.0 160.0 229.0 -0.333333333333 0.333333333333 0.0274783844354 -0.0907893329959 
0.0 0.0 0.0 0.629245988163 0.0 0.0 0.126813292425 0.357613999174 0.71523496505 0.0 0.678252855156 0.0 209.0 148.0 219.0 -0.305854948898 0.242544000337 0.03510808352 0.158411057739 
0.0 0.0 0.147657961056 1.34691337043 0.610441917379 0.0 1.72144496167 0.0 0.841645251369 0.0 4.28131470317 1.30075221106 218.0 135.0 209.0 -0.270746865378 0.333333333333 0.171419409062 -0.0400142567749 
0.0 0.0 0.0 0.0 0.0 0.0 0.0 0.0 0.0 0.222044060651 0.0 0.0 224.0 129.0 197.0 -0.0993274563156 0.293319076558 -0.00540003717154 0.0151428692359 
0.0 0.0 0.0 0.0 0.800359109505 0.0 0.933834210646 0.0 0.0 0.0 0.0 0.0 229.0 124.0 185.0 -0.104727493487 0.308461945794 0.193745607642 -0.0829986246291 
0.3595375243 0.0 0.10289342307 0.0 0.162698945966 0.0 0.777827819358 0.0 0.693005944756 0.295519814439 0.232931349274 0.0 229.0 125.0 174.0 0.0890181141548 0.225463321165 0.151564623252 0.230076557391 
0.0 0.0 0.0 0.540315784369 0.0 0.0 1.14720384789 0.0 0.0 0.0 0.0 0.0 223.0 141.0 153.0 0.240582737407 0.333333333333 0.0669730004433 0.0565983805301 
0.0 0.0 0.0 0.0 0.0 0.0 3.78251532705 0.0 0.0 0.0 0.0 0.0 216.0 154.0 136.0 0.307555737851 0.333333333333 -0.0762813446439 0.0395379647878 
0.0 0.0 0.0 0.0 0.0 0.0 6.86182276512 0.0 0.0 0.0 0.0 0.0 206.0 177.0 113.0 0.231274393207 0.333333333333 0.0887083825865 0.0240211902671 
0.0 0.0 0.0 0.0 0.0 0.0 6.26661529677 0.0 0.0 0.0 0.660590306778 0.0 197.0 196.0 94.0 0.319982775793 0.333333333333 0.101573554267 0.0758407869685 
0.0 0.0 0.0 0.435403539183 0.0 0.0 1.96417787903 0.128571963169 0.0 0.0 0.784270740267 0.0 189.0 213.0 76.0 0.333333333333 0.333333333333 -0.0353384359902 0.220349310357 
0.0 0.0 0.0 0.0 0.0 0.100584349282 1.07901295515 0.263458208189 0.611829848817 0.0 0.0 0.439146560227 181.0 227.0 60.0 0.297994897343 0.333333333333 0.0631202334445 -0.00238128738968 
0.0 0.0 0.0 1.5115949071 1.67159478318 0.0 0.957229200906 0.267573879879 0.843645122331 0.0 1.35460608973 0.0 177.0 230.0 57.0 0.333333333333 0.330952045944 0.0615991057863 0.0361466069432 
0.145183586127 0.0 0.0 0.0 0.630576856441 0.0 0.0466094909775 1.39231526778 0.944645026813 0.0 1.27391507099 0.0 172.0 236.0 54.0 0.333333333333 0.333333333333 0.046139845558 0.00941629305979 
0.0 0.329000230614 0.0 0.0 0.0 0.0 0.0 1.30220587698 0.0 0.0 0.0 0.475549815433 167.0 242.0 51.0 0.333333333333 0.333333333333 0.0126275017215 0.000603951236922 
0.0 0.838674125025 1.07827807397 0.290622016593 0.0 0.0 0.426196761095 0.236555794346 0.620650134983 0.0463298775312 0.0 0.0 162.0 247.0 49.0 0.333333333333 0.333333333333 -0.0341710583046 -0.0683916558638 
0.0 0.0 0.0 0.0 0.714459259455 0.620345160946 0.0 0.0 0.468603973077 0.0 0.0 0.0 160.0 249.0 49.0 0.299162275029 0.26494167747 0.067837168634 0.0896979493006 
0.0 0.0 0.0 0.0 0.0699226763806 0.0 0.44409205211 0.0 0.838551536801 0.0 0.0 0.302805153299 159.0 250.0 49.0 0.333333333333 0.333333333333 -0.0772473368937 -0.0580420662484 
0.61591818811 0.0 0.0 0.0 0.0 0.090158006965 1.53076684737 0.0 0.724641685397 0.0 0.0 0.957981307435 158.0 251.0 49.0 0.25608599644 0.275291267085 -0.0175959029056 0.0272860131679 
0.0 0.349565792613 0.0 0.294377236911 0.0 1.4569155641 1.15758133065 0.528848234435 0.0 0.0 0.288753036993 0.0 157.0 252.0 49.0 0.238490093534 0.302577280253 -0.0757095504567 -0.135797393312 
0.0 0.0 0.0 0.622993704898 0.0 0.0 0.0 0.274702254678 1.56155877552 0.0 1.14776585576 0.0 156.0 252.0 50.0 0.162780543077 0.166779886941 -0.113763696652 0.104099027422 
0.0 0.0 0.0 0.0 0.0 0.0 0.692933918683 0.266661154449 0.0 0.0 0.0 0.0 156.0 252.0 50.0 0.0490168464258 0.270878914362 -0.0436008469236 -0.124407817271 
1.1817106335 0.697075938463 0.0 0.041829404654 0.0 0.0 0.068271949708 2.14083130044 0.0 0.0 0.667298397433 0.0 156.0 252.0 50.0 0.00541599950216 0.146471097091 0.061527316636 0.174679833794 
0.0 1.28786682518 0.701197463555 0.0 2.0471723173 0.0 0.548724767323 1.32403663505 0.0 0.0 0.409044005671 0.0 156.0 252.0 50.0 0.0669433161382 0.321150930886 0.0451949219442 0.0339035862812 
0.47971797332 0.805928400045 0.0 0.0 1.14194763939 0.470288616121 0.0 0.0 0.126864798419 0.0 0.0 0.0 156.0 252.0 50.0 0.112138238082 0.333333333333 0.0778911118972 -0.155904436242 
0.0 0.447054901912 0.0 0.544193843406 1.86335453468 0.188364865102 1.92999751574 1.60466680102 0.0 0.0 0.0 0.0 156.0 252.0 50.0 0.19002934998 0.177428897091 -0.00225485287204 0.0782518793144 
0.0 0.0 0.408986245706 0.0 0.16608895109 0.0 0.199597692318 0.0 0.0 1.19775612037 0.0 0.0 156.0 252.0 50.0 0.187774497108 0.255680776406 0.0778099905445 -0.0195346816106 
0.730188837603 0.0 0.0 0.0 0.0 0.0 1.05173261096 0.0 1.83730820236 1.43202709344 0.79384587008 0.0 156.0 252.0 49.0 0.265584487652 0.236146094795 -0.0768730860616 -0.0880544652816 
# HEADER 2
0.0 0.0 0.0 0.0 0.0 0.0 0.0 0.0 0.0 2.0865211369 0.0 0.0 133.0 247.0 255.0 0 0 -0.161292934949 -0.0229706836815 
0.0 0.0 0.0 0.0 0.0 0.0 0.0 0.0 0.0 2.54639366201 0.0 0.0 133.0 248.0 255.0 -0.161292934949 -0.0229706836815 -0.0599720401789 -0.22245079283 
0.0 0.0 0.0 0.0 0.0 0.0 0.0 0.0 0.0 2.09135082113 0.0 0.0 143.0 252.0 255.0 -0.221264975128 -0.245421476511 -0.237309999088 -0.0392591763287 
0.0 0.0 0.0 0.0 0.0 0.0 0.0573097792248 0.0 0.0 0.0 0.979800558311 0.0 155.0 253.0 255.0 -0.333333333333 -0.28468065284 -0.11964194261 -0.170207950515 
0.0 0.0 0.0 0.258059681725 0.0 0.0 0.166902704629 0.0 0.0 0.0 0.0 0.0 167.0 253.0 255.0 -0.333333333333 -0.333333333333 -0.0801779928107 0.034249486499 
0.0 0.0 0.0 0.0 0.0 0.0 0.0 0.0 0.0 0.279372583338 0.0 0.0 181.0 253.0 255.0 -0.333333333333 -0.299083846834 0.0226407527426 0.080158839093 
0.0 0.0 0.0 0.0 0.0 0.0 0.0 0.0 0.0 0.0 0.0 0.0 193.0 253.0 255.0 -0.310692580591 -0.218925007741 -0.109262101195 0.0478293637015 
0.0 0.0 0.0 0.0 0.916102040382 0.0 0.0 0.0 0.215953872025 1.26750317966 0.0 0.37099496233 204.0 252.0 255.0 -0.333333333333 -0.17109564404 -0.0433900051543 0.0959485981165 
0.520253386937 0.0 0.0 1.29524572344 1.23268680805 0.0 0.0 0.0 0.618696438086 3.98842095716 0.0 0.0 216.0 252.0 255.0 -0.333333333333 -0.0751470459233 -0.136848742147 -0.0230165195798 
0.0 0.0 0.0 0.0 0.0 0.0 0.0 0.0 0.130981054795 2.54114620306 0.0 0.0 227.0 251.0 255.0 -0.333333333333 -0.0981635655031 0.0756015504104 -0.0280058952961 
0.0 0.0 0.0 0.0 0.0 0.0 0.0 0.0 0.0 0.0 0.0 0.0 230.0 251.0 255.0 -0.257731782923 -0.126169460799 0.0240475849325 0.00430917641391 
0.0 0.0 0.0 0.0 0.0 0.0 0.0 0.0 0.0 0.687779600659 0.0 0.0 232.0 251.0 255.0 -0.23368419799 -0.121860284385 0.250486355823 0.0495625741677 
0.0 0.0 0.0 0.0 0.0 0.0 0.0 0.0 0.0 2.71876666037 0.0 0.0 233.0 251.0 255.0 0.0168021578322 -0.0722977102176 -0.0910646234673 0.135077197221 
0.0 0.0 0.0 0.0 0.0 0.0 0.0 0.0 0.0 1.34407541538 0.0 0.0 233.0 251.0 255.0 -0.0742624656351 0.0627794870034 -0.0166966722605 -0.164234966313 
0.0 0.0 0.0 0.0 0.0 0.0 0.0 0.0 0.0 0.863403004414 0.0 0.0 233.0 251.0 255.0 -0.0909591378956 -0.101455479309 0.190504116032 0.11811867767 
0.0 0.0 0.0 0.0 0.0 0.0 0.0 0.0 0.0 2.1607425013 0.0 0.0 234.0 251.0 255.0 0.0995449781366 0.0166631983611 -0.124799478677 -0.124535846556 
0.0 0.0 0.0 0.0 0.0 0.0 0.0 0.0 0.0 0.201225730446 0.0 0.0 235.0 251.0 255.0 -0.0252545005405 -0.107872648195 -0.249628583407 -0.0582525002575 
0.0 0.0 0.0 0.0 0.0 0.0 0.0 0.0 0.0 1.01479167413 0.0 0.0 235.0 252.0 255.0 -0.274883083948 -0.166125148452 -0.121307449987 -0.171003204415 
0.0 0.0 0.0 0.0 0.0 0.0 0.0 0.0 0.0 1.41508677363 0.0 0.0 235.0 252.0 255.0 -0.333333333333 -0.333333333333 0.0322813507526 0.0721255193517 
0.0 0.0 0.0 0.0 0.0 0.0 0.0 0.0 0.0 0.333492390127 0.0 0.0 236.0 252.0 255.0 -0.301051982581 -0.261207813982 -0.024299070966 -0.164230921807 
0.0 0.0 0.0 0.0 0.0 0.0 0.0 0.0 0.0 0.987041020832 0.0 0.0 236.0 252.0 255.0 -0.325351053547 -0.333333333333 0.0911457059571 0.223397536979 
0.0 0.0 0.0 0.0 0.0 0.0 0.0 0.0 0.0 0.0 0.0 0.0 236.0 252.0 255.0 -0.23420534759 -0.109935796354 0.0426696738441 -0.125698325203 
0.0 0.0 0.0 0.0 0.0 0.0 0.0 0.0 0.0 0.45258591415 0.0 0.0 236.0 252.0 255.0 -0.191535673746 -0.235634121557 0.0229974442181 0.047560006544 
0.0 0.0 0.0 0.0 0.0 0.0 0.0 0.0 0.0 1.20933571382 0.0 0.0 236.0 252.0 255.0 -0.168538229527 -0.188074115013 -0.0860008679659 -0.159273572483 
0.0 0.0 0.0 0.0 0.0 0.0 0.0 0.0 0.0 2.35738131554 0.0 0.0 236.0 252.0 255.0 -0.254539097493 -0.333333333333 0.0196313056246 -0.0677227451216 
0.0 0.0 0.0 0.0 0.0 0.0 0.0 0.0 0.0 1.86151048143 0.0 0.0 236.0 252.0 255.0 -0.234907791869 -0.333333333333 -0.0201544721842 -0.0297009241319 
0.0 0.0 0.0 0.0 0.0 0.0 0.0 0.0 0.0 1.09559643049 0.0 0.0 236.0 252.0 255.0 -0.255062264053 -0.333333333333 0.0610783538415 -0.0697351473041 
0.0 0.0 0.0 0.0 0.0 0.0 0.0 0.0 0.0 1.97750768274 0.0 0.0 235.0 251.0 255.0 -0.193983910211 -0.333333333333 0.13882158837 0.00540260803555 
0.0 0.0 0.0 0.0 0.0 0.0 0.0 0.0 0.0 2.78573620804 0.0 0.0 235.0 251.0 255.0 -0.0551623218413 -0.327930725298 -0.114755827761 -0.127674204182 
0.0 0.0 0.0 0.0 0.0 0.0 0.0 0.0 0.0 0.0 0.0 0.0 235.0 251.0 255.0 -0.169918149603 -0.333333333333 0.0193621979876 -0.0975429472744 
0.0 0.0 0.0 0.0 0.0 0.0 0.0 0.0 0.0 0.0 0.0 0.0 235.0 251.0 255.0 -0.150555951615 -0.333333333333 -0.0614292476126 0.110443415644 
0.0 0.0 0.0 0.0 0.0 0.0 0.0 0.0 0.0 0.935935011982 0.0 0.0 235.0 251.0 255.0 -0.211985199228 -0.22288991769 -0.0336825374828 -0.0861249296486 
0.0 0.0 0.0 0.0 0.0 0.0 0.0 0.0 0.0 0.502359582952 0.0 0.0 235.0 251.0 255.0 -0.245667736711 -0.309014847338 0.00527671162765 -0.161120922126 
