0.0 0.0 4.0 4 400
0.0 0.0 4.0 4 400
0.0 0.0 4.0 4 400
0.0 0.411987304688 4.0 4 400
0.0 1.23596191406 4.0 4 400
0.0 2.05444335938 4.0 4 291.833496094
0.0 3.29040527344 4.0 4 106.439208984
0.0 4.10888671875 4.0 4 -16.3330078125
0.0 4.52087402344 4.0 4 -78.1311035156
0.0 4.93286132812 4.0 4 -139.929199219
0.1 4.93286132812 8.93286132812 8 400
0.1 4.93286132812 8.93286132812 8 400
0.1 4.93286132812 8.93286132812 8 400
0.1 4.93286132812 8.93286132812 8 400
0.1 5.75134277344 8.93286132812 8 400
0.1 6.57531738281 8.93286132812 8 353.631591797
0.1 7.81127929688 8.93286132812 8 168.237304688
0.1 7.81127929688 8.93286132812 8 168.237304688
0.1 9.45373535156 8.93286132812 8 -78.1311035156
0.1 9.86572265625 8.93286132812 8 -139.929199219
0.2 10.2722167969 13.8657226562 12 400
0.2 10.2722167969 13.8657226562 12 400
0.2 10.2722167969 13.8657226562 12 400
0.2 10.2722167969 13.8657226562 12 400
0.2 11.0961914062 13.8657226562 12 400
0.2 11.9201660156 13.8657226562 12 291.833496094
0.2 13.1506347656 13.8657226562 12 107.263183594
0.2 13.974609375 13.8657226562 12 -16.3330078125
0.2 14.7930908203 13.8657226562 12 -139.105224609
0.2 15.205078125 13.8657226562 12 -200.903320312
0.3 15.205078125 19.205078125 16 400
0.3 15.205078125 19.205078125 16 400
0.3 15.205078125 19.205078125 16 400
0.3 15.205078125 19.205078125 16 400
0.3 15.205078125 19.205078125 16 400
0.3 15.205078125 19.205078125 16 400
0.3 16.0290527344 19.205078125 16 400
0.3 18.0834960938 19.205078125 16 168.237304688
0.3 18.9019775391 19.205078125 16 45.4650878906
0.3 19.7259521484 19.205078125 16 -78.1311035156
0.4 20.5499267578 23.7259521484 20 400
0.4 20.9619140625 23.7259521484 20 400
0.4 20.9619140625 23.7259521484 20 400
0.4 20.9619140625 23.7259521484 20 400
0.4 21.3684082031 23.7259521484 20 353.631591797
0.4 22.1923828125 23.7259521484 20 230.035400391
0.4 23.4228515625 23.7259521484 20 45.4650878906
0.4 24.2468261719 23.7259521484 20 -78.1311035156
0.4 25.0708007812 23.7259521484 20 -201.727294922
0.4 25.4772949219 23.7259521484 20 -262.701416016
