0.0 0.0 2.0 2 200.0
0.0 0.0 2.0 2 200.0
0.0 0.0 2.0 2 200.0
0.0 0.0 2.0 2 200.0
0.0 0.0 2.0 2 200.0
0.0 0.0 2.0 2 200.0
0.0 0.0 2.0 2 200.0
0.0 0.0 2.0 2 200.0
0.0 0.0 2.0 2 200.0
0.0 0.0 2.0 2 200.0
0.0 0.411987304688 2.0 2 158.801269531
0.0 0.823974609375 2.0 2 117.602539062
0.0 1.23596191406 2.0 2 76.4038085938
0.0 1.23596191406 2.0 2 76.4038085938
0.0 1.64245605469 2.0 2 35.7543945312
0.0 1.64245605469 2.0 2 35.7543945312
0.0 1.64245605469 2.0 2 35.7543945312
0.0 1.64245605469 2.0 2 35.7543945312
0.0 1.64245605469 2.0 2 35.7543945312
0.0 1.64245605469 2.0 2 35.7543945312
0.1 1.64245605469 3.64245605469 4 200.0
0.1 1.64245605469 3.64245605469 4 200.0
0.1 1.64245605469 3.64245605469 4 200.0
0.1 1.64245605469 3.64245605469 4 200.0
0.1 2.05444335938 3.64245605469 4 158.801269531
0.1 2.46643066406 3.64245605469 4 117.602539062
0.1 2.87841796875 3.64245605469 4 76.4038085938
0.1 3.69689941406 3.64245605469 4 -5.4443359375
0.1 3.69689941406 3.64245605469 4 -5.4443359375
0.1 3.69689941406 3.64245605469 4 -5.4443359375
0.1 3.69689941406 3.64245605469 4 -5.4443359375
0.1 3.69689941406 3.64245605469 4 -5.4443359375
0.1 3.69689941406 3.64245605469 4 -5.4443359375
0.1 3.69689941406 3.64245605469 4 -5.4443359375
0.1 3.69689941406 3.64245605469 4 -5.4443359375
0.1 3.69689941406 3.64245605469 4 -5.4443359375
0.1 3.69689941406 3.64245605469 4 -5.4443359375
0.1 3.69689941406 3.64245605469 4 -5.4443359375
0.1 3.69689941406 3.64245605469 4 -5.4443359375
0.1 3.69689941406 3.64245605469 4 -5.4443359375
0.2 3.69689941406 5.69689941406 6 200.0
0.2 3.69689941406 5.69689941406 6 200.0
0.2 3.69689941406 5.69689941406 6 200.0
0.2 3.69689941406 5.69689941406 6 200.0
0.2 4.10888671875 5.69689941406 6 158.801269531
0.2 4.52087402344 5.69689941406 6 117.602539062
0.2 4.93286132812 5.69689941406 6 76.4038085938
0.2 5.34484863281 5.69689941406 6 35.205078125
0.2 5.34484863281 5.69689941406 6 35.205078125
0.2 5.75134277344 5.69689941406 6 -5.4443359375
0.2 5.75134277344 5.69689941406 6 -5.4443359375
0.2 5.75134277344 5.69689941406 6 -5.4443359375
0.2 5.75134277344 5.69689941406 6 -5.4443359375
0.2 5.75134277344 5.69689941406 6 -5.4443359375
0.2 5.75134277344 5.69689941406 6 -5.4443359375
0.2 5.75134277344 5.69689941406 6 -5.4443359375
0.2 5.75134277344 5.69689941406 6 -5.4443359375
0.2 5.75134277344 5.69689941406 6 -5.4443359375
0.2 5.75134277344 5.69689941406 6 -5.4443359375
0.2 5.75134277344 5.69689941406 6 -5.4443359375
0.3 5.75134277344 7.75134277344 8 200.0
0.3 5.75134277344 7.75134277344 8 200.0
0.3 5.75134277344 7.75134277344 8 200.0
0.3 5.75134277344 7.75134277344 8 200.0
0.3 5.75134277344 7.75134277344 8 200.0
0.3 6.16333007812 7.75134277344 8 158.801269531
0.3 6.57531738281 7.75134277344 8 117.602539062
0.3 6.9873046875 7.75134277344 8 76.4038085938
0.3 7.39929199219 7.75134277344 8 35.205078125
0.3 7.81127929688 7.75134277344 8 -5.99365234375
0.3 7.81127929688 7.75134277344 8 -5.99365234375
0.3 7.81127929688 7.75134277344 8 -5.99365234375
0.3 7.81127929688 7.75134277344 8 -5.99365234375
0.3 7.81127929688 7.75134277344 8 -5.99365234375
0.3 7.81127929688 7.75134277344 8 -5.99365234375
0.3 7.81127929688 7.75134277344 8 -5.99365234375
0.3 7.81127929688 7.75134277344 8 -5.99365234375
0.3 7.81127929688 7.75134277344 8 -5.99365234375
0.3 8.2177734375 7.75134277344 8 -46.6430664062
0.3 7.81127929688 7.75134277344 8 -5.99365234375
0.4 8.2177734375 9.81127929688 10 159.350585938
0.4 8.2177734375 9.81127929688 10 159.350585938
0.4 8.2177734375 9.81127929688 10 159.350585938
0.4 8.2177734375 9.81127929688 10 159.350585938
0.4 8.2177734375 9.81127929688 10 159.350585938
0.4 8.2177734375 9.81127929688 10 159.350585938
0.4 8.62976074219 9.81127929688 10 118.151855469
0.4 9.04174804688 9.81127929688 10 76.953125
0.4 9.04174804688 9.81127929688 10 76.953125
0.4 9.45373535156 9.81127929688 10 35.7543945312
0.4 9.45373535156 9.81127929688 10 35.7543945312
0.4 9.86572265625 9.81127929688 10 -5.4443359375
0.4 9.86572265625 9.81127929688 10 -5.4443359375
0.4 9.86572265625 9.81127929688 10 -5.4443359375
0.4 9.86572265625 9.81127929688 10 -5.4443359375
0.4 9.86572265625 9.81127929688 10 -5.4443359375
0.4 9.86572265625 9.81127929688 10 -5.4443359375
0.4 9.86572265625 9.81127929688 10 -5.4443359375
0.4 9.86572265625 9.81127929688 10 -5.4443359375
0.4 9.86572265625 9.81127929688 10 -5.4443359375
0.5 9.86572265625 11.8657226562 12 200.0
0.5 9.86572265625 11.8657226562 12 200.0
0.5 9.86572265625 11.8657226562 12 200.0
0.5 10.2722167969 11.8657226562 12 159.350585938
0.5 10.6842041016 11.8657226562 12 118.151855469
0.5 10.6842041016 11.8657226562 12 118.151855469
0.5 11.0961914062 11.8657226562 12 76.953125
0.5 11.5081787109 11.8657226562 12 35.7543945312
0.5 11.5081787109 11.8657226562 12 35.7543945312
0.5 11.5081787109 11.8657226562 12 35.7543945312
0.5 11.5081787109 11.8657226562 12 35.7543945312
0.5 11.5081787109 11.8657226562 12 35.7543945312
0.5 11.5081787109 11.8657226562 12 35.7543945312
0.5 11.5081787109 11.8657226562 12 35.7543945312
0.5 11.5081787109 11.8657226562 12 35.7543945312
0.5 11.5081787109 11.8657226562 12 35.7543945312
0.5 11.5081787109 11.8657226562 12 35.7543945312
0.5 11.5081787109 11.8657226562 12 35.7543945312
0.5 11.5081787109 11.8657226562 12 35.7543945312
0.5 11.5081787109 11.8657226562 12 35.7543945312
0.6 11.9201660156 13.5081787109 14 158.801269531
0.6 11.9201660156 13.5081787109 14 158.801269531
0.6 11.9201660156 13.5081787109 14 158.801269531
0.6 11.5081787109 13.5081787109 14 200.0
0.6 11.9201660156 13.5081787109 14 158.801269531
0.6 12.3266601562 13.5081787109 14 118.151855469
0.6 12.7386474609 13.5081787109 14 76.953125
0.6 13.1506347656 13.5081787109 14 35.7543945312
0.6 13.1506347656 13.5081787109 14 35.7543945312
0.6 13.1506347656 13.5081787109 14 35.7543945312
0.6 13.1506347656 13.5081787109 14 35.7543945312
0.6 13.1506347656 13.5081787109 14 35.7543945312
0.6 13.1506347656 13.5081787109 14 35.7543945312
0.6 13.1506347656 13.5081787109 14 35.7543945312
0.6 13.1506347656 13.5081787109 14 35.7543945312
0.6 13.1506347656 13.5081787109 14 35.7543945312
0.6 13.1506347656 13.5081787109 14 35.7543945312
0.6 13.5626220703 13.5081787109 14 -5.4443359375
0.6 13.1506347656 13.5081787109 14 35.7543945312
0.6 13.5626220703 13.5081787109 14 -5.4443359375
0.7 13.5626220703 15.5626220703 16 200.0
0.7 13.5626220703 15.5626220703 16 200.0
0.7 13.5626220703 15.5626220703 16 200.0
0.7 13.5626220703 15.5626220703 16 200.0
0.7 13.5626220703 15.5626220703 16 200.0
0.7 13.974609375 15.5626220703 16 158.801269531
0.7 14.3865966797 15.5626220703 16 117.602539062
0.7 14.7930908203 15.5626220703 16 76.953125
0.7 15.205078125 15.5626220703 16 35.7543945312
0.7 15.6170654297 15.5626220703 16 -5.4443359375
0.7 15.6170654297 15.5626220703 16 -5.4443359375
0.7 15.6170654297 15.5626220703 16 -5.4443359375
0.7 15.6170654297 15.5626220703 16 -5.4443359375
0.7 15.6170654297 15.5626220703 16 -5.4443359375
0.7 15.6170654297 15.5626220703 16 -5.4443359375
0.7 15.6170654297 15.5626220703 16 -5.4443359375
0.7 15.6170654297 15.5626220703 16 -5.4443359375
0.7 15.6170654297 15.5626220703 16 -5.4443359375
0.7 15.6170654297 15.5626220703 16 -5.4443359375
0.7 15.6170654297 15.5626220703 16 -5.4443359375
0.8 15.6170654297 17.6170654297 18 200.0
0.8 15.6170654297 17.6170654297 18 200.0
0.8 15.6170654297 17.6170654297 18 200.0
0.8 15.6170654297 17.6170654297 18 200.0
0.8 16.0290527344 17.6170654297 18 158.801269531
0.8 16.4410400391 17.6170654297 18 117.602539062
0.8 16.8475341797 17.6170654297 18 76.953125
0.8 17.2595214844 17.6170654297 18 35.7543945312
0.8 17.2595214844 17.6170654297 18 35.7543945312
0.8 17.6715087891 17.6170654297 18 -5.4443359375
0.8 17.6715087891 17.6170654297 18 -5.4443359375
0.8 17.6715087891 17.6170654297 18 -5.4443359375
0.8 17.6715087891 17.6170654297 18 -5.4443359375
0.8 17.6715087891 17.6170654297 18 -5.4443359375
0.8 17.6715087891 17.6170654297 18 -5.4443359375
0.8 17.6715087891 17.6170654297 18 -5.4443359375
0.8 17.6715087891 17.6170654297 18 -5.4443359375
0.8 17.6715087891 17.6170654297 18 -5.4443359375
0.8 17.6715087891 17.6170654297 18 -5.4443359375
0.8 17.6715087891 17.6170654297 18 -5.4443359375
0.9 17.6715087891 19.6715087891 20 200.0
0.9 17.6715087891 19.6715087891 20 200.0
0.9 17.6715087891 19.6715087891 20 200.0
0.9 17.6715087891 19.6715087891 20 200.0
0.9 18.0834960938 19.6715087891 20 158.801269531
0.9 18.4954833984 19.6715087891 20 117.602539062
0.9 18.9019775391 19.6715087891 20 76.953125
0.9 19.3139648438 19.6715087891 20 35.7543945312
0.9 19.3139648438 19.6715087891 20 35.7543945312
0.9 19.7259521484 19.6715087891 20 -5.4443359375
0.9 19.7259521484 19.6715087891 20 -5.4443359375
0.9 19.7259521484 19.6715087891 20 -5.4443359375
0.9 19.7259521484 19.6715087891 20 -5.4443359375
0.9 19.7259521484 19.6715087891 20 -5.4443359375
0.9 19.7259521484 19.6715087891 20 -5.4443359375
0.9 19.7259521484 19.6715087891 20 -5.4443359375
0.9 19.7259521484 19.6715087891 20 -5.4443359375
0.9 19.7259521484 19.6715087891 20 -5.4443359375
0.9 19.7259521484 19.6715087891 20 -5.4443359375
0.9 19.7259521484 19.6715087891 20 -5.4443359375
1.0 19.7259521484 21.7259521484 22 200.0
1.0 19.7259521484 21.7259521484 22 200.0
1.0 19.7259521484 21.7259521484 22 200.0
1.0 20.1379394531 21.7259521484 22 158.801269531
1.0 20.1379394531 21.7259521484 22 158.801269531
1.0 20.5499267578 21.7259521484 22 117.602539062
1.0 20.9619140625 21.7259521484 22 76.4038085938
1.0 21.3684082031 21.7259521484 22 35.7543945312
1.0 21.3684082031 21.7259521484 22 35.7543945312
1.0 21.3684082031 21.7259521484 22 35.7543945312
1.0 21.3684082031 21.7259521484 22 35.7543945312
1.0 21.3684082031 21.7259521484 22 35.7543945312
1.0 21.3684082031 21.7259521484 22 35.7543945312
1.0 21.3684082031 21.7259521484 22 35.7543945312
1.0 21.7803955078 21.7259521484 22 -5.4443359375
1.0 21.7803955078 21.7259521484 22 -5.4443359375
1.0 21.7803955078 21.7259521484 22 -5.4443359375
1.0 21.7803955078 21.7259521484 22 -5.4443359375
1.0 21.7803955078 21.7259521484 22 -5.4443359375
1.0 21.7803955078 21.7259521484 22 -5.4443359375
