0.0 0.0 2.0 2 200.0
0.0 0.0 2.0 2 200.0
0.0 0.0 2.0 2 200.0
0.0 0.0 2.0 2 200.0
0.0 0.0 2.0 2 200.0
0.0 0.0 2.0 2 200.0
0.0 0.411987304688 2.0 2 158.801269531
0.0 0.823974609375 2.0 2 117.602539062
0.0 1.23596191406 2.0 2 76.4038085938
0.0 1.64245605469 2.0 2 35.7543945312
0.1 1.64245605469 3.64245605469 4 200.0
0.1 1.64245605469 3.64245605469 4 200.0
0.1 2.05444335938 3.64245605469 4 158.801269531
0.1 2.05444335938 3.64245605469 4 158.801269531
0.1 2.05444335938 3.64245605469 4 158.801269531
0.1 2.46643066406 3.64245605469 4 117.602539062
0.1 2.46643066406 3.64245605469 4 117.602539062
0.1 2.87841796875 3.64245605469 4 76.4038085938
0.1 3.29040527344 3.64245605469 4 35.205078125
0.1 3.29040527344 3.64245605469 4 35.205078125
0.2 3.29040527344 5.29040527344 6 200.0
0.2 3.29040527344 5.29040527344 6 200.0
0.2 3.69689941406 5.29040527344 6 159.350585938
0.2 3.69689941406 5.29040527344 6 159.350585938
0.2 3.69689941406 5.29040527344 6 159.350585938
0.2 3.69689941406 5.29040527344 6 159.350585938
0.2 3.69689941406 5.29040527344 6 159.350585938
0.2 4.10888671875 5.29040527344 6 118.151855469
0.2 4.10888671875 5.29040527344 6 118.151855469
0.2 4.10888671875 5.29040527344 6 118.151855469
0.3 4.10888671875 6.10888671875 8 200.0
0.3 4.52087402344 6.10888671875 8 158.801269531
0.3 4.52087402344 6.10888671875 8 158.801269531
0.3 4.93286132812 6.10888671875 8 117.602539062
0.3 4.93286132812 6.10888671875 8 117.602539062
0.3 5.34484863281 6.10888671875 8 76.4038085938
0.3 5.75134277344 6.10888671875 8 35.7543945312
0.3 5.75134277344 6.10888671875 8 35.7543945312
0.3 5.75134277344 6.10888671875 8 35.7543945312
0.3 5.75134277344 6.10888671875 8 35.7543945312
0.4 5.75134277344 7.75134277344 10 200.0
0.4 5.75134277344 7.75134277344 10 200.0
0.4 6.16333007812 7.75134277344 10 158.801269531
0.4 6.16333007812 7.75134277344 10 158.801269531
0.4 6.16333007812 7.75134277344 10 158.801269531
0.4 6.57531738281 7.75134277344 10 117.602539062
0.4 6.9873046875 7.75134277344 10 76.4038085938
0.4 7.39929199219 7.75134277344 10 35.205078125
0.4 7.39929199219 7.75134277344 10 35.205078125
0.4 7.39929199219 7.75134277344 10 35.205078125
0.5 7.39929199219 9.39929199219 12 200.0
0.5 7.81127929688 9.39929199219 12 158.801269531
0.5 7.81127929688 9.39929199219 12 158.801269531
0.5 7.81127929688 9.39929199219 12 158.801269531
0.5 7.81127929688 9.39929199219 12 158.801269531
0.5 8.2177734375 9.39929199219 12 118.151855469
0.5 8.62976074219 9.39929199219 12 76.953125
0.5 9.04174804688 9.39929199219 12 35.7543945312
0.5 9.04174804688 9.39929199219 12 35.7543945312
0.5 9.04174804688 9.39929199219 12 35.7543945312
0.6 9.45373535156 11.0417480469 14 158.801269531
0.6 9.45373535156 11.0417480469 14 158.801269531
0.6 9.45373535156 11.0417480469 14 158.801269531
0.6 9.45373535156 11.0417480469 14 158.801269531
0.6 9.86572265625 11.0417480469 14 117.602539062
0.6 9.86572265625 11.0417480469 14 117.602539062
0.6 9.86572265625 11.0417480469 14 117.602539062
0.6 10.2722167969 11.0417480469 14 76.953125
0.6 10.6842041016 11.0417480469 14 35.7543945312
0.6 10.6842041016 11.0417480469 14 35.7543945312
0.7 11.0961914062 12.6842041016 16 158.801269531
0.7 11.0961914062 12.6842041016 16 158.801269531
0.7 11.0961914062 12.6842041016 16 158.801269531
0.7 11.0961914062 12.6842041016 16 158.801269531
0.7 11.5081787109 12.6842041016 16 117.602539062
0.7 11.5081787109 12.6842041016 16 117.602539062
0.7 11.5081787109 12.6842041016 16 117.602539062
0.7 11.9201660156 12.6842041016 16 76.4038085938
0.7 11.9201660156 12.6842041016 16 76.4038085938
0.7 12.3266601562 12.6842041016 16 35.7543945312
0.8 12.7386474609 14.3266601562 18 158.801269531
0.8 12.7386474609 14.3266601562 18 158.801269531
0.8 13.1506347656 14.3266601562 18 117.602539062
0.8 13.1506347656 14.3266601562 18 117.602539062
0.8 13.5626220703 14.3266601562 18 76.4038085938
0.8 13.5626220703 14.3266601562 18 76.4038085938
0.8 13.5626220703 14.3266601562 18 76.4038085938
0.8 13.974609375 14.3266601562 18 35.205078125
0.8 13.974609375 14.3266601562 18 35.205078125
0.8 14.3865966797 14.3266601562 18 -5.99365234375
0.9 14.3865966797 16.3865966797 20 200.0
0.9 14.3865966797 16.3865966797 20 200.0
0.9 14.3865966797 16.3865966797 20 200.0
0.9 14.7930908203 16.3865966797 20 159.350585938
0.9 14.7930908203 16.3865966797 20 159.350585938
0.9 14.7930908203 16.3865966797 20 159.350585938
0.9 14.7930908203 16.3865966797 20 159.350585938
0.9 15.205078125 16.3865966797 20 118.151855469
0.9 15.205078125 16.3865966797 20 118.151855469
0.9 15.6170654297 16.3865966797 20 76.953125
1.0 15.6170654297 17.6170654297 22 200.0
1.0 16.0290527344 17.6170654297 22 158.801269531
1.0 16.0290527344 17.6170654297 22 158.801269531
1.0 16.0290527344 17.6170654297 22 158.801269531
1.0 16.4410400391 17.6170654297 22 117.602539062
1.0 16.4410400391 17.6170654297 22 117.602539062
1.0 16.8475341797 17.6170654297 22 76.953125
1.0 17.2595214844 17.6170654297 22 35.7543945312
1.0 17.2595214844 17.6170654297 22 35.7543945312
1.0 17.6715087891 17.6170654297 22 -5.4443359375
1.1 17.6715087891 19.6715087891 24 200.0
1.1 17.6715087891 19.6715087891 24 200.0
1.1 17.6715087891 19.6715087891 24 200.0
1.1 17.6715087891 19.6715087891 24 200.0
1.1 17.6715087891 19.6715087891 24 200.0
1.1 18.0834960938 19.6715087891 24 158.801269531
1.1 18.4954833984 19.6715087891 24 117.602539062
1.1 18.9019775391 19.6715087891 24 76.953125
1.1 19.3139648438 19.6715087891 24 35.7543945312
1.1 19.7259521484 19.6715087891 24 -5.4443359375
1.2 19.7259521484 21.7259521484 26 200.0
1.2 20.1379394531 21.7259521484 26 158.801269531
1.2 20.1379394531 21.7259521484 26 158.801269531
1.2 20.1379394531 21.7259521484 26 158.801269531
1.2 20.1379394531 21.7259521484 26 158.801269531
1.2 20.5499267578 21.7259521484 26 117.602539062
1.2 20.9619140625 21.7259521484 26 76.4038085938
1.2 21.3684082031 21.7259521484 26 35.7543945312
1.2 21.3684082031 21.7259521484 26 35.7543945312
1.2 21.7803955078 21.7259521484 26 -5.4443359375
