0.0 0.0 2.0 2 400.0
0.0 0.0 2.0 2 400.0
0.0 0.0 2.0 2 400.0
0.0 0.0 2.0 2 400.0
0.0 0.0 2.0 2 400.0
0.0 0.0 2.0 2 400.0
0.0 0.0 2.0 2 400.0
0.0 0.823974609375 2.0 2 235.205078125
0.0 1.64245605469 2.0 2 71.5087890625
0.0 3.29040527344 2.0 2 -258.081054688
0.0 3.69689941406 2.0 2 -339.379882812
0.0 3.69689941406 2.0 2 -339.379882812
0.0 4.10888671875 2.0 2 -400
0.0 4.10888671875 2.0 2 -400
0.0 4.10888671875 2.0 2 -400
0.0 4.10888671875 2.0 2 -400
0.0 3.69689941406 2.0 2 -339.379882812
0.0 3.29040527344 2.0 2 -258.081054688
0.0 1.64245605469 2.0 2 71.5087890625
0.0 0.823974609375 2.0 2 235.205078125
0.1 0.411987304688 2.82397460938 4 400
0.1 0.0 2.82397460938 4 400
0.1 0.0 2.82397460938 4 400
0.1 0.411987304688 2.82397460938 4 400
0.1 0.411987304688 2.82397460938 4 400
0.1 0.411987304688 2.82397460938 4 400
0.1 1.23596191406 2.82397460938 4 317.602539062
0.1 1.64245605469 2.82397460938 4 236.303710938
0.1 2.46643066406 2.82397460938 4 71.5087890625
0.1 3.29040527344 2.82397460938 4 -93.2861328125
0.1 4.10888671875 2.82397460938 4 -256.982421875
0.1 4.52087402344 2.82397460938 4 -339.379882812
0.1 4.52087402344 2.82397460938 4 -339.379882812
0.1 4.52087402344 2.82397460938 4 -339.379882812
0.1 4.52087402344 2.82397460938 4 -339.379882812
0.1 4.10888671875 2.82397460938 4 -256.982421875
0.1 4.10888671875 2.82397460938 4 -256.982421875
0.1 3.69689941406 2.82397460938 4 -174.584960938
0.1 3.29040527344 2.82397460938 4 -93.2861328125
0.1 2.46643066406 2.82397460938 4 71.5087890625
0.2 2.05444335938 4.46643066406 6 400
0.2 1.64245605469 4.46643066406 6 400
0.2 1.64245605469 4.46643066406 6 400
0.2 1.64245605469 4.46643066406 6 400
0.2 2.05444335938 4.46643066406 6 400
0.2 2.05444335938 4.46643066406 6 400
0.2 2.05444335938 4.46643066406 6 400
0.2 2.87841796875 4.46643066406 6 317.602539062
0.2 3.69689941406 4.46643066406 6 153.90625
0.2 4.52087402344 4.46643066406 6 -10.888671875
0.2 5.75134277344 4.46643066406 6 -256.982421875
0.2 6.57531738281 4.46643066406 6 -400
0.2 6.57531738281 4.46643066406 6 -400
0.2 6.57531738281 4.46643066406 6 -400
0.2 6.57531738281 4.46643066406 6 -400
0.2 6.57531738281 4.46643066406 6 -400
0.2 6.16333007812 4.46643066406 6 -339.379882812
0.2 5.34484863281 4.46643066406 6 -175.68359375
0.2 4.52087402344 4.46643066406 6 -10.888671875
0.2 3.69689941406 4.46643066406 6 153.90625
0.3 2.87841796875 5.69689941406 8 400
0.3 2.87841796875 5.69689941406 8 400
0.3 2.87841796875 5.69689941406 8 400
0.3 3.29040527344 5.69689941406 8 400
0.3 3.29040527344 5.69689941406 8 400
0.3 3.29040527344 5.69689941406 8 400
0.3 3.69689941406 5.69689941406 8 400.0
0.3 4.93286132812 5.69689941406 8 152.807617188
0.3 5.75134277344 5.69689941406 8 -10.888671875
0.3 6.57531738281 5.69689941406 8 -175.68359375
0.3 6.9873046875 5.69689941406 8 -258.081054688
0.3 7.39929199219 5.69689941406 8 -340.478515625
0.3 7.39929199219 5.69689941406 8 -340.478515625
0.3 7.39929199219 5.69689941406 8 -340.478515625
0.3 7.39929199219 5.69689941406 8 -340.478515625
0.3 7.39929199219 5.69689941406 8 -340.478515625
0.3 6.9873046875 5.69689941406 8 -258.081054688
0.3 6.57531738281 5.69689941406 8 -175.68359375
0.3 5.75134277344 5.69689941406 8 -10.888671875
0.3 4.93286132812 5.69689941406 8 152.807617188
0.4 4.52087402344 6.93286132812 10 400
0.4 4.52087402344 6.93286132812 10 400
0.4 4.52087402344 6.93286132812 10 400
0.4 4.52087402344 6.93286132812 10 400
0.4 4.52087402344 6.93286132812 10 400
0.4 4.52087402344 6.93286132812 10 400
0.4 4.52087402344 6.93286132812 10 400
0.4 5.75134277344 6.93286132812 10 236.303710938
0.4 6.9873046875 6.93286132812 10 -10.888671875
0.4 7.81127929688 6.93286132812 10 -175.68359375
0.4 8.62976074219 6.93286132812 10 -339.379882812
0.4 9.04174804688 6.93286132812 10 -400
0.4 9.04174804688 6.93286132812 10 -400
0.4 9.04174804688 6.93286132812 10 -400
0.4 9.04174804688 6.93286132812 10 -400
0.4 9.04174804688 6.93286132812 10 -400
0.4 8.62976074219 6.93286132812 10 -339.379882812
0.4 7.81127929688 6.93286132812 10 -175.68359375
0.4 6.9873046875 6.93286132812 10 -10.888671875
0.4 6.16333007812 6.93286132812 10 153.90625
0.5 5.34484863281 8.16333007812 12 400
0.5 4.93286132812 8.16333007812 12 400
0.5 4.93286132812 8.16333007812 12 400
0.5 5.34484863281 8.16333007812 12 400
0.5 5.34484863281 8.16333007812 12 400
0.5 5.34484863281 8.16333007812 12 400
0.5 6.16333007812 8.16333007812 12 400.0
0.5 6.9873046875 8.16333007812 12 235.205078125
0.5 7.81127929688 8.16333007812 12 70.41015625
0.5 8.62976074219 8.16333007812 12 -93.2861328125
0.5 9.45373535156 8.16333007812 12 -258.081054688
0.5 9.45373535156 8.16333007812 12 -258.081054688
0.5 9.45373535156 8.16333007812 12 -258.081054688
0.5 9.45373535156 8.16333007812 12 -258.081054688
0.5 9.45373535156 8.16333007812 12 -258.081054688
0.5 9.45373535156 8.16333007812 12 -258.081054688
0.5 9.45373535156 8.16333007812 12 -258.081054688
0.5 9.45373535156 8.16333007812 12 -258.081054688
0.5 9.04174804688 8.16333007812 12 -175.68359375
0.5 8.62976074219 8.16333007812 12 -93.2861328125
0.6 8.62976074219 10.6297607422 14 400.0
0.6 7.39929199219 10.6297607422 14 400
0.6 7.39929199219 10.6297607422 14 400
0.6 7.39929199219 10.6297607422 14 400
0.6 7.39929199219 10.6297607422 14 400
0.6 7.39929199219 10.6297607422 14 400
0.6 7.81127929688 10.6297607422 14 400
0.6 8.2177734375 10.6297607422 14 400
0.6 9.45373535156 10.6297607422 14 235.205078125
0.6 10.2722167969 10.6297607422 14 71.5087890625
0.6 11.0961914062 10.6297607422 14 -93.2861328125
0.6 11.9201660156 10.6297607422 14 -258.081054688
0.6 12.3266601562 10.6297607422 14 -339.379882812
0.6 12.7386474609 10.6297607422 14 -400
0.6 12.7386474609 10.6297607422 14 -400
0.6 12.7386474609 10.6297607422 14 -400
0.6 12.7386474609 10.6297607422 14 -400
0.6 12.7386474609 10.6297607422 14 -400
0.6 11.9201660156 10.6297607422 14 -258.081054688
0.6 11.5081787109 10.6297607422 14 -175.68359375
0.7 10.2722167969 13.5081787109 16 400
0.7 9.45373535156 13.5081787109 16 400
0.7 8.62976074219 13.5081787109 16 400
0.7 8.62976074219 13.5081787109 16 400
0.7 8.62976074219 13.5081787109 16 400
0.7 9.04174804688 13.5081787109 16 400
0.7 9.45373535156 13.5081787109 16 400
0.7 9.86572265625 13.5081787109 16 400
0.7 11.0961914062 13.5081787109 16 400
0.7 11.0961914062 13.5081787109 16 400
0.7 11.9201660156 13.5081787109 16 317.602539062
0.7 13.5626220703 13.5081787109 16 -10.888671875
0.7 14.3865966797 13.5081787109 16 -175.68359375
0.7 14.7930908203 13.5081787109 16 -256.982421875
0.7 15.6170654297 13.5081787109 16 -400
0.7 15.6170654297 13.5081787109 16 -400
0.7 15.6170654297 13.5081787109 16 -400
0.7 15.6170654297 13.5081787109 16 -400
0.7 15.6170654297 13.5081787109 16 -400
0.7 15.205078125 13.5081787109 16 -339.379882812
0.8 14.3865966797 17.205078125 18 400
0.8 13.5626220703 17.205078125 18 400
0.8 12.7386474609 17.205078125 18 400
0.8 12.3266601562 17.205078125 18 400
0.8 12.7386474609 17.205078125 18 400
0.8 12.7386474609 17.205078125 18 400
0.8 13.1506347656 17.205078125 18 400
0.8 13.5626220703 17.205078125 18 400
0.8 14.3865966797 17.205078125 18 400
0.8 15.205078125 17.205078125 18 400.0
0.8 16.0290527344 17.205078125 18 235.205078125
0.8 17.2595214844 17.205078125 18 -10.888671875
0.8 17.6715087891 17.205078125 18 -93.2861328125
0.8 18.4954833984 17.205078125 18 -258.081054688
0.8 18.9019775391 17.205078125 18 -339.379882812
0.8 19.3139648438 17.205078125 18 -400
0.8 19.3139648438 17.205078125 18 -400
0.8 19.3139648438 17.205078125 18 -400
0.8 19.3139648438 17.205078125 18 -400
0.8 19.3139648438 17.205078125 18 -400
0.9 18.4954833984 21.3139648438 20 400
0.9 18.0834960938 21.3139648438 20 400
0.9 16.8475341797 21.3139648438 20 400
0.9 16.4410400391 21.3139648438 20 400
0.9 16.0290527344 21.3139648438 20 400
0.9 16.4410400391 21.3139648438 20 400
0.9 16.4410400391 21.3139648438 20 400
0.9 16.8475341797 21.3139648438 20 400
0.9 17.6715087891 21.3139648438 20 400
0.9 18.4954833984 21.3139648438 20 400
0.9 19.3139648438 21.3139648438 20 400.0
0.9 20.5499267578 21.3139648438 20 152.807617188
0.9 20.9619140625 21.3139648438 20 70.41015625
0.9 21.7803955078 21.3139648438 20 -93.2861328125
0.9 22.6043701172 21.3139648438 20 -258.081054688
0.9 23.4228515625 21.3139648438 20 -400
0.9 23.4228515625 21.3139648438 20 -400
0.9 23.4228515625 21.3139648438 20 -400
0.9 23.4228515625 21.3139648438 20 -400
0.9 23.4228515625 21.3139648438 20 -400
