0.0 0.0 2.0 2 300.0
0.0 0.411987304688 2.0 2 238.201904297
0.0 0.411987304688 2.0 2 238.201904297
0.0 0.411987304688 2.0 2 238.201904297
0.0 0.411987304688 2.0 2 238.201904297
0.0 0.411987304688 2.0 2 238.201904297
0.0 1.23596191406 2.0 2 114.605712891
0.0 1.23596191406 2.0 2 114.605712891
0.0 2.05444335938 2.0 2 -8.16650390625
0.0 2.46643066406 2.0 2 -69.9645996094
0.1 2.87841796875 4.46643066406 4 238.201904297
0.1 2.87841796875 4.46643066406 4 238.201904297
0.1 2.87841796875 4.46643066406 4 238.201904297
0.1 2.87841796875 4.46643066406 4 238.201904297
0.1 3.29040527344 4.46643066406 4 176.403808594
0.1 3.29040527344 4.46643066406 4 176.403808594
0.1 3.70239257812 4.46643066406 4 114.605712891
0.1 3.70239257812 4.46643066406 4 114.605712891
0.1 4.10888671875 4.46643066406 4 53.6315917969
0.1 4.10888671875 4.46643066406 4 53.6315917969
0.2 4.10888671875 6.10888671875 6 300.0
0.2 4.52087402344 6.10888671875 6 238.201904297
0.2 4.52087402344 6.10888671875 6 238.201904297
0.2 4.52087402344 6.10888671875 6 238.201904297
0.2 4.52087402344 6.10888671875 6 238.201904297
0.2 4.93286132812 6.10888671875 6 176.403808594
0.2 5.34484863281 6.10888671875 6 114.605712891
0.2 6.16333007812 6.10888671875 6 -8.16650390625
0.2 6.57531738281 6.10888671875 6 -69.9645996094
0.2 6.9873046875 6.10888671875 6 -131.762695312
0.3 6.9873046875 8.9873046875 8 300.0
0.3 6.9873046875 8.9873046875 8 300.0
0.3 6.9873046875 8.9873046875 8 300.0
0.3 7.39929199219 8.9873046875 8 238.201904297
0.3 7.39929199219 8.9873046875 8 238.201904297
0.3 7.81127929688 8.9873046875 8 176.403808594
0.3 8.22326660156 8.9873046875 8 114.605712891
0.3 9.04174804688 8.9873046875 8 -8.16650390625
0.3 9.45373535156 8.9873046875 8 -69.9645996094
0.3 9.86572265625 8.9873046875 8 -131.762695312
0.4 9.86572265625 11.8657226562 10 300.0
0.4 9.86572265625 11.8657226562 10 300.0
0.4 9.86572265625 11.8657226562 10 300.0
0.4 9.86572265625 11.8657226562 10 300.0
0.4 10.2777099609 11.8657226562 10 238.201904297
0.4 10.6842041016 11.8657226562 10 177.227783203
0.4 11.5081787109 11.8657226562 10 53.6315917969
0.4 12.3321533203 11.8657226562 10 -69.9645996094
0.4 12.7386474609 11.8657226562 10 -130.938720703
0.4 13.1506347656 11.8657226562 10 -192.736816406
0.5 13.1506347656 15.1506347656 12 300.0
0.5 13.1506347656 15.1506347656 12 300.0
0.5 13.1506347656 15.1506347656 12 300.0
0.5 13.1506347656 15.1506347656 12 300.0
0.5 13.1506347656 15.1506347656 12 300.0
0.5 13.5626220703 15.1506347656 12 238.201904297
0.5 13.974609375 15.1506347656 12 176.403808594
0.5 14.7985839844 15.1506347656 12 52.8076171875
0.5 15.6170654297 15.1506347656 12 -69.9645996094
0.5 16.4410400391 15.1506347656 12 -193.560791016
0.6 16.4410400391 18.4410400391 14 300.0
0.6 16.4410400391 18.4410400391 14 300.0
0.6 16.4410400391 18.4410400391 14 300.0
0.6 16.4410400391 18.4410400391 14 300.0
0.6 16.4410400391 18.4410400391 14 300.0
0.6 16.8530273438 18.4410400391 14 238.201904297
0.6 17.6715087891 18.4410400391 14 115.4296875
0.6 18.4954833984 18.4410400391 14 -8.16650390625
0.6 19.3139648438 18.4410400391 14 -130.938720703
0.6 19.7259521484 18.4410400391 14 -192.736816406
0.7 19.7259521484 21.7259521484 16 300.0
0.7 19.7259521484 21.7259521484 16 300.0
0.7 19.7259521484 21.7259521484 16 300.0
0.7 19.7259521484 21.7259521484 16 300.0
0.7 19.7259521484 21.7259521484 16 300.0
0.7 20.1379394531 21.7259521484 16 238.201904297
0.7 20.5499267578 21.7259521484 16 176.403808594
0.7 21.7803955078 21.7259521484 16 -8.16650390625
0.7 22.1923828125 21.7259521484 16 -69.9645996094
0.7 23.0163574219 21.7259521484 16 -193.560791016
