0.0 0.0 3.0 3 400
0.0 0.0 3.0 3 400
0.0 0.0 3.0 3 400
0.0 0.0 3.0 3 400
0.0 0.0 3.0 3 400
0.0 0.411987304688 3.0 3 388.201904297
0.0 0.411987304688 3.0 3 388.201904297
0.0 0.823974609375 3.0 3 326.403808594
0.0 1.23596191406 3.0 3 264.605712891
0.0 2.46643066406 3.0 3 80.0354003906
0.0 3.29040527344 3.0 3 -43.5607910156
0.0 3.69689941406 3.0 3 -104.534912109
0.0 4.52087402344 3.0 3 -228.131103516
0.0 4.52087402344 3.0 3 -228.131103516
0.0 4.93286132812 3.0 3 -289.929199219
0.0 4.93286132812 3.0 3 -289.929199219
0.0 4.93286132812 3.0 3 -289.929199219
0.0 4.93286132812 3.0 3 -289.929199219
0.0 4.93286132812 3.0 3 -289.929199219
0.0 4.93286132812 3.0 3 -289.929199219
0.1 4.93286132812 7.93286132812 6 400
0.1 3.69689941406 7.93286132812 6 400
0.1 3.69689941406 7.93286132812 6 400
0.1 2.87841796875 7.93286132812 6 400
0.1 2.87841796875 7.93286132812 6 400
0.1 2.87841796875 7.93286132812 6 400
0.1 2.87841796875 7.93286132812 6 400
0.1 4.10888671875 7.93286132812 6 400
0.1 4.93286132812 7.93286132812 6 400
0.1 6.16333007812 7.93286132812 6 265.4296875
0.1 6.9873046875 7.93286132812 6 141.833496094
0.1 7.81127929688 7.93286132812 6 18.2373046875
0.1 7.81127929688 7.93286132812 6 18.2373046875
0.1 8.62976074219 7.93286132812 6 -104.534912109
0.1 8.62976074219 7.93286132812 6 -104.534912109
0.1 8.62976074219 7.93286132812 6 -104.534912109
0.1 8.62976074219 7.93286132812 6 -104.534912109
0.1 8.62976074219 7.93286132812 6 -104.534912109
0.1 8.62976074219 7.93286132812 6 -104.534912109
0.1 8.62976074219 7.93286132812 6 -104.534912109
0.2 8.62976074219 11.6297607422 9 400
0.2 8.62976074219 11.6297607422 9 400
0.2 8.62976074219 11.6297607422 9 400
0.2 8.62976074219 11.6297607422 9 400
0.2 8.62976074219 11.6297607422 9 400
0.2 9.45373535156 11.6297607422 9 326.403808594
0.2 10.2722167969 11.6297607422 9 203.631591797
0.2 11.5081787109 11.6297607422 9 18.2373046875
0.2 12.3266601562 11.6297607422 9 -104.534912109
0.2 13.1506347656 11.6297607422 9 -228.131103516
0.2 13.1506347656 11.6297607422 9 -228.131103516
0.2 13.1506347656 11.6297607422 9 -228.131103516
0.2 13.1506347656 11.6297607422 9 -228.131103516
0.2 13.1506347656 11.6297607422 9 -228.131103516
0.2 13.1506347656 11.6297607422 9 -228.131103516
0.2 13.1506347656 11.6297607422 9 -228.131103516
0.2 13.1506347656 11.6297607422 9 -228.131103516
0.2 13.1506347656 11.6297607422 9 -228.131103516
0.2 13.1506347656 11.6297607422 9 -228.131103516
0.2 12.7386474609 11.6297607422 9 -166.333007812
0.3 11.9201660156 15.7386474609 12 400
0.3 11.5081787109 15.7386474609 12 400
0.3 11.0961914062 15.7386474609 12 400
0.3 11.0961914062 15.7386474609 12 400
0.3 11.0961914062 15.7386474609 12 400
0.3 11.0961914062 15.7386474609 12 400
0.3 11.0961914062 15.7386474609 12 400
0.3 11.9201660156 15.7386474609 12 400
0.3 11.9201660156 15.7386474609 12 400
0.3 13.974609375 15.7386474609 12 264.605712891
0.3 14.7930908203 15.7386474609 12 141.833496094
0.3 15.6170654297 15.7386474609 12 18.2373046875
0.3 16.4410400391 15.7386474609 12 -105.358886719
0.3 16.8475341797 15.7386474609 12 -166.333007812
0.3 16.8475341797 15.7386474609 12 -166.333007812
0.3 16.8475341797 15.7386474609 12 -166.333007812
0.3 16.8475341797 15.7386474609 12 -166.333007812
0.3 16.8475341797 15.7386474609 12 -166.333007812
0.3 16.8475341797 15.7386474609 12 -166.333007812
0.3 16.8475341797 15.7386474609 12 -166.333007812
0.4 16.8475341797 19.8475341797 15 400
0.4 16.8475341797 19.8475341797 15 400
0.4 16.8475341797 19.8475341797 15 400
0.4 17.2595214844 19.8475341797 15 388.201904297
0.4 16.8475341797 19.8475341797 15 400
0.4 17.2595214844 19.8475341797 15 388.201904297
0.4 17.2595214844 19.8475341797 15 388.201904297
0.4 18.0834960938 19.8475341797 15 264.605712891
0.4 18.9019775391 19.8475341797 15 141.833496094
0.4 20.1379394531 19.8475341797 15 -43.5607910156
0.4 20.9619140625 19.8475341797 15 -167.156982422
0.4 21.3684082031 19.8475341797 15 -228.131103516
0.4 21.3684082031 19.8475341797 15 -228.131103516
0.4 21.7803955078 19.8475341797 15 -289.929199219
0.4 21.7803955078 19.8475341797 15 -289.929199219
0.4 21.7803955078 19.8475341797 15 -289.929199219
0.4 21.7803955078 19.8475341797 15 -289.929199219
0.4 21.7803955078 19.8475341797 15 -289.929199219
0.4 21.7803955078 19.8475341797 15 -289.929199219
0.4 21.3684082031 19.8475341797 15 -228.131103516
