0.0 0 35.3256494141
0.0 0.0 35.3256494141
0.1 0.0 35.3256494141
0.2 0.406494140625 35.7321435547
0.3 0.406494140625 35.7321435547
0.4 0.406494140625 35.7321435547
0.5 0.818481445312 36.1441308594
0.6 1.64245605469 36.9681054687
0.7 2.46643066406 37.7920800781
0.8 3.28491210938 38.6105615234
0.9 4.52087402344 39.8465234375
1.0 5.33935546875 40.6650048828
1.1 6.16333007812 41.4889794922
1.2 6.98181152344 42.3074609375
1.3 7.80578613281 43.1314355469
1.4 8.62976074219 43.9554101562
1.5 9.4482421875 44.7738916016
1.6 10.2722167969 45.5978662109
1.7 11.0961914062 46.4218408203
1.8 12.7386474609 48.064296875
1.9 13.5571289062 48.8827783203
2.0 14.7930908203 50.1187402344
0.0 0 27.1023828125
0.0 0.0 27.1023828125
0.1 0.0 27.1023828125
0.2 0.0 27.1023828125
0.3 0.411987304688 27.5143701172
0.4 0.823974609375 27.9263574219
0.5 1.23596191406 28.3383447266
0.6 2.46643066406 29.5688134766
0.7 2.46643066406 29.5688134766
0.8 3.70239257812 30.8047753906
0.9 4.52087402344 31.6232568359
1.0 5.34484863281 32.4472314453
1.1 6.16882324219 33.2712060547
1.2 6.9873046875 34.0896875
1.3 6.9873046875 34.0896875
1.4 8.62976074219 35.7321435547
1.5 8.62976074219 35.7321435547
1.6 10.6896972656 37.7920800781
1.7 11.5081787109 38.6105615234
1.8 12.3321533203 39.4345361328
1.9 13.1506347656 40.2530175781
2.0 13.974609375 41.0769921875
2.1 15.205078125 42.3074609375
2.2 16.0290527344 43.1314355469
2.3 16.8530273438 43.9554101562
2.4 17.6715087891 44.7738916016
2.5 18.4954833984 45.5978662109
2.6 19.3194580078 46.4218408203
2.7 20.1379394531 47.2403222656
2.8 20.9619140625 48.064296875
2.9 21.7803955078 48.8827783203
3.0 22.6043701172 49.7067529297
3.1 23.4283447266 50.5307275391
