0.0 0 33.6777001953
0.0 0.0 33.6777001953
0.1 -0.406494140625 33.2712060547
0.2 0.0 33.6777001953
0.3 0.0 33.6777001953
0.4 0.0 33.6777001953
0.5 0.411987304688 34.0896875
0.6 0.823974609375 34.5016748047
0.7 0.823974609375 34.5016748047
0.8 0.823974609375 34.5016748047
0.9 1.23596191406 34.9136621094
1.0 1.23596191406 34.9136621094
1.1 1.64794921875 35.3256494141
1.2 2.05444335938 35.7321435547
1.3 2.46643066406 36.1441308594
1.4 2.87841796875 36.5561181641
1.5 3.29040527344 36.9681054687
1.6 3.70239257812 37.3800927734
1.7 4.11437988281 37.7920800781
1.8 4.52087402344 38.1985742187
1.9 4.93286132812 38.6105615234
2.0 5.34484863281 39.0225488281
2.1 5.7568359375 39.4345361328
2.2 6.16882324219 39.8465234375
2.3 6.57531738281 40.2530175781
2.4 6.9873046875 40.6650048828
2.5 7.39929199219 41.0769921875
2.6 7.81127929688 41.4889794922
2.7 8.22326660156 41.9009667969
2.8 8.22326660156 41.9009667969
2.9 8.62976074219 42.3074609375
3.0 9.04174804688 42.7194482422
3.1 9.45373535156 43.1314355469
3.2 9.86572265625 43.5434228516
3.3 10.2777099609 43.9554101562
3.4 10.6896972656 44.3673974609
3.5 11.0961914062 44.7738916016
3.6 11.5081787109 45.1858789062
3.7 11.9201660156 45.5978662109
3.8 12.3321533203 46.0098535156
3.9 12.3321533203 46.0098535156
4.0 12.744140625 46.4218408203
4.1 13.1506347656 46.8283349609
4.2 13.5626220703 47.2403222656
4.3 13.974609375 47.6523095703
4.4 14.3865966797 48.064296875
4.5 14.7985839844 48.4762841797
4.6 15.205078125 48.8827783203
4.7 15.6170654297 49.294765625
4.8 16.0290527344 49.7067529297
4.9 16.4410400391 50.1187402344
0.0 0 29.1568261719
0.0 0.0 29.1568261719
0.1 0.0 29.1568261719
0.2 0.0 29.1568261719
0.3 0.0 29.1568261719
0.4 0.0 29.1568261719
0.5 0.411987304688 29.5688134766
0.6 0.823974609375 29.9808007812
0.7 1.23596191406 30.3927880859
0.8 1.64794921875 30.8047753906
0.9 2.05993652344 31.2167626953
1.0 2.05993652344 31.2167626953
1.1 2.46643066406 31.6232568359
1.2 2.87841796875 32.0352441406
1.3 3.29040527344 32.4472314453
1.4 3.29040527344 32.4472314453
1.5 3.70239257812 32.85921875
1.6 4.11437988281 33.2712060547
1.7 4.11437988281 33.2712060547
1.8 4.52087402344 33.6777001953
1.9 4.52087402344 33.6777001953
2.0 4.93286132812 34.0896875
2.1 4.93286132812 34.0896875
2.2 5.34484863281 34.5016748047
2.3 5.7568359375 34.9136621094
2.4 6.16882324219 35.3256494141
2.5 6.16882324219 35.3256494141
2.6 6.57531738281 35.7321435547
2.7 6.9873046875 36.1441308594
2.8 7.39929199219 36.5561181641
2.9 7.81127929688 36.9681054687
3.0 8.22326660156 37.3800927734
3.1 8.63525390625 37.7920800781
3.2 9.04174804688 38.1985742187
3.3 9.45373535156 38.6105615234
3.4 9.86572265625 39.0225488281
3.5 10.2777099609 39.4345361328
3.6 10.6896972656 39.8465234375
3.7 11.0961914062 40.2530175781
3.8 11.5081787109 40.6650048828
3.9 11.9201660156 41.0769921875
4.0 12.3321533203 41.4889794922
4.1 12.744140625 41.9009667969
4.2 13.1506347656 42.3074609375
4.3 13.5626220703 42.7194482422
4.4 13.5626220703 42.7194482422
4.5 13.974609375 43.1314355469
4.6 14.3865966797 43.5434228516
4.7 14.7985839844 43.9554101562
4.8 15.2105712891 44.3673974609
4.9 15.6170654297 44.7738916016
5.0 16.0290527344 45.1858789062
5.1 16.4410400391 45.5978662109
5.2 16.8530273438 46.0098535156
5.3 17.2650146484 46.4218408203
5.4 17.2650146484 46.4218408203
5.5 17.6715087891 46.8283349609
5.6 18.0834960938 47.2403222656
5.7 18.4954833984 47.6523095703
5.8 18.9074707031 48.064296875
5.9 19.3194580078 48.4762841797
6.0 19.7259521484 48.8827783203
6.1 20.1379394531 49.294765625
6.2 20.5499267578 49.7067529297
6.3 20.9619140625 50.1187402344
