nrollouts: 10
# HEADER 1
0.0 1.5148270741 0.660008125024 0.623955360215 0.0 0.9795349759 0.0 0.0 0.315690273664 1.78592609215 0.0 1.20706983044 133.0 248.0 255.0 0 0 0.000180608063373 -0.0166262372754 0.0 
0.0 1.15779023681 0.0259418117356 0.0 0.0 0.0 0.0 0.0 0.0 0.38323891483 0.0 0.136931259201 133.0 249.0 255.0 0.000180608063373 -0.0166262372754 -0.0728379572973 0.238384815894 0.0 
0.0 2.05288020405 0.0 0.0271392712367 0.159716017251 0.375802209469 0.0 0.185603847525 1.02879876329 1.82976650521 0.0 0.660166894587 133.0 247.0 255.0 -0.0726573492339 0.221758578619 -0.0512990477201 0.169620464364 0.0 
0.0891635790899 1.85274546989 0.538994203302 0.39048832498 0.260082450846 0.1298416047 0.0 1.03141432423 1.27930143598 1.80742333361 0.0147276283257 1.79333980167 143.0 227.0 242.0 -0.123956396954 0.333333333333 0.0339886133828 0.00890543372384 0.0 
0.291154494939 1.42492548465 3.19182407448 0.051449185778 0.636716883086 1.27656405718 0.0 0.666440796101 1.07678662089 1.91423963168 1.01288431486 0.259187078054 155.0 225.0 196.0 -0.0899677835713 0.333333333333 0.0241000594864 -0.150471304377 0.0 
0.486039956073 1.3512311494 1.27210941701 0.0459173810161 0.0 2.22108985946 0.0 2.07380408482 0.0 3.4195031345 0.905525724065 0.874126599348 165.0 225.0 148.0 -0.0658677240849 0.182862028957 0.0489652757386 0.140421888615 0.0429814248784 
0.0 0.0 0.260751830268 0.0458088963026 0.0 0.622988299122 0.135500280309 2.3229578204 0.0 0.0 0.231415280789 0.0 173.0 224.0 106.0 -0.0169024483463 0.323283917572 -0.119950690031 -0.0580286525814 0.0 
0.0 0.0 0.0 0.0 0.0 0.0 3.63086009305 0.197682601721 0.0 0.0 0.546491390888 0.0 184.0 215.0 66.0 -0.136853138377 0.26525526499 -0.0674037809058 0.0447873286535 0.0 
0.0 0.0 0.0 0.0 0.0 0.0 3.67580936104 0.376390572702 0.0 0.0 0.282348980578 0.0 198.0 193.0 49.0 -0.204256919283 0.310042593644 -0.0606143210494 0.0692364791331 0.0 
0.0 0.0 0.0 0.0 0.0 0.0 1.20380742263 0.0 0.0713295596364 0.0 1.73209736639 0.0 210.0 164.0 43.0 -0.264871240332 0.333333333333 0.0752260000323 0.180452016082 -0.0285328345441 
0.0 0.0 0.0 0.0 0.0 0.0 0.730156337729 0.746053266192 0.0 0.0 0.53034805542 0.0 219.0 130.0 41.0 -0.1896452403 0.333333333333 -0.078739230206 0.00212321866559 0.11625444036 
1.17404929341 0.987947946501 2.185901243 0.0 0.585977905041 0.321372549 0.0 0.357282418526 1.81339447822 1.94728602657 0.0 1.04089943342 226.0 52.0 50.0 -0.268384470506 0.333333333333 -0.0371291506359 0.0735953293596 0.171754395659 
1.81102819558 1.67356268725 1.71772483989 0.979616717634 0.0 1.40524198028 0.0 0.938043224776 0.434544732585 2.06477370849 0.0784042156703 0.562313047008 224.0 36.0 38.0 -0.305513621142 0.333333333333 -0.119455588689 0.0455995874569 0.0 
0.0 0.0 0.0 0.0 0.0 0.0 0.64099632025 0.598622546271 0.0 0.0 0.0 0.0 218.0 35.0 36.0 -0.333333333333 0.333333333333 -0.15508042326 -0.0483113255387 0.0 
0.0 0.0 0.0 0.737347729174 0.0 0.0 0.56232815564 0.0 0.0 0.0 1.21051486232 0.0 216.0 35.0 36.0 -0.333333333333 0.285022007795 0.00438692608711 -0.0706954015351 0.0 
0.0346314270877 0.210887650626 0.0 0.0532029875262 0.173894140446 0.0 0.123723105263 0.0 1.20220301321 0.491869488349 0.533437852208 0.0 216.0 35.0 36.0 -0.328946407246 0.21432660626 -0.0493126895915 -0.141745782128 0.0 
0.0 0.0 0.0 0.0 0.0 0.0868636843565 0.518319699861 0.268738124848 0.0 0.0 0.51961192539 0.287810041653 216.0 35.0 36.0 -0.333333333333 0.0725808241316 0.0210889255164 -0.129130590378 0.0 
0.0 0.0 0.0 0.0 0.0 0.0 1.56719148505 0.015145360226 0.0 0.0 0.0 0.0 229.0 35.0 36.0 -0.312244407817 -0.0565497662465 -0.189495842744 0.0903824798396 0.0 
0.0 1.05907812218 0.755479786523 0.925468109641 0.0 1.07236934407 0.0 0.0 0.359779251253 1.82485025147 0.0 0.548215370984 233.0 35.0 38.0 -0.333333333333 0.0338327135931 -0.0234774283993 0.0991989472901 -0.0220023860692 
0.0 0.0 0.0 0.0 0.0 0.0 1.53451137628 0.0 0.0 0.0 0.609447250366 0.0 232.0 35.0 36.0 -0.333333333333 0.133031660883 0.0516506957034 0.121415531148 0.0220023860692 
0.961362396454 0.380332159574 0.0 0.0 1.1444220139 0.0 0.0 0.186921253608 0.47718558093 1.93825473438 0.0360373332391 0.0 227.0 35.0 36.0 -0.28168263763 0.254447192031 -0.0411739583977 0.0579635634908 0.0 
0.0 0.0 0.0 0.0 0.0 0.0 0.663166682096 0.0 0.0 0.0 0.274104213765 0.0 224.0 35.0 36.0 -0.322856596028 0.312410755522 0.0418317169076 -0.117937465339 0.0 
0.0 0.0 0.0 0.0 0.0 0.0 1.04315523872 0.0 0.0 0.0 1.02613378548 0.0 223.0 35.0 36.0 -0.28102487912 0.194473290183 0.0180535945062 0.0642748197375 0.0 
0.0 0.0 0.0 0.0 0.0 0.0 0.864019775544 0.0 0.0 0.0 1.27479391618 0.0 223.0 35.0 36.0 -0.262971284614 0.258748109921 -0.0634505087937 -0.0205289988816 -0.0220023860692 
0.0 0.0 0.0 0.0 0.0 0.0 1.17658601127 0.118746123782 0.0 0.0 0.969681389326 0.0 223.0 35.0 36.0 -0.326421793407 0.238219111039 0.0743642915298 0.0346708326684 0.0220023860692 
0.897314383645 2.08116366586 1.13397928022 0.886310274599 0.623242041194 0.0 0.0 1.56353810397 0.607010063956 3.18366134644 0.154550033969 0.603336845357 224.0 35.0 36.0 -0.252057501878 0.272889943707 0.00797117000616 -0.00581770032971 0.0 
0.690723789667 1.07097381718 1.52818202165 0.190238322959 0.645931907826 0.578114108604 0.0 0.0 0.373867222569 1.09576749034 0.0 1.30934316794 223.0 35.0 36.0 -0.244086331872 0.267072243378 -0.0243619697979 -0.00363715147309 -0.0220023860692 
0.0 0.0 0.0 0.0 0.0 0.0 0.591790290843 0.0 0.0 0.0 0.00371836438425 0.0 223.0 35.0 36.0 -0.26844830167 0.263435091905 0.0819690197886 0.00118224532748 0.0220023860692 
1.37070027582 1.73620865996 0.0 0.0 0.44493804854 0.0 0.104271208152 0.640435918561 0.493855816836 0.896120101184 0.0 0.385279232562 223.0 35.0 36.0 -0.186479281881 0.264617337232 -0.0344627177169 0.0419295855981 0.0 
0.0 0.010452459245 0.0 0.885459895979 0.113309380527 0.386020009866 0.0 0.0 0.106003369909 0.0 0.502632647422 0.607766222897 223.0 35.0 36.0 -0.220941999598 0.30654692283 -0.0486839043866 -0.00765400590212 0.0 
0.0 0.535061347316 1.2543744494 0.0 0.141463836281 0.201300141484 0.15927170343 0.388428886986 0.00891153684181 0.228551552577 0.0 0.0 222.0 35.0 36.0 -0.269625903984 0.298892916928 0.131699104497 0.00919950970353 0.0 
0.0 0.0 0.0 0.0 0.0 0.0 0.0 0.665307545192 0.0 0.0 0.0788976844608 0.0 222.0 35.0 36.0 -0.137926799487 0.308092426632 -0.00279504735138 -0.0112652817123 0.0 
0.0 0.364214981825 1.0346578454 0.0 0.947760590182 0.784430323106 0.0 0.884793675744 1.61763014911 1.83100417297 0.649410439154 0.808781818408 221.0 35.0 36.0 -0.140721846838 0.296827144919 -0.0597988189482 -0.0204200987693 0.0 
0.122193057035 0.0 0.0 0.0282293985699 0.0 0.416945046999 0.0 0.0 0.0 0.0 0.425575063135 1.23600867573 221.0 35.0 35.0 -0.200520665787 0.27640704615 0.00884307300081 0.055021194471 0.0 
0.0 0.0 1.50194556808 0.0 0.0 0.101433337032 0.0 0.0 0.856784283868 0.0 0.0 0.0 221.0 35.0 35.0 -0.191677592786 0.331428240621 -0.0848636316194 -0.0097163991968 -0.0220023860692 
0.0 0.462404120258 0.0 0.0 0.0 0.0 0.0448311391248 0.427384215618 0.0 0.0 0.0 0.0 221.0 35.0 35.0 -0.276541224405 0.321711841424 0.0920934271131 0.0379279867227 0.0220023860692 
0.0 0.34286947163 0.655968602011 0.0 0.0 0.0 0.226250550916 1.00808400137 0.0 0.0 0.505531349299 1.38312791807 220.0 35.0 35.0 -0.184447797292 0.333333333333 0.0130730390371 0.0338107207469 0.0 
0.0 1.82144870913 0.720816622049 0.489199574262 0.0 1.02054429369 0.0 0.0 1.00208993399 1.69266307835 0.383916305031 0.0 220.0 35.0 35.0 -0.171374758255 0.333333333333 -0.0861599479421 0.0757958389852 -0.0220023860692 
0.299395609619 0.978010401416 0.728029709735 0.40119077655 0.149391708879 1.24608346647 0.0 0.191860620287 0.98400719888 2.20152805081 0.468574626748 0.567282088706 221.0 35.0 35.0 -0.257534706197 0.333333333333 -0.0763371656533 0.0562768662268 0.0220023860692 
0.0 0.0 0.0 0.0 0.0 0.0 0.859335208199 0.0 0.0 0.0 0.140659607629 0.0 221.0 35.0 35.0 -0.333333333333 0.333333333333 -0.0153696827681 0.0956389867885 0.0 
0.830020625507 0.0 0.0 0.0 0.0 0.0 0.0 0.0535889632595 0.470364676031 0.0 0.0138919281279 0.0 221.0 35.0 35.0 -0.333333333333 0.333333333333 0.124540412582 0.0421923461145 0.0 
1.50212243801 2.9153073291 0.0133266929841 0.0 0.0 0.651439376427 0.0 0.126996830287 1.30239800129 2.66586649457 0.0 0.681599148921 221.0 35.0 35.0 -0.208792920751 0.333333333333 -0.156179729351 0.0590782018396 0.0 
0.0 0.0 0.0 0.18789899789 0.0 0.0 0.434626598913 0.154228746981 0.0 0.0 0.507463780255 0.0 220.0 35.0 35.0 -0.333333333333 0.333333333333 0.0166141977692 0.125094485766 -0.0220023860692 
1.94229096556 1.28690464614 1.56373784019 0.885459462089 0.586299836763 0.0 0.0 1.30966608903 1.29958261646 1.2492663768 0.326165333208 1.43002527222 220.0 35.0 35.0 -0.316719135564 0.333333333333 -0.0103623663565 0.101601899731 0.0220023860692 
0.487570212907 2.24357946929 0.782385214209 0.758212189108 0.430961493601 2.64985452374 0.0 1.8328259112 0.178526366513 1.90374822523 1.23909073085 2.43643380872 220.0 35.0 35.0 -0.327081501921 0.333333333333 0.0531551015731 0.0881875499186 0.0 
0.0 0.0 0.0 0.0 0.0 0.0 1.35157120722 0.141739351162 0.0 0.0 0.463815750951 0.0 220.0 35.0 35.0 -0.273926400348 0.333333333333 -0.0946354106279 0.0508342632317 0.0 
1.16351191074 2.25260651301 0.789305139787 0.242008401615 0.634913544003 0.883169866953 0.0 0.87827334343 2.82641107533 2.62817511915 0.511840781034 1.86061122515 220.0 35.0 35.0 -0.333333333333 0.333333333333 0.055555459493 0.0167447683034 0.0 
0.545788334773 0.0 0.0 0.0 0.0 0.0 0.264569313914 0.130815904355 0.0 0.0 0.48445773171 0.0 220.0 35.0 35.0 -0.27777787384 0.333333333333 0.0436517091305 -0.0648945439816 0.0 
0.0 0.283215978161 0.0 0.21256275396 0.0 0.0 0.183952008064 1.09613125242 0.311252126818 0.0 0.464789031462 0.136416650735 220.0 35.0 35.0 -0.23412616471 0.268438789352 0.0160375267384 -0.0123043373111 0.0 
0.0 1.74972998081 1.5886317574 0.0012124696744 0.0 2.0629960165 0.0 0.912075093076 1.87286012 2.72650519997 0.484138856767 0.999749339573 220.0 35.0 35.0 -0.218088637971 0.256134452041 -0.0190027174504 0.148623536516 0.0 
0.69366662853 0.426083486831 0.0 0.125515412397 0.260382941244 0.219113355144 0.0 0.106852579225 0.737609473224 0.0 0.0158590512053 0.0 220.0 35.0 35.0 -0.237091355422 0.333333333333 -0.00211462228552 -0.0871015956728 0.0 
0.858228004883 0.671873832305 0.753737040901 0.509173911147 0.647052729332 0.347722714848 0.0 1.00178479615 1.72678169746 2.73477949813 0.132914015137 0.730661565644 220.0 35.0 35.0 -0.239205977707 0.246231737661 -0.0593312029055 -0.0538945005614 0.0 
0.899190539216 1.09616740652 0.83202990676 0.123180233309 0.602737937188 1.21492241767 0.0 1.06250536952 0.60261927843 2.37234886856 0.0 0.637790610353 220.0 35.0 35.0 -0.298537180613 0.192337237099 -0.0933282720961 0.105301705416 0.0 
0.0 1.01985275008 0.476895063664 0.00435849916947 0.540164997363 0.475683136529 0.0 1.30757597049 1.304302856 2.67135326768 0.577437273683 0.395196911888 220.0 35.0 35.0 -0.333333333333 0.297638942515 0.0354916256544 0.0254274519401 -0.0220023860692 
0.824714049109 1.09660561654 0.0 0.0 0.148239169468 0.246928522183 0.0 0.531322266616 1.07276541213 2.36785561529 0.0291205933582 1.56294467237 220.0 35.0 35.0 -0.297841707679 0.323066394455 0.0381043716853 0.056729669021 0.0220023860692 
0.0 0.0 0.0 0.0 0.0 0.0 0.629267565002 0.0112923669985 0.0 0.0 0.0 0.0 220.0 35.0 35.0 -0.259737335994 0.333333333333 0.0726886621456 0.0101140921435 0.0 
1.21642894859 2.55068159633 0.822058297321 0.0 0.331098134071 0.90521271481 0.0 0.0576073717781 0.693649428608 1.57018779808 0.0 0.0 220.0 35.0 35.0 -0.187048673848 0.333333333333 -0.102521233667 -0.0285473199728 -0.0220023860692 
0.379293937809 1.65949152017 0.0 0.777790918513 0.327735445222 0.514391888001 0.0 0.0279787701142 1.3241394015 2.23578020788 0.0 0.717692069472 220.0 35.0 35.0 -0.289569907515 0.304786013361 0.223845773253 0.0753816727238 0.0220023860692 
0.0 0.0 0.0 0.4342831449 0.0 0.0 0.61300961281 0.0 0.0 0.0 0.0 0.585676953892 220.0 35.0 35.0 -0.0657241342626 0.333333333333 -0.159609425742 -0.00752757247841 0.0 
0.834816566794 1.67914949325 0.440395347187 0.975392930333 0.0 1.43761017704 0.0 0.187843896996 2.01982247981 2.85927030989 1.15635000772 1.50522200032 220.0 35.0 35.0 -0.225333560004 0.325805760855 -0.0695090856909 -0.00591703300707 0.0 
0.548295869507 1.18351508354 0.0 0.0 0.620258507701 0.372932252033 0.0 0.999619382682 0.27205114888 2.7883386218 0.430042794455 2.79997801625 220.0 35.0 35.0 -0.294842645695 0.319888727848 -0.132955603781 0.051940092922 0.0 
1.19853887482 1.36192704217 0.760950882995 0.719982842927 0.625999013436 1.33158000828 0.0 0.903228525056 0.360167380567 1.36303257608 0.0 1.3294346944 220.0 35.0 35.0 -0.333333333333 0.333333333333 -0.0604377664276 0.145264829173 0.0 
2.00661048337 1.98727965029 0.712623194551 0.138435552589 0.648831525359 0.587849556564 0.0 0.316006291426 1.35196048847 4.10760130396 0.446423179125 2.05915884429 220.0 35.0 35.0 -0.333333333333 0.333333333333 0.134628394219 -0.0361770703851 0.0 
1.23118238786 1.78045751335 1.51592818075 0.0 0.0 1.32993341457 0.0 0.0 2.37232363932 2.84675926634 0.0 1.36824572493 220.0 35.0 35.0 -0.198704939115 0.297156262948 0.0210736844895 0.053498722698 0.0 
0.0 0.0 0.0 0.0 0.0 0.0 0.795808421606 0.919534270745 0.0 0.0 0.0 0.0 220.0 35.0 35.0 -0.177631254625 0.333333333333 -0.0127643693706 0.131891033078 0.0 
0.0 0.0 0.0 0.0 0.454902889854 0.0 0.678926086811 0.542932748875 0.0 0.0 0.000525267894175 0.577084797187 220.0 35.0 35.0 -0.190395623996 0.333333333333 0.0127143781835 0.03979435898 0.0 
0.0 0.297352585492 0.158838797467 0.0 0.429145338052 0.0 0.0 0.0 1.85788808238 1.62949244826 0.00253461102855 0.168205931675 220.0 35.0 35.0 -0.177681245812 0.333333333333 -0.044515579784 0.0466024699352 0.0 
1.09040320913 0.0 0.546282491805 0.399614488866 0.0 0.117049544463 0.0 0.183574229263 0.918053042897 1.09393618798 0.1439137213 0.618045078034 220.0 35.0 35.0 -0.222196825596 0.333333333333 0.249390972042 0.134051520274 0.0 
0.368552243929 0.0 0.0 0.388735621224 0.0 0.0 0.258215844983 0.0888369659758 1.00435774576 0.0 1.35195405703 0.0 220.0 35.0 35.0 0.0271941464457 0.333333333333 0.0176492667537 -0.176053172226 0.0 
0.212791097389 0.0 0.0 0.13635705302 0.147733626839 0.0 0.408077489514 0.482053153703 0.0 0.0 0.393809270201 0.762433437588 220.0 35.0 35.0 0.0448434131994 0.157280161107 0.141357718623 -0.02548801576 0.0 
0.32898332422 2.46070289052 0.0 0.0 0.0 0.0 0.0 0.102369543619 0.959315310714 2.18187145956 0.487616998404 0.927188238351 214.0 35.0 35.0 0.186201131823 0.131792145347 0.0129244160885 -0.102052115306 0.0 
0.83687821141 1.52309688059 0.0 0.188181698865 0.620563357363 3.09673684187 0.0 1.59942050397 1.06608668082 2.95678382366 0.292845216665 1.04551531801 202.0 35.0 35.0 0.199125547911 0.0297400300412 0.0260202213671 -0.0882372124744 0.0 
0.0 0.0 0.0 0.0 0.0 0.0 0.231978045883 0.321332758128 0.0 0.0 0.0 0.0 197.0 36.0 44.0 0.225145769278 -0.0584971824332 -0.0270465722306 0.184675831792 0.0 
0.198175626912 0.9601477347 1.43925118601 0.692255915636 0.0 1.06061454263 0.0 0.0765377681247 0.833925494559 2.27553599352 0.0 0.547934991706 182.0 39.0 44.0 0.198099197048 0.126178649359 -0.0167697893282 -0.0818453121009 0.0 
0.0 0.0 0.323041767079 0.0 0.0 0.0 0.320333557461 0.309456714999 0.0 0.0 0.0 0.0 170.0 39.0 40.0 0.18132940772 0.0443333372576 0.171418222567 -0.116150972488 0.0 
0.0 0.0 0.0 0.0 0.0 0.203623802908 0.0 0.0 0.148270324896 0.0 0.0592682480439 0.0 166.0 41.0 44.0 0.333333333333 -0.0718176352308 -0.0908034395748 0.0849075496612 0.0 
0.422591296602 0.89799014907 1.12127297704 0.0 0.0 0.831685749517 0.0 0.619030912189 6.47258773998 2.52454875049 0.401404838191 1.32246824874 158.0 47.0 52.0 0.242529893759 0.0130899144304 0.198487926913 0.0551219230286 -0.0342108017487 
# HEADER 2
2.52567103841 2.87865232765 3.93747589647 1.93591069216 4.12529176423 3.15897182841 0.0 1.92591770665 3.14626076096 7.51744485959 0.553476713603 2.27643559569 133.0 248.0 255.0 0 0 -0.0906175108991 0.0127093172848 0.0342108017487 
0.409791823152 0.986945049663 1.16477579337 0.0189602989601 0.661639302367 1.06780541286 0.0 1.19286055288 1.8059166926 2.49061475403 1.0342168257 0.0726068384158 134.0 248.0 255.0 -0.0906175108991 0.0127093172848 0.0022279684917 -0.108121193543 0.0 
1.35745319359 0.858250175852 0.74960777682 0.972356355909 0.630332527703 1.2358816758 0.0 0.205690792024 2.06047768567 2.6915873507 0.0 1.2184781147 144.0 248.0 255.0 -0.0883895424074 -0.0954118762583 -0.0087928717623 -0.0901052604486 0.0 
0.0 1.69681776618 0.482602600315 0.0 0.0 0.0607684757506 0.0 1.80344185523 1.48208624547 1.69880564632 0.0 0.25860703584 154.0 248.0 255.0 -0.0971824141697 -0.185517136707 0.021763254439 -0.116161255705 0.0 
0.884758112291 2.73925872202 0.212109413952 0.612574756465 0.130932460196 0.0 0.0 1.72647023468 0.424285525263 2.22103575417 0.686864772105 0.715536639469 164.0 248.0 255.0 -0.0754191597307 -0.301678392412 0.10885788829 0.05963684569 0.0 
1.10512441924 0.0 0.533439565271 0.906002481115 0.0 1.09705043762 0.0 0.923194572244 1.78860052668 3.06747145782 0.552502212463 0.152759960407 173.0 248.0 255.0 0.0334387285595 -0.242041546722 0.116756710832 -0.00202083395827 -0.0220023860692 
0.057392441525 0.0 0.0 0.115233543545 0.0 1.05631435237 0.0878636304711 0.636332330052 0.443427649076 0.0 0.15232417906 0.726322818414 173.0 248.0 255.0 0.150195439392 -0.24406238068 -0.118708797158 -0.027253111542 0.0220023860692 
0.360553039625 1.4359307558 0.730971211279 0.502746363237 0.0 0.844115763992 0.0 0.0 1.10132328743 1.829617751 0.0 0.610425139627 161.0 248.0 255.0 0.0314866422337 -0.271315492222 0.0685785596202 0.019693259903 -0.0220023860692 
1.54482839853 1.018967497 0.0889919684977 0.279604908056 0.0 0.0 0.0 0.0 1.66553995085 2.38623736037 0.0 0.697099415756 150.0 248.0 255.0 0.100065201854 -0.251622232319 -0.119241022525 0.0835115626365 0.0220023860692 
1.6034728215 2.89044809624 3.50575206664 0.0108682759153 1.1577185811 1.24395021205 0.0 1.74225738283 2.98055439355 4.07669266825 0.14417491577 1.24309868599 140.0 248.0 255.0 -0.0191758206711 -0.168110669682 0.0233398141922 -0.0200592362546 0.0 
0.359847763916 1.20908548357 1.24136791437 0.354072390108 0.0109766527633 0.922396424198 0.0 1.84476363213 1.86979313445 2.06031909092 0.51479909881 0.071582399677 136.0 248.0 255.0 0.00416399352108 -0.188169905937 0.0772119446208 -0.109787393523 -0.0220023860692 
0.0963012774693 0.582815659987 0.0 0.0133919473623 0.0 1.2419695562 0.0 1.87615129358 1.73487643971 0.782556155981 0.402232586074 0.0 131.0 248.0 255.0 0.0813759381419 -0.297957299459 0.030089333206 -0.0192990527871 0.0220023860692 
0.0293389854072 0.631556624488 0.74274356661 0.471006881952 0.0 0.595891433361 0.0 0.0 2.35873628409 2.11529992927 0.431714957083 2.16174271287 125.0 249.0 255.0 0.111465271348 -0.317256352247 0.0386359805553 0.0666802682874 -0.0220023860692 
0.450062310838 0.773082210296 0.0847748371467 0.227801592105 0.0 0.0 0.0 0.489666005016 1.14878785852 2.60339043939 0.0 1.45750989615 124.0 251.0 255.0 0.150101251903 -0.250576083959 0.0531966440136 -0.129521149208 0.0 
# HEADER 3
0.301668567168 0.0 0.0 0.751128049162 0.637280567898 0.302056800335 0.0 0.0892965911053 2.70212284539 3.19881409759 0.0 0.0 133.0 247.0 255.0 0 0 -0.00214864902898 -0.013233406925 0.0 
0.412092782696 0.324068897063 0.30805070629 0.0115974381658 0.677606037504 1.53876974912 0.0 1.13272273927 2.11796952839 2.28936064295 0.093614464357 1.54465922832 133.0 248.0 255.0 -0.00214864902898 -0.013233406925 0.0415862273188 0.123097055719 -0.0465988501636 
0.0 0.0 0.0 0.0 0.0 0.0 0.621431388213 0.190874707742 0.266652679654 0.0 0.0 0.0 133.0 244.0 255.0 0.0394375782899 0.109863648794 -0.0459391030563 -0.00595580427098 0.0465988501636 
0.0 0.282449462075 0.59066119969 0.552843478353 0.180536274085 0.0956554310364 0.0 0.093717548718 0.0 1.32027502037 0.0 0.646601927225 133.0 238.0 246.0 -0.00650152476643 0.103907844523 0.214689227907 0.128094457733 -0.0220023860692 
0.479949685394 0.992354442035 1.60398701351 0.0338428239741 0.558451996149 1.15045541643 0.0 0.0928572275161 1.979464322 1.83742053624 1.49810818424 1.95381788795 134.0 244.0 212.0 0.208187703141 0.232002302256 -0.0383033089436 0.00342945470242 0.0220023860692 
0.606219040198 1.79081813151 2.93585230983 0.0 0.536898339881 3.21467632061 0.0 3.79408311216 1.02200244078 1.20845175898 4.74869318488 0.313253404763 136.0 245.0 184.0 0.169884394197 0.235431756958 -0.05049313365 0.158227061281 0.0 
0.507043844945 1.80443786951 5.56046676586 0.0 0.626729746573 5.20754803908 0.0 6.07610934793 0.205329270681 0.930012449699 6.46001632904 1.16977859127 138.0 247.0 161.0 0.119391260547 0.333333333333 -0.0364799858742 -0.0343071872314 0.0 
0.0 0.0 2.80659220457 0.74764593443 0.0 7.29806306289 1.43778031791 9.30215591563 0.0 0.0 4.02109607165 0.0 140.0 249.0 129.0 0.0829112746728 0.299026146102 -0.0389522084737 -0.0516443947919 0.0 
0.0 0.0 0.0 0.0 0.0 2.95641135016 7.91611306583 9.83517190444 0.0 0.0 1.74847927165 0.0 142.0 250.0 105.0 0.0439590661992 0.24738175131 -0.0477527580313 -0.0412242383419 0.0470081756597 
0.0 0.0 0.0 0.0 0.0 0.0 11.4617972755 5.35153444775 0.0 0.0 2.1734899673 0.0 144.0 251.0 84.0 -0.00379369183213 0.206157512968 0.0702553751287 0.00572909887649 0.0585662029969 
0.0 0.0 0.0 0.0 0.0 0.0 12.5409425541 2.60820268353 0.0 0.0 1.48827027967 0.0 145.0 251.0 68.0 0.0664616832966 0.211886611845 -0.0622737386024 -0.0161124433505 0.0574552719481 
0.0 0.0 0.0 0.0 0.0 0.0 11.1899983766 2.13121996663 0.0 0.0 2.20005963683 0.0 145.0 251.0 52.0 0.00418794469421 0.195774168494 0.0411686865134 -0.00677476584689 0.0460076457806 
0.0 0.0 0.0 0.0 0.0 0.0 9.65600662522 0.587040500405 0.0 0.0 0.141405117405 0.0 145.0 248.0 43.0 0.0453566312076 0.188999402647 -0.0717500735906 0.0569195129973 0.0455207265692 
0.0 0.0 0.0 0.0 0.0 0.0 8.18678821504 1.17288465917 0.0 0.0 1.25098795897 0.0 146.0 247.0 39.0 -0.026393442383 0.245918915645 0.118754487504 0.0325577286268 0.0357327863829 
0.0 0.0 0.0 0.0 0.0 0.0 7.35375370526 1.45968757288 0.0 0.0 0.42187754179 0.0 147.0 245.0 37.0 0.0923610451211 0.278476644271 0.0247574083305 0.000687756441331 0.00912377587791 
0.0 0.0 0.0 0.0 0.371903856084 0.0 6.24657459558 1.44504633269 1.38763924711 0.0 0.0 0.0 146.0 241.0 37.0 0.117118453452 0.279164400713 0.0501562684596 -0.0201306237976 0.0267327657518 
0.174547202357 0.0 0.0 0.0 0.0 0.0 5.73207985197 3.6933485557 0.953186851116 0.0 0.471303543055 0.817990763608 145.0 240.0 37.0 0.167274721911 0.259033776915 -0.136561357127 -0.109359372899 0.00874429880928 
0.0 0.0 0.0 0.0 0.0 0.0 8.57693396266 0.182834243201 0.0 0.0 0.489349874901 0.0 145.0 240.0 37.0 0.030713364784 0.149674404016 -0.0216281127104 0.0261037414318 0.027144198681 
0.0 0.0 0.0 0.0 0.0 0.0 8.6242942304 1.00920274222 0.0 0.0 0.31362260516 0.0 145.0 240.0 37.0 0.00908525207364 0.175778145448 0.0561537672336 0.014149661743 0.0 
0.0 0.0 0.0 0.0 0.0 0.0 9.21859371216 0.175338757638 0.0 0.0 0.608574577024 0.0 144.0 240.0 37.0 0.0652390193073 0.189927807191 -0.208153219433 0.00027665493656 0.0 
0.0 0.0 0.0 0.0 0.0 0.0 7.86992055448 0.0 0.0 0.0 0.0 0.0 144.0 240.0 37.0 -0.142914200126 0.190204462127 -0.0465935641663 -0.105114660995 0.0 
0.0 0.0 0.0 0.0 0.0 0.0 8.73247292695 0.0 0.0 0.0 0.274020601208 0.0 144.0 240.0 37.0 -0.189507764292 0.0850898011328 0.0863056512254 -0.0156436468524 0.0 
0.0 0.0 0.0 0.0 0.0 0.0 7.77592277747 0.302776919323 0.457191658518 0.0 0.310052915352 0.0 149.0 237.0 37.0 -0.103202113067 0.0694461542804 0.0190300990942 0.0276463135829 0.0 
0.0 0.0 0.0 0.0 0.0 0.0 6.23056727417 1.80439004508 0.0287514260057 0.0 0.302662424257 0.0 156.0 229.0 37.0 -0.0841720139723 0.0970924678633 0.00251804514499 0.150969292734 0.0 
0.0 0.0 0.0 0.0 0.0 0.0 3.96376223686 0.870651859122 0.0231768802977 0.0 0.301372027501 0.0 166.0 214.0 37.0 -0.0816539688273 0.248061760597 0.0495885088658 -0.0758538200628 0.00834211991206 
0.0 0.0 0.0 0.0 0.0 0.0 1.82572499591 1.0577404189 1.71035367081 0.0 0.441949552908 0.0 176.0 196.0 37.0 -0.0320654599615 0.172207940534 -0.0206754406501 0.0891118080175 0.0354063915004 
0.0 0.0 0.0 0.0 0.0 0.0810247265843 1.52512322536 0.793323774441 0.786652625564 0.0 0.497181120787 0.0 183.0 177.0 37.0 -0.0527409006116 0.261319748552 0.0999466855113 0.00760221743626 0.0352384821421 
0.0 0.0 0.0 0.0141061426688 0.47377296907 0.0 1.23487682017 0.227351248084 0.511520872178 0.0 0.496703178883 0.0 187.0 154.0 37.0 0.0472057848997 0.268921965988 -0.106015749871 0.0524285883253 0.0696349708334 
0.0 0.0 0.0 0.0 0.0 0.0 1.69353303956 0.276517338708 0.0 0.0 0.0 0.0 187.0 124.0 37.0 -0.0588099649713 0.321350554313 0.0666160864587 0.0681676607278 0.119284312644 
0.914546300908 0.491074330341 0.784275758394 0.0 0.372271636637 1.37769162513 0.193767253388 1.55857392588 0.0153988693373 0.298926267657 0.0 0.246485850771 171.0 66.0 45.0 0.00780612148746 0.333333333333 0.0542766683998 0.0644596959004 0.118901575781 
0.0 0.0 0.0 0.0249743918552 0.0 0.318161547317 0.244454307095 0.411318265046 5.95868838905 0.0 0.0 0.0457430419132 158.0 57.0 38.0 0.0620827898873 0.333333333333 0.0485758630094 -0.0566236388129 -0.0247948167292 
0.569199256558 1.78322106501 1.32870946887 0.0 0.0 2.74281463774 0.0 2.84057266916 18.6608117809 0.959329280465 2.04828878382 0.161479069494 151.0 58.0 36.0 0.110658652897 0.27670969452 -0.0588792177261 -0.0260442178795 0.0247948167292 
0.0 0.866939688504 0.355617257407 0.0 0.0 0.303649277543 0.0 4.48678812733 31.994179379 0.134951829976 0.412181519103 0.0 148.0 58.0 36.0 0.0517794351705 0.250665476641 -0.117597266698 -0.00854912794478 -0.0285508065279 
0.0 0.0 0.0 0.0 0.0 0.0 1.53715526434 4.05815272856 39.1842838133 0.0 0.0 0.0 146.0 58.0 36.0 -0.0658178315276 0.242116348696 0.0511733834162 0.0899830498438 0.0285508065279 
0.0 0.664099116219 0.0 0.754014356516 0.0 2.00104552895 0.0 5.79291646518 41.6467065042 0.0 0.0 0.0 146.0 58.0 36.0 -0.0146444481114 0.33209939854 0.0441093405585 -0.0859303888759 -0.0285508065279 
0.0 0.226160457875 1.24466030023 0.0 0.0 0.595635123103 0.199886188711 6.31747516902 40.4564665247 0.0 0.0 0.0 141.0 57.0 36.0 0.0294648924471 0.246169009664 0.0722834280234 -0.105205890519 0.0 
0.0 0.0 0.0 0.0 0.0 0.0 0.570516643837 4.12018502035 28.5863329317 0.0 0.350298690587 0.0 140.0 57.0 36.0 0.101748320471 0.140963119145 -0.0166546058443 0.0122113655529 0.0285508065279 
0.920033691153 1.54694137109 0.0659879453587 0.0 0.0 1.29299924076 0.0 5.9656508962 29.017035013 1.8466360527 0.0 0.0 139.0 57.0 36.0 0.0850937146262 0.153174484698 0.131653003267 0.00159809255687 0.0 
0.475489017824 2.37500975347 0.0 0.027684027875 0.0 1.7586994163 0.0 4.8425764123 30.840712373 0.620478410551 1.99367587535 0.0 138.0 57.0 36.0 0.216746717893 0.154772577255 -0.0504684315061 0.0154808103618 0.0 
1.34563251541 0.594385713091 0.285587763441 0.37310149681 0.0 0.827728619713 0.0 4.51596732575 32.8926183368 1.73185096344 0.865790402034 0.0 136.0 58.0 36.0 0.166278286387 0.170253387617 0.043053063124 0.188868513444 0.0 
0.886323626856 1.56382933846 1.02103724884 0.272345554636 0.0 0.333519969289 0.0 5.73458951013 35.9964896178 5.73919980635 0.0 0.0 131.0 58.0 36.0 0.209331349511 0.333333333333 -0.0745988720031 0.134177614451 -0.0285508065279 
0.0 0.0 0.0 0.0 0.0 0.0 0.57232101284 3.14023177543 25.9499268621 10.7213056558 0.0 0.0 123.0 58.0 36.0 0.134732477508 0.333333333333 0.19687715382 0.00430391000216 0.0285508065279 
0.0 0.0190156935411 0.0 0.0 0.0 1.21315790792 0.0 3.0116466748 13.6119732584 9.70760547439 0.0 0.0 114.0 59.0 36.0 0.331609631328 0.333333333333 0.0968292829667 -0.178284296727 0.0285172857226 
0.126883069736 0.509812567303 0.0 0.0 0.0 0.33388746783 0.0 1.25595731206 43.7484192881 16.9270837823 0.0 0.0 105.0 61.0 36.0 0.333333333333 0.155049036607 -0.0336668756961 -0.0661234984054 0.0284375980213 
2.15342329509 2.23136565092 0.0 0.0 0.0 0.0 0.0 1.81108008581 107.799551313 36.1878373156 0.0 0.0 101.0 62.0 36.0 0.299666457637 0.0889255382012 -0.0439217998322 0.00269640837825 0.0 
0.0 0.682409843193 1.16242157766 0.0 0.0 0.253828944851 0.0 0.687683760334 153.141975195 52.0595680578 0.0 0.0 99.0 63.0 36.0 0.255744657805 0.0916219465795 0.0935149870929 -0.216021871501 0.0260141842666 
0.0 0.0 0.0 0.103284059608 0.0 0.678633833567 0.0 1.80522413142 176.013088668 60.9576515982 0.0 0.0 97.0 66.0 37.0 0.333333333333 -0.124399924921 0.0925457959234 -0.0795619922105 0.0 
1.53346041276 2.51407293843 0.0 0.0 0.0 0.525173244679 0.0 0.0 156.707869042 50.1255761267 0.0 0.284966290231 92.0 73.0 49.0 0.333333333333 -0.203961917132 -0.0600922469795 0.0301171230213 -0.0260141842666 
0.0543990952179 0.0 0.0 0.0 0.0 0.0 0.0 2.29829091984 10.9554845138 4.21987740234 0.0 0.0 75.0 68.0 136.0 0.273241086354 -0.173844794111 -0.184625946148 -0.0325755820735 -0.00269134269925 
0.464222268365 1.68156134904 0.343911051303 0.755672764052 0.580723014083 1.80751748268 0.0 1.67750030452 4.14160783703 3.07285159987 0.0 0.0 67.0 77.0 192.0 0.0886151402063 -0.206420376184 -0.0129343674234 -0.223264728008 0.00269134269925 
0.249056335645 1.33283878803 0.92952821535 0.0 0.110533311806 0.841852973766 0.0 0.0 4.92830778422 3.31456735845 0.0 1.37123000653 60.0 83.0 235.0 0.0756807727828 -0.333333333333 -0.182791767735 0.15296825887 0.0 
0.0 0.0549272172642 0.537225959326 0.639836225392 0.215789839216 0.0 0.0 1.10835468596 3.76755054912 1.12360365213 0.608617761923 0.869092949495 52.0 90.0 254.0 -0.107110994952 -0.180365074463 0.0567527613483 -0.180065110212 0.0260141842666 
0.0 0.0 0.0 0.0 0.0 0.0 0.587248380001 0.967714718933 2.03834483873 0.0 0.369453317886 0.0 41.0 105.0 255.0 -0.0503582336036 -0.333333333333 0.0704809108497 0.0523835430831 0.0 
0.559043356088 0.895424105811 1.00985668819 0.0 0.677323571101 1.17760070969 0.0 0.11027011363 3.47480402367 1.79542778371 0.0 0.441993892468 33.0 121.0 255.0 0.0201226772462 -0.28094979025 -0.103117167774 -0.0644661176308 0.0 
1.34265453414 1.14443611236 0.0 0.785758951031 0.610879045105 2.10782469191 0.0 0.16582892206 3.88215051663 2.70850040493 0.467804678882 2.8528062713 32.0 124.0 255.0 -0.082994490528 -0.333333333333 -0.0898011402442 -0.0246869631879 0.0285353127893 
0.208451349666 0.0 0.0 0.0 0.0 0.0 0.50474190094 1.18890918201 1.70341762314 0.0 0.479081999016 0.56605961113 34.0 121.0 255.0 -0.172795630772 -0.333333333333 0.0210547751218 -0.0908943537292 0.0 
0.558967542202 0.164964027492 0.0 0.0 0.0 0.298563648152 0.586119665317 0.0 2.17324243862 0.0 0.0 0.0 35.0 119.0 255.0 -0.15174085565 -0.333333333333 0.119220182573 -0.0311553554216 0.0 
1.43440149773 1.04453593217 0.0 0.785787199895 0.0 1.80322454739 0.0 0.0 3.45046082729 3.03694819357 0.0 0.679101008856 36.0 117.0 255.0 -0.0325206730772 -0.333333333333 0.112973234688 -0.0904067628139 0.0 
0.0 0.0 0.000845996533697 0.0 0.0 0.0 0.396251169972 0.0 0.0 0.0 0.0 0.0 37.0 115.0 255.0 0.0804525616103 -0.333333333333 0.0614281613157 -0.0407775545383 0.0 
0.0 0.0 0.0 0.0 0.0 0.290130148819 0.464120736529 0.0 2.45596098572 0.0 0.471765108899 0.0 35.0 118.0 255.0 0.141880722926 -0.333333333333 -0.0160023176022 0.0128099606523 0.0 
1.62922380092 0.0 1.52285906463 0.0324176895058 0.692490987692 0.114419927661 0.0 0.876280103577 2.66610391562 4.2575055249 0.0 0.734346688657 33.0 121.0 255.0 0.125878405324 -0.320523372681 0.061526446272 0.0652785165104 0.0 
0.0 0.0 0.0 0.208594661484 0.0 0.0 0.264317287917 0.0 1.68235640298 0.0 0.0 0.0 32.0 125.0 255.0 0.187404851596 -0.255244856171 0.0899039225915 -0.0692662263558 0.0 
0.691180732911 0.578873763232 0.0 0.0 0.319763374365 1.42134752728 0.0 0.0476423382716 2.41425862471 1.73746639326 0.279117040015 0.0 29.0 130.0 255.0 0.277308774187 -0.324511082526 -0.00887606935396 0.0270755753165 0.0 
0.0 0.0 0.0 0.0 0.0 0.170053960519 0.245027695813 0.405884572854 1.84045160223 0.928892567097 0.0 0.0 26.0 137.0 255.0 0.268432704833 -0.29743550721 -0.0368777024869 -0.0526862099126 0.0 
0.77437135537 1.42822048756 0.595979401988 0.464420396146 0.0 0.243069426246 0.0 1.07470626548 4.17506416007 2.3561805018 0.0924808200426 0.817804217969 22.0 146.0 255.0 0.231555002346 -0.333333333333 0.0559478700599 -0.0198708516221 0.0 
1.83590114414 1.10704982459 1.33309277907 0.430331032939 0.0 1.67585031097 0.0 0.935757711689 2.06933507478 2.790762837 0.087354297411 1.11957982568 18.0 157.0 255.0 0.287502872406 -0.333333333333 -0.0298587770145 0.0606018291483 0.0267615803824 
0.0 0.0 0.0 0.0 0.0 0.0 0.692025738726 0.0 1.10630529697 0.0 0.0 0.0 14.0 168.0 255.0 0.257644095392 -0.272731504185 0.0328692408196 -0.0225639405126 0.0 
0.498796938011 0.0 0.213771580242 0.0 0.0 0.0 0.163590273904 0.0 1.96427106168 0.0510582274646 0.47838517567 0.179872439158 11.0 177.0 255.0 0.290513336212 -0.295295444698 0.00791957424737 0.116880091014 0.0 
2.58204660176 4.02277680498 2.39237089885 0.512649849686 0.821644912519 2.78968815376 0.0 1.7576919786 4.46136753681 5.95445721608 0.902268324632 1.62147949967 9.0 184.0 255.0 0.298432910459 -0.178415353683 -0.227192247891 -0.0710605650475 0.0 
0.331170359803 2.63469172852 0.611584832224 0.0403030836644 0.0 0.155202335523 0.0 0.980176977363 3.58048961191 1.49991707882 0.529700683283 0.898247552632 8.0 185.0 255.0 0.071240662568 -0.249475918731 -0.00680180530107 -0.00738421392292 -0.0248553278609 
0.0 0.0 0.0 0.0 0.0 0.0809822274479 0.540955131089 0.625764317494 1.26131630499 0.0555882107696 0.525942081212 0.0 8.0 185.0 255.0 0.0644388572669 -0.256860132654 0.112995997458 -0.014167501412 0.0 
0.0 0.0 0.0 0.0 0.0 0.0 0.710551754379 0.0 0.10042574358 0.0 0.0 0.0 8.0 185.0 255.0 0.177434854725 -0.271027634066 0.164965280099 0.0935934205574 0.0 
0.0 0.0 0.725602108867 0.0 0.0 0.0 0.19486806362 0.0451944486574 0.473672641218 0.0 0.0611240986068 0.0 7.0 186.0 255.0 0.333333333333 -0.177434213508 0.0438412643456 0.05630325148 0.0 
0.0 0.0 0.0 0.0 0.0 0.0 0.581584543656 0.0 1.68688059781 0.0 0.0 0.0 2.0 206.0 255.0 0.333333333333 -0.121130962028 0.0407850772076 -0.00852571453161 0.0 
0.304860219567 0.962085715288 2.57163558936 0.102755397878 0.582216119979 0.336179527581 0.0 1.71736013854 1.96847646674 2.63884124554 0.377500268249 0.0755049973013 2.0 206.0 255.0 0.333333333333 -0.12965667656 0.0985772329857 0.0660401689164 0.0 
0.479668065832 1.77619094927 0.0 0.0 0.267957633033 0.857695074152 0.0 1.48809019471 2.25902545921 3.52305069058 0.0193593760772 0.0 2.0 206.0 255.0 0.333333333333 -0.0636165076437 -0.158529406765 -0.153272825305 0.0 
0.363389109012 0.0 0.0 0.0 0.0 0.0 0.679703910505 0.00352587508606 1.00102737102 0.0 0.0 0.0 2.0 206.0 255.0 0.174803926568 -0.216889332949 0.104063253891 0.00177188588361 0.0 
0.892193454353 1.42390674141 1.68857561091 0.0 0.674562364891 0.0462623638645 0.0 0.0 2.46811384154 2.49950434686 0.0 1.03847790477 2.0 206.0 255.0 0.278867180459 -0.215117447066 -0.0111250618824 0.140710108777 0.0 
0.402718994695 0.187950908693 0.0 1.00528733481 0.558059309017 1.17670039722 0.0 0.0 2.1011747574 2.61125201219 0.404460922162 0.29418952614 2.0 206.0 255.0 0.267742118577 -0.0744073382883 -0.0333219611678 0.166282387658 0.0 
0.0 0.0 0.0 0.0246087694468 0.0 0.550559387115 0.461040424118 0.0 0.489394474626 0.0 0.0682697644561 0.0 2.0 206.0 255.0 0.234420157409 0.0918750493693 0.15086948911 -0.135925502935 0.0 
0.450900845495 0.785931246034 0.498645787197 0.0 0.422021130619 0.869508369422 0.0 1.71938966296 2.83273219579 0.606577122349 0.0 0.0587542719317 2.0 206.0 255.0 0.333333333333 -0.044050453566 0.00708668158644 -0.0886042822044 0.0 
0.0 0.0 0.0 0.0 0.0 0.0 0.461629876073 0.0 0.0 0.0 0.0 0.0 2.0 206.0 255.0 0.333333333333 -0.13265473577 0.027769149798 -0.0551617794747 0.0 
0.362410176564 0.0 1.32720337311 0.0 0.510727088765 0.0 0.0 0.478088286191 2.48210514725 0.0 0.0 0.548225347691 2.0 206.0 255.0 0.333333333333 -0.187816515245 -0.0643606454495 0.0190189295861 0.0 
0.0 0.0 0.0 0.0 0.0 0.848463181217 0.103057698523 0.446103508972 1.64298494245 1.05947397562 0.0 1.20341881687 2.0 205.0 255.0 0.268972687884 -0.168797585659 -0.0424689693031 0.00755422713917 0.0 
0.0 0.0 0.0 0.0 0.0 0.0 0.48000867728 0.0 0.806469626419 0.0 0.0031756581639 0.0 2.0 205.0 255.0 0.226503718581 -0.16124335852 -0.0225424670551 -0.0611050795123 0.0 
1.20185696529 3.20367402982 0.993737209219 0.460720338975 0.141923108332 1.04101981132 0.0 0.0 3.19367599723 4.27610915539 0.469627392746 0.75576459415 1.0 205.0 255.0 0.203961251526 -0.222348438032 -0.0329074059512 -0.0477769124477 0.0 
1.34889497795 0.940117723408 0.642974934005 0.0 0.210934166805 1.2616848993 0.0 0.769808253187 1.91734932067 1.56632401483 0.0 2.10290619818 1.0 205.0 255.0 0.171053845574 -0.27012535048 -0.0904574713883 0.046761217976 0.0 
0.0 0.0 0.0 0.0 0.0 0.0 0.822188036706 0.269191376417 0.73470669203 0.0 0.0 0.0 1.0 205.0 255.0 0.0805963741861 -0.223364132504 0.0377989880309 -0.0440446910729 0.0 
0.51774278245 0.0 0.0 0.0 0.241295195058 0.0 0.192801994767 1.02898434377 0.487333007421 0.0 0.0155257226419 0.11362266161 1.0 205.0 255.0 0.118395362217 -0.267408823577 -0.0971373652133 -0.0710664935221 0.0 
0.810306152356 0.520813942616 0.142887080331 0.0 0.0952671806499 0.375958340045 0.0 0.0121501177353 1.31597804964 1.02949226188 0.0 0.222360368314 1.0 205.0 255.0 0.0212579970037 -0.333333333333 0.103765651022 0.0300106894769 0.0 
0.616185416254 1.30066761373 1.04235679496 0.0 0.0 1.34027611352 0.0 0.87122957274 2.20367423644 2.31818690832 0.0 2.04303000954 1.0 206.0 255.0 0.125023648026 -0.303322643856 -0.0595361836002 0.00823881141931 0.0 
0.823928362819 0.804290824014 0.398173011146 1.02191558585 0.0 1.16745334984 0.0 0.0 1.95020476452 2.29265657179 0.0 1.13078232923 1.0 206.0 255.0 0.0654874644256 -0.295083832437 -0.0347940157338 0.0126392293733 0.0 
1.32518516402 1.13645767331 0.0 1.04027158005 0.676644234091 0.423022892994 0.0 0.0886116898346 1.94785512954 2.70608111168 0.0 0.939332301379 1.0 206.0 255.0 0.0306934486918 -0.282444603064 -0.0842004910746 -0.122546723452 0.0 
1.44750596377 0.693777177485 0.570480517644 0.298356818994 1.07024953999 0.565014912876 0.0 0.386845396074 1.45079275396 2.23800359231 0.503186042163 0.0135609425382 2.0 205.0 255.0 -0.0535070423828 -0.333333333333 -0.0276066742085 0.0450667090786 0.0 
0.384427994985 1.91642287848 1.59061420815 0.0424771077358 0.615617770336 0.300621448924 0.0 0.0 2.12887778713 1.9691067335 0.0 1.11833316671 4.0 197.0 255.0 -0.0811137165913 -0.288266624255 -0.0215594440177 -0.0232692111761 0.0 
0.321747788358 0.387375200294 0.0 0.0 0.0 0.723564019161 0.0 0.0 2.06949771238 0.215350521688 0.0 2.26280033801 6.0 189.0 255.0 -0.102673160609 -0.311535835431 0.0699385850664 0.0577612998095 0.0 
0.0 0.0 0.0 0.0 0.0 0.0 0.686628467851 0.0 0.123296293408 0.0 0.504581372176 0.0 8.0 181.0 255.0 -0.0327345755426 -0.253774535621 0.0672815612941 -0.0481469694906 0.0 
0.0 0.367122990932 0.541418833647 0.995403247906 0.668662970635 0.501650569063 0.0 0.980966571564 2.9190945674 1.78746890593 0.534878272746 1.29896768965 11.0 173.0 255.0 0.0345469857515 -0.301921505112 0.00588215577691 0.156279532569 0.0 
0.0 0.0 0.0 0.0 0.0 0.0 0.648074223756 0.00307342736214 0.0 0.0 0.0 0.0 12.0 170.0 255.0 0.0404291415284 -0.145641972543 0.0252487930872 0.0597661762814 -0.0259060756837 
0.0 0.0 0.0 0.0 0.0 0.0 0.278904852647 0.0 0.175726444205 0.0 0.0911898749152 0.0 12.0 170.0 255.0 0.0656779346156 -0.0858757962616 -0.0226524971952 0.121264095402 0.0 
0.0 0.520936857327 1.156917203 1.20828201185 0.0 0.0 0.0957238790324 0.985675137165 1.68332861598 0.73118386758 0.0 0.495356977545 12.0 170.0 255.0 0.0430254374205 0.0353882991405 -0.106535596077 0.0357490702879 -0.00223715892845 
0.0 0.0 0.0 0.613209619644 0.208431487326 0.0 0.0938627250822 1.05716174763 1.06141372779 1.00236170767 0.0 0.682037163033 12.0 170.0 255.0 -0.0635101586561 0.0711373694284 -0.20573098994 0.123233450016 0.0 
0.931976591143 0.650269520649 0.0 0.0 0.720160043882 0.0 0.0 0.0 1.71218300654 2.69769500586 0.0 1.13634348753 12.0 170.0 255.0 -0.269241148596 0.194370819445 0.0283160813171 -0.105787102412 0.0 
1.77546154882 0.440361361342 0.732306494147 0.0 0.0 1.12732516325 0.0 0.868416264438 0.397627068098 1.56334173067 0.417511765349 1.83024953441 12.0 170.0 255.0 -0.240925067279 0.0885837170326 -0.0277164526438 0.068673827733 0.00223715892845 
1.01447742447 1.21085318485 1.44643709103 0.0 0.949773699576 0.971213284472 0.0 0.165408417764 1.82370547896 1.6554675848 0.0 0.0 12.0 170.0 255.0 -0.268641519923 0.157257544766 0.0490611015594 -0.054620217735 0.0 
0.726538161991 0.724654641273 0.58440795636 0.303803220614 0.334264630216 0.469979323505 0.0 1.51130787082 1.99037357037 2.6321533998 0.0 0.879197267405 12.0 170.0 255.0 -0.219580418364 0.102637327031 -0.0593697820963 -0.0210315186126 -0.00223715892845 
0.0 0.0 0.0 0.0 0.0 0.0 0.499015205438 0.0 0.0 0.0 0.481374263263 0.0 12.0 170.0 255.0 -0.27895020046 0.0816058084179 0.0520131730127 -0.0737193806371 0.0 
0.170860265898 0.0 0.0 0.3256708252 0.0 1.13234706905 0.0 0.5190507517 1.93898393949 0.0685263697142 0.269863405434 0.625028250965 12.0 170.0 253.0 -0.226937027447 0.00788642778078 -0.000919039191984 0.055208363816 0.00223715892845 
0.0 0.0 0.0 0.0166676886414 0.553418829264 0.0 0.712774991109 0.0 0.0 0.0 0.440732188507 0.0 12.0 169.0 242.0 -0.227856066639 0.0630947915967 -0.0708409645183 -0.0108405678732 0.0 
0.0 0.0 0.0 0.0 0.0 0.0 0.450273390048 0.0 0.944108706647 0.0 0.315831538398 0.0 13.0 163.0 226.0 -0.298697031157 0.0522542237235 -0.11092912089 0.100356137447 0.0 
0.0 1.03115466382 0.587090416586 0.787119117479 0.00489892663857 0.854289825576 0.0 0.0 1.92614099273 2.53886723353 0.183441029462 0.0 15.0 160.0 195.0 -0.333333333333 0.152610361171 0.150312275623 0.023895811246 0.0 
0.529709549141 0.606557184171 0.791293958799 0.102818594683 0.210321604373 0.313049883646 0.0 0.0 1.99517835028 2.81732251776 0.0 1.53249935943 15.0 159.0 152.0 -0.18302105771 0.176506172417 -0.000966834864979 -0.0433833460308 -0.00223715892845 
0.822813092676 0.770982810013 0.417228206885 0.527182523941 0.699750170522 0.191865222761 0.0 0.47880802488 1.94856779072 3.47377208324 0.0 1.00404766491 16.0 156.0 117.0 -0.183987892575 0.133122826386 0.024697178845 0.137581608554 0.0 
0.885767009956 1.43121926158 0.539454172126 0.482805293696 0.222959366359 0.0 0.0 0.0 1.90779589442 2.64073347558 0.0236677921858 1.08260138215 28.0 118.0 90.0 -0.15929071373 0.27070443494 0.206374516384 -0.0880185005458 -0.0256926228809 
0.620314314046 0.795802713897 1.90763128615 0.544841154433 0.0 0.914634766292 0.0 0.656093439565 2.06270985427 4.49938831465 0.0 0.754663341806 29.0 115.0 50.0 0.0470838026542 0.182685934394 -0.109018936364 0.135318958581 0.0 
0.0 1.93529311805 0.622860367049 0.28874888663 0.0 1.01020244312 0.0 1.18333133188 2.17836893844 2.22411742831 0.0 1.87371195379 29.0 112.0 40.0 -0.0619351337103 0.318004892975 0.00876070318753 0.00491362392983 0.0279297818093 
0.0 0.0 0.0 0.0 0.0 0.0 0.657566478622 0.558157142855 0.0 0.0 0.0 0.0 32.0 102.0 37.0 -0.0531744305228 0.322918516904 0.134577866976 -0.012714875166 0.0 
0.0 0.0 0.0 0.00606795306282 0.0 0.641315326663 0.126530780549 0.270472598526 1.75956013805 0.211175465682 0.0 1.4491761879 33.0 97.0 37.0 0.0814034364531 0.310203641739 0.0388268178634 0.0941020330016 0.0 
0.0 0.0 0.0 0.0 0.0 0.0 0.715575605718 0.0 0.83828178617 0.0 0.0 0.0 32.0 94.0 37.0 0.120230254317 0.333333333333 0.0865835551403 -0.0686390986169 0.0 
0.053041491474 0.0 0.0 0.0 0.0 0.233790269714 0.50107783762 0.422486696608 0.0 0.0 0.0 0.0 30.0 92.0 37.0 0.206813809457 0.264694234716 0.0805081154239 -0.103397733959 0.0 
0.268132723575 1.95096810254 3.35138113656 0.0 0.487763701744 0.247613902064 0.0 0.962453843724 1.83203133977 2.53741636225 0.0 1.05602685075 28.0 92.0 37.0 0.287321924881 0.161296500758 0.0918538987539 -0.0310486983142 0.0 
0.0 0.0 0.0 0.0 0.0 0.0 0.664757633543 0.0 0.0 0.0 0.480813056188 0.0 25.0 93.0 37.0 0.333333333333 0.130247802443 0.0235235965866 0.00975084001877 0.0 
0.0 0.0 0.0 0.0 0.0 0.0 1.22719039394 0.28213478276 1.90312579755 0.0 0.353750683993 0.0 22.0 94.0 37.0 0.333333333333 0.139998642462 0.12831600621 -0.0649768936109 0.0 
0.284684170217 0.0 0.0 1.01304754696 0.0 0.0 0.0 0.0 0.485147589619 0.0 0.0 0.0 18.0 97.0 37.0 0.333333333333 0.0750217488512 -0.0022555477229 -0.0897671127074 0.0 
0.0 0.057542997497 0.0 0.0 0.0 0.0 0.0869311925664 0.0 0.0 0.0 0.0 0.0127876338288 15.0 108.0 37.0 0.33107778561 -0.0147453638562 0.00831264921113 0.0184404405228 0.0 
1.19397336954 0.533890483531 0.0 0.0 0.0 0.220801842415 0.0 1.5483464625 1.3268940398 1.62937430274 0.150787645151 2.57001683606 12.0 122.0 37.0 0.333333333333 0.00369507666664 0.0440109131577 -0.108315877474 0.0 
0.460315964382 0.0 0.0 0.0 0.0 0.0 0.0 0.0 1.08060644316 0.107432004185 0.0391965058203 0.0 11.0 127.0 48.0 0.333333333333 -0.104620800807 0.12657429928 -0.032994132123 0.0 
1.94580761243 0.901675650225 0.598887588625 0.0 0.0 1.66795312328 0.0 0.41807969344 2.61208827407 2.79498474039 0.34874461607 1.1093204682 10.0 132.0 87.0 0.333333333333 -0.13761493293 0.0296726097142 0.0304313863598 0.0 
0.0 0.0 0.0 0.0 0.0 0.0 0.644728828976 0.0 0.510435689296 0.0 0.0 0.0 9.0 139.0 131.0 0.333333333333 -0.10718354657 0.0316005690151 0.0486073496085 0.0 
0.61888438807 0.0 0.0 0.0 0.0 0.0 0.478335956348 0.0 0.221286707655 0.0 0.0 0.0 7.0 145.0 167.0 0.333333333333 -0.0585761969619 -0.0167574617303 0.0886785992254 0.0 
0.0 0.0 0.0 0.0 0.0 0.0 0.477576595165 0.46579337877 1.68425988575 0.0 0.0 0.0 7.0 149.0 169.0 0.316575871603 0.0301024022636 -0.0596047390843 -0.0802495769818 0.0 
0.0 0.0 0.0 0.0 0.0 0.0 0.0722582945649 0.0 1.08583646808 0.0 0.346980357742 0.0 6.0 152.0 181.0 0.256971132519 -0.0501471747182 0.0419996198992 0.109855284836 0.0 
0.0 0.0 0.0 0.0 0.0 0.0 0.28264677164 0.0 0.384221216106 0.0 0.0 0.0674781962097 6.0 154.0 178.0 0.298970752418 0.0597081101175 -0.0442243466879 -0.0427779133602 0.0 
1.3778503399 1.78919942457 0.575173128903 0.108275882908 0.0 0.204451301388 0.0 0.860940851446 2.78247112347 1.78935139761 0.0 0.186279084732 6.0 154.0 160.0 0.25474640573 0.0169301967574 -0.0794306901221 0.134758161593 0.0 
# HEADER 4
0.235396710498 1.15586799654 1.07981910299 0.0 0.0 2.05183761446 0.0 0.887641586238 0.965481402197 2.69509832389 0.45731979102 1.29044303938 133.0 249.0 255.0 0 0 0.056831292498 -0.0496022354198 0.0 
0.632638837408 0.0 0.0 0.0 0.0 0.0 0.998605156543 0.125395935177 0.0 0.0 0.540350076593 0.0 130.0 249.0 255.0 0.056831292498 -0.0496022354198 0.115571373834 0.190433570266 0.0 
0.0 0.0 0.0 0.0 0.0 0.0 0.570769159855 0.0 0.0 0.0 0.458191894848 0.0 122.0 250.0 255.0 0.172402666332 0.140831334846 0.012252894718 -0.0159046297548 0.0 
0.807725883502 1.54017433025 1.69034396941 0.0 0.0 0.904273847923 0.0 0.0 0.866107524058 3.00958665956 0.0 1.69688517182 121.0 251.0 255.0 0.18465556105 0.124926705091 0.00247019378892 0.0391621528698 0.0 
0.765843342876 3.53754128636 2.07521541808 0.430448830897 0.0 1.9658791732 0.0 1.39147626628 2.13115568495 4.11793163728 1.97045912347 3.60822274137 119.0 251.0 252.0 0.187125754839 0.164088857961 0.124758043989 -0.0258348654128 0.0 
0.0 4.06381006398 3.84000502984 0.0 0.2719998205 0.286921594004 0.0 1.50953533596 2.33769085652 1.33557440282 3.16720393156 2.69672638338 119.0 251.0 238.0 0.311883798828 0.138253992548 -0.0254100179197 0.0570767543922 0.0 
0.0 1.77762993887 6.5205325495 0.0 0.0 1.55310182112 0.0 3.83775224348 0.788719369351 0.146034513912 4.90652734335 1.8378755485 118.0 252.0 224.0 0.286473780908 0.19533074694 0.032042397728 -0.00139227692975 0.0259060756837 
0.0 4.7970762203 9.55419663713 0.0 0.0 4.99015717654 0.0 7.38311384455 0.0 2.55791115643 7.25630106518 3.04848140519 118.0 252.0 211.0 0.318516178636 0.193938470011 0.0399446140577 0.0716113464718 0.0 
0.28853588852 2.30377951933 12.0123865002 0.0 0.0 7.17997151525 0.0 10.9617413598 0.257507078476 0.391704890641 8.90182072775 2.13872105508 119.0 253.0 196.0 0.333333333333 0.265549816482 -0.0910863943933 -0.027375757776 0.0264143699365 
0.0 0.0 10.0423861972 1.77370878371 0.0 8.37385025872 0.51467743029 12.2450082619 0.0 0.0 10.3784439201 2.07940597139 119.0 253.0 180.0 0.24224693894 0.238174058707 0.0946827653602 -0.185672850102 0.0 
0.0 0.0 8.43043825965 0.0 0.0 9.62854544233 3.35619859768 14.4649034717 0.0 0.0 10.7968290983 0.0 120.0 253.0 175.0 0.333333333333 0.0525012086044 0.0253630129573 0.10485256424 0.0550550998378 
0.0 0.0265096770522 8.87869421104 0.0 0.0 10.229045887 2.73790116346 14.6864392159 0.0 0.0 10.627623673 0.0712615903085 119.0 253.0 171.0 0.333333333333 0.157353772845 0.051887299433 0.0904218442859 0.0 
0.0 0.0 8.78844621067 0.0 1.45712374479 10.5462014043 4.49490349772 16.4225449639 0.78639744805 0.0 8.79036425558 0.0 120.0 253.0 162.0 0.333333333333 0.247775617131 -0.0534922222452 -0.150309786609 0.02740770513 
0.0 0.0 5.16412973027 0.0 1.33672769317 10.2283666818 9.33271655873 16.9673582901 0.0 0.0 8.21138802631 0.0 120.0 253.0 157.0 0.279841111088 0.0974658305213 -0.098880712484 0.104319537384 0.0277914213911 
0.0 0.0 5.9174744242 0.0 0.0 9.49688111764 7.7021743698 17.9559896442 0.0 0.0 8.46420786444 0.0 120.0 254.0 152.0 0.180960398604 0.201785367905 0.00907709381971 -0.022368154093 0.0 
0.0 0.0 4.16037933548 0.0 1.69615555056 10.9667511841 10.398256224 16.4168383266 0.0 0.0 5.46769804214 0.0 121.0 254.0 146.0 0.190037492424 0.179417213812 0.0577778291357 0.138307122429 0.028139474661 
0.0 0.0 0.525828928723 0.0 2.83471740038 10.306359544 13.5911943635 17.600126207 0.0 0.0 5.69739238066 0.0 122.0 254.0 134.0 0.247815321559 0.317724336241 -0.00854089521846 0.0342416032761 -0.000366433063911 
0.0 0.0 0.0 0.0 0.118973580143 3.1827939952 19.7459633306 11.2412880978 0.0 0.0 4.05019261666 0.0 123.0 254.0 117.0 0.239274426341 0.333333333333 0.00533994824989 -0.148017316792 0.0575316464388 
0.0 0.0 0.0 0.0 0.546813421657 0.331480775617 21.7829019082 8.42546991659 0.0 0.0 1.29418841183 0.0 124.0 255.0 106.0 0.244614374591 0.185316016542 0.0414391228502 0.0627835687821 0.0289399633182 
0.0 0.0 0.0 0.0 0.0 0.0 22.8915760024 7.3337985556 0.0 0.0 2.27085822145 0.0 124.0 255.0 99.0 0.286053497441 0.248099585324 0.0715300860155 -0.0255704676422 0.0271274299716 
0.0 0.0 0.0 0.0 0.0 0.0 23.1887984243 4.76881424593 0.0 0.0 1.22197965598 0.0 125.0 255.0 87.0 0.333333333333 0.222529117682 -0.0289442572483 0.0119473033884 0.0312359042924 
0.0 0.0 0.0 0.0 0.0 0.0 24.6598704744 1.9566532708 0.0 0.0 1.47783458321 0.0 126.0 255.0 75.0 0.304389076085 0.23447642107 0.129435552364 -0.0594527046995 0.0586810899091 
0.0 0.0 0.0 0.0 0.0 0.0 22.8473742691 1.17554021064 0.0 0.0 1.04597444914 0.0 127.0 255.0 62.0 0.333333333333 0.175023716371 0.0952860310987 0.163349160372 0.0293341201033 
0.0 0.0 0.0 0.0 0.0 0.0 18.8447030982 0.957555792698 0.0 0.0 1.40422507189 0.0 127.0 255.0 44.0 0.333333333333 0.333333333333 -0.0092774443138 -0.071261228021 0.0629160737824 
0.0 0.0 0.0 0.0 0.0 0.0 11.1415572297 3.42317828974 0.324754296041 0.0 0.725776610936 0.0 126.0 251.0 38.0 0.32405588902 0.262072105312 0.0898060675034 0.049804264596 0.0638694645209 
0.0 0.0 0.0 0.0 0.0 0.0 12.443005858 0.114506170925 0.0 0.0 0.0 0.0 126.0 248.0 37.0 0.333333333333 0.311876369908 -0.0153509208913 0.173798256868 0.0707338014251 
0.0 0.0 0.0 0.0 0.0 0.0 11.48216897 0.172194661298 0.0 0.0 0.446393100572 0.0 125.0 246.0 37.0 0.317982412442 0.333333333333 0.0250224138703 0.148675935144 0.0 
0.0 0.0 0.0 0.0 0.0 0.0 11.8115238726 0.987930384449 0.0 0.0 0.565012924074 0.0 125.0 246.0 36.0 0.333333333333 0.333333333333 -0.0388449618999 0.0472900037696 0.0 
0.0 0.0 0.0 0.0 0.0 0.0 11.164735517 1.28759290607 0.0 0.0 1.24850661027 0.0 125.0 246.0 36.0 0.294488371433 0.333333333333 -0.0631230640312 -0.003146299848 0.0360614155214 
0.0 0.0 0.0 0.0 0.0 0.0 12.6852838982 1.58549787108 0.0 0.0 0.0 0.0 125.0 246.0 36.0 0.231365307402 0.330187033485 0.10983818496 -0.0653987823854 0.0 
0.0 0.0 0.0 0.0 0.0 0.0 12.9371867672 0.0 0.0 0.0 0.466986062462 0.0 125.0 246.0 36.0 0.333333333333 0.2647882511 0.0559362465188 0.0305435685368 0.0 
0.0 0.0 0.0 0.0 0.0 0.0 12.7195512859 0.0 0.0 0.0 0.0 0.0 125.0 246.0 36.0 0.333333333333 0.295331819637 -0.0400270540819 0.068672631872 0.0 
0.0 0.0 0.0 0.0 0.0 0.0 11.9921419812 1.30367009368 0.0 0.0 0.0 0.0 125.0 246.0 36.0 0.293306279251 0.333333333333 0.053795227131 -0.042934681354 0.0 
0.0 0.0 0.0 0.0 0.0 0.0 11.642709096 0.0145445785173 0.0 0.0 0.0 0.0 125.0 246.0 36.0 0.333333333333 0.290398651979 -0.0634314895059 -0.0559493095514 0.0 
0.0 0.0 0.0 0.0 0.0 0.0 13.8743541516 0.0 0.0 0.0 0.484334114245 0.0 125.0 246.0 36.0 0.269901843827 0.234449342428 -0.0346967175857 0.0180555315498 0.0 
0.0 0.0 0.0 0.0 0.0 0.0 13.477118346 0.0 0.0 0.0 0.278028880246 0.0 125.0 246.0 36.0 0.235205126242 0.252504873978 0.0305604997216 -0.0128758794667 0.0 
0.0 0.0 0.0 0.0 0.0 0.0 13.6621229738 0.0 0.0 0.0 0.0 0.0 125.0 246.0 36.0 0.265765625963 0.239628994511 -0.00506575348918 0.146398595666 0.0 
0.0 0.0 0.0 0.0 0.0 0.0 13.7807558225 0.0 0.0 0.0 0.481712200723 0.0 125.0 246.0 36.0 0.260699872474 0.333333333333 0.025277340142 0.0391042363858 0.0 
0.0 0.0 0.0 0.0 0.0 0.0 14.6603464775 0.695843535569 0.0 0.0 0.0 0.0 125.0 246.0 36.0 0.285977212616 0.333333333333 0.0345176360625 0.0625173183298 0.0 
0.0 0.0 0.0 0.0 0.0 0.0 14.1088669436 0.0 0.0 0.0 0.265687024515 0.0 125.0 246.0 36.0 0.320494848679 0.333333333333 -0.0571297262299 -0.0153264453357 0.0 
0.0 0.0 0.0 0.0 0.0 0.0 14.5967460097 0.803357364111 0.0 0.0 0.762043295146 0.0 125.0 246.0 36.0 0.263365122449 0.318006887998 0.028057418386 0.121115616067 0.0 
0.0 0.0 0.0 0.0 0.0 0.0 14.2807214392 0.0 0.79132304169 0.0 0.451872361402 0.0 125.0 246.0 36.0 0.291422540835 0.333333333333 -0.0983888925403 0.0300992213215 0.0 
0.0 0.0 0.0 0.0 0.0 0.0 14.980901123 0.0 0.0 0.0 0.496680500008 0.0 125.0 246.0 36.0 0.193033648294 0.333333333333 -0.0288634282281 -0.0689642089328 0.0 
0.0 0.0 0.0 0.0 0.0 0.0 14.6269962768 0.00988403082322 0.0 0.0 0.402952932371 0.0 125.0 246.0 36.0 0.164170220066 0.2643691244 0.107206580339 0.0653657792361 0.0 
0.0 0.0 0.0 0.0 0.0 0.0 14.5816208543 0.0 0.0 0.0 0.104401652594 0.0 125.0 246.0 36.0 0.271376800405 0.329734903637 0.167894254816 0.00193934049032 0.0 
0.0 0.0 0.0 0.0 0.0 0.0 15.5691893997 0.0 0.0 0.0 0.655528250633 0.0 125.0 246.0 36.0 0.333333333333 0.331674244127 -0.0589352232636 -0.0512720791055 0.0 
0.0 0.0 0.0 0.0 0.0 0.0 15.2220200462 0.0 0.0 0.0 0.265332739272 0.0 125.0 246.0 36.0 0.27439811007 0.280402165021 -0.0462106410799 0.0217165760661 0.0 
0.0 0.0 0.0 0.0 0.0 0.0 15.5273175184 0.0 0.0 0.0 0.0 0.0 125.0 246.0 36.0 0.22818746899 0.302118741088 -0.0188979126125 0.0516183337192 0.0 
0.0 0.0 0.0 0.0 0.0 0.0 14.1937651549 0.0 0.0 0.0 0.521241691275 0.0 125.0 246.0 36.0 0.209289556377 0.333333333333 0.0864411518106 0.0127117361412 0.0 
0.0 0.0 0.0 0.0 0.0 0.0 15.652096777 0.0 0.0 0.0 0.0 0.0 125.0 246.0 36.0 0.295730708188 0.333333333333 0.0102731441858 0.0635839959136 0.0 
0.0 0.0 0.0 0.0 0.0 0.0 16.5700001531 0.0 0.0 0.0 0.0 0.0 125.0 246.0 36.0 0.306003852374 0.333333333333 -0.021170272473 -0.0328778593306 0.0 
0.0 0.0 0.0 0.0 0.0 0.0 15.9440986129 0.0 0.0 0.0 0.417535848097 0.0 125.0 246.0 36.0 0.284833579901 0.300455474003 -0.0465896966294 -0.083200858062 0.0 
0.0 0.0 0.0 0.0 0.0 0.0 16.6032712572 0.0 0.0 0.0 0.0 0.0 125.0 246.0 36.0 0.238243883271 0.217254615941 -0.150920305744 -0.186837614877 0.0 
0.0 0.0 0.0 0.0 0.0 0.0 16.5229344284 0.0 0.0 0.0 0.0 0.0 125.0 246.0 36.0 0.0873235775279 0.0304170010633 -0.13856111617 -0.180371382564 0.0 
0.0 0.0 0.0 0.0 0.0 0.0 17.224980912 0.0 0.0 0.0 0.0 0.0 130.0 254.0 36.0 -0.051237538642 -0.149954381501 0.147517997288 0.13357104767 -0.029471250446 
0.0 0.0 0.0 0.0 0.0 0.0 15.7304656501 0.0 0.0 0.0 0.0 0.0 134.0 255.0 37.0 0.0962804586455 -0.0163833338307 0.0347403174818 0.052355775653 0.0 
0.0 0.0 0.0 0.0 0.0 0.0 16.4609772496 0.0 0.0 0.0 0.0 0.0 134.0 255.0 37.0 0.131020776127 0.0359724418223 0.0746966169673 0.128574677818 -0.0361475597621 
0.0 0.0 0.0 0.0 0.0 0.0 16.3153473425 0.0 0.0 0.0 0.0 0.0 134.0 253.0 37.0 0.205717393095 0.16454711964 -0.0552640124177 -0.0980295752711 0.0 
0.0 0.0 0.0 0.0 0.123460048895 0.0 15.6061716379 0.0 0.0 0.0 0.0 0.0 134.0 251.0 36.0 0.150453380677 0.0665175443688 -0.0173046961726 0.00486250598531 0.0 
0.0 0.0 0.0 0.0 0.0 0.0 15.690914508 0.0 0.0 0.0 0.0 0.0 134.0 251.0 37.0 0.133148684504 0.0713800503541 0.0792482353883 -0.0924431518954 0.0 
0.0 0.0 0.0 0.0 0.0 0.0 17.5700432563 0.0 0.0 0.0 0.0 0.0 134.0 255.0 37.0 0.212396919893 -0.0210631015412 -0.0198977517078 0.10398527906 0.0 
0.0 0.0 0.0 0.0 0.0 0.0 16.7487864497 0.0 0.0 0.0 0.0 0.0 134.0 255.0 37.0 0.192499168185 0.0829221775185 0.0901140516828 0.0171196457899 0.0 
0.0 0.0 0.0 0.0 0.126189022689 0.0 16.2149090972 0.0 0.0 0.0 0.0 0.0 134.0 252.0 37.0 0.282613219868 0.100041823308 -0.0108254123125 0.100655337177 0.0 
0.0 0.0 0.0 0.0 0.0 0.0 16.7616369641 0.0 0.0 0.0 1.06887826192 0.0 134.0 248.0 37.0 0.271787807555 0.200697160485 -0.0426013834817 -0.088827989259 0.0 
0.0 0.0 0.0 0.0 0.0 0.0 17.2305842945 0.0 0.0 0.0 0.0 0.0 134.0 248.0 36.0 0.229186424073 0.111869171226 0.0917475959614 0.0337162610562 0.0295573946867 
0.0 0.0 0.0 0.0 0.0 0.0 16.7461344266 0.0 0.0 0.0 0.0 0.0 134.0 248.0 36.0 0.320934020035 0.145585432282 0.239480729653 0.0146478437033 0.0 
# HEADER 5
0.0 0.0 0.0 0.0 0.0 0.0 1.12876277317 1.00915210041 0.0 0.0 0.0 0.0 133.0 250.0 255.0 0 0 -0.0558942075486 0.0774347219002 0.0431686561367 
0.0 0.0 0.127777136003 0.196372262212 0.0 0.0 1.15284122263 1.49920835762 0.931693986869 0.0 0.0 0.0 133.0 250.0 255.0 -0.0558942075486 0.0774347219002 -0.0306838818387 0.0374018227764 0.0 
0.0 0.0 0.0 0.0 0.24670122531 0.0 2.88354961776 0.0 0.111752579171 0.0 0.0 0.0 140.0 246.0 255.0 -0.0865780893873 0.114836544677 -0.0489781184789 -0.000803062543788 -0.0071072406153 
0.436567135531 0.0 0.0 0.0 0.0 0.0 0.760825690562 0.0132098321786 0.0 0.0 0.488315984248 0.0 149.0 214.0 254.0 -0.135556207866 0.114033482133 -0.0977649226798 0.0843709167082 0.0071072406153 
0.0 0.0 0.0 0.0 0.250735885047 0.0 1.85312753636 0.623155922239 0.619813348285 0.0 0.26716093878 0.0 163.0 200.0 231.0 -0.233321130546 0.198404398841 -0.0959815603677 0.0554069019836 -0.0071072406153 
0.811989220082 0.0 0.269625455808 0.208800460246 0.697169338366 0.0 0.0 2.36955911467 0.82585931658 0.361325929725 1.31635079526 0.0 180.0 194.0 180.0 -0.329302690914 0.253811300825 -0.0815580937018 0.046381458567 0.0071072406153 
0.0 0.0 0.0 0.492818916937 0.0 0.0 3.10139255892 1.14618347566 0.0 0.0 1.0062074045 0.0 198.0 181.0 128.0 -0.333333333333 0.300192759392 0.0756188414686 0.140704133623 0.0 
0.0 0.0 0.0 0.0 0.0 0.0 5.03167239362 1.56807001973 0.0 0.0 0.0 0.0 211.0 167.0 85.0 -0.257714491865 0.333333333333 0.0530714929431 -0.259684835966 0.0 
0.318771110375 0.0 0.0 0.0 0.0 0.0 1.29881789155 0.0 0.0 0.0 0.0 0.0 223.0 144.0 71.0 -0.204642998922 0.0736484973673 0.0557057976399 0.125106476949 0.0 
0.0 0.0 0.0 0.0 0.0 0.0 2.15591260853 0.0192633195465 0.0 0.0 0.0 0.0 231.0 118.0 55.0 -0.148937201282 0.198754974316 0.0798814801558 -0.0771854440003 0.0 
# HEADER 6
0.0 0.0 0.0 0.0 0.0 0.0 1.58264499783 0.758377872559 0.328057948497 0.0 0.0 0.0 133.0 250.0 255.0 0 0 -0.243834923224 0.0210555072212 -0.0365784910613 
0.0 0.0 0.454329116778 0.0 0.0 0.0 0.843571984589 0.63820279434 0.0 0.0 0.357660387043 0.0 133.0 250.0 255.0 -0.243834923224 0.0210555072212 0.0670048684474 0.000306343385809 0.029471250446 
0.0 0.0 0.0 0.217107558153 0.0 0.0 0.718980869458 0.0 0.0 0.0 0.0 0.0 138.0 250.0 255.0 -0.176830054777 0.021361850607 -0.0579062102058 -0.0178619443393 0.0 
0.465803768628 0.0 0.0 0.0 0.0 0.0 1.5162466696 0.0 0.0 0.0 1.00707257225 0.0 153.0 249.0 255.0 -0.234736264983 0.00349990626764 0.101464858565 0.0312438901944 -0.029471250446 
0.0 0.0 0.0 0.0 0.0 0.0 0.552353802997 0.456540161971 1.78454345261 0.0 0.0 0.0 167.0 239.0 255.0 -0.133271406418 0.0347437964621 -0.10936884168 0.0282485945314 0.029471250446 
0.0 0.0 0.0 0.0 0.0 0.0410085837282 0.793653050127 0.198539895333 0.0 0.0 0.0 0.0 180.0 209.0 254.0 -0.242640248098 0.0629923909934 -0.00511816030989 0.0654832927204 0.0 
0.0 0.0 0.0 0.216507297242 0.0 0.0 0.602141382981 0.941774614575 0.0 0.0 0.0 0.0 194.0 175.0 249.0 -0.247758408407 0.128475683714 0.076048074671 -0.0530424339072 -0.029471250446 
0.0832386529582 0.0327279680442 0.446863958457 0.0 0.0 0.196349178318 0.0 0.248290296513 0.589301170181 0.0125752460586 0.494735799626 0.791889872193 206.0 151.0 233.0 -0.171710333736 0.0754332498067 -0.0463959144254 0.032524403082 0.029471250446 
0.0 0.0 1.08415890277 0.0 0.0 0.0 2.34629104901 0.120112474009 0.0 0.0 0.0 0.0 219.0 135.0 205.0 -0.218106248162 0.107957652889 0.051921299285 -0.08484917664 -0.029471250446 
0.0 0.861710549416 0.82471226696 0.204011282869 0.0 0.0 0.205861483361 0.378029992651 0.340325072213 0.0 0.0 0.0 230.0 125.0 184.0 -0.166184948877 0.0231084762487 -0.0895008796486 0.0178352019636 0.0 
0.0 0.0 1.96587973992 0.0162561069328 0.0 0.325447849584 0.0 0.806014329573 0.951648637277 1.41303339334 0.288345711872 0.0 231.0 125.0 167.0 -0.255685828525 0.0409436782123 -0.0434925357776 -0.0216255572131 0.029471250446 
0.0 0.0 0.0 0.0 0.0 0.0 3.42374350477 1.98514379075 0.0 0.0 0.0424459514344 0.0 232.0 127.0 153.0 -0.299178364303 0.0193181209992 -0.0671024572446 -0.0119633203131 0.0071072406153 
0.0 0.0 1.1718394411 0.0 0.0 0.0 2.98970720544 0.0 0.0 0.0 0.0 0.0 233.0 126.0 148.0 -0.333333333333 0.00735480068608 -0.0911298324317 -0.156599412726 -0.0071072406153 
0.0 0.0 0.0 0.0 0.0 0.52544964009 3.18565036229 0.700061672808 0.465689551922 0.0 0.0 0.0 237.0 125.0 174.0 -0.333333333333 -0.14924461204 0.000602683195374 0.00133810619096 0.0071072406153 
0.0 0.0 0.0 0.0 0.0 0.0 1.06171605164 0.0 0.134221763133 0.0 0.945231095958 0.0 237.0 136.0 217.0 -0.332730650138 -0.147906505849 -0.0655261821601 -0.119257955292 0.0 
0.0 0.0 0.260951370914 0.0 0.0 0.0 1.5595900494 0.0 0.0 0.0 0.269815241143 0.0 237.0 161.0 243.0 -0.333333333333 -0.26716446114 -0.0696681656287 0.0324541826442 -0.0071072406153 
0.0 0.0 0.0 0.0 0.0 0.0 1.07617015154 0.0 0.452229196959 0.0 0.0 0.0 237.0 204.0 254.0 -0.333333333333 -0.234710278496 0.219098115636 -0.0413088572698 -0.029471250446 
0.0 0.0 0.0 0.0 0.0 0.0 0.940082448747 0.0 0.0 0.0 0.874578489834 0.0 238.0 243.0 255.0 -0.114235217698 -0.276019135766 0.0400559711421 0.00151869518849 0.0365784910613 
0.0 0.0 0.0 0.131038191089 0.0 0.388405147049 0.583057555116 0.888309585833 0.0 0.0 0.0 0.0 238.0 245.0 255.0 -0.0741792465557 -0.274500440577 0.012853200691 -0.0646565328 -0.0071072406153 
0.0 0.0 0.0 0.0 0.0 0.502479278526 0.776142146626 0.752951108631 0.0 0.0 0.0 0.0 238.0 245.0 255.0 -0.0613260458648 -0.333333333333 0.0584202897826 -0.112491020012 0.0 
0.074771783316 0.0 0.0 0.229367079195 0.0 0.0 1.36560331596 0.0 0.0 0.0 0.475828816088 0.384758377564 238.0 246.0 255.0 -0.00290575608214 -0.333333333333 0.0921763431115 -0.0864175588495 0.0 
0.0 0.0 0.0 0.341277023769 0.0 0.0 0.460906525798 0.0 0.0 0.0 0.053591642881 0.0 238.0 246.0 255.0 0.0892705870294 -0.333333333333 -0.0913945622781 -0.0447918345134 0.0 
0.0 0.0 1.17962653297 0.232578590776 0.0 0.0 0.180171700576 0.0636595027794 0.116600433782 0.0 0.0 0.0 238.0 246.0 255.0 -0.00212397524876 -0.333333333333 0.0963198706678 0.0253202243014 -0.029471250446 
0.0 0.0 0.0 0.0 0.0 0.0 0.553911932618 0.0 0.0 0.0 0.503004146386 0.0 237.0 246.0 255.0 0.094195895419 -0.308013109032 0.0157909048796 -0.0254122569727 0.029471250446 
0.402856930739 0.0 0.0 0.0 0.0 0.0 1.05473740714 0.98125358752 0.0 0.0 0.459575645079 0.0 233.0 247.0 255.0 0.109986800299 -0.333333333333 0.0226899209517 -0.116664213995 0.0 
0.0 0.222052532361 0.0 0.0 0.0 0.0 0.674598036991 0.410654055262 0.127412284355 0.0 0.287771458004 0.303675282145 231.0 248.0 255.0 0.13267672125 -0.333333333333 -0.0583180881709 0.0227046050843 -0.029471250446 
0.0 0.0 0.0 0.0 0.0 0.0 1.4286811814 0.0 0.0 0.0 0.0 0.0 228.0 249.0 255.0 0.0743586330794 -0.310628728249 0.0997596976394 0.0659571421767 0.029471250446 
0.0124208890054 0.0 0.0 0.0 0.0 0.0 1.55024297202 0.769196413852 0.0 0.0 0.0 0.0 218.0 249.0 255.0 0.174118330719 -0.244671586072 0.0844816882376 0.0847038870671 -0.029471250446 
0.821465781402 0.0 0.175374180375 0.136783536159 0.696174233874 1.44989040952 0.0 0.873934811226 0.885290333934 3.2453962566 1.44492700542 0.294351060498 204.0 249.0 255.0 0.258600018956 -0.159967699005 -0.0811121818866 -0.00520482739481 0.029471250446 
0.0 0.0 0.0 0.0 0.0 0.0 1.29395424109 0.0 0.0 0.0 0.0 0.0 190.0 250.0 255.0 0.17748783707 -0.1651725264 0.0417335298964 0.0305392258792 0.0 
0.0 0.0356741421317 0.0956738181575 0.0 0.0 0.0 0.55528742875 1.73291220606 0.618448689656 0.0 0.256597415887 0.0 177.0 250.0 255.0 0.219221366966 -0.134633300521 0.0853217535932 0.0207301481051 0.0 
0.0 0.0 0.0 0.0 0.0 0.0580269251605 1.51717886609 0.0 1.51312405453 0.0 0.483081464805 0.0 159.0 250.0 255.0 0.304543120559 -0.113903152416 0.0761346999065 0.103280069178 0.0 
0.0 0.891399330019 0.0 0.0 0.0 0.0 0.422154941913 2.52871778198 0.0 0.0 0.747893959171 1.54132468542 143.0 250.0 255.0 0.333333333333 -0.0106230832375 -0.129746069944 -0.0255254958827 -0.029471250446 
0.0 0.268680757191 0.0 0.0 0.157279783476 0.391850654171 0.65531315099 0.893907878652 0.297374511234 0.0473129852077 0.0 0.0 126.0 250.0 255.0 0.203587263389 -0.0361485791202 -0.0658757531546 -0.0750057179578 0.029471250446 
0.0 0.0 0.0 0.0 0.0 0.449438151108 1.35464728674 0.0 0.0354489503758 0.0 0.305298469024 0.0386492672335 121.0 252.0 255.0 0.137711510234 -0.111154297078 -0.0530201716168 -0.0448260758383 0.0 
0.0 0.0 0.0 0.0 0.0 0.0 0.792712946054 0.0 0.0 0.0 0.504201997793 0.0 120.0 253.0 255.0 0.0846913386175 -0.155980372916 -0.00933054991448 -0.162242900092 0.0071072406153 
0.0 1.20781327349 0.0 0.0 0.0 0.0 0.544480664147 0.741623886284 0.0 0.0 0.918387087131 1.6446628822 119.0 254.0 255.0 0.075360788703 -0.318223273009 0.0159570360333 0.0126303837812 0.0 
1.44073190553 3.10146778405 3.03767839258 0.116420283968 0.671043771641 1.21467137033 0.0 0.274938970486 2.50937296447 3.07085259777 0.651874969156 4.04908730459 118.0 254.0 255.0 0.0913178247363 -0.305592889228 -0.160138437671 -0.0465371630416 0.0 
0.0 0.091316545716 1.29175259584 0.0 0.0 0.0 1.28630795885 0.0 0.0 0.0 5.02467790456 1.27030376814 118.0 254.0 255.0 -0.0688206129344 -0.333333333333 0.0784081197916 0.122957525965 0.0 
0.0 0.951051090666 0.0 0.0 0.0 0.0 0.601740309497 0.0963499656492 0.0 0.0 2.14094253675 2.41128038562 117.0 254.0 255.0 0.00958750685726 -0.210375807368 -0.0646377920882 -0.0191568014842 0.0 
0.720713077079 5.66132183539 4.30176204047 0.756905596935 1.49161178948 2.42250375586 0.0 1.7080754418 2.647139606 7.43342755637 1.74108145291 4.64501398236 116.0 254.0 255.0 -0.0550502852309 -0.229532608853 0.139639607821 0.140367910385 0.0 
0.0 0.72564593977 0.0 0.0818300895771 0.746454495488 0.0 2.23977538677 0.697525707575 0.512342099194 0.0 1.78761931985 3.18381267452 116.0 255.0 255.0 0.0845893225902 -0.0891646984675 -0.00225463922925 0.081123166045 0.0 
0.0 1.46668248233 0.604057059172 0.0 0.0 0.0 0.991656130195 0.0 0.0 0.0 3.49288674506 2.66301265554 115.0 255.0 255.0 0.0823346833609 -0.00804153242245 0.103889772463 -0.0871976202554 0.0 
0.0 2.00333431581 0.829517468816 0.0 0.0 0.0 0.409577829848 0.54610192263 0.85800011945 0.0 2.91637410986 1.60985404738 114.0 255.0 255.0 0.186224455824 -0.0952391526778 0.023872264604 0.135843224441 0.0 
0.0 2.2231118506 2.32682303849 0.0 0.0 0.0 1.31085921615 1.53596846232 0.0 0.0 4.70003020953 1.82602091778 113.0 255.0 255.0 0.210096720428 0.0406040717632 -0.0372477009291 0.0464148433552 0.0 
0.0 1.44463789877 3.14143144908 0.0 0.0 0.0 1.48040083245 0.48179018549 0.0 0.0 4.65436968362 2.21778188215 112.0 255.0 255.0 0.172849019499 0.0870189151184 -0.103356088856 -0.00894006506871 0.0 
0.0 2.50711989601 5.6039545713 0.0 0.0 0.0 1.31651276519 1.31494968583 0.0 0.0 6.41793370144 3.39902654771 112.0 255.0 255.0 0.0694929306432 0.0780788500496 0.056881280104 -0.00789236148333 0.0 
0.0 2.86393065324 4.39590936589 0.0 0.0 0.0 0.444207012703 1.61020492422 0.0 0.0 5.48276910012 2.99855465289 111.0 255.0 255.0 0.126374210747 0.0701864885663 -0.0144148089124 -0.0093389289195 0.0 
0.0 2.39635838013 7.22392521518 0.0 0.0 1.3401621043 0.533686510675 2.00242376981 0.0 0.0 8.08980711976 2.31419261803 111.0 255.0 249.0 0.111959401835 0.0608475596468 0.0273487252446 0.0138214303189 0.0 
0.0 2.28943645265 9.07932937841 0.0 0.0 1.29634012837 0.533853461248 2.22180058456 0.0 0.0 8.74727194261 3.36949174472 112.0 255.0 244.0 0.139308127079 0.0746689899658 0.0204439160121 -0.0745458003066 0.0293030465457 
0.0 3.58261233857 9.04694972344 0.0 0.0 1.10610103994 0.291783135585 4.20406390796 0.0 0.0 8.86906266156 2.007862074 112.0 255.0 241.0 0.159752043091 0.000123189659203 -0.1912873624 0.0333818901958 0.0 
0.0 4.73669283591 11.2703977792 0.0 0.0143661821153 4.2870773741 0.0 4.94054914271 1.48326507056 2.07065707256 8.2395154837 3.62512661456 112.0 255.0 240.0 -0.0315353193082 0.033505079855 0.195523137269 -0.0461460074485 0.0 
0.0 3.02388772593 8.32969244532 0.0 0.242172711912 2.56810263289 0.53338611784 2.9822077393 0.892610900749 0.293582735207 7.38127353197 2.94237371448 112.0 254.0 245.0 0.163987817961 -0.0126409275935 -0.0396794422906 -0.100723291216 0.0 
0.0 4.12543251513 5.70056446529 0.0 0.0 0.530301242157 0.0 2.90986904926 0.0 1.54463873798 5.52542998326 4.20820306847 110.0 255.0 255.0 0.12430837567 -0.113364218809 -0.0702664564881 0.0613507291755 0.0 
0.0 3.8974959352 5.43022750519 0.0 0.0 0.740209321038 0.343952947836 2.90677848368 0.0 0.0 4.66248879331 3.20396988547 109.0 255.0 255.0 0.0540419191821 -0.0520134896336 0.10017303276 -0.0608358142457 0.0 
0.0 3.0632661237 4.36059569881 0.0 0.0 0.0 1.36065548696 2.98896485553 0.0 0.0 5.80223083919 3.03299910963 109.0 255.0 255.0 0.154214951942 -0.112849303879 -0.0362713208823 -0.0687355611889 0.0 
0.0 5.38923235382 5.0096570254 0.0 0.0 1.63796619595 0.0 3.07310518815 1.34845163854 1.91154575831 6.43016983495 4.49017729316 109.0 255.0 255.0 0.11794363106 -0.181584865068 0.117323369706 0.137112854078 0.0 
0.0 3.8133378617 6.20221860696 0.0 0.0 0.451918784298 0.0 2.41779185926 0.0 0.076805168083 5.83695614276 4.28277187855 109.0 255.0 255.0 0.235267000766 -0.0444720109907 0.0269379130595 0.0547133981571 0.0 
0.0 4.1771484894 6.6561367263 0.0 0.186854650795 2.31463895649 0.0238843295901 2.95418253543 0.0 1.46175687937 6.01752348768 4.1664312462 108.0 255.0 255.0 0.262204913825 0.0102413871664 -0.0422249706552 0.0626230172314 0.0 
0.0 4.43178381494 5.84014505077 0.0 0.0 2.03855612738 2.52035213834 2.45887470259 0.0 0.0 6.20024680694 3.83886217252 108.0 255.0 255.0 0.21997994317 0.0728644043978 -0.00368653375379 -0.0233604558153 0.0 
0.0 4.97277391612 7.48715527468 0.0 0.0 1.80751145141 0.453987785851 3.88520943416 0.0 0.985019882521 6.09757183832 4.48525799959 108.0 255.0 255.0 0.216293409416 0.0495039485825 -0.0284421393573 -0.0197935768521 0.0 
0.0 7.9026462552 9.832838832 0.15716734937 0.0 4.1236479954 0.0 3.86926431383 0.0 2.39057742727 7.32960782116 5.08119885357 108.0 255.0 255.0 0.187851270059 0.0297103717304 -0.0546056346754 -0.0471908977402 0.0 
0.0 5.92491985406 7.52668636186 0.0 0.0 1.65538429638 0.0 3.92412528441 0.0 1.44932222033 7.3511153754 3.86423996276 108.0 255.0 255.0 0.133245635383 -0.0174805260098 -0.0879121782337 -0.0979521926009 0.0 
0.0 5.48560944073 6.55916439581 0.0 0.0 0.0 1.23797296021 1.2143531546 0.0 0.0 6.37282163991 5.28060609106 107.0 255.0 255.0 0.0453334571497 -0.115432718611 0.0142237611814 0.0186202469871 0.0 
0.0 4.89905822885 7.84127509236 0.0 0.0 0.652957140732 0.812137207809 3.04427558293 0.0 0.0 5.73404766494 3.67597610556 108.0 255.0 255.0 0.0595572183311 -0.0968124716236 -0.0757330648968 0.0138746587509 0.0 
0.0 4.96974640885 7.48316569269 0.0 0.0 1.17930488813 0.158793267329 2.05319603825 0.0 0.11516964108 6.41949484295 4.2266674675 108.0 255.0 255.0 -0.0161758465658 -0.0829378128727 -0.0316249600985 -0.110817073753 0.0 
0.0 5.16061185939 7.51614513617 0.0 0.0 1.72595966654 0.140628846383 3.00278960522 0.0 1.65060566667 4.43868128977 3.93508297423 110.0 255.0 255.0 -0.0478008066643 -0.193754886625 0.0789276153296 -0.0477268692344 0.0 
0.0 3.04392112393 5.60927168231 0.272506395372 0.433566434604 2.26155048337 0.0 2.5472081848 0.630188197662 2.31730535002 4.79176663223 3.98089032049 111.0 255.0 255.0 0.0311268086653 -0.24148175586 0.0506850320756 -0.0656968105741 -0.0293030465457 
0.0 3.27219243288 5.5568334367 0.115067373841 0.0 1.3898747709 0.627943378427 2.37049873518 0.0 0.0 2.97357325789 2.43691350674 113.0 255.0 255.0 0.0818118407409 -0.307178566434 -0.0249849016069 0.065600114785 0.0 
0.0 2.04807094994 3.73632256243 0.141463075111 0.0 0.0 2.39960496455 1.54562414238 0.0 0.0 2.29276606604 2.2385225514 113.0 255.0 255.0 0.056826939134 -0.241578451649 -0.0993394401071 0.0204905671332 0.0 
0.0 1.44341387424 4.01435341609 0.0 0.0 0.0 1.46634089797 2.787338858 0.0 0.0 2.36242479291 2.3448224732 113.0 255.0 255.0 -0.042512500973 -0.221087884516 0.0612820575153 0.0101159919093 0.0 
0.0 3.2843178383 4.56199923012 0.0219114979824 0.0 1.19562573909 0.169270466119 1.42783290706 0.0 0.0 2.51256860679 3.98006804499 113.0 255.0 255.0 0.0187695565422 -0.210971892606 -0.0532513378952 0.0542096073015 0.0 
0.0 2.44122827116 4.10324870455 0.0 0.0 1.34053554948 1.4939664105 1.00925424341 0.0 0.0 4.10405616762 2.28395293933 114.0 255.0 255.0 -0.034481781353 -0.156762285305 -0.00159186494429 0.0129550015646 0.0 
0.0 2.21421886134 2.42376695943 0.0 0.0 0.536249505985 0.557925255299 1.68447960049 0.0 0.0 3.3295704174 2.31623541482 115.0 255.0 255.0 -0.0360736462973 -0.14380728374 0.0297580003467 -0.0511706586328 0.0 
0.770719400837 1.35702886109 3.77715118029 0.161326769608 0.599466582781 0.462794541663 0.0 0.157754956004 0.775420139999 3.07688369741 1.42833382069 3.96738089691 117.0 254.0 255.0 -0.0063156459506 -0.194977942373 -0.100434810261 0.213256862645 -0.0071072406153 
0.0 2.45430483588 2.94267066878 0.0408726469418 0.0361909401312 0.80987661386 0.0 2.61465118285 0.0 1.92934748576 2.00720187119 2.86276462414 120.0 253.0 255.0 -0.106750456212 0.018278920272 -0.0578333849609 0.0615396479987 0.0 
1.09786722276 3.53206234516 1.95885673688 0.0702893138305 0.808154067826 2.26727190716 0.0 1.91697204186 1.77819993343 2.92499365507 0.296512409817 1.547451517 122.0 252.0 255.0 -0.164583841172 0.0798185682708 -0.0901887851366 -0.0204274641844 0.0 
0.131721132566 0.0 0.0 0.0 0.0 0.0 0.510727762521 0.0 0.0 0.0 1.14334909907 0.0 125.0 250.0 255.0 -0.254772626309 0.0593911040864 -0.171085931063 0.00603450906206 0.0 
0.304488787341 1.52374378008 0.602771884142 0.0 0.0 1.39667726988 0.0 0.200013302281 1.48856041241 2.45633047405 0.137713539535 0.776394123391 134.0 235.0 254.0 -0.333333333333 0.0654256131484 -0.0276473649707 0.0127568588107 0.0 
0.0 0.0 0.607505843261 0.00174270793022 0.0 0.0 0.317777468151 0.143242400396 0.0 0.0 1.95179107458 0.0 149.0 217.0 246.0 -0.333333333333 0.0781824719591 -0.191244304861 0.0177133187818 0.0 
0.665341475429 0.0 0.8120150209 0.0 0.0 0.0385894260055 1.75743848091 0.342043379727 0.0 0.0 0.807880170701 0.0 167.0 201.0 223.0 -0.333333333333 0.0958957907409 -0.019681236404 -0.00202721485353 0.0 
# HEADER 7
0.806367535873 1.36765199162 0.89040699907 0.46208738428 1.5074201773 1.4662748673 0.0 0.0 0.949026993141 2.94498264237 0.495276811235 1.79678360927 133.0 249.0 255.0 0 0 -0.00823317073083 -0.00607362897905 0.0 
0.0 0.0 0.0 0.214779657199 0.0 0.0 0.93430853118 0.383002611759 0.0 0.0 0.0 0.0 133.0 250.0 255.0 -0.00823317073083 -0.00607362897905 0.046411245141 0.168927763166 0.0 
0.0 0.0 0.0 0.0 0.0 0.0 2.17722566067 0.0 0.0 0.0 0.0 0.0 130.0 241.0 255.0 0.0381780744102 0.162854134187 -0.00109090931458 0.00160315641601 0.0 
1.74403422084 2.00984364216 0.889762704852 1.01579192463 0.0 1.28178266274 0.0 0.769857115998 0.734982866337 2.08023380811 1.11857689337 1.02939080472 130.0 243.0 235.0 0.0370871650956 0.164457290603 -0.126628673802 0.0271016606596 0.0 
0.0 0.0 1.09130175233 0.0 0.0 0.122479005262 0.0358298323729 0.0 0.0 0.0 2.01679104809 0.0 136.0 246.0 196.0 -0.0895415087066 0.191558951263 0.0302018167794 -0.0464413727907 0.0 
0.0193704586502 0.0 2.1169239426 0.0 0.0 1.49693078492 0.447438072009 1.63320442845 0.0 0.0 0.343568410335 0.0 145.0 245.0 158.0 -0.0593396919271 0.145117578472 0.0630862944027 0.0435362101832 0.0 
0.0 0.0 1.05928263016 0.144291917393 0.0 4.27957979273 0.11691386236 3.87170064955 0.0 0.673686407946 0.87432626368 0.0 153.0 243.0 124.0 0.00374660247559 0.188653788655 -0.0293754806512 -0.0310794283458 0.0 
0.0 0.0 0.163615169179 0.0 0.0 2.55973692977 2.34356635985 3.87681103073 0.0 0.0 1.2366638253 0.286083795881 160.0 240.0 91.0 -0.0256288781757 0.15757436031 -0.0449436647017 -0.101862654533 0.0 
0.0 0.0 0.0 0.0 0.0 0.938574954617 5.46221852674 2.87275154078 0.0 0.0 0.253968465249 0.0 164.0 237.0 79.0 -0.0705725428773 0.0557117057772 0.0490220540909 -0.0627809940478 0.0 
0.0 0.0 0.0356398551312 0.0 0.0 0.616606375846 2.77425770049 2.9404063567 0.886424657277 0.0 0.0 0.0 169.0 231.0 83.0 -0.0215504887865 -0.00706928827063 0.0810296442814 0.0899984707601 0.036410287161 
0.0 0.0 0.0 0.0 0.0 1.29664795974 2.98667749968 2.04027961344 0.28704053886 0.0 0.095453594603 0.0 171.0 229.0 82.0 0.0594791554949 0.0829291824895 -0.000397675708908 -0.0696976319712 -0.036410287161 
0.0 0.0 0.12973357888 0.0 0.0 0.547450600968 3.55253167554 2.83603111439 0.0 0.0 0.121536982682 0.0 168.0 232.0 77.0 0.059081479786 0.0132315505183 0.122261113831 -0.134297795039 0.0 
0.0 0.0 0.447056579066 0.0 0.0 0.252928738702 4.47461687103 2.62145378935 0.0 0.0 0.238635870004 0.0 162.0 239.0 84.0 0.181342593617 -0.121066244521 0.0478993196029 0.00725167354618 0.0 
0.0 0.0 0.0 0.0 0.531028878431 0.0 5.22728621779 0.0 0.0 0.0 0.0 0.0 148.0 247.0 122.0 0.229241913219 -0.113814570975 0.0889294854212 0.0674577366873 0.0 
0.0 0.0 0.0 0.0 0.0 0.0 1.67458116562 0.146869504355 0.0 0.0 0.0 0.0 137.0 248.0 180.0 0.318171398641 -0.0463568342876 0.0783117219522 -0.0297479292477 -0.029471250446 
0.0169588216018 0.255310308372 0.712118599504 0.0 0.0 1.50763998543 1.28518138082 2.10543089856 0.0 0.0 1.41195143431 0.0 123.0 249.0 232.0 0.333333333333 -0.0761047635352 -0.111270121018 -0.0221566240413 0.029471250446 
0.0 1.91020596847 1.1315767585 0.119174186849 0.0 0.800872922457 0.0 0.597212038453 0.0 0.126178864872 1.25416399801 0.934040419147 116.0 253.0 255.0 0.222063212315 -0.0982613875765 0.0120542192694 -0.0695238550082 0.0 
0.0 1.85125348819 1.51628419372 0.180268140046 0.0 0.0 0.0571391945695 2.28688037451 0.343178370755 1.03318373565 1.74319209768 2.17151014684 114.0 255.0 255.0 0.234117431585 -0.167785242585 0.0124968310381 0.0256743152023 0.0 
0.0 1.18427946826 0.227388235607 0.274657236015 0.0 0.0 1.40661164322 1.0553932772 0.0 0.0 2.47123156962 1.52817116319 113.0 255.0 255.0 0.246614262623 -0.142110927382 0.0452356524501 0.0851992430046 0.0 
0.0 3.03134023105 4.16115553283 0.0 0.0 2.44366487942 0.0 1.85061730395 0.0184002517811 0.816220654278 2.83904538154 1.80729838119 111.0 255.0 255.0 0.291849915073 -0.0569116843778 0.151643700788 -0.158176139815 0.0071072406153 
0.0 2.60653826453 3.14739276868 0.0500752285687 0.0 1.65020989883 0.941854219203 0.996441511728 0.0 0.0 5.58632897672 1.58942590743 110.0 255.0 255.0 0.333333333333 -0.215087824193 0.0222264176652 -0.036232173227 0.0 
0.0 2.26470683603 3.9894835398 0.0 0.0 0.0 0.516855345781 2.83459849019 0.0 0.0 5.61701138873 0.456610784606 109.0 255.0 255.0 0.333333333333 -0.25131999742 -0.032479929739 -0.0968317406103 0.0 
# HEADER 8
0.0 0.0 0.0 0.0 0.0 0.362830503609 1.2715664938 1.66965855877 0.0222681170407 0.0 0.0 0.0 133.0 247.0 255.0 0 0 -0.0020853809182 -0.0708478258099 -0.036410287161 
0.567066125156 1.4475933604 0.646958581648 0.0365335239168 0.0 1.98489045674 0.0 0.11325204582 1.35438468604 2.1115994243 0.0 0.470583110745 134.0 251.0 255.0 -0.0020853809182 -0.0708478258099 0.0404950121777 -0.0825569888468 -0.00692381837227 
1.55975570124 0.85372309647 1.03116143045 1.1765904968 0.643126469756 1.50157238291 0.0 0.301476742501 1.53964029013 3.52523169272 0.197835185019 1.67024663271 134.0 251.0 255.0 0.0384096312595 -0.153404814657 -0.123169092893 0.0134025810954 0.0 
1.6451629323 1.7716825025 0.968838781486 1.15351428534 0.778627429407 0.132950015967 0.0 1.63977881035 0.635348243877 2.41153954935 0.267625104651 1.6302254243 134.0 251.0 255.0 -0.0847594616332 -0.140002233561 -0.015802836726 0.0273160319911 0.00692381837227 
0.0 0.0 0.0 0.0 0.0 0.0 0.421240643435 0.0 0.0 0.0 0.0 0.0 145.0 251.0 255.0 -0.100562298359 -0.11268620157 0.0331093472128 -0.0255231265956 -0.00692381837227 
0.0 0.0 0.0 0.0 0.0 0.0 0.451217572115 0.0 0.0 0.0 0.0 0.0 154.0 251.0 255.0 -0.0674529511465 -0.138209328166 -0.141859984247 -0.00638126262653 0.00692381837227 
0.204282932529 0.0 0.0 0.0 0.348729054215 1.50758040107 0.0 0.44512640192 0.0 0.935429816084 0.0 0.0 163.0 251.0 255.0 -0.209312935393 -0.144590590792 0.109062079239 0.102463043346 0.0 
0.0 0.0 0.0 0.0 0.430758253259 0.0 1.1948407317 0.0 0.0 0.0 0.0 0.0 170.0 250.0 255.0 -0.100250856154 -0.0421275474464 -0.0650189079638 -0.02942979214 0.0 
0.0 0.0 0.0 0.0 0.0 0.0 0.463521158873 0.274409353132 0.0 0.0 0.0 0.0 178.0 250.0 255.0 -0.165269764118 -0.0715573395864 -0.0910914864592 -0.057697016798 0.0 
0.643777948211 0.0 0.614272474118 0.0 0.0 1.37960494474 0.0 0.340284841113 1.01150729975 0.276903418689 0.0 0.0 192.0 250.0 255.0 -0.256361250577 -0.129254356384 -0.0491532262972 -0.17361645652 0.0 
1.05754365751 2.07191688351 0.0630035878059 0.0981937878274 0.73757915897 0.455615479066 0.0 2.30147909065 0.959448529234 4.06022193893 0.0641936980081 1.20437917535 207.0 249.0 255.0 -0.305514476874 -0.302870812905 0.0315192911928 -0.0446235011872 0.0 
1.038072362 0.0 0.360968060301 0.0 0.0 0.0 0.0 0.111586457723 0.214560809026 2.1782068806 0.0 0.0 222.0 249.0 255.0 -0.273995185681 -0.333333333333 -0.00965493795862 0.00389418964069 0.0 
0.0 0.0 0.225711464492 0.0 0.0 0.0 0.245436544189 0.900414275653 0.0 0.0 0.135667528592 0.0 231.0 247.0 255.0 -0.28365012364 -0.329439143693 0.0120461462792 0.219329261137 0.0 
0.0 0.0 0.0 0.0 0.0 0.620427349118 1.20771461761 0.0 0.0 2.06638865941 0.0 0.0 232.0 247.0 255.0 -0.271603977361 -0.110109882555 0.0281971733188 0.198282464805 0.0 
0.0 0.0 0.0 0.0 0.0 0.0 0.247215556167 0.0 0.0 0.0 0.0 0.305009547499 233.0 237.0 255.0 -0.243406804042 0.0881725822501 0.0438610303923 0.183476231517 0.0 
0.0 0.0 0.0 0.233123049414 0.0 0.0 0.950163979344 1.27753947055 0.0 0.0286114514366 0.0 0.404783636706 235.0 200.0 254.0 -0.19954577365 0.271648813767 -0.160744993174 0.0444901038193 0.0 
0.876791169859 0.673591495999 0.0 0.579951479181 0.372372239369 0.0112452473789 0.0 1.15267174293 0.572103073269 2.86898168593 0.0 0.796704800999 236.0 162.0 243.0 -0.333333333333 0.316138917587 0.0834265266533 -0.107387840913 0.0 
0.000300319772824 0.0 0.0 0.0 0.0 0.0 0.460546582788 0.0 0.0 0.0 0.0712363797863 0.0 237.0 139.0 223.0 -0.24990680668 0.208751076674 0.0690538507403 0.133103531572 0.0 
0.0 0.461325656987 0.0 0.0 0.0 0.0 0.428106951735 0.11778254307 0.0 0.0 0.967901799372 0.0 237.0 118.0 192.0 -0.18085295594 0.333333333333 0.106538393535 -0.0360123218283 0.0 
0.0 0.0 0.205231592203 0.0413316181698 0.0 0.595623763829 0.63897334282 0.0258096124127 0.0 0.574377367072 0.0 0.0 237.0 126.0 131.0 -0.0743145624049 0.297321011505 -0.236722295175 -0.0159744354042 0.0 
0.0 0.0 0.0 0.0 0.0 0.0 0.720277767146 0.0 0.0 0.0 0.41285936364 0.0 237.0 130.0 83.0 -0.31103685758 0.281346576101 0.120662442302 0.0214510552158 0.0 
0.0 0.0 0.0 0.229501252422 0.0 0.0 1.38879300212 0.0 0.0 0.0 0.329439695089 0.0 237.0 125.0 52.0 -0.190374415278 0.302797631317 -0.0725591930619 0.0155516573022 0.0 
1.14195520354 1.57536039312 1.27990494913 0.465073560291 0.0 2.00983327885 0.0 0.979881094791 2.0150547411 4.08059534252 0.0 1.44740218562 235.0 66.0 59.0 -0.26293360834 0.318349288619 -0.020889786981 0.0142826018244 0.0 
0.0 0.0 0.0 0.0 0.0 0.277112442386 0.548896693946 0.0167326269142 0.0 0.0 0.943297254489 0.0 232.0 39.0 47.0 -0.283823395321 0.332631890443 -0.0410530416433 -0.185483574055 0.0 
0.0 0.0 0.0 0.279705461681 0.0 0.0 0.90353105792 0.0 1.04858717074 0.0 0.0 0.0 232.0 35.0 38.0 -0.324876436964 0.147148316389 0.127728309389 -0.00325395118358 0.0 
0.148760206602 1.63724668078 0.0 0.160076046568 0.557649495565 1.12867712807 0.0 0.0 0.0 1.92263396913 0.0 1.64204440607 232.0 34.0 36.0 -0.197148127576 0.143894365205 0.0720361693386 0.0535609732949 0.0 
0.66168927919 0.0 0.241113433575 0.291719534241 0.0 1.09943710008 0.0 0.399497574474 0.187282605945 1.63148429734 0.181906806196 0.908986800788 232.0 34.0 36.0 -0.125111958237 0.1974553385 0.031618125357 -0.0208684620228 0.0 
1.7998612616 2.25021250349 1.77110346432 0.238122740626 0.0 0.479164464147 0.0 0.274785870943 1.1061660042 2.7464903788 0.0625920388564 1.22486375739 232.0 34.0 36.0 -0.0934938328801 0.176586876477 -0.118348182496 0.116178280892 0.0 
0.0 0.0 0.0 0.0 0.0 0.0 0.466560697266 2.27391131605 0.0 0.0 0.194200840441 0.0 232.0 34.0 36.0 -0.211842015376 0.292765157369 0.0600228438659 -0.0634207575305 0.0 
0.0 0.0 0.0 0.0 0.0 0.0 0.909049386884 1.34568297015 0.0 0.0 0.0 0.0 231.0 34.0 36.0 -0.15181917151 0.229344399838 -0.0976019361089 0.0980056490695 0.0 
0.0468674505363 0.49332795371 0.822062066407 0.0 0.239108657874 0.0 0.0 0.0854086588916 0.0 0.0 0.0 0.829411590775 230.0 34.0 36.0 -0.249421107619 0.327350048908 0.0326315799891 -0.0764389712542 -0.00692381837227 
# HEADER 9
0.701754692027 0.817513787286 0.696880628181 0.0 0.965487100855 1.11515047608 0.0 0.627998735359 0.8269367752 2.22291265604 0.0 0.697660227754 134.0 248.0 255.0 0 0 0.00960603014039 0.0454215803981 0.0 
0.663766499425 0.0 0.617414686944 0.0 0.434294181143 0.0 0.0 0.0 0.0 0.342882516966 0.200065440758 0.0 134.0 248.0 255.0 0.00960603014039 0.0454215803981 -0.00715987333964 -0.160990224194 0.0 
0.0 0.0 0.298877123313 0.0 0.0 0.0 1.00383932352 0.0 0.0 0.0 0.0 0.710736582138 134.0 248.0 255.0 0.00244615680075 -0.115568643796 0.0140368602666 -0.128858451611 0.0 
# HEADER 10
0.0 0.0 0.0 0.0563456919763 0.0 0.0 1.5308114607 0.0 0.0 0.0 0.0 0.0 133.0 247.0 255.0 0 0 0.0202601866044 -0.127918199316 0.0 
0.0 0.0 0.0 0.0 0.0 1.51871602434 0.301897368991 0.0 0.0 0.0 0.0 0.0 133.0 249.0 255.0 0.0202601866044 -0.127918199316 -0.040205467135 -0.0157406239067 0.0 
0.0 0.304344753967 0.231310693936 0.0 0.0 0.0 0.449830490382 0.0 0.501172898486 0.331739343427 0.287123791021 0.0 132.0 249.0 255.0 -0.0199452805306 -0.143658823222 0.0636492195714 -0.00933348737842 0.0 
0.0 0.0 0.0 0.0 0.279546205807 0.0 0.301414866117 0.0 0.50986820768 0.152706656953 0.0 0.0996114164619 129.0 249.0 255.0 0.0437039390408 -0.152992310601 -0.0320241774488 0.0362836123707 0.0 
0.0 0.0 1.07563678462 0.0 0.62905116848 0.0 0.0 0.0 0.0 0.311932404309 0.0 0.0 128.0 249.0 255.0 0.011679761592 -0.11670869823 0.0733362921149 -0.0157511674905 0.0 
0.0 0.0 0.0 0.0 0.0 0.0 0.0 0.0 0.0 0.333297046251 0.0 0.0 124.0 249.0 255.0 0.085016053707 -0.13245986572 -0.0333939271853 0.0570462914966 0.0 
0.0 0.0 0.0 0.0 0.0 0.0 0.0 0.0 0.025329797495 4.31707009658 0.0 0.0 123.0 251.0 255.0 0.0516221265217 -0.0754135742239 0.00498287343371 -0.168270350321 0.0 
0.0 0.0 0.0 0.0 0.0 0.0 0.0 0.0 0.0 1.77007642405 0.0 0.351952480106 123.0 251.0 255.0 0.0566049999554 -0.243683924545 0.138522896307 -0.0272909552142 0.0 
0.112761199404 0.0 0.0 0.0 0.0 0.0 0.463384239451 0.0 0.0 0.0 0.432126688235 0.27236364293 122.0 252.0 255.0 0.195127896262 -0.270974879759 -0.0089031903549 -0.023253959479 0.0 
0.364952363766 1.03914522002 0.0 0.0 0.0 0.0 0.174560221833 0.315154289578 0.0 0.0 1.24049834642 0.997307388716 120.0 253.0 255.0 0.186224705907 -0.294228839238 0.0156537682185 -0.151106992405 0.0 
0.429871930628 0.859400498862 0.416856600324 0.0 0.0 0.209633137355 0.0625803256908 0.799273524573 0.422714734394 0.989004480204 1.76931691977 1.67428249251 119.0 254.0 255.0 0.201878474126 -0.333333333333 -0.0872534954463 -0.0229567511358 0.0 
0.3191803201 1.53065874613 4.32020526167 0.0 1.06043415157 1.23290725818 0.0 0.802774615565 1.69443531548 2.68280673796 2.25220797022 3.43351056821 117.0 255.0 255.0 0.114624978679 -0.333333333333 0.0389112926292 -0.0562275339004 0.0071072406153 
2.13938191338 5.44614688543 4.54177473041 0.253494364218 1.52199405379 3.8762648336 0.0 0.614992711316 1.65591840754 6.17977885867 3.2377883317 5.85200590139 115.0 255.0 255.0 0.153536271308 -0.333333333333 -0.0598686932158 0.0581807661923 0.0 
0.253764320695 4.94288215986 4.2693648933 0.0 0.88459987512 0.119842019129 0.0 1.73768043613 0.958531914238 2.16290035169 4.12395930781 3.43150047019 114.0 255.0 255.0 0.0936675780927 -0.275152567141 0.0220891859663 -0.0933729355125 0.0 
0.0 1.81156844851 3.51958264888 0.0 0.332135751527 0.0 0.0517135534047 0.323673237242 0.397679921566 0.567164366394 3.2344041343 2.69217162768 114.0 255.0 255.0 0.115756764059 -0.333333333333 0.114217196981 -0.0153117985617 0.0 
0.806991011367 5.03735198411 5.87803449354 0.0 0.0137472863264 2.35939210964 0.0 2.29479437779 0.88796565592 3.33275143622 1.96792083489 3.45624995092 113.0 255.0 255.0 0.22997396104 -0.333333333333 0.0101479125083 0.0681090962589 0.0 
0.0 3.05718369605 4.19203281879 0.0 0.0 0.0 1.39625692161 0.0064634272883 0.0 0.0 3.73059882143 2.98469008491 112.0 255.0 255.0 0.240121873549 -0.265224237074 -0.0234836545557 -0.130524774582 0.0 
0.0 5.38225020175 6.5618523987 0.0 0.0 1.63389188041 0.0 1.4402384806 0.58907382739 4.45031248296 5.19120781369 5.1815083986 111.0 255.0 255.0 0.216638218993 -0.333333333333 -0.0195762531724 0.0847883050225 0.0 
0.0 3.89712851547 6.11696797986 0.0 0.365707914058 0.0883085433908 0.0 1.3238843716 0.0 1.26034484824 5.64714203298 2.9776610624 110.0 255.0 255.0 0.19706196582 -0.248545028311 -0.000963119349885 -0.0499527952867 0.0 
0.0 4.23302844499 6.95961565429 0.0 0.0 0.0 0.0 1.4799697163 0.0 0.309472942466 5.09688410823 3.79284946672 110.0 255.0 255.0 0.196098846471 -0.298497823598 0.0811370554509 0.0336869038729 0.0 
0.0 7.00577767829 8.90788113159 0.0 0.0 1.48365237645 0.0 2.62808676074 0.0468456042559 2.6840902066 5.38155184641 4.26559746813 109.0 255.0 255.0 0.277235901921 -0.264810919725 0.0164126340454 -0.0377992450823 0.0 
0.0 4.23183914106 7.44104926647 0.264015266771 0.0 0.759544826014 0.0 2.34589635044 0.0 0.162294258818 5.6872285515 4.17647353783 109.0 255.0 255.0 0.293648535967 -0.302610164807 0.0611006811004 0.0136943624193 0.0 
0.0 2.55358835877 6.08999806171 0.0 0.0 1.20681312791 0.451107212271 2.91066018087 0.0 0.0 5.20600319868 3.31777591925 108.0 255.0 255.0 0.333333333333 -0.288915802388 -0.287570583216 -0.061331599973 -0.0298096044293 
0.0 7.13796155226 10.3350580747 0.0 0.0930172637966 2.26379278223 0.0 3.3968139653 0.0299874542052 3.00457294091 6.91269562312 4.08209505937 107.0 255.0 255.0 0.0457627501172 -0.333333333333 -0.0396185967609 0.0305672157827 0.059112650975 
0.369363980945 7.70911031406 8.95416010604 0.0 0.875246513128 1.08972178839 0.0 2.97613196521 2.07029258218 4.55730581301 6.40845170471 4.11610761166 107.0 255.0 255.0 0.00614415335627 -0.302766117551 -0.0107833181883 -0.0524717348782 0.0 
0.0 6.23066757752 10.732914751 0.0 0.0 1.46729881493 0.0 3.73824382416 1.53840256954 2.56287639488 5.39687714933 5.10978046153 107.0 255.0 255.0 -0.00463916483206 -0.333333333333 0.148268301312 0.0661381739552 0.0 
0.112544594914 6.59835602577 8.82186695274 0.0 0.0 3.03331073201 0.0 3.58947131525 1.01024678955 2.29658015354 6.13562631718 5.82839204652 108.0 255.0 255.0 0.14362913648 -0.267195159378 -0.0197648048794 0.00943200166795 0.0 
0.0 4.77030129348 6.27969458408 0.0 0.0 0.0 0.0 2.40582424259 0.630143164423 0.790179061179 5.89158724971 3.12783081705 108.0 255.0 255.0 0.123864331601 -0.25776315771 -0.00285191664808 -0.145724679084 -0.059112650975 
0.0 2.43553588258 5.35864408652 0.0 0.0 0.0839033793648 0.435116514578 1.10299147094 0.0 0.0 3.87346363347 2.58518740462 108.0 255.0 255.0 0.121012414953 -0.333333333333 0.0127060354399 -0.1023462105 0.059112650975 
0.0 5.41937698829 5.48139069073 0.0 0.0 2.68265824349 0.0 2.65562756791 0.176143325437 3.01769947195 4.71838122497 5.24556257541 108.0 255.0 255.0 0.133718450393 -0.333333333333 -0.0135324263695 -0.065981367591 0.0 
0.0 7.18063591803 6.57403115172 0.0 0.634455168966 0.521504291671 0.0 1.12662431497 0.0 1.26851501891 4.60057502644 4.41195159988 108.0 255.0 255.0 0.120186024023 -0.333333333333 0.0078079131106 -0.102939959155 -0.0293030465457 
0.0 5.77730360605 7.43643711776 0.0 0.210301068378 0.848415244039 0.0 2.8858460642 0.137190197768 2.35049022057 6.5988243901 4.0434760063 108.0 255.0 255.0 0.127993937134 -0.333333333333 -0.0510656435786 0.0503349896701 0.0293030465457 
0.477541053156 3.91441428728 6.1492377379 0.0 0.0 0.0164525389169 0.0 0.819714516081 0.0 0.77416097872 5.5565454051 4.21582864703 108.0 255.0 255.0 0.0769282935552 -0.282998343663 0.00355932885824 -0.0554148952836 0.0 
0.0 5.73934225383 7.09521910973 0.0773069049829 0.0 0.408524267885 0.0 2.17637150528 0.697172706238 3.24602814493 4.52641467318 5.15768023285 109.0 255.0 255.0 0.0804876224134 -0.333333333333 0.0822976602499 0.115708781319 0.0 
0.0 4.80228312133 6.45287860649 0.0 0.0 0.510112107155 0.0 3.19244651083 0.0 0.914254236184 6.00529781074 3.79061523802 108.0 255.0 255.0 0.162785282663 -0.217624552014 -0.0605610336442 0.0873015149735 -0.0293030465457 
0.0 6.41013665693 8.25420818426 0.0 0.0 1.96782986458 0.0 2.32984481029 0.134494285921 3.06260857421 4.94575741403 4.15825517865 108.0 255.0 255.0 0.102224249019 -0.130323037041 0.00934300071248 0.124892257753 0.0 
0.0 4.34565160724 5.96303284374 0.0 0.0 1.47321515202 0.455345537467 2.30647816209 0.0 0.0 5.15601272071 3.75371471205 108.0 255.0 255.0 0.111567249732 -0.00543077928815 0.0606842214328 -0.0380157049911 0.0293030465457 
0.0 5.0923986049 9.212066799 0.0 0.156388857371 0.796934308524 0.0 2.31230990432 0.735580377623 4.52333996155 5.55684526951 4.51380215782 108.0 255.0 255.0 0.172251471164 -0.0434464842793 0.0687232228357 -0.0227709482765 0.0 
0.0 3.7740072083 6.48578493134 0.0 0.192619983992 0.0246149990637 0.0 1.05240436022 0.0 0.0 4.38783196848 3.48558079351 108.0 255.0 255.0 0.240974694 -0.0662174325558 0.0689327629293 0.0796379512172 0.0 
0.0 1.67608437185 7.07759816815 0.0 0.0 0.0 0.869520482586 2.02432756104 0.0 0.0 5.03759543397 3.48147971102 107.0 255.0 255.0 0.309907456929 0.0134205186615 0.180057989844 0.123178216724 0.0 
0.0 6.9131734927 9.03811680694 0.0 0.327475230323 1.17955181 0.0 3.76445532423 0.822230957803 2.60894894129 6.87599068691 6.16676000075 107.0 255.0 255.0 0.333333333333 0.136598735385 0.131786665267 -0.0678068651072 0.0 
0.0 5.90264236238 8.65108251625 0.0 0.0 1.12692847147 0.357091676296 2.43930529876 0.0 0.0 5.75217954835 3.50474898519 106.0 255.0 255.0 0.333333333333 0.0687918702783 -0.0350577634361 -0.108422447061 0.0 
0.0 6.80393273557 10.9438217477 0.0 0.0 2.28162319951 0.0 3.4026540448 0.975897114788 2.33104871093 7.48270596356 5.83230895122 106.0 255.0 255.0 0.298275569897 -0.0396305767832 0.0242418462502 -0.025421375811 0.0 
0.0 6.13483409959 10.7820462729 0.0 0.739084503662 1.45301267422 0.0 0.290247962366 0.0 1.43274860406 6.92564506958 5.18285215652 106.0 255.0 255.0 0.322517416147 -0.0650519525942 0.139336854394 -0.058947280733 0.0 
0.0 4.22529030529 10.0451458983 0.0 0.0 0.898424314286 0.270657203871 3.83157436568 0.0 0.0 6.81588929452 3.64098255751 106.0 255.0 255.0 0.333333333333 -0.123999233327 -0.0824433968274 -0.0206469504121 0.0 
0.0 4.78927961388 9.45777065477 0.0 0.0 0.0313525027199 0.0 3.03577265398 0.0 0.0 7.91375247416 2.7121971043 106.0 255.0 255.0 0.250889936506 -0.144646183739 -0.0400015809 -0.0822153518924 0.0 
0.0 6.72713274456 9.79316175372 0.0 0.0 1.56073996096 0.0 3.7281921961 0.0 0.258724048151 6.88879975714 4.160827743 106.0 255.0 255.0 0.210888355606 -0.226861535632 -0.0977406289944 -0.119187657202 0.0 
0.0 7.51237123014 11.9147575988 0.300482120295 0.0 1.53499080029 0.0 4.32957552313 0.0 2.76753734768 6.99284746827 5.27078073875 106.0 255.0 255.0 0.113147726612 -0.333333333333 -0.0181886830865 -0.00115846915445 0.0 
0.0 7.31436947593 11.2271697655 0.0 0.627444706999 2.15141490111 0.0 3.03451462839 0.105258720608 3.64555788728 8.06299536077 6.20167229352 106.0 255.0 255.0 0.094959043525 -0.333333333333 0.0975115017329 -0.0912132586514 0.0 
0.0 6.48122565135 11.3538425656 0.0 0.251424293242 2.29913199693 0.0 4.66536546283 0.825978369283 2.19907786287 6.15695833193 5.72838737125 106.0 255.0 255.0 0.192470545258 -0.333333333333 0.0817748886976 0.0510116306943 0.0 
0.0 8.24962407425 11.6294089435 0.0 0.0 2.60636623582 0.0 4.93343852432 0.0 3.41953041999 7.56551366376 4.95657989589 106.0 255.0 255.0 0.274245433956 -0.282321702639 -0.0486482998807 -0.0891098710933 0.0 
0.0 8.37622778089 9.21749930583 0.0 0.0 1.53643961728 0.0 4.57999635642 0.00613142571965 3.73814479209 6.21942949798 7.04069591378 106.0 255.0 255.0 0.225597134075 -0.333333333333 -0.0522120810968 -0.00942784159254 0.0 
0.0 8.38388158473 11.5687530904 0.0 0.0 3.07681870897 0.0 4.29683184683 0.0 5.56211227534 7.06070903161 5.57263599473 106.0 255.0 255.0 0.173385052978 -0.333333333333 0.0788091434602 -0.0897734942684 0.0 
0.0 5.53223917638 9.09983793198 0.0 0.0 0.0 0.218323509336 2.98160677667 0.0 0.0 6.07805427033 3.53768628169 106.0 255.0 255.0 0.252194196438 -0.333333333333 -0.0368522879939 0.0639178185506 0.0 
0.0 6.81812116399 10.0258620323 0.0 0.0 2.56710411334 0.0 2.97620281797 0.531301827136 2.36538768315 6.71746953823 5.55780309449 106.0 255.0 255.0 0.215341908444 -0.269415514783 -0.0358968068867 -0.118702456072 0.0 
0.0 8.06988660385 10.0836295073 0.0 0.0149868146549 3.34547554409 0.0 4.50324703389 0.978258185702 2.781739237 7.15642047835 5.27538214575 106.0 255.0 255.0 0.179445101558 -0.333333333333 0.060117289117 -0.0130311158799 0.0 
0.0 4.74913162325 9.62729790399 0.0 0.0 0.978497272235 0.0376332012002 2.05945924487 0.0 0.0 7.32555822939 6.14989552234 106.0 255.0 255.0 0.239562390675 -0.333333333333 -0.0541617101927 0.0448715207936 0.0 
0.0 5.41393518857 10.1471703133 0.0 0.0 0.498471833057 0.424828795393 3.49107359505 0.0 0.0 7.89498776586 4.13758489918 106.0 255.0 255.0 0.185400680482 -0.28846181254 0.0102461680837 0.0727301925664 0.0 
0.0 7.55401806221 9.77160336773 0.0 0.0 2.82476071505 0.0 3.74154092052 0.589473324462 1.67074299698 5.63721030976 4.78266735612 106.0 255.0 255.0 0.195646848566 -0.215731619973 -0.12944083934 -0.00119471270078 0.0 
0.0 7.60709564742 12.0154851998 0.0 0.426882934747 2.07917614676 0.0 3.49745757318 0.348597999839 2.7355946862 7.39998400148 5.72181730465 106.0 255.0 255.0 0.0662060092258 -0.216926332674 0.0973582750351 -0.0497775783151 0.0 
0.0 7.13472814078 10.4861405266 0.0 0.0 2.13499122498 0.0 3.68003758964 0.0 1.78279546041 6.0687332393 4.12415633369 106.0 255.0 255.0 0.163564284261 -0.266703910989 -0.0151080636428 -0.00885891067705 0.0 
0.0 5.98051642373 11.1791774701 0.0 0.0 2.46255282605 0.0 3.73243263873 1.04523772561 3.49465033424 7.8695392197 6.58411068922 106.0 255.0 255.0 0.148456220618 -0.275562821666 -0.0511247673593 -0.0718811755445 0.0 
0.0 8.21172518133 12.7608568724 0.0 0.0 2.43048870806 0.0 2.84625986902 0.765685658574 3.68817146005 6.16312016718 6.13045368768 106.0 255.0 255.0 0.0973314532588 -0.333333333333 -0.127822259217 -0.103915884341 0.0 
0.0 8.28596242724 12.5857137428 0.895193012813 0.46283957168 1.99872877669 0.0 3.75787552261 1.52106112872 5.69371820303 6.89117979278 7.17753952251 106.0 255.0 255.0 -0.0304908059585 -0.333333333333 0.146020479301 0.0112529890384 0.0 
0.0 5.16916387487 9.160035178 0.0 0.0 0.0 1.89441406696 5.03444335047 0.0 0.0 7.58470457771 5.00554493639 106.0 255.0 255.0 0.115529673343 -0.322080344295 -0.166552327454 -0.0188960004813 0.0 
0.0 7.52738768756 12.3857073233 0.0 0.0 3.35906815084 0.0 3.69700001159 0.00697540549215 3.00954693975 6.39718170457 5.95001388376 107.0 255.0 255.0 -0.0510226541114 -0.333333333333 -0.00260086781844 0.0844391056763 0.0 
