nrollouts: 10
# HEADER 1
0.0 0.0 0.0 0.0 1.93109813702 0.0 0.177808684456 0.220305496034 0.0 0.0 0.95327544338 0.0 133.0 251.0 255.0 0 0 0.0462996641421 -0.136528862983 0.0 
0.0 0.0 0.0 1.46315877568 0.0 0.0 0.0 0.0 0.0 0.511626047055 0.125862636336 0.0384042862472 131.0 251.0 255.0 0.0462996641421 -0.136528862983 -0.0283332920785 0.103079001415 0.0 
0.0 0.0 0.0610191707926 0.0 0.0 0.391447905418 0.336379682195 0.0 0.0 0.0 1.41656559011 0.0 127.0 251.0 255.0 0.0179663720636 -0.0334498615675 -0.117749994544 -0.00556276315152 0.0 
0.0 0.0 0.0 0.0 0.0 0.692124311395 0.0 0.0 0.425537086605 0.564937631056 0.0 0.0244592910656 125.0 251.0 255.0 -0.0997836224806 -0.039012624719 -0.105757629587 -0.106807961803 0.0 
1.06510848442 3.16068033933 0.0 0.0 0.0 0.0 0.0 0.0 0.0 0.0 0.0 0.0 128.0 251.0 255.0 -0.205541252067 -0.145820586522 -0.0445634189724 -0.055744519854 0.0 
0.483781335853 0.0 0.0 0.0 0.0 0.0 0.381232733568 0.0 0.0 0.916572561633 0.0 1.68225936857 144.0 251.0 255.0 -0.25010467104 -0.201565106376 0.00229254665937 -0.0193687855411 0.0 
0.0625681565818 0.0 0.661397896324 0.0 0.0 0.0 0.867065324343 0.348936855252 0.0 0.333536775184 0.891015750909 0.63236893994 159.0 251.0 255.0 -0.24781212438 -0.220933891917 0.130042885672 0.169897946599 0.0 
0.0 0.0 0.0 0.0 0.0 0.0 0.345385794072 1.69386390699 0.111327424419 0.0 1.00635699201 0.0264306976388 175.0 251.0 255.0 -0.117769238708 -0.051035945318 -0.250652774714 0.0282670504188 0.0 
1.71540621634 0.0 0.929860847842 0.0 0.436193738808 0.0 0.0 0.174569919706 0.0449598919315 1.05813708853 0.0 0.136677033146 191.0 250.0 255.0 -0.333333333333 -0.0227688948992 -0.0366387773252 -0.0471017681971 0.0 
0.858335606631 0.0 0.0 0.0 0.715253419688 0.0 0.0 0.818409090748 0.801696192295 0.0 1.61639275526 1.80072294057 208.0 250.0 255.0 -0.333333333333 -0.0698706630964 0.0842661820788 0.129856039641 0.0 
2.04846601859 1.14824987644 1.40181637147 0.0 0.0 2.39195092157 0.0 0.0176094773907 1.97113996928 1.77839555527 0.0 0.318944712304 224.0 238.0 255.0 -0.249067151254 0.0599853765449 -0.0238441274329 0.0388407031793 0.0 
0.738885865919 0.0 0.0 0.0 1.4404634221 0.0 1.11527069925 0.0 0.0 0.0 0.0 0.0 230.0 206.0 254.0 -0.272911278687 0.0988260797242 -0.0728715183488 0.0941778659215 0.0 
0.0 0.409411950093 0.0 0.0 0.0 0.0 0.835967716637 0.650068399516 0.0 0.782759252652 0.827750545402 1.32431015044 231.0 174.0 249.0 -0.333333333333 0.193003945646 -0.0776015834184 0.032439265465 0.0322246272531 
0.0 0.71811288786 0.0 0.0 0.0 0.192942865084 1.15653772867 0.0 0.0 0.0 0.0 0.0 231.0 149.0 232.0 -0.333333333333 0.225443211111 -0.159459927315 0.0274066206069 0.0 
0.417802429547 0.0 0.0 0.0 0.0 0.0 0.0 0.0 0.0 0.0 0.0 0.101236342288 232.0 125.0 209.0 -0.333333333333 0.252849831718 -0.0757867461371 0.0399854443239 -0.0322246272531 
0.0 0.310602336628 0.0 0.0 0.205282595516 0.0 1.81756522908 0.033492865269 0.0 0.775115232143 0.0 0.502469150766 236.0 124.0 160.0 -0.333333333333 0.292835276042 0.149277756427 -0.0150705702752 0.0 
0.878107781599 0.0 0.0 0.0 0.0 0.1308507427 1.37413293947 0.0 0.0 0.0 0.0 0.0 236.0 132.0 106.0 -0.184055576906 0.277764705766 0.0155377875694 -0.130560073113 0.0322246272531 
0.0 0.0 2.06373302061 0.0 0.0 0.545146428777 0.8607056193 0.0 0.0 0.0 0.616820037114 0.0 234.0 133.0 77.0 -0.168517789337 0.147204632653 -0.0195760101123 -0.0181240202512 0.0 
0.272862493583 0.0 0.0915638615915 1.1072258671 0.0 0.0 0.317566949971 0.0 0.301856480698 0.158444792159 0.0 0.830063019271 233.0 127.0 55.0 -0.188093799449 0.129080612402 0.0188775097746 0.035936912633 0.0 
0.0 0.0 1.55169827193 0.0 0.0 0.0 0.33725801852 0.0 0.523365039962 0.0 0.0 0.210948398503 234.0 91.0 52.0 -0.169216289674 0.165017525035 -0.105876093049 -0.176804360072 0.0 
0.0 0.0 0.0 0.0 0.0 0.0 0.184864636676 0.0 0.0 0.0 0.0 0.0 234.0 71.0 65.0 -0.275092382723 -0.0117868350369 -0.164613782879 -0.000861716047061 -0.0322246272531 
0.0 0.0 0.0 0.0 0.0 0.399519020339 0.0 0.0 0.757045666605 0.0 0.0 0.133175547727 236.0 69.0 74.0 -0.333333333333 -0.012648551084 0.0714426228074 -0.0677757063057 0.0322246272531 
0.757404390851 0.0 0.0 0.0 0.0 0.0 0.0 0.0 0.176622813931 0.0 0.0 0.0 236.0 66.0 83.0 -0.261890710526 -0.0804242573897 -0.0721349057985 0.0894346552446 -0.0322246272531 
0.103317282689 1.78846445788 1.5562222475 1.06703065845 0.0 0.0 0.0 0.0 0.936951123569 2.78659600162 0.0 0.0 236.0 66.0 86.0 -0.333333333333 0.00901039785491 0.11276320022 -0.0953294400453 0.0 
0.0 0.0 0.0 0.0 0.0 0.0 0.0 0.0 0.0 0.756925775768 0.0 1.7082442901 236.0 65.0 88.0 -0.220570133114 -0.0863190421904 -0.0684054160139 0.0687688893402 0.0 
0.0 0.411836719173 0.074914526864 0.0 0.0 0.389353301646 0.0 0.0 0.0 0.0 0.0 0.116417854252 236.0 65.0 89.0 -0.288975549128 -0.0175501528503 -0.0288115623749 -0.237109953512 0.0 
0.0 0.158936517703 0.523253090007 0.0 0.37199181978 0.0 0.0 0.0 0.0 0.0473710293844 0.845440736155 0.0 236.0 65.0 90.0 -0.317787111502 -0.254660106363 0.00373728684824 0.101127737977 0.0 
0.0 0.0 0.0 0.0 0.0 0.0 0.742725621741 0.0 0.186070909183 0.0 0.0 0.0 236.0 65.0 90.0 -0.314049824654 -0.153532368385 0.00372357902112 0.113212146147 0.0 
0.0 0.0 0.0911199847338 0.0 0.0 0.367204057236 0.0 0.0 0.0 0.274208040293 0.0 0.0 236.0 65.0 91.0 -0.310326245633 -0.040320222238 -0.0723701385917 -0.0376335775447 0.0 
0.0 0.0 0.0 0.0 0.0 0.0 0.0 0.0 0.059068938968 0.0 0.0 0.0 236.0 65.0 91.0 -0.333333333333 -0.0779537997827 0.0187139666662 0.0668331641263 0.0 
0.911425378897 0.0 1.61484308618 0.555683259257 0.0 0.0 0.0 0.0 0.470655771115 1.30454196902 0.0 1.67202412835 236.0 64.0 91.0 -0.314619366667 -0.0111206356564 0.0341128420996 0.00841209216874 0.0 
0.0 0.850307177178 0.0 0.0 0.0 0.0 0.109226664775 0.0 0.0 0.0 0.0 0.0 236.0 65.0 92.0 -0.280506524568 -0.00270854348769 -0.0179767927786 -0.0258848830735 0.0 
0.0 1.67858824146 0.0 0.0 0.0 0.0 0.212592927573 0.0 0.0 0.0 0.447625373607 0.0 236.0 64.0 92.0 -0.298483317346 -0.0285934265612 -0.080929420552 0.134969749332 0.0 
0.679755700428 3.70003127684 3.71511672012 1.12087201972 0.916159183261 3.00295367517 0.0 2.16918910329 3.68280592804 6.65512119052 0.0 1.94450085004 236.0 64.0 92.0 -0.333333333333 0.10637632277 -0.117965685138 -0.150236158712 0.0 
0.0 0.0 0.0 0.0 0.0 0.38841498694 0.0 0.114946060776 1.387975739 0.0 0.761325777372 0.0 236.0 64.0 92.0 -0.333333333333 -0.0438598359413 0.00185936831331 0.015351268035 0.0 
0.184889226139 0.0 0.0 0.0 0.488605497465 0.0 0.0 0.0 0.0646519822685 0.0 0.0 0.301987139329 236.0 64.0 92.0 -0.33147396502 -0.0285085679064 -0.0257376558557 -0.006392896575 0.0 
0.0 0.504958332885 0.35980835574 1.13555214708 0.0 0.0 0.0 0.0 0.0848973165751 0.0 0.495859784505 1.68001922706 236.0 65.0 92.0 -0.333333333333 -0.0349014644814 0.102114106783 -0.0531667542793 0.0 
0.0 0.0 0.0 0.0 0.0 0.0 1.00135081707 0.557155103776 0.671293693153 0.0 0.0 0.632863337541 236.0 64.0 92.0 -0.23121922655 -0.0880682187606 0.0182112370918 0.0260629156811 0.0 
0.506539370415 0.737919915887 0.342667025096 0.0 0.554582557035 0.45349650119 0.0 0.55652371186 1.74956570727 2.6290658475 0.467940172042 0.644890838153 236.0 64.0 92.0 -0.213007989458 -0.0620053030796 0.0182235302269 0.0589951002695 0.0 
0.0 1.47872222089 0.29879290355 0.0 1.00374381654 0.0 0.0 0.671195612839 0.0 2.12379953908 0.0 0.903594813421 237.0 65.0 92.0 -0.194784459231 -0.00301020281003 -0.171635585829 -0.0083529283459 0.0 
0.0 0.0 1.60303474437 0.0 0.310447018699 0.0 0.0 0.0 0.229599361319 2.53001933041 0.489019164968 0.956025809567 236.0 64.0 93.0 -0.333333333333 -0.0113631311559 0.0247736841953 -0.038213059191 0.0 
0.524450124771 0.411747804993 0.384843556341 0.0 0.0 0.0 0.0 0.0 0.0 0.0 0.645736128985 0.217938377412 236.0 64.0 93.0 -0.308559649138 -0.049576190347 0.105166866111 0.0584309344759 0.0 
0.0 0.0 0.0 0.0 0.133213276047 0.0 0.0798274749182 0.0 0.0 0.626740859318 1.50327182922 0.0 236.0 64.0 93.0 -0.203392783027 0.0088547441289 0.0557345260391 0.0603510363636 0.0 
0.0 0.0 0.398269517603 0.0 0.0 0.0 0.0 0.0 0.0 0.0 0.0 0.0 236.0 64.0 93.0 -0.147658256988 0.0692057804925 -0.1115504105 -0.036117447437 0.0 
0.86793539991 0.665934489403 0.0 0.0 0.846142382112 0.0 1.29612381227 3.42352262792 0.0 0.0 0.0 0.0 236.0 64.0 93.0 -0.259208667488 0.0330883330555 0.00277556606766 0.0247679409898 0.0 
0.0 0.0 0.0 0.0 0.0 0.0 0.0 0.0 0.0 0.0 0.0 0.0561835434839 236.0 64.0 93.0 -0.25643310142 0.0578562740453 0.0830419614551 -0.0294598334037 0.0 
0.0 0.0 0.0 0.469227827927 0.0 0.0 0.258648550355 0.0 2.45699155246 2.30702960274 0.0 0.0 236.0 64.0 93.0 -0.173391139965 0.0283964406416 0.0979468110802 0.0237560873783 0.0 
0.0 0.101235400323 0.368412312249 0.0 0.0 0.0 0.360135935018 0.0 0.0 0.547773654046 0.0 0.109486281356 236.0 64.0 93.0 -0.0754443288851 0.0521525280198 0.167082316868 0.151118693596 0.0 
0.0 0.0 0.0 0.0 0.0 0.0 1.13843725434 0.0 0.0 0.0 0.0 1.83729318793 236.0 64.0 93.0 0.091637987983 0.203271221616 -0.00472871983899 -0.0431082078119 0.0 
0.216886757995 0.126131042176 0.0 0.0 0.0101026613039 0.0 0.0 0.0 0.0 0.740742690095 0.0596925246094 0.0 235.0 64.0 93.0 0.086909268144 0.160163013804 -0.0482747310809 0.0122947553493 0.0 
0.0 0.0 1.40121611952 0.0 0.0 0.0 0.0 0.0 0.0 0.0 1.66464288512 0.0 231.0 64.0 93.0 0.0386345370631 0.172457769154 0.091231187895 -0.0220471130567 0.0 
0.0 0.0 0.0 0.0 0.0 0.251258674702 0.0 0.0 0.0 0.748424375817 0.0 0.0499593045646 228.0 71.0 76.0 0.129865724958 0.150410656097 -0.0648049272766 0.0840686734759 0.0 
0.0 0.0 0.0 0.0 0.0 0.0 0.28850997352 0.0 0.0 0.0 0.0 0.0 209.0 69.0 59.0 0.0650607976816 0.234479329573 0.00692576496214 0.232543798837 0.0 
0.0 0.0773536659513 0.0 0.0 0.0 0.0 0.0 0.829577740314 0.72450517053 0.0 0.0 0.180171886485 194.0 51.0 50.0 0.0719865626437 0.333333333333 -0.105363861696 -0.0216167170379 0.0 
0.0 0.0 0.295101122664 0.00150605198612 0.0 0.0 0.0 0.0 0.0 0.0 0.0 0.0 180.0 38.0 42.0 -0.0333772990523 0.311716616295 0.0376686226654 0.140469134211 0.0 
0.000523241926381 0.691680673121 0.0 0.0 0.0 0.0 0.0 0.0 0.169879039772 0.0 0.0 0.0 171.0 36.0 36.0 0.00429132361311 0.333333333333 0.031603823842 -0.150711348594 0.0 
0.0488902754025 1.41715764517 0.0090736566532 0.0 0.0115455953695 0.478075533332 0.0 0.593130874296 2.13078502511 1.39095670903 0.675714737444 0.601320671674 162.0 35.0 36.0 0.0358951474551 0.18262198474 -0.094937491474 0.0137128886225 0.0 
0.0565060545651 0.0 0.0 0.0 0.0 0.0 0.182568439046 0.123752878337 0.981712781273 0.830708198473 0.00909733079006 1.01398423501 158.0 35.0 36.0 -0.0590423440189 0.196334873362 0.00892263028211 -0.118701987379 0.0 
0.0 0.437470447003 0.35935809985 0.0 0.0 0.0 0.0 0.0 0.654608579927 0.6977618239 0.0270417473154 0.0 157.0 35.0 36.0 -0.0501197137368 0.0776328859834 0.20110977294 -0.100177097874 0.0 
0.0 0.0 0.625231354121 0.0 0.0 0.0 0.388015299739 1.01009022828 0.710842880641 0.0 2.58173148707 0.0590707737066 158.0 36.0 36.0 0.150990059204 -0.0225442118902 -0.0528907201216 0.0911828479671 0.0 
0.0428742723114 0.664471458592 0.0 0.0 0.0 0.0 0.0 0.161410863099 1.28570707595 0.737047991221 0.0 0.216463352542 154.0 36.0 38.0 0.098099339082 0.0686386360769 -0.12031330006 -0.127516535558 0.0 
0.0 0.0 0.0 0.0 0.0 0.0 0.0 0.0 1.80024331272 0.0 0.0 0.0 148.0 38.0 40.0 -0.0222139609776 -0.0588778994812 -0.0330447571083 0.141167210288 0.0 
0.0 1.79809211608 0.0 0.400046573043 0.0 0.41437343081 0.0 0.0 0.43644500907 0.248956985782 0.0 0.350079274334 145.0 39.0 39.0 -0.0552587180859 0.082289310807 0.0865875878903 0.0376871798524 0.0 
0.0 0.0 0.0 0.0 0.0 0.0 0.430482347147 0.0 0.953923739107 0.32437091268 0.0 0.0 133.0 37.0 37.0 0.0313288698044 0.119976490659 -0.0620382602534 0.0608814752123 0.0 
0.0 0.0 0.0 0.00981816454158 0.0 0.0 0.0 0.0 0.529363662632 1.73889045596 0.121898479088 0.0 120.0 37.0 36.0 -0.030709390449 0.180857965872 -0.0413480330378 0.0673975169391 0.0 
0.491509596204 0.26172779959 0.93602952308 0.0 0.0 0.0 0.0 0.0 0.827280108109 2.08765760741 0.0 0.0 114.0 37.0 35.0 -0.0720574234868 0.248255482811 0.0917743856842 0.0702143976259 0.0322246272531 
0.0 0.0 0.0 0.0 0.0 0.0 0.0 0.0 0.527005743192 0.578794764058 0.270546777649 0.0 110.0 37.0 35.0 0.0197169621973 0.318469880437 0.0159991212728 -0.0831068613404 -0.0322246272531 
0.0 0.0 0.0 0.0 0.0 0.0 0.0 0.0 0.916156764519 0.327955685339 0.400239514034 0.605385013418 108.0 38.0 35.0 0.0357160834701 0.235363019096 0.0210138411273 0.0340307364399 0.0 
0.0 0.0 0.128134594263 0.0 0.0 0.0 0.0 0.209689600544 1.55768222107 1.86644389045 0.77335396032 1.94978580413 107.0 38.0 35.0 0.0567299245974 0.269393755536 -0.0262432408461 0.178282098234 0.0 
0.0852861632312 0.0 0.0 0.0 0.0 0.0 0.0 0.0 0.0902152530035 0.288807206545 0.0 0.826695768969 106.0 39.0 34.0 0.0304866837513 0.333333333333 -0.087006665628 0.0702911374488 0.0 
0.0 0.0 0.0 0.0 0.0415985472493 0.0 0.0 0.0 1.90119492161 0.269174136339 0.714032351224 1.98896378848 106.0 39.0 34.0 -0.0565199818767 0.333333333333 0.121436463092 -0.124664027752 0.0 
0.0 0.0 0.0 0.0 0.0 0.0 0.0 0.0 0.0 0.3357008716 0.0 0.0 106.0 39.0 34.0 0.0649164812155 0.208669305582 -0.017690950718 0.0760653342692 0.0 
0.0 0.0 0.0108218789575 0.0 0.0 0.0 0.0 1.19388868365 0.393625137633 0.0 0.806305795223 0.0 106.0 39.0 34.0 0.0472255304975 0.284734639851 -0.063776608351 -0.100934989296 0.0 
0.404791189719 0.0 0.0 0.0 0.0 0.0 0.0 0.0 0.830339650335 0.736726936028 0.771342631291 0.0 105.0 39.0 34.0 -0.0165510778535 0.183799650555 -0.0063707462213 -0.0552779811315 0.0 
0.265824318384 0.0 0.0 0.0 0.0 0.0 0.0 0.0 1.3501119406 1.15299928204 0.0 1.07083694186 106.0 39.0 34.0 -0.0229218240748 0.128521669423 0.0981980480438 0.0143030530565 0.0 
0.208173704906 0.0 0.0 0.0 0.451291237625 0.0 0.0 0.0 1.00060293186 0.937405858029 0.822028381919 0.175874021971 106.0 39.0 34.0 0.075276223969 0.14282472248 -0.040534053462 -0.0756182657534 0.0 
1.67749633141 2.71091510983 0.0 0.0 0.0 0.490296111184 0.0 0.0 1.66630368016 4.02297703853 0.880287410465 0.212958652663 105.0 39.0 34.0 0.034742170507 0.0672064567265 -0.00104821408089 -0.0484320860607 0.0 
# HEADER 2
0.103446388409 0.0 0.0 0.0 0.240282339099 0.0 0.218375623395 0.0 0.10458444437 0.700379515887 0.0 0.0 133.0 248.0 255.0 0 0 -0.0892947110286 -0.00279001192437 0.0322246272531 
0.527309523767 0.0 0.0893307721982 0.0 0.0 1.05486830623 0.0 0.571912593331 0.0 0.703469410955 0.0 0.0 135.0 248.0 255.0 -0.0892947110286 -0.00279001192437 0.0201242659217 0.0238044778939 0.0 
0.0 0.0 1.15328642524 0.0 0.0 0.0 0.0 0.0 0.335016130974 0.722105204113 0.131646597602 0.0 144.0 248.0 255.0 -0.0691704451069 0.0210144659696 -0.135498228724 -0.0968770906632 0.0 
2.23326216769 3.09470533021 3.34088493442 0.427997637218 0.0 0.783062408238 0.0 0.563310512696 2.06181877486 5.09659010579 0.0 1.85539284236 157.0 248.0 255.0 -0.204668673831 -0.0758626246937 -0.148395348119 0.0885700751274 0.0 
0.0435628481768 0.0 1.09181688508 0.546044382371 1.38113917347 0.0 0.0 0.0 0.0 0.876024203234 0.0 0.494824828836 172.0 248.0 255.0 -0.333333333333 0.0127074504337 -0.0570080248123 0.0295340939907 0.0 
0.0 0.0 0.0 0.0 0.585749384759 0.0 0.0 0.0 0.843858068278 0.0 0.0 0.0 189.0 246.0 255.0 -0.333333333333 0.0422415444244 -0.0495200710922 0.071834918201 0.0 
0.0 0.0 0.0 0.114103444639 2.46734797728 0.0 0.0 0.0 0.234533169959 0.0 0.0 0.0 205.0 215.0 255.0 -0.333333333333 0.114076462625 0.17065842757 0.0110570599505 0.0 
0.0 0.0 0.168620350933 0.0 0.506201538935 0.0 0.0 0.0860330205863 0.0 0.0 0.0 0.0 217.0 178.0 250.0 -0.162674905763 0.125133522576 -0.0416126225366 -0.025904268894 0.0 
0.0 0.0 0.478758784678 0.0 0.215174303299 0.0 0.0 0.0 0.0 0.0 0.0 1.33154370715 228.0 152.0 234.0 -0.2042875283 0.099229253682 -0.0808874894987 0.0142515149112 0.0 
0.758748818368 1.91913369128 1.32279700625 0.368817576355 0.0 0.0 0.0 0.0 0.597472834205 3.02153043725 0.279520189335 0.529266744706 234.0 132.0 215.0 -0.285175017798 0.113480768593 0.0417281437881 -0.0477165582031 0.0 
0.0 0.495821627847 0.0 0.0 0.0 0.0 0.0 0.0 0.672035785852 0.315044801022 0.639494052854 0.0 235.0 121.0 195.0 -0.24344687401 0.06576421039 0.078184244883 -0.133081507163 0.0 
0.0 0.0 0.0 0.0 0.199824851099 0.012594787135 0.319787595533 0.0 1.46780555305 0.0 1.33938521144 0.255139201762 235.0 122.0 207.0 -0.165262629127 -0.0673172967727 0.0729225931316 0.0760877489684 0.0 
0.0 0.0 0.0 0.200655710964 0.0 0.0 1.47114067605 0.106615179973 0.0 0.204372625942 0.0 0.552789234425 238.0 125.0 214.0 -0.0923400359956 0.00877045219566 0.119374707736 0.0182100503587 0.0 
1.97990315002 0.0 0.0 0.0 0.0 0.0 0.0 0.0 0.842759278023 0.0 1.94997262079 0.0 239.0 123.0 204.0 0.0270346717399 0.0269805025543 0.0877270820947 0.0163664876601 0.0 
# HEADER 3
0.0 0.0 0.0 0.0 0.0 0.0 0.0 0.0 0.0 0.0 0.0 0.0962063062093 133.0 248.0 255.0 0 0 0.207293110256 0.101156220052 0.0 
0.0 0.0 0.0 0.0 0.0331845548339 0.0 0.173628446154 0.0 0.0 0.0 0.0 0.0 133.0 248.0 255.0 0.207293110256 0.101156220052 -0.0097819884095 0.101502764176 0.0 
0.0 0.0 0.555337629041 0.0 0.00693621108196 0.00202623670942 0.0 0.0 0.0 0.0 0.0 0.0 126.0 247.0 255.0 0.197511121847 0.202658984228 -0.0394315063483 0.042730324369 0.0 
0.568459327833 0.661556864509 0.0 0.0 0.0 0.0 0.0 0.48212229371 0.666055207426 0.666474034916 0.0 0.909430061548 127.0 247.0 240.0 0.158079615498 0.245389308597 0.0151832843678 0.0432692836956 0.0 
0.0 0.0 1.547001475 0.0 0.0 0.0 0.0 0.0 0.0 0.0 2.56657551165 1.93619913754 130.0 247.0 210.0 0.173262899866 0.288658592293 -0.079512160548 0.0976665276998 0.0 
0.0 0.0597606320481 3.88159953652 0.0 0.0 4.43662661978 0.0 3.39716072564 0.0 0.0 7.12316674132 0.232696514809 133.0 247.0 184.0 0.093750739318 0.333333333333 0.0728315100697 -0.0438915989152 0.0 
0.0 0.0 4.84712073872 0.0 0.0 6.46440503076 0.0 5.19963364222 0.0 0.995479810632 6.02269568126 0.487367708441 136.0 249.0 155.0 0.166582249388 0.289441734418 -0.065330337346 0.0155944798771 0.0 
0.0 0.0 4.57775548034 0.0 0.51984943866 11.0553003893 3.75760249811 5.81255285415 0.0 0.0 3.90889859381 0.100756271443 137.0 250.0 128.0 0.101251912042 0.305036214295 0.0460595675375 -0.0526066228557 0.0470653343306 
0.0 0.0 0.0 0.0 0.0 5.58826991026 8.68216219513 6.79237969587 0.0 0.0 2.5173694405 0.0 140.0 251.0 105.0 0.147311479579 0.25242959144 0.120559862352 0.164289270648 0.0398483258875 
0.0 0.0 0.0 0.0 0.64975185208 2.61787132669 12.8407092881 3.21302242413 0.0 0.0 2.23936482064 0.0 141.0 251.0 81.0 0.267871341931 0.333333333333 0.0725295878898 0.0144285097414 0.0473938627865 
0.0 0.0 0.0 0.0 0.643394666742 0.0 12.2216877036 2.14638675559 0.0 0.0 1.15691623064 0.0 143.0 252.0 57.0 0.333333333333 0.333333333333 -0.0954513729744 -0.087865487053 0.0725019215078 
0.0 0.0 0.0 0.0 0.0 0.0 10.5459418097 0.0 0.0 0.0 0.570473231569 0.0 141.0 250.0 43.0 0.237881960359 0.24546784628 -0.0176602985695 -0.035616845452 0.0705193298028 
0.0 0.0 0.0 0.0 0.642830475101 0.0 10.0787598327 0.516481926825 0.0 0.0 0.399449606016 0.0 140.0 249.0 40.0 0.220221661789 0.209851000828 0.0127509375599 -0.0102731733481 0.0722328777225 
0.0 0.0 0.0 0.0 1.03165738229 0.0 11.4110474735 0.0 0.0 0.0 0.827173246703 0.0 140.0 248.0 39.0 0.232972599349 0.19957782748 -0.153571916034 -0.0595693324603 0.0106181748572 
0.0 0.0 0.0 0.0 0.435975461731 0.0 10.8240252463 0.0 0.0 0.0 0.0 0.0 139.0 248.0 39.0 0.0794006833156 0.14000849502 -0.0079275771742 -0.0541165542147 0.0 
0.0 0.0 0.0 0.0 0.81796856485 0.0 10.4715573595 0.0 0.0 0.0 0.608853730116 0.0 139.0 249.0 39.0 0.0714731061414 0.0858919408053 0.164961222322 0.0503395041552 0.0 
0.0 0.0 0.0 0.0 1.41119256257 0.0 11.183636613 0.0 0.0 0.0 0.0 0.0 139.0 249.0 39.0 0.236434328464 0.136231444961 -0.0122371558596 0.144889592611 0.0 
0.0 0.0 0.0 0.0 2.7142290684 0.0 11.6306168233 0.0 0.0 0.0 1.60204331091 0.0 138.0 248.0 38.0 0.224197172604 0.281121037572 -0.153085400881 0.0528699481042 0.0 
0.0 0.0 0.0 0.0 0.270631046211 0.0 11.590507939 0.0 0.0 0.0 0.0 0.0 137.0 246.0 37.0 0.071111771723 0.333333333333 -0.00872984109674 -0.0171980314052 0.0261927608867 
0.0 0.0 0.0 0.0 0.0314661811964 0.0 10.5947330056 2.60105106555 0.0 0.0 0.724324951436 0.0 136.0 246.0 37.0 0.0623819306263 0.316135301928 -0.00995750663859 -0.0140881347084 -0.0157840637862 
0.0 0.0 0.0 0.0 0.0 0.0 11.9614615179 0.0 0.0 0.0 0.0 0.0 136.0 246.0 37.0 0.0524244239877 0.30204716722 0.0712458774425 -0.0417770491529 0.0 
0.0 0.0 0.0 0.0 0.00524292964123 0.0 9.81638108041 0.0945712829273 0.0 0.0 0.797527427451 0.0 136.0 246.0 37.0 0.12367030143 0.260270118067 0.150728676231 -0.156671818246 0.0 
0.0 0.0 0.0 0.0 0.408695235293 0.0 11.7162335807 0.0 0.0 0.0 0.153455848057 0.0 136.0 246.0 37.0 0.274398977661 0.103598299821 0.0888473155781 -0.0495843227019 0.0 
0.0 0.0 0.0 0.0 0.0 0.0 13.8613402371 0.0 0.0 0.0 1.10482348113 0.0 135.0 246.0 37.0 0.333333333333 0.0540139771189 -0.0873670326226 -0.125974928957 0.0260822273414 
0.0 0.0 0.0 0.0 0.919513412026 0.0 12.5499738829 0.0 0.0 0.0 0.0 0.0 134.0 254.0 39.0 0.245966300711 -0.0719609518377 0.0836177328604 0.075036079558 0.0 
0.0 0.0 0.0 0.0 0.0 0.0 13.4534741776 0.0 0.0 0.0 0.0 0.0 134.0 255.0 42.0 0.329584033571 0.00307512772032 0.0905891159568 -0.0635864812652 -0.0260822273414 
0.0 0.0 0.0 0.0 0.941612915428 0.0 12.4999124293 0.0 0.0 0.0 0.0 0.0 134.0 255.0 46.0 0.333333333333 -0.0605113535449 -0.143212995745 0.07170580165 0.0 
0.0 0.0 0.0 0.0 0.0 0.0 13.160309875 0.0 0.0 0.0 0.0 0.0 134.0 255.0 47.0 0.190120337589 0.0111944481051 -0.0456606524351 0.0756961214036 0.0 
0.0 0.0 0.0 0.0 1.8039854168 0.0 13.4429345832 0.0 0.0 0.0 0.0347559660231 0.0 134.0 255.0 44.0 0.144459685153 0.0868905695087 -0.0228265245624 -0.144473153408 0.0 
0.0 0.0 0.0 0.0 0.83690203179 0.0 12.4843060553 0.0 0.0 0.0 0.873138786064 0.0 134.0 255.0 47.0 0.121633160591 -0.0575825838993 0.134143983756 0.0486041819825 0.0 
0.0 0.0 0.0 0.0 0.532084020047 0.0 14.4844676626 0.0 0.0 0.0 0.0 0.0 134.0 255.0 49.0 0.255777144347 -0.0089784019168 0.0610913206452 -0.250601759327 0.0 
0.0 0.0 0.0 0.0 1.15893390374 0.0 13.9063432939 0.0 0.0 0.0 0.0 0.0 134.0 255.0 50.0 0.316868464993 -0.259580161243 0.0641739300693 -0.0313380775655 0.0 
0.0 0.0 0.0 0.0 0.0 0.0 13.4001787456 0.0 0.0 0.0 0.221376446403 0.0 134.0 255.0 51.0 0.333333333333 -0.290918238809 -0.0463029935305 -0.0706760802348 0.0 
0.0 0.0 0.0 0.0 0.0232974688746 0.0 15.6401210588 0.0 0.0 0.0 0.90296120593 0.0 134.0 255.0 51.0 0.287030339803 -0.333333333333 -0.0774108088167 -0.0433065905108 0.0 
0.0 0.0 0.0 0.0 0.0 0.0 15.469451315 0.0 0.0 0.0 0.0 0.0 134.0 255.0 51.0 0.209619530986 -0.333333333333 -0.0562840648163 -0.129773770801 0.0 
0.0 0.0 0.0 0.0 0.955156195817 0.0 14.5117533863 0.0 0.0 0.0 0.0 0.0 134.0 255.0 51.0 0.15333546617 -0.333333333333 -0.114864846139 0.210752347821 0.0 
0.0 0.0 0.0 0.0 1.92715348771 0.0 15.4533248787 0.0 0.0 0.0 0.0 0.0 134.0 255.0 51.0 0.0384706200307 -0.122580985512 0.114359584951 0.00682984344826 0.0 
0.0 0.0 0.0 0.0 0.139805915443 0.0 15.7499112629 0.0 0.0 0.0 0.0 0.0 134.0 255.0 51.0 0.152830204982 -0.115751142064 -0.0012592262334 0.0185785691949 0.0 
0.0 0.0 0.0 0.0 2.87529666781 0.0 16.4073801829 0.0 0.0 0.0 0.0 0.0 135.0 255.0 51.0 0.151570978748 -0.0971725728692 -0.0759030147323 0.0392469892838 0.0 
0.0 0.0 0.0 0.0 0.0486190623494 0.0 15.4763546709 0.0 0.0 0.0 0.0 0.0 135.0 255.0 51.0 0.0756679640161 -0.0579255835854 -0.0531400335853 0.204916141224 0.0 
0.0 0.0 0.0 0.0 0.990230595106 0.0 14.1875616025 0.0 0.0 0.0 1.13194454521 0.0 135.0 255.0 52.0 0.0225279304308 0.146990557639 0.00403866395976 0.0344718615702 0.0 
0.0 0.0 0.0 0.0 1.34036505214 0.0 16.3962724873 0.0 0.0 0.0 0.0 0.0 135.0 255.0 52.0 0.0265665943906 0.181462419209 -0.163105038285 -0.0912145839365 0.0 
0.0 0.0 0.0 0.0 0.997115787751 0.0 16.4684987815 0.0 0.0 0.0 0.0 0.0 138.0 255.0 49.0 -0.136538443894 0.0902478352725 -0.023867882521 0.0862939237096 0.0 
0.0 0.0 0.0 0.0 0.103567862901 0.0 15.3515934154 0.0 0.0 0.0 0.0 0.0 148.0 255.0 46.0 -0.160406326415 0.176541758982 0.0249879025381 0.102181889097 0.0 
0.0 0.0 0.0 0.0 0.0 0.0 9.10894925385 0.0 0.0 0.0 0.0 0.0 158.0 247.0 46.0 -0.135418423877 0.278723648079 -0.0282848897865 0.0489858187895 0.0 
0.0 0.0 0.0 0.0 0.0 1.31574563097 6.9772820327 0.0 0.0 0.0 0.0 0.0 167.0 240.0 45.0 -0.163703313664 0.327709466868 0.0811486056325 0.136736780772 0.0 
0.0 0.0 0.0 0.0 2.37821986251 0.0 6.47869578291 0.0 0.0 0.0 0.0 0.0 177.0 224.0 44.0 -0.0825547080314 0.333333333333 0.00506148425859 0.0321657386972 0.0102031680485 
0.0 0.0 0.0 0.0 1.98211251367 0.0 6.4983509722 0.0 0.0 0.0 0.0 0.0 188.0 204.0 41.0 -0.0774932237728 0.333333333333 0.0935708057929 -0.138997099836 0.0 
1.63459946955 0.521008468976 0.0 0.0 1.77186962273 1.13512358092 2.71983725585 0.171603585064 0.895602130595 0.0 0.0 0.0 199.0 179.0 40.0 0.0160775820201 0.194336233497 -0.0163724548368 0.0382852689141 0.0719319978786 
0.0 0.0 1.15025457929 0.0 1.19158542236 0.0 0.0 0.0 0.0 0.525660223984 0.676709838976 0.0 204.0 162.0 38.0 -0.000294872816754 0.232621502411 -0.0242527198329 0.101459989244 0.0451780567031 
0.375326426955 0.0 0.0 0.0 0.945745643407 1.07448113899 2.33888239096 0.207769710113 0.170887214434 0.295721428926 0.741055890594 0.238280255995 206.0 139.0 37.0 -0.0245475926497 0.333333333333 -0.0731019526139 -0.101756489362 0.0717166601735 
0.0 0.0 0.724763405662 0.275471076873 1.03308673087 2.48050686836 2.22075068756 0.0 0.0284082697795 0.485637270914 0.619482691403 0.0 206.0 104.0 37.0 -0.0976495452636 0.231576843972 0.0675369387199 -0.0870268429714 0.106221677468 
0.700364200028 0.0 0.243327264744 0.0 0.0 0.3308156615 1.30081787438 0.0 0.172431468266 0.0720579279106 0.745354062216 0.0 195.0 54.0 46.0 -0.0301126065437 0.144550001 -0.058056004103 0.0223685665087 0.0689234220512 
0.0 1.12840898015 0.0 0.0 0.0 0.0 2.0104867072 0.0 1.96569580739 0.235165102432 1.26360115712 0.629034771117 186.0 40.0 40.0 -0.0881686106468 0.166918567509 0.041432474219 0.0277248310952 0.0 
1.57885951826 0.0 0.653282584039 0.0 0.00533633253024 0.0 1.44476281382 3.40995629367 1.92138790526 2.33204935566 1.47978540973 0.0 178.0 36.0 36.0 -0.0467361364277 0.194643398604 0.047978305407 0.0535171170619 0.0 
0.197493667306 0.919415156401 1.99213784188 0.0 0.0 0.619972576209 3.36972203125 0.0 1.83363459411 1.07654040826 0.0 1.18915068607 172.0 35.0 36.0 0.00124216897924 0.248160515666 0.0194651036009 -0.0787895796002 0.0 
0.0 0.0 0.179993721864 0.0 0.0 0.0 1.20379138155 0.0 3.14779619059 1.84820841382 2.9088045826 1.37224781343 168.0 35.0 36.0 0.0207072725801 0.169370936066 -0.050921356545 0.00772814232346 0.0 
0.0 0.0 0.117853674937 0.0 0.0 0.0 0.443899706024 0.0 3.96811058262 1.55666620868 0.896856514679 0.0 167.0 35.0 35.0 -0.0302140839649 0.177099078389 0.0775676631683 -0.0678666939405 0.0 
0.0410245962265 0.860233065062 0.198326403624 0.315934302621 0.0 0.0 1.02394612225 0.508738902494 2.51824668733 1.27113042714 0.0 1.00288567045 164.0 35.0 35.0 0.0473535792034 0.109232384449 -0.0114748605747 -0.122155472143 0.0 
0.134860740897 0.703300583957 0.0 0.0 0.0 0.0 0.0 0.0 2.49483939562 1.21322767354 1.70694539455 0.0 163.0 36.0 36.0 0.0358787186287 -0.0129230876944 -0.0510106511331 -0.0436944980083 0.0 
0.0 1.03655891851 1.08623624123 0.0 0.0 0.432375810512 0.0 0.0 1.03208923222 0.507915503618 0.0 0.256404778438 165.0 38.0 43.0 -0.0151319325044 -0.0566175857027 0.0108297151721 0.0301042251459 0.0 
0.280054956555 0.0 0.0383266148017 0.0 0.0 0.0 1.02510561999 0.0 0.743103792174 1.76782555243 0.0 0.276733817249 167.0 40.0 52.0 -0.00430221733237 -0.0265133605568 -0.00259126374687 0.0382560617096 0.0 
0.0 0.0 0.539658551608 0.0 0.0 0.300664260058 0.0 1.01876089369 32.6951434549 0.929470104961 0.0453564781923 0.0 167.0 42.0 66.0 -0.00689348107924 0.0117427011528 -0.126623650141 0.0261198226986 -0.0221549407161 
3.48743244217 4.0279376699 3.02996194411 1.09802132205 0.0 1.65958494755 0.0 0.0 46.9799076034 7.15614391364 0.0 1.30484662098 166.0 43.0 59.0 -0.133517131221 0.0378625238515 -0.0723060012508 -0.0635959863543 0.0 
0.834364234501 0.0 0.0 0.470559516314 0.0 0.0 0.0 1.77454784714 46.3518278721 2.145807075 0.0 0.0 174.0 44.0 58.0 -0.205823132471 -0.0257334625029 0.103038005099 0.0628259978714 0.0221549407161 
0.425537691432 0.0 0.285835057406 0.0 0.0 0.0 0.0 0.0822410780569 28.3964182974 0.346564050881 0.0 0.0 183.0 52.0 52.0 -0.102785127373 0.0370925353685 0.0227435115914 0.110507021846 -0.0221549407161 
0.0 0.0 0.0 0.0 0.0221034358283 0.0 1.53148552171 2.79877585694 28.3262527814 0.0 0.0 0.109482034278 184.0 53.0 46.0 -0.0800416157812 0.147599557215 -0.166586952541 0.0399796052439 0.0 
0.3724818236 0.0 0.0 0.0 0.0 0.0 0.536297756242 4.01966292658 34.5420336938 1.9518267253 0.0 1.80181966818 184.0 50.0 41.0 -0.246628568323 0.187579162459 0.0492560723889 -0.0462743115879 0.0 
2.93345870335 3.07852839256 2.90313313216 0.715730359145 0.0 3.45412368253 0.0 2.90134273994 15.8854153416 5.19111070548 0.111119317002 1.12532198333 181.0 49.0 41.0 -0.197372495934 0.141304850871 0.0946963608996 0.036269012611 0.0 
1.55120871274 2.29901619467 0.0 3.33523870994 0.0 3.01636662212 0.0 3.39642879767 15.8979646513 5.03460033393 0.0 2.04317312559 181.0 48.0 41.0 -0.102676135034 0.177573863482 -0.107114164939 0.016017813761 0.0 
0.0 0.0 1.22530714408 0.0 0.0 0.222935183357 0.0 3.18684691474 13.2808751928 0.304781051143 0.0 0.0 180.0 49.0 41.0 -0.209790299973 0.193591677243 -0.0500425478167 -0.0452619468598 0.0 
0.342776454292 0.0520199370908 1.02497936033 0.0 0.0 0.053434489413 0.0 1.4791857375 13.8922076912 0.0 2.43193853777 0.0 180.0 49.0 41.0 -0.25983284779 0.148329730383 -0.00812344553361 -0.0662775559213 0.0 
1.12380043583 0.0 1.71554432018 0.0 1.18652946643 1.23621851116 0.0 0.213410231702 13.6011427165 2.30571599695 1.11634770044 0.0 179.0 49.0 42.0 -0.267956293323 0.0820521744618 0.108197977982 0.101539333001 0.0 
0.279461056002 0.926621734931 0.0 0.0 0.0 0.0 0.0 2.12387131779 12.8309587362 0.15738467599 0.146676842886 0.0 179.0 49.0 42.0 -0.159758315342 0.183591507463 0.10289404526 0.0666003943894 0.0 
0.986946322694 1.78372026139 1.90123997245 0.0 0.0 1.92855727429 0.0 2.91313978886 13.007637705 4.40592560915 0.0 0.178289702017 179.0 50.0 42.0 -0.0568642700814 0.250191901852 -0.040347975212 0.0356370090217 0.0 
0.0 0.0899842145307 0.0 1.52889854842 0.0 1.10781308286 1.40508132225 1.53745997561 12.0942320135 0.105489071627 0.0 0.0 178.0 50.0 42.0 -0.0972122452934 0.285828910874 0.0103358023539 -0.133523641085 0.0 
1.35970514475 0.0 2.61370687699 0.0 0.0 0.0 0.0 1.32371928603 10.5321036163 2.61587583078 0.234139056678 0.0 178.0 50.0 42.0 -0.0868764429395 0.152305269789 -0.0942192273831 -0.207393435956 0.0 
2.98224470829 2.72329802605 0.973304296942 0.67474530723 0.0 1.56538217213 0.0 1.38052020124 15.2702044034 3.77646080689 0.0519238625165 0.852142588248 199.0 36.0 42.0 -0.181095670323 -0.0550881661668 0.105707305203 -0.0036086075126 0.0 
0.0 0.0 0.890033003562 0.0 0.0 0.324165961129 0.385781646423 0.0 1.58574312389 0.330141756869 0.0 0.0 209.0 47.0 52.0 -0.0753883651193 -0.0586967736794 -0.0346479201743 0.0519194540358 0.0 
0.0 0.987737988336 0.0 0.0 0.0318996640628 0.0 0.385048726307 0.0 3.00575873228 0.111871776942 0.0734252489118 0.0 217.0 50.0 63.0 -0.110036285294 -0.00677731964362 0.149911825611 0.104779203091 0.0 
0.639305458395 0.0 0.0 0.0 0.0 0.0 0.0 1.10763412316 2.29819773584 0.0 0.0 0.0 219.0 50.0 50.0 0.0398755403174 0.0980018834479 0.0826140952142 0.0216520073817 0.0 
0.0 0.0 0.0 0.0 0.774048163658 0.548111671584 0.667573388706 0.720382825533 1.89954098066 0.0 0.0 0.50557593152 209.0 38.0 46.0 0.122489635532 0.11965389083 -0.0577297766287 -0.153396379947 0.0 
0.0 0.166669817675 0.627494382493 0.0 0.0 0.107293903049 0.0 0.0 0.0 0.0 0.0 1.11944161025 205.0 46.0 50.0 0.0647598589029 -0.0337424891173 0.0474228151022 0.0546294529271 0.0 
0.0 0.0 0.0 0.0 0.0 0.0 1.00446687794 0.955328352952 2.78158274286 0.0 0.0 0.0 198.0 49.0 55.0 0.112182674005 0.0208869638098 -0.24709328733 0.0883148600548 0.0 
0.250321161903 0.0736133827235 0.0 0.465252754339 0.0 0.0 2.36939937742 0.0 0.3315120116 0.0 1.60264699492 1.05944252836 196.0 41.0 48.0 -0.134910613325 0.109201823865 -0.090837626467 -0.042515210209 0.0 
0.0 0.0 0.0 0.0 0.630215783906 0.0 0.0 0.0 1.24758640272 0.509835841418 0.0 0.921076720985 201.0 35.0 41.0 -0.225748239792 0.0666866136556 0.129444267941 0.0522478504571 0.0 
2.08759652996 3.56912145082 0.0 0.0 0.0 1.05363320755 0.0 0.0 5.30931807219 2.69538879207 0.0 3.65307066561 202.0 35.0 38.0 -0.096303971851 0.118934464113 -0.0941038060621 -0.0385453338047 0.0 
0.0 0.0 2.29031713996 0.0 1.0743697836 1.92542230973 0.407317086567 0.164757141476 1.63599314533 0.687200532456 0.80420124533 1.43108270158 203.0 35.0 36.0 -0.190407777913 0.0803891303081 -0.120431167209 -0.0315405686822 0.0 
0.0 0.446805177613 0.0378221576801 0.0 0.794679462335 0.0 0.0 0.333914079847 1.00233617168 1.0400276882 0.0 0.0 206.0 35.0 36.0 -0.310838945122 0.0488485616259 -0.00723742845313 -0.125535117076 0.0 
0.198623504451 0.483446609053 0.0 0.844449007647 0.0 0.0 0.44434539855 0.0 1.50738685418 0.672168835942 0.0 0.0 223.0 35.0 40.0 -0.318076373576 -0.0766865554506 0.0467956416836 -0.122929997226 0.0 
0.0 0.0 0.332427259375 0.0 0.0 0.0 0.0 0.0 0.0 0.0 0.103477915372 0.0 233.0 49.0 56.0 -0.271280731892 -0.199616552676 0.0206532995878 0.0774983651327 0.0 
0.0 0.0 1.70951670003 0.0 0.0 0.100603419983 0.0 0.0 0.990364185799 0.0 0.64113421425 0.0 234.0 54.0 86.0 -0.250627432304 -0.122118187544 0.0587501655435 -0.0265820885702 0.0 
0.0158695086055 0.0 0.0 0.0 0.0 0.0 1.13774664228 0.840838899122 1.07642687015 1.48461652178 0.0 0.0 236.0 50.0 105.0 -0.191877266761 -0.148700276114 -0.0341494668141 0.0430065598148 0.0 
0.380320492619 0.0 1.47181813591 0.0 0.0 0.0 0.720313138749 0.0 1.50606986991 0.435689312371 0.0 0.937448015325 237.0 48.0 113.0 -0.226026733575 -0.105693716299 0.0643050877422 0.151429263576 0.0 
0.0 0.0 0.945629599915 0.0 0.0 0.0 0.698208084737 0.0 0.775831609714 0.0 0.0 0.0 238.0 47.0 115.0 -0.161721645833 0.045735547277 -0.0990607446253 0.027853659702 0.0 
0.0 0.0 0.0 0.0 0.0 0.0 0.0 0.0 0.862447243545 0.352166264363 0.0 1.37094475958 237.0 47.0 114.0 -0.260782390458 0.073589206979 0.0527095472932 0.229240712757 0.0 
0.0 0.213703597349 0.0 0.0 0.0 0.0 0.0 0.634847824882 1.74096960725 0.0 0.836020725831 0.0 234.0 51.0 88.0 -0.208072843165 0.302829919736 -0.114560224486 0.0576133471648 0.0 
0.0 0.897394320871 0.556848365759 0.0 0.0 0.0 0.0 0.00122470153359 0.782676074629 0.0 0.0 0.720236633798 233.0 44.0 49.0 -0.322633067651 0.333333333333 -0.120347619135 0.0798453230102 0.0 
0.34778625072 1.99624021398 0.0 0.0 0.0 0.0 0.680579829038 1.71248440576 2.38339997587 0.592218416792 1.23046839432 0.0 233.0 34.0 39.0 -0.333333333333 0.333333333333 -0.145916638014 0.011618808359 0.0 
0.164166089235 0.0 1.50626462982 0.0 0.541961525982 0.921780002142 0.643285171139 1.46202907409 1.22488639132 0.47897369884 0.0 0.0 230.0 34.0 36.0 -0.333333333333 0.333333333333 -0.131550737623 0.0156963252812 0.0 
0.0 0.974521959935 0.0 0.0 0.0 0.185297139781 0.0 0.0312877848789 0.872344623271 1.25410305547 0.0 1.21108991225 227.0 34.0 36.0 -0.333333333333 0.333333333333 0.0935296238051 -0.0102647850653 0.0 
1.75616631383 0.250012071823 0.0 0.0 0.288410367847 0.346156320765 0.0 0.0 0.00731945756476 0.210274621827 0.0 0.0145837768286 225.0 34.0 36.0 -0.239803709528 0.323068548268 -0.110164629507 -0.0812849261953 0.0 
0.0 0.0 0.0 0.0 0.0 0.0 0.0408243835824 1.0881004822 1.41348340368 0.0 0.0 0.0 225.0 34.0 36.0 -0.333333333333 0.241783622073 -0.00877975626491 0.0928777429328 0.0 
0.481223887785 0.0 0.192357019378 1.17939168486 0.0 0.457264915643 0.0 0.0 1.49406489264 0.0 0.0 0.0 225.0 34.0 36.0 -0.333333333333 0.333333333333 -0.0248341824706 -0.0104455243254 0.0 
1.34346675499 2.58864364938 0.0 0.340504394882 0.38485125694 0.0 0.0 0.0 1.50335881551 0.0 0.0 0.0 225.0 34.0 36.0 -0.333333333333 0.322887809008 0.0965651673506 -0.00872000264822 0.0 
0.0 0.0 0.0 0.283190166286 0.0 1.19557065408 0.0 0.437127988781 0.0573033527333 0.0 0.428858245491 0.189132441192 225.0 34.0 36.0 -0.236768165983 0.31416780636 -0.0187706575635 0.0689183003186 0.0 
0.0 0.0 0.0 0.0 0.0 1.25644342673 0.948306445776 0.0 0.0356359594316 0.250804646001 0.0 0.536713417711 225.0 34.0 36.0 -0.255538823546 0.333333333333 -0.0442483102635 -0.0031462508556 0.0 
2.90601967192 2.22061058023 1.71039315013 0.0 1.57680149981 0.687086528297 0.0 0.113627113076 1.88609108073 4.6712106416 0.0 1.99852789375 225.0 34.0 36.0 -0.29978713381 0.330187082478 0.00579755613488 -0.0201815793691 0.0 
0.0 0.0 0.0235695532239 0.0 0.0 0.236897299719 0.0 0.0290172325839 0.282637321061 2.29278783262 0.0 0.0 225.0 34.0 36.0 -0.293989577675 0.310005503109 -0.156799138031 0.10137862378 0.0 
0.0 0.551326958703 0.0 0.0 0.0 2.44307070264 1.32088005419 0.0 0.390087090878 0.0 0.371587346231 0.0 225.0 34.0 36.0 -0.333333333333 0.333333333333 0.0239440618243 0.220844249917 0.0 
0.0 0.62283871344 0.0 0.0 0.0 0.0 0.0 0.0 0.0 0.0 0.493836079972 0.0 224.0 34.0 36.0 -0.309389271509 0.333333333333 -0.00549181716393 -0.0534098362217 0.0 
0.0 0.0 0.0 0.574114894497 0.0 0.947418884686 0.0 1.14829484821 2.52243099798 0.519641542843 0.0 1.94644146225 224.0 34.0 36.0 -0.314881088673 0.279923497112 -0.00322610023707 0.0539665426728 0.0 
0.0 0.0 0.496126149073 0.558993438486 0.0 0.0 0.0 1.7253174808 0.0294074310366 0.443609898042 0.861777655704 0.0461056381442 224.0 34.0 36.0 -0.31810718891 0.333333333333 0.0407234409809 -0.0663117372194 0.0 
0.0 0.209175341597 0.866957191547 0.0 0.0 0.049252507876 0.0 0.0419385440378 0.976378787187 2.06818147129 0.0869134652545 0.151228956 224.0 34.0 36.0 -0.277383747929 0.267021596114 -0.216221671743 -0.0559444114537 0.0 
0.68493199712 0.0 0.0 0.0 1.00964942111 0.0 0.464871952998 0.0 0.741356928157 1.27632877274 0.0 0.0 224.0 34.0 36.0 -0.333333333333 0.21107718466 0.000161584119605 -0.11678349876 0.0 
0.344225899192 0.0 0.0 0.606900908899 0.0 0.0 0.394579227384 1.30301782474 0.942443377846 0.0791273896766 0.0 0.0 225.0 34.0 36.0 -0.333171749214 0.0942936858999 0.0441658544667 0.0837686161094 0.0 
0.397352503367 0.420828889086 0.0 1.09523170764 0.0 0.0 0.0 0.710355252253 1.57909046846 0.125120468177 0.0 0.244059647064 225.0 34.0 36.0 -0.289005894747 0.178062302009 -0.147300182635 -0.0389734642207 0.0 
0.43972753851 0.554843536427 0.682900964987 0.0 0.0 0.0171484672974 3.98203062955 1.4940623299 2.13391717936 0.0 0.0 0.0 225.0 34.0 36.0 -0.333333333333 0.139088837789 -0.0158104114154 -0.0964273997595 0.0 
0.0 0.0 0.332182588983 0.0 0.0 1.24747724835 1.05274862549 0.733318282404 1.9371124746 1.20780373651 0.0 0.503131726897 225.0 34.0 36.0 -0.333333333333 0.042661438029 0.0895405157333 -0.178093608765 0.0 
1.05589226993 0.577523129981 0.0 0.0 0.0 0.0 0.641397646303 0.458280232721 1.50959627987 0.0 0.0 1.14276738567 233.0 35.0 42.0 -0.2437928176 -0.135432170736 0.0138571628286 0.0458554137666 0.0277953811346 
0.302990026897 0.0563856664929 0.0343702000115 0.522065178256 0.0 0.410991490747 0.0 0.0 1.08856271111 0.194472181821 0.347759487073 0.0 234.0 48.0 60.0 -0.229935654772 -0.0895767569694 0.0291999955508 -0.0914307969322 0.0 
0.0 0.0 0.0 0.0 0.0 0.0777804574809 0.0 0.202226983023 0.923987158709 1.20464256894 0.0 0.0264463298008 234.0 54.0 91.0 -0.200735659221 -0.181007553902 0.116482509053 0.161763918917 -0.0277953811346 
0.0 0.0 0.0 0.0 0.0 0.426220051599 1.18737829781 0.0 0.953474427457 0.0 0.0 0.0 234.0 51.0 105.0 -0.0842531501682 -0.0192436349844 0.0455449188347 0.0084356802427 0.0 
0.0 0.0 0.0 0.0 0.0 1.15509273286 0.0 0.0 0.0 0.0 2.61055039995 0.298143215279 235.0 49.0 110.0 -0.0387082313335 -0.0108079547417 0.0498502730822 -0.0398359553278 0.0 
0.261553952042 0.0 1.5285310631 0.0 0.0 0.0 0.0 0.0 0.924255900657 0.772629837281 0.454950576556 0.0 235.0 48.0 115.0 0.0111420417487 -0.0506439100695 0.0336858182359 0.261814438951 0.0 
0.0 0.0 0.739073723329 0.0 0.68136220947 0.0 0.418626711897 0.0 0.288217715305 0.0 0.0 1.9310905011 235.0 48.0 115.0 0.0448278599846 0.211170528882 0.102416076291 0.132690695322 0.0 
0.0 0.0 0.0 0.0 0.0103961564028 0.0 0.350331452685 0.141780193573 0.0 0.51546551611 0.0 0.0 233.0 52.0 92.0 0.147243936276 0.333333333333 -0.0710472428817 0.10420296488 0.0 
0.75729640146 0.0 2.30306328336 0.194065211453 0.0 0.0 0.0 0.326138674025 0.577379061036 2.1126342812 0.0 1.12502737159 233.0 48.0 50.0 0.0761966933939 0.333333333333 -0.0540648683782 0.136294772338 0.0277953811346 
0.0 0.0 0.0 0.731753704443 0.740346377982 0.0 1.21351460266 2.74896903041 0.87864107519 1.38790810162 0.0 0.990228108468 225.0 35.0 40.0 0.0221318250157 0.333333333333 -0.0193979353126 -0.00250788909401 -0.0277953811346 
0.667838913158 0.0 0.327080778109 0.0 0.0 0.0 0.0 2.46877548369 1.61501566888 0.123274699073 0.0 0.0 214.0 35.0 36.0 0.00273388970308 0.330825444239 -0.0409901154026 -0.0844743632004 0.0 
1.41038617235 1.54318098525 1.21401460313 0.0 0.0 1.08243969364 0.0 0.0 1.94740117964 1.18368836283 0.0 0.0 204.0 35.0 36.0 -0.0382562256995 0.246351081039 -0.0301429631941 0.0444911897835 0.0 
0.37094942869 0.0 0.742344446379 0.0 0.0 0.0 1.3294053291 0.0 0.358362189383 0.905173193232 0.0 0.0 198.0 35.0 36.0 -0.0683991888936 0.290842270822 0.0425871631267 -0.101756112601 0.0 
0.0 0.234270658877 0.0 0.528940047834 0.0 0.0 0.0 0.0 2.17747351014 0.000966320427188 0.0 1.49467837366 196.0 35.0 36.0 -0.0258120257669 0.189086158221 0.0136971580418 -0.0510290662718 0.0277953811346 
0.0 0.546511514263 0.146410210905 0.0 0.0 0.491411377839 0.0 0.0 2.11156351477 1.74153678994 0.0 0.0 196.0 35.0 36.0 -0.0121148677252 0.13805709195 -0.0283227652865 -0.0413151911768 -0.0277953811346 
# HEADER 4
0.0 0.0 0.0 0.734333022101 0.0 0.0 0.0191862984566 0.0 2.31809749303 0.0 1.58898777107 0.253570087173 134.0 250.0 255.0 0 0 0.119728278167 0.104404180868 0.0221549407161 
0.176644190317 0.0 3.24918298435 0.0 0.0 0.0 0.777263941428 0.0413834134263 0.137080912736 0.734234758279 0.0 0.0125151630642 129.0 250.0 255.0 0.119728278167 0.104404180868 0.0957302036161 -0.129293802024 0.0 
0.0 0.979428569274 1.09811787252 0.0 0.0 0.0 0.0 0.0 0.0 0.272112355338 0.0 0.918085189308 124.0 251.0 255.0 0.215458481783 -0.0248896211561 -0.0645190394373 0.0522786859726 0.0 
0.545866990396 0.529514020154 2.44073036822 0.358381586725 0.79409621493 2.13466187092 0.0 0.338272039021 1.05306529279 2.05783062563 0.314092274942 0.178248933747 123.0 252.0 255.0 0.150939442346 0.0273890648165 -0.0701916907981 -0.133774031986 0.0 
0.0 0.65232617742 0.0 0.0 0.0 0.0 1.37624231102 1.10969343447 0.369940759706 0.177287498028 0.720520017703 0.788473460478 122.0 252.0 255.0 0.0807477515479 -0.106384967169 -0.0295577310626 -0.0430295241568 0.0 
0.0 0.0 0.915197963782 0.0 0.0 0.0 1.20695068338 0.0 0.918878582284 1.56077365548 0.0 1.49557684868 121.0 253.0 255.0 0.0511900204853 -0.149414491326 -0.00769539093588 0.00585641926709 0.0 
0.0 1.64828435857 1.47294210258 0.0 0.13660542661 0.323314690244 0.0 1.02950224678 0.536277887498 0.0 0.286062436119 1.34725394819 120.0 253.0 255.0 0.0434946295494 -0.143558072059 0.0144703762514 0.0390955279549 0.0 
0.0 2.59338800011 0.958039237164 0.0 1.89243659001 0.0 1.16873411492 0.0 1.79965319167 0.0 1.06056237388 2.2736048492 119.0 253.0 255.0 0.0579650058008 -0.104462544104 0.0989278257633 -0.123490616083 0.0 
0.0 1.56516045247 0.0 0.0 0.179817137874 0.0 0.101114197275 0.0 1.67892408533 1.52587032691 1.8699010286 2.85728969421 118.0 253.0 255.0 0.156892831564 -0.227953160187 -0.018027453259 0.00662205917001 0.0 
0.0 1.69801387803 0.0 0.0 0.0 1.50694832837 0.123914465136 0.0 0.139342218777 2.48697918372 0.945285172557 2.11530226666 118.0 254.0 255.0 0.138865378305 -0.221331101017 0.0064717805695 -0.0399449846668 0.0 
0.0 3.66977383092 2.70626043139 0.0 0.0 0.841894087103 0.0 0.145156935787 0.920793032121 0.0 1.40447293445 3.69219344036 117.0 254.0 255.0 0.145337158875 -0.261276085684 -0.00924574637216 -0.119082309619 0.0 
0.0 2.32537285489 2.30468869277 0.0 1.67725329308 0.371927935258 0.212626053736 0.244154939146 0.0 0.0 3.81090359023 5.01777393658 116.0 255.0 255.0 0.136091412502 -0.333333333333 0.0805961845497 -0.0117934928667 0.0 
0.0 2.93782144986 2.70338003474 0.0 0.0 0.20446630394 0.0 0.0 0.0 0.443708555328 4.25477422335 2.76051880456 115.0 255.0 255.0 0.216687597052 -0.333333333333 -0.0191445670711 -0.0611738626292 0.0 
0.0 3.21211956108 2.93581681808 0.0 0.0 0.0 0.387316331543 0.108455511451 0.0 0.17191841023 5.73197642845 0.480120289975 114.0 255.0 255.0 0.197543029981 -0.333333333333 0.010195896756 -0.0253512564037 0.0 
0.0 3.40159686883 2.18629178754 0.0 0.0 0.0353420150933 0.0 0.28985968699 0.0 0.0 5.85754067596 1.64658301146 113.0 255.0 255.0 0.207738926737 -0.333333333333 -0.0177876559915 0.110042051676 0.0 
0.0 4.90765761347 4.26429454797 0.0 0.0 0.999233652414 0.0 0.619803219198 0.215783892419 0.161665938196 3.60173042301 3.22227538521 113.0 255.0 255.0 0.189951270745 -0.223291281657 -0.0320844157619 -0.0701525270697 0.0 
0.0 4.16674399684 3.93321219772 0.0 0.0 0.0 0.0 1.79178213006 0.0 0.167657383735 7.85571965448 3.98215318066 112.0 255.0 255.0 0.157866854984 -0.293443808727 0.0357539199988 0.0592872310951 0.0 
0.0 4.47786634145 2.55614436464 0.0 0.0 1.30913164686 0.204115174549 0.926156956526 0.212898035841 0.0 7.03270102728 2.67317086664 112.0 255.0 255.0 0.193620774982 -0.234156577631 0.0605227239291 -0.00920201951398 0.0 
0.0 6.23687906776 4.26465392667 0.612720752831 0.0673641541357 2.53077744316 0.0 2.5675252938 0.721148902399 3.04056694167 5.54551635805 6.65830882659 112.0 255.0 255.0 0.254143498911 -0.243358597145 0.0401046007722 -0.0603652685352 0.0 
0.0 4.91483196958 5.34366187851 0.0 0.0815905269985 0.0 0.0 2.29531740209 0.0 1.87989669958 7.61096611929 3.78884747378 111.0 255.0 255.0 0.294248099684 -0.303723865681 -0.0902323874203 -0.0179097027765 0.0 
0.0 7.70151829269 3.99085109711 0.0 0.0 0.246072702472 0.0 2.23590149236 0.0 0.0 6.68802917829 4.45945070833 110.0 255.0 255.0 0.204015712263 -0.321633568457 0.0694840437912 -0.0481321351739 0.0 
0.0 5.39477446696 3.99519444526 0.0 0.0 0.235318402898 0.0 0.733298256877 0.0 0.276739453205 6.45781595884 3.93488054942 109.0 255.0 255.0 0.273499756055 -0.333333333333 -0.0763487355932 -0.0617976458778 0.0 
0.0 6.90989252267 8.45555046141 0.0 1.01853287002 0.0 0.0 2.15036124352 0.702885206945 4.62706014685 6.69274315003 5.93677055241 109.0 255.0 255.0 0.197151020461 -0.333333333333 0.0944022143408 0.158287172098 0.0 
0.0 3.81791118587 4.67393575486 0.0 0.0 0.00363595976998 0.0 2.97962672815 0.0 0.0 5.79307661392 7.46432404416 109.0 255.0 255.0 0.291553234802 -0.175046161236 -0.0638926529862 0.120030958103 0.0 
0.0 5.33721838661 5.21404695722 0.0 0.0 0.0 1.33634460686 2.20366968919 0.0 0.0 6.83122066688 6.77571168686 108.0 255.0 255.0 0.227660581816 -0.0550152031327 -0.0816137123843 0.0171430860694 0.0 
0.0 5.12538983983 5.88936702048 0.0 0.28867126531 0.0 0.0 1.5454252299 0.0 0.0 6.28925862643 4.6814862395 108.0 255.0 255.0 0.146046869432 -0.0378721170633 0.0844589916764 -0.14490807244 0.0 
0.0 6.69457814299 6.71036975271 0.0 0.0 1.1453005308 1.12433852866 2.24741029091 0.0 0.0 7.82549384507 3.35125015823 108.0 255.0 255.0 0.230505861108 -0.182780189503 0.0330040705048 -0.0108736799562 0.0 
0.0 4.93337034059 7.45697270312 0.0 0.0 0.760247153373 0.0 3.21235754055 0.0 1.14160829618 7.25408995098 5.73420716165 108.0 255.0 255.0 0.263509931613 -0.193653869459 -0.0262050978091 -0.0322660483513 0.0 
0.0 5.29859684638 5.81374483799 0.0 0.0 0.0 0.0 2.78858252327 0.0 0.132317108914 5.87844365164 5.79854423308 108.0 255.0 255.0 0.237304833804 -0.225919917811 0.093215623533 0.0716618963368 0.0 
0.0 4.34248819574 6.34400271113 0.0 0.0 0.898878050144 0.0 2.42456817512 0.0 0.666937717989 8.25553124045 7.15022176232 108.0 255.0 255.0 0.330520457337 -0.154258021474 0.0694621214768 -0.00127728057968 0.0 
0.0 6.82437133888 7.58197964134 0.0 0.0 0.0 2.00150060727 2.21482478259 0.0 0.1821074969 7.73772973066 4.39331849433 108.0 255.0 255.0 0.333333333333 -0.155535302054 -0.0138142310608 -0.130591781747 0.0 
0.0 4.50835351335 6.0595717977 0.0 0.0 0.0 0.0 4.24520654819 0.0 0.143168940267 6.84663812637 4.39850570291 108.0 255.0 255.0 0.319519102273 -0.2861270838 -0.0209554249547 0.121145237899 0.0 
0.0 5.16142689446 6.89717467899 0.0 0.0 2.96065264389 0.0 3.28439957165 0.7108326856 4.62200438672 5.93178264598 6.80248191168 108.0 255.0 255.0 0.298563677318 -0.164981845901 0.00409574296237 0.188079716329 0.0 
0.0 4.6384339636 7.28811690836 0.0 0.0 0.156484997849 0.0 2.18737580818 0.0 0.27814572658 8.68406589383 6.94366349791 108.0 255.0 255.0 0.30265942028 0.0230978704285 -0.0821924867428 -0.0355689601991 0.0 
0.0 5.77716860086 7.78600571491 0.0 0.0 0.801001940851 0.0 0.806855422372 0.0 0.0 6.34177521334 5.55285890158 108.0 255.0 255.0 0.220466933537 -0.0124710897706 -0.0414804449717 -0.0651137746623 0.0 
0.0 6.78550822391 7.73519493329 0.0 0.0 0.448515499547 0.0 3.53137861268 0.0259099689742 0.692766352359 7.67281927155 3.77565941609 108.0 255.0 255.0 0.178986488566 -0.0775848644329 -0.185914596742 0.0344111314241 0.0 
0.0520524241749 8.89622437215 8.3931346761 0.0 0.0 0.746115492831 0.0 5.2007698296 1.19462221953 4.64986929787 6.87488119265 6.45532259472 108.0 255.0 255.0 -0.00692810817599 -0.0431737330087 0.106624903698 -0.138191525865 0.0 
0.0 6.60730314319 8.09799387691 0.0 0.0 1.56426094908 0.0 2.68414540076 0.0 1.41312329168 7.60881779004 5.13516228034 108.0 255.0 255.0 0.0996967955218 -0.181365258874 -0.0313687226099 0.0793273641009 0.0 
0.0 5.99209898993 4.8159985773 0.0 0.0 0.0 0.0 2.99561184509 0.0 0.653097210401 7.41603066177 3.89416251564 108.0 255.0 255.0 0.0683280729119 -0.102037894773 -0.048844571507 0.109601000178 0.0 
0.687788692129 7.33421149355 6.09945239457 0.0 0.0 2.09505466604 0.0 2.20073218423 0.0 2.28327011111 6.70886803103 5.54490500028 108.0 255.0 255.0 0.0194835014049 0.00756310540547 -0.0225675784154 -0.0911904618845 0.0 
0.0 6.31202701236 6.98227644264 0.0 0.0 0.435236848543 0.0 1.80977391643 0.0 1.08333603219 6.691954573 3.34616489055 109.0 255.0 255.0 -0.00308407701051 -0.083627356479 0.096629522458 -0.0210883219205 0.0 
0.0 5.07293068552 5.9721178762 0.0 0.0 0.0 0.0 2.95413832198 0.0 0.676008899768 5.87671120292 5.61212665609 109.0 255.0 255.0 0.0935454454475 -0.104715678399 -0.207856384752 0.0273947471487 0.0 
0.0 6.89940863977 6.63842453394 0.0 0.0 0.0868723284236 1.16392048441 1.99563545008 0.0 0.23238620992 4.70375107394 4.8991560578 111.0 255.0 255.0 -0.114310939304 -0.0773209312507 0.0420201450153 -0.0286379535042 0.0 
0.0 4.31602518962 2.47035833685 0.0 0.0 0.0 0.0 0.676829248136 0.0 0.35544679606 4.41583054642 2.95559038895 115.0 255.0 255.0 -0.0722907942891 -0.105958884755 -0.0785331538637 -0.0601481738944 0.0 
0.567851399791 2.48662877436 1.13442353985 0.0 0.0760793912645 0.0 0.0 0.487373983921 0.0 2.16656672016 2.04479201501 2.36518474445 118.0 254.0 255.0 -0.150823948153 -0.166107058649 -0.0719367193374 0.0161199306183 0.0 
0.0 0.0 3.31811131965 0.0 0.0 0.0 0.635725859354 0.0 0.0 1.51639487441 0.364950888598 1.13466185042 121.0 253.0 255.0 -0.22276066749 -0.149987128031 0.0189031136693 -0.150028442938 0.0 
1.14396445521 0.0 0.553184092575 0.0 0.0 0.0 0.0 0.0 0.0 0.0 3.22316498024 0.0 129.0 252.0 255.0 -0.203857553821 -0.300015570969 -0.0712350455379 0.0960227550166 0.0 
0.0 0.0 0.0 0.0 0.0537060447101 0.0 0.0776855947362 0.0 0.689699469411 0.0 0.831001729073 0.102742575597 143.0 252.0 255.0 -0.275092599359 -0.203992815953 0.118373483145 0.0491024633595 0.0 
0.382874486257 0.0 1.49467429312 0.0 0.0 0.0 0.363981506847 0.172610659329 0.847323482062 0.104582742033 1.4967863489 0.109898395367 157.0 252.0 255.0 -0.156719116214 -0.154890352593 -0.0280890381014 -0.107781997248 0.0 
0.0 1.44422361892 0.0 0.0 0.0827994751207 0.0 0.0970972627796 0.759743847873 0.680674773555 0.0 0.0 0.0 170.0 252.0 255.0 -0.184808154315 -0.262672349841 0.0687635479031 -0.0463027867981 0.0 
0.0 0.884730632059 0.68859895283 0.145357171962 0.0 0.0 0.10606464968 0.0 0.244657617075 0.14392207658 0.0 0.199903555068 180.0 252.0 255.0 -0.116044606412 -0.308975136639 0.111141419684 -0.185155373812 0.0 
0.0 0.997545890191 0.17114725837 0.404023204232 0.0 0.580158998507 0.0 0.0 0.852922568161 0.602742477363 0.035773312554 0.0 184.0 252.0 255.0 -0.00490318672819 -0.333333333333 0.00408483132875 0.089190907591 0.0 
0.0 0.0 0.0 0.0 0.0 0.0 0.0 0.0 0.0892167126288 0.242373745649 0.0 0.0 184.0 252.0 255.0 -0.000818355399439 -0.244142425742 0.173508992304 -0.082642021748 0.0 
0.0 0.0 1.53518070473 0.0 0.0181224979567 0.116671583331 1.1441665694 0.175522538835 0.0 0.0 0.686569277782 0.0 182.0 253.0 255.0 0.172690636904 -0.32678444749 0.0659077186413 -0.0644742097506 0.0 
1.01065771608 0.267377579914 0.339908237137 0.0 0.0 0.0 0.0 0.0 0.0 0.151680489261 0.223374723693 0.0 167.0 253.0 255.0 0.238598355546 -0.333333333333 -0.0817442589784 -0.102723873767 0.0 
0.0 0.0 0.0 0.0 0.0 0.040484362196 0.424083426351 0.0 0.0 0.816873872364 0.0 1.01904709011 151.0 253.0 255.0 0.156854096567 -0.333333333333 0.0148819726048 -0.128493735287 0.0 
0.0 0.0 0.0 0.0 0.0 0.0 0.0 0.762114857084 0.0 0.0 1.23423908007 1.14644693824 135.0 252.0 255.0 0.171736069172 -0.333333333333 0.0516152086125 -0.00549998850576 0.0 
0.485602980772 0.0 0.0 0.0 0.987038257055 0.0 0.544360441788 0.0 0.0 0.219322904615 0.507545947102 0.166059323744 124.0 253.0 255.0 0.223351277785 -0.333333333333 0.0371642696154 -0.129050537206 0.0 
0.41465512082 0.667856328726 0.0 0.0 0.133288594213 0.0 0.0 0.164419452229 0.0 0.00820982140393 0.122807749458 0.0 121.0 254.0 255.0 0.2605155474 -0.333333333333 -0.0560956712109 -0.0410866093978 0.0 
0.0 1.49281790021 1.13812807017 0.0 0.0 0.0 0.0 0.132579793217 0.0 0.612093085 2.42085488398 1.97212127496 119.0 255.0 255.0 0.204419876189 -0.333333333333 0.0171011053762 -0.126133199654 0.0 
0.0 2.9386393078 1.70207559732 0.0 0.0 0.0 0.0 0.0 0.192737075293 0.0 2.48083998287 2.11610238364 116.0 255.0 255.0 0.221520981565 -0.333333333333 0.0755165220132 -0.0474255337598 0.0 
0.0 3.11131077332 1.16527566747 0.0 0.0 0.0 0.0 0.603021816003 0.0 0.0 2.19645898355 2.1197878889 115.0 255.0 255.0 0.297037503578 -0.333333333333 0.150693947737 0.0659594591228 0.0 
0.0 3.91461128693 3.07302294717 0.0 0.0 0.0 0.0 0.0744934919977 0.0 0.0 4.17338412281 2.23918153789 113.0 255.0 255.0 0.333333333333 -0.267373874211 -0.0132152991587 0.0255648263899 0.0 
0.0 4.5984502004 3.19938227214 0.0 0.0 0.0 0.0 0.273107141624 0.0 2.78565633973 4.66662956053 3.5656718298 112.0 255.0 255.0 0.320118034175 -0.241809047821 -0.0374821590257 0.0523505094059 0.0 
0.290115039672 4.53132471892 4.24986370085 0.0 0.0 0.125246696274 0.0 0.0 0.0 0.0 5.66206625537 3.17327330555 111.0 255.0 255.0 0.282635875149 -0.189458538415 -0.0203412284331 0.0160543412777 0.0 
0.0 5.15903703571 4.58756238734 0.0 0.0 0.756041604235 0.0 2.1447359687 0.0 0.835099131664 5.0520547527 3.450320188 111.0 255.0 255.0 0.262294646716 -0.173404197137 0.0849627940891 0.0113106622375 0.0 
# HEADER 5
0.146418940167 0.0 0.0 0.0 0.0 1.08599252546 0.474995731506 0.0 0.0 0.27149470912 0.0 0.313483210346 133.0 247.0 255.0 0 0 0.12268436241 0.0719949270027 0.0 
0.0 0.0 0.0 0.0 0.245744602404 0.0 0.0 0.439386079885 0.0 0.0 0.0 0.0 132.0 239.0 254.0 0.12268436241 0.0719949270027 0.0160363070459 0.0458094741764 0.00564044041848 
0.152863229024 0.0 0.0 0.0 0.0 0.844205760395 0.0 0.0 0.816396930779 1.21335262522 0.0 0.0 128.0 247.0 235.0 0.138720669456 0.117804401179 0.0224194254629 0.109888828435 -0.00564044041848 
0.0 0.0 1.02046305233 0.0 0.0 0.0 0.0 0.151849001612 0.0 0.0 3.318203966 0.111044408159 129.0 249.0 209.0 0.161140094919 0.227693229614 -0.138493534393 0.279219470144 0.00564044041848 
0.783384351997 2.19283984452 6.90181524401 0.624477802084 0.0749353518399 4.1492989708 0.0 4.12831432224 0.0 3.11362702783 5.31607052567 1.25763499591 130.0 250.0 183.0 0.0226465605262 0.333333333333 0.00588409957337 -0.00323135823699 0.0227227219585 
0.0 0.0 7.01074801273 0.0 0.0 5.22453209975 0.0 9.02860895415 0.0 0.0 7.603764205 0.117820862511 132.0 251.0 156.0 0.0285306600995 0.330101975096 0.124612553513 0.3 0.0 
0.0 0.0 2.46273293871 0.0 1.07311931907 7.00373472944 3.17211712292 11.914129149 1.61997932874 0.0 3.41330979971 0.0 135.0 252.0 125.0 0.153143213612 0.333333333333 0.0569391684356 0.0085081337122 0.0285698524525 
0.0 0.0 0.0 0.0 2.07306572618 4.7184130046 7.84386390951 10.6743761179 1.45416354937 0.0 2.54761684584 0.0 136.0 252.0 99.0 0.210082382048 0.333333333333 -0.0802750047793 -0.108271252824 0.057578965369 
0.0 0.0 0.0 0.0 4.19588092913 2.20758794322 9.35851205246 7.27178833891 2.47005114943 0.0 0.565666069634 0.0 138.0 253.0 77.0 0.129807377268 0.225062080509 0.0252282028305 -0.0451692926032 0.0835883562627 
0.0 0.0 0.0 0.0 2.16998840449 0.0 12.0084005425 5.19860011451 0.0 0.0 0.452381122379 0.0 138.0 253.0 65.0 0.155035580099 0.179892787906 -0.0826768199391 -0.0545205421393 0.0583413012469 
# HEADER 6
0.369440920163 0.0 0.192920766559 0.222980097097 0.0 0.0 0.482146864578 0.564838778264 1.79319140315 0.0 0.130213379169 0.0 133.0 249.0 255.0 0 0 -0.0157413566883 -0.0672551922158 0.0287207153719 
0.0588139399959 0.0 0.139456893951 0.0 0.0 0.0 0.591847350573 0.0 1.00294525737 0.59581879464 0.0 0.0 134.0 251.0 255.0 -0.0157413566883 -0.0672551922158 0.0685064278676 -0.0169948232288 -0.0248553278609 
0.412842497866 0.0 0.0 0.0 0.0 0.57804477495 0.940197538548 0.277259419516 0.0 0.349355644468 0.0396700459749 0.201613115536 134.0 252.0 255.0 0.0527650711793 -0.0842500154446 -0.113649615702 0.017225247619 0.0248553278609 
0.0 0.0 0.416927282009 0.0 0.0 0.0 0.0 0.877312529571 0.0 0.0 0.0 0.0 139.0 251.0 255.0 -0.0608845445223 -0.0670247678255 -0.0451849218186 0.0171678601998 0.0 
0.0 0.0 0.0 0.0 0.0 0.0 0.0 1.02757485369 0.0 0.157080655272 0.0 0.996861698023 150.0 251.0 255.0 -0.106069466341 -0.0498569076258 0.226132299013 -0.0692958620238 0.0 
0.0 0.0 0.0 0.0 0.122551193271 0.061435890787 0.451503857337 0.0 0.0 1.12807748784 0.0507022214374 0.0 152.0 251.0 255.0 0.120062832672 -0.11915276965 -0.0315801213526 -0.0093806058379 0.0 
0.0 0.0 1.37308109646 0.0 0.125657444897 2.07859149293 0.0 0.0 0.0 0.282975942654 0.0 0.0 142.0 251.0 255.0 0.0884827113196 -0.128533375487 0.0417753633344 -0.0295252935548 0.0 
0.0 0.0 0.0 0.0 0.0 1.29314253912 0.226844645503 0.337993970843 0.0 0.0 0.300131714835 0.0730718897084 132.0 251.0 255.0 0.130258074654 -0.158058669042 0.0613677001703 -0.180920594365 0.0 
0.626420639052 0.0 0.0 0.0 0.0 1.38455370761 0.0 0.161098254639 0.0 1.03188730347 0.0 0.248094745698 123.0 252.0 255.0 0.191625774824 -0.333333333333 0.186342608925 -0.225431316579 0.0 
0.0 0.0 0.0 0.0 0.0 0.0 0.360879284653 0.429123366343 0.0 0.187160395019 0.0 0.909355186132 121.0 254.0 255.0 0.333333333333 -0.333333333333 0.052604971823 0.010835228304 0.0 
0.0 2.54466766182 1.65830431855 0.0 0.0 0.0 0.0 0.0 0.0 0.379530482046 1.4695906585 1.12549727475 118.0 255.0 255.0 0.333333333333 -0.322498105029 -0.0279622381457 0.0660574602695 0.0 
1.80580256499 1.23793291562 2.24999499855 0.0 0.0923126123624 0.0 0.0 0.0849248081585 0.0 0.956516390046 2.43853938087 0.751002787367 115.0 255.0 255.0 0.305371095188 -0.25644064476 -0.0463570029691 -0.0524970857861 0.0 
0.0 2.95593162682 2.3189949319 0.0 0.0 0.0 0.0 0.789143475245 0.0 0.0 3.71499088221 2.10328705379 114.0 255.0 255.0 0.259014092219 -0.308937730546 -0.148257983145 0.107514125614 0.0 
0.0 4.13136361372 5.58228333298 0.0 0.0 1.41351115076 0.339401142681 0.0599547835565 0.788762539209 0.128301491382 4.39101257258 2.09946250228 112.0 255.0 255.0 0.110756109074 -0.201423604932 0.132369496052 0.0437386496198 0.0 
0.0 2.69502055512 5.2956313262 0.0 0.0 0.83010667421 1.38602220201 0.207570303222 0.0 0.0 4.92037219688 3.65210796386 112.0 255.0 255.0 0.243125605126 -0.157684955312 0.147714781764 -0.109762298303 0.0 
1.149447513 3.93904647375 5.59719982079 0.0 0.0 0.198142234948 0.580496810791 1.92452261151 0.0 1.05583818454 4.60048685062 1.34437511381 111.0 255.0 255.0 0.333333333333 -0.267447253615 0.0190654946769 0.000600626312897 0.0 
0.0 2.84129948715 5.44085418972 0.0 0.135631717253 1.22848780268 0.0175799185107 3.63862317806 0.0 0.0 7.41328536328 2.84432112191 109.0 255.0 255.0 0.333333333333 -0.266846627302 -0.0846899122219 -0.0219655619374 0.0 
0.0 3.94926689927 7.63677182976 0.0 0.0 1.94731980344 0.0 2.54123213264 0.0 0.97111323665 7.54251509796 4.23709295658 109.0 255.0 255.0 0.248643421111 -0.288812189239 -0.129534986706 -0.0565505987544 0.0 
0.0 6.07415603532 6.14606629321 0.0 0.992269554771 0.771832040204 0.0 3.24497039059 0.0 0.0 9.89100797507 3.14639381201 108.0 255.0 255.0 0.119108434405 -0.333333333333 -0.0210061471536 0.0170764991173 0.0 
0.0 4.18326283693 7.73708304996 0.0 0.0240874294286 2.16486009404 0.0 2.39520628191 0.0 0.0 8.35973755226 7.05213668141 108.0 255.0 255.0 0.0981022872516 -0.316256834216 0.0283712494501 0.0513164209346 0.0 
0.0 4.05676417063 8.23175198713 0.0 0.0 2.11409510645 0.0 3.79705570326 0.0 0.024559440188 7.357564894 3.37436664787 108.0 255.0 255.0 0.126473536702 -0.264940413281 0.167397923785 -0.102207533147 0.0 
0.0 4.64587192008 6.65644545269 0.0 0.0 1.6586155915 0.0 2.19158928362 0.0 0.0 8.41586293809 3.45582137487 108.0 255.0 255.0 0.293871460487 -0.333333333333 -0.0802718869608 -0.0857716997658 0.0 
0.0 4.06138387546 7.59909508799 0.0 0.0 2.22404579023 0.0 3.17946204664 0.0 0.0 5.92781434425 3.62396681669 108.0 255.0 255.0 0.213599573526 -0.333333333333 0.184600965237 -0.00521317828651 0.0 
0.0 5.49051420186 6.48834613787 0.0 0.0 2.56603382465 0.0 1.76586585439 0.0 0.956460159528 8.49316129822 4.52982936624 108.0 255.0 255.0 0.333333333333 -0.333333333333 0.0170434179106 -0.0532874611464 0.0 
0.0 5.41944690121 6.7558878269 0.0 0.0 3.49875985616 0.0 2.17933926765 0.37099759787 3.28203144425 8.43686756292 4.82107350026 108.0 255.0 255.0 0.333333333333 -0.333333333333 -0.0848213401154 0.177103274433 0.0 
0.0 4.92339761166 7.09226831473 0.0 0.0 1.24587362802 0.0 3.91490382412 0.0 0.0 6.47892115936 5.35982070928 108.0 255.0 255.0 0.248511993218 -0.156230058901 0.0656117093118 -0.000896530066956 0.0 
0.0 5.64243339341 8.6239963982 0.0 0.967252069678 2.73108422736 0.0 2.64114467956 1.27693140062 2.62532286551 7.81102908565 3.69973228279 108.0 255.0 255.0 0.31412370253 -0.157126588968 0.109123226786 -0.0302882232525 0.0 
0.0 5.0659545266 8.107513334 0.0 0.0 1.75965167996 0.0 2.63205524006 0.0 0.0 7.4180703493 4.32947030208 107.0 255.0 255.0 0.333333333333 -0.18741481222 -0.0871965507161 -0.036084941906 0.0 
0.0 3.20650967512 8.38898537057 0.0 0.0 1.24292381009 0.359357223488 4.86326563874 0.0 0.0 7.50114148027 4.11272154522 107.0 255.0 255.0 0.246136782617 -0.223499754126 -0.0745946971491 0.0714081458304 0.0 
0.0 5.63327128282 8.12480953021 0.0 0.0 1.20317221962 0.0 4.12686823576 0.0 0.642680145446 7.78734816916 3.17493743579 107.0 255.0 255.0 0.171542085468 -0.152091608296 -0.0591299763257 0.0176377018044 0.0 
0.0 3.18089223809 6.81950063535 0.0 0.0 2.20517157904 0.0 4.98334725409 0.0 0.0831944175358 7.60707688898 3.86493903932 107.0 255.0 255.0 0.112412109142 -0.134453906491 -0.00123252715994 -0.0695761487183 0.0 
0.0 5.00225050779 7.75718968102 0.0 0.0 1.24279602427 0.0 3.55630882514 0.0 0.0 6.88372664445 4.80531757538 107.0 255.0 255.0 0.111179581983 -0.20403005521 -0.0343540175554 -0.0294870043044 0.0 
0.0 4.01693986445 8.43457180324 0.0 0.0 2.16258534319 0.0 3.91077731153 0.0 0.0 7.40878038142 3.11160250323 107.0 255.0 255.0 0.0768255644271 -0.233517059514 0.10393606862 0.0160315823215 0.0 
0.0 4.89616706813 6.69314973708 0.0 0.0 2.9885753635 0.0 2.7205273319 0.0 0.0 7.60927921811 3.57084140265 107.0 255.0 255.0 0.180761633048 -0.217485477192 0.187602175017 -0.179688481815 0.0 
0.505336192542 7.53599268856 8.48676901376 0.0 0.0 2.99274370965 0.0 4.81703656163 0.583163690372 4.40266747922 8.34380828551 4.91970169518 107.0 255.0 255.0 0.333333333333 -0.333333333333 0.0123306522492 0.0443548730745 0.0 
0.0 5.04538980231 7.65657828731 0.0 0.0 2.326858413 0.0 3.48268114656 0.0 0.541605085508 9.02575849534 4.79483998034 107.0 255.0 255.0 0.333333333333 -0.288978460259 0.0372502928147 -0.0074966012673 0.0 
0.0 5.27775743673 7.72491003601 0.0 0.0 1.81831599747 0.0 5.0260056739 0.0 1.49489947086 7.42464758713 4.21179444647 107.0 255.0 255.0 0.333333333333 -0.296475061526 0.00204159944066 -0.0401593058778 0.0 
0.0 4.75884543895 9.39130252961 0.0 0.0 2.4263760299 0.0 3.5959623726 0.0 0.266531633669 6.74456266074 4.84026375547 107.0 255.0 255.0 0.333333333333 -0.333333333333 0.10359618084 -0.115898129962 0.0 
0.0 4.60414873107 7.54568105445 0.0 0.0 2.32931162231 0.0 2.956423246 0.0 0.0 7.41226370469 4.58883977569 107.0 255.0 255.0 0.333333333333 -0.333333333333 -0.0412569178183 0.000964698683344 0.0 
0.0 3.13894057884 7.68995972835 0.0 0.0 1.24869021337 0.374217988437 4.98712329478 0.0 0.0514215955843 7.3372273548 4.08392409709 107.0 255.0 255.0 0.292076415515 -0.33236863465 0.0320294663872 0.0894590686721 0.0 
0.0 3.73650836764 8.01999493209 0.0 0.0 2.34721986015 0.0 3.0662431412 0.0 0.0 7.82988997775 4.46733125875 107.0 255.0 255.0 0.324105881902 -0.242909565978 -0.0265181107293 0.113919728519 0.0 
0.490035083582 7.57029668927 11.1167310119 0.0 0.0 4.86078216446 0.0 3.94242944596 0.585794721905 5.27644728435 7.4252572113 4.17046331011 107.0 255.0 255.0 0.297587771173 -0.128989837459 0.0771654648187 -0.127883725478 0.0 
0.0 4.84030399384 7.90137815877 0.0 0.0 2.12092763183 0.0 4.59029387394 0.0 0.810456767126 8.43002757593 5.28870644141 107.0 255.0 255.0 0.333333333333 -0.256873562936 -0.0100728289616 0.0142878643133 0.0 
0.0 5.0636476322 7.41316589148 0.0 0.0 1.2371082233 0.252027924734 4.01647586868 0.0 0.173841675447 8.24702937251 5.0678066111 107.0 255.0 255.0 0.323260504372 -0.242585698623 0.0722720441765 0.101353298669 0.0 
0.0 4.86960310078 7.63205574029 0.0 0.0 1.4347370976 0.0 4.41813486966 0.0 0.0247869703678 6.9249770745 4.1683414706 107.0 255.0 255.0 0.333333333333 -0.141232399955 0.0365359287553 -0.0883690677592 0.0 
0.0 4.0876889013 9.26642892039 0.0 0.0 1.39171603583 0.0 2.99213244712 0.0 0.0 8.17183116951 3.46674851352 107.0 255.0 255.0 0.333333333333 -0.229601467714 0.0778248390538 -0.134108403595 0.0 
0.0 4.44458582998 7.22866837123 0.0 0.0 3.06515031003 0.0 3.55978467386 0.0 0.0173153232895 7.57670823397 4.17600616741 107.0 255.0 255.0 0.333333333333 -0.333333333333 0.0293195448895 0.0677785647024 0.0 
0.0 4.14767074707 8.35273315499 0.0 0.0 2.25183995664 0.0 3.94733085165 0.0 1.87108958667 8.26233002576 3.06365018326 107.0 255.0 255.0 0.333333333333 -0.265554768631 0.0838358345933 0.0225967413828 0.0 
0.0 4.29259156196 7.63731770879 0.0 0.0 2.31640622927 0.0 3.27440649342 0.0 0.0239914416227 7.61851878823 4.37503552646 107.0 255.0 255.0 0.333333333333 -0.242958027248 0.165775563265 0.0969697695658 0.0 
0.0 7.63833642556 10.0962004836 0.0 0.0 4.03703944255 0.0 3.82067092917 0.678036155311 4.39862869301 6.40457603662 6.55830166247 107.0 255.0 255.0 0.333333333333 -0.145988257682 0.0169556658894 0.00575573658023 0.0 
0.0 5.26978114388 7.72030476458 0.0 0.0 1.78270721043 0.0 2.78283682164 0.0 0.833297693371 7.67713750051 4.3695731716 107.0 255.0 255.0 0.333333333333 -0.140232521102 0.0889481306268 0.169875266614 0.0 
0.0 4.34758986516 7.7441725112 0.0 0.0 2.25470453742 0.0 4.09081510196 0.0 0.0 6.48614324718 4.98829326602 107.0 255.0 255.0 0.333333333333 0.0296427455115 0.00960801339538 -0.091986806152 0.0 
0.0 5.42798235888 7.57638125937 0.0 0.0 1.44718011125 0.0 3.80819448228 0.0 0.142234597673 8.115415189 3.14697341839 107.0 255.0 255.0 0.333333333333 -0.0623440606405 0.177437127655 0.132633285365 0.0 
0.0 5.0279428304 9.31720317512 0.0 0.0 3.05234262924 0.0 0.0 0.0 0.0419359495167 7.16362188986 3.13011708667 107.0 255.0 255.0 0.333333333333 0.0702892247249 -0.0427079962987 -0.0369106743204 0.0 
0.0 5.41510100094 8.07566801207 0.0 0.0 2.06340889994 0.664712505242 4.51227107914 0.0 0.0 7.26509701195 2.25133740099 107.0 255.0 255.0 0.290625337035 0.0333785504045 -0.0759298381293 0.00212524859082 0.0 
0.0 6.29312665563 8.69333531052 0.0 0.0 3.47270420878 0.0 3.02187536334 0.0 1.48692408155 6.23208118256 5.42145365344 106.0 255.0 255.0 0.214695498905 0.0355037989953 0.0600483752299 0.0615612005265 0.0 
0.0 5.23290857917 7.73137367609 0.0 0.150783053707 2.37140231181 0.0 3.96042616301 0.0 0.0 7.07488584161 4.29437172417 106.0 255.0 255.0 0.274743874135 0.0970649995218 0.0427370587069 -0.0657320799933 0.0 
0.0 4.93064888594 9.05836445411 0.0 0.0 2.42173801202 0.0 4.47153653209 0.0 0.228822217089 8.21601695619 4.12523316199 106.0 255.0 254.0 0.317480932842 0.0313329195285 -0.123007502045 -0.090177604798 0.0 
0.0 4.93359639893 8.39054980106 0.0 0.0 1.17925754361 0.480673608359 4.69836945679 0.0 0.133740188257 9.09545701905 4.89553656129 106.0 255.0 255.0 0.194473430797 -0.0588446852695 0.0398983101683 0.145085226077 0.0 
0.0 5.2694065426 7.91766102396 0.0 0.0 1.56594089089 0.0 4.61452448415 0.0 0.0 8.20933699593 4.71465358778 106.0 255.0 255.0 0.234371740965 0.0862405408076 0.0193117465003 0.134503141342 0.0 
0.0 5.87367704661 7.42496730262 0.0 0.0 3.10598669749 0.0 4.21353589514 0.0 0.0 9.77778582181 4.79980675606 105.0 255.0 250.0 0.253683487465 0.220743682149 -0.106754480202 0.0835984541842 0.0 
0.0 4.59295001189 13.1059357626 0.0 0.0 4.95169032462 0.0 6.46392916974 0.0 0.0 10.6960756273 6.75106137339 106.0 255.0 239.0 0.146929007263 0.304342136334 -0.0324958400392 0.0495356360845 0.0272626196689 
0.471393428824 7.5443279907 17.2374763309 0.0 0.0 10.5009919828 0.0 12.4244688228 0.0 4.38488771533 13.9591835228 4.7484126594 108.0 255.0 223.0 0.114433167224 0.333333333333 0.0628137300033 -0.0501881734499 0.0 
0.0 3.75375277324 18.2536151613 0.0 0.0 13.4951409723 0.0 12.5648996851 0.0 0.0 14.093023788 4.35441431435 110.0 255.0 209.0 0.177246897227 0.283145159883 0.0216244908698 0.0464924641443 0.0 
0.785457704015 1.48354549716 20.2341469536 0.0 0.0 15.1044931168 0.487503856013 15.9716982432 0.0 0.0 18.4646403516 1.70588287929 111.0 255.0 196.0 0.198871388097 0.329637624028 -0.048320162943 0.0784806533818 0.0559147988696 
0.0 1.24903891919 17.9481949786 0.0 1.18521346085 18.016821172 2.60406606482 16.879469794 0.0 0.0999078971271 13.9123791783 1.2479637019 113.0 255.0 183.0 0.150551225154 0.333333333333 -0.0896853477605 0.0517536066358 0.000428164114343 
0.0 0.0 13.7350234788 0.0 1.12112822515 15.4614487349 6.31940872912 17.8631242592 0.0 0.0 13.3377521379 0.0 114.0 255.0 172.0 0.0608658773935 0.333333333333 -0.0805229989639 -0.132485166458 0.0281830099727 
0.0 0.0 7.3087435054 0.0 0.109175665969 17.5145177565 11.3591420483 19.7111444329 0.0 0.0 9.88747132169 0.0 115.0 255.0 166.0 -0.0196571215704 0.200848166875 -0.0372149830522 0.179683419102 0.0285410433267 
0.0 0.0 5.03203502722 0.0 0.0 14.1606494895 12.1360429714 17.6039967173 0.0 0.0 9.71255754523 0.0 119.0 255.0 153.0 -0.0568721046226 0.333333333333 -0.101085009494 -0.0431796297271 0.0288586230731 
0.0 0.0 0.0670745993265 0.0 0.0125929233748 9.13834275943 13.0068632758 10.698413466 0.0 0.0 4.36834507886 0.0 128.0 255.0 128.0 -0.157957114117 0.290153703606 0.0474080736571 -0.0212753203274 -0.000786748567673 
0.0 0.0 0.0 0.0 0.0 1.95762744335 13.3911032935 6.59508797026 0.0 0.0 3.33955746331 0.0 135.0 252.0 103.0 -0.11054904046 0.268878383279 -0.0597954324634 0.0202134101964 0.0576564093311 
0.0 0.0 0.0 0.0 0.0705452356355 1.58050590713 12.1367658552 4.54696014089 0.0 0.0 2.21217838764 0.0 143.0 249.0 75.0 -0.170344472923 0.289091793475 0.00209483866598 -0.072303944487 0.0291171362816 
0.0 0.0 0.0 0.0 0.0 0.0447081708332 6.91420889756 2.28079585168 0.0 0.0 0.565082893412 0.0 151.0 248.0 49.0 -0.168249634257 0.216787848988 0.0109946283036 -0.0156249872977 0.0585720387762 
0.0 0.0 1.30300309823 0.0 0.5935673238 1.12255145019 4.66604454088 3.35293130597 0.371546927383 0.324678638862 1.19366485522 0.0 161.0 236.0 43.0 -0.157255005954 0.201162861691 -0.100113040202 -0.119264833768 0.0586893692185 
0.0 0.0 1.02189992719 0.179223704297 0.331958765738 0.539994532566 2.75137002373 2.86781566653 0.0 1.21586419507 0.928513477266 0.0 171.0 225.0 43.0 -0.257368046156 0.0818980279225 -0.027547087179 0.14029892835 0.0292626714337 
0.0 0.0 0.510802443107 0.0 0.0 1.02721061832 4.24913046297 0.159159060658 0.0 0.0 0.222379288006 0.0664733264724 182.0 209.0 42.0 -0.284915133335 0.222196956273 -0.0396611656177 0.154120691891 0.00412045668116 
0.176663960451 0.0 0.303174958047 0.0 0.0 0.0 0.630593910444 1.84332719635 0.0 0.0 1.56264092297 0.0 195.0 183.0 40.0 -0.324576298953 0.333333333333 0.140301536719 0.0923018389342 0.0934024101885 
0.0 0.0 0.50422465246 0.0 0.0 0.0282686093331 1.27670000188 0.0320152848161 1.74309931638 0.187557121908 0.130993799574 0.0 206.0 151.0 39.0 -0.184274762234 0.333333333333 -0.089463813152 0.125852563748 0.0998713985742 
0.0 0.0 0.824881825685 0.0 0.0 0.0 0.0 0.0 1.40042441021 0.0 1.5761537279 1.97023823724 210.0 121.0 38.0 -0.273738575386 0.333333333333 0.0322661088749 0.00239384535772 0.162749627697 
0.0 0.0 1.31084013536 0.0 0.951503120804 1.87073714445 3.98754679595 1.00574164343 0.0 0.18810951258 1.30730423768 0.0863353984211 195.0 42.0 68.0 -0.241472466511 0.333333333333 0.0284582913755 0.0202627099435 0.143261692128 
0.124926318546 0.543169141437 1.28650415433 0.0 0.0 0.0 0.0 0.805162716572 1.23822647096 0.0 0.956659196555 0.0 191.0 36.0 40.0 -0.213014175135 0.333333333333 0.0605954628551 -0.122207447559 0.0342129652342 
# HEADER 7
0.0 0.0 0.0 0.0 0.0 0.0 0.0196389502275 0.0 0.0 1.04296245717 0.0 0.0 133.0 251.0 255.0 0 0 0.00458542104504 0.00272049287004 -0.0116535160109 
0.0 0.0 0.0 0.0 0.0 0.0 0.0 0.0 0.199596712126 0.0 0.249426370861 0.0 133.0 251.0 255.0 0.00458542104504 0.00272049287004 0.0243699318649 0.022977604875 0.0116535160109 
0.0621745210841 0.0 1.37132631695 0.0 0.238880763712 0.0 0.0 0.830393698594 0.441794787676 0.177999572367 0.0 0.0 132.0 251.0 255.0 0.0289553529099 0.025698097745 0.0582293489873 0.0504113196384 -0.0116535160109 
0.0 0.0 0.0 0.0 0.0 0.0 0.0 0.0 0.505461924243 0.134489015548 0.0 0.0109580711707 128.0 251.0 255.0 0.0871847018972 0.0761094173834 0.105724492263 -0.047380454304 0.0116535160109 
0.0 0.0 0.0 0.0 0.0 0.0 0.0 0.0 0.149905243575 1.68082287116 0.0 0.0 123.0 248.0 255.0 0.19290919416 0.0287289630794 -0.0347022232721 0.0536706174622 0.0 
0.0 0.0293121298894 0.513957685447 0.0 0.0 0.329024368552 0.0 0.0 0.0 0.0877875952051 0.0 0.352997483937 123.0 248.0 247.0 0.158206970888 0.0823995805416 0.154522537812 -0.0676767772587 -0.0116535160109 
0.0 1.20623231353 1.89043118043 0.0 0.192611295821 0.356367227685 1.43904408134 0.644052335983 0.0 0.923257533436 0.700416483683 0.734818308976 124.0 247.0 235.0 0.312729508699 0.0147228032829 0.0194465580473 -0.10588853571 0.0116535160109 
1.43635159061 1.83066233634 3.13526756162 0.0 1.11265418581 0.840955103451 0.0 0.774309300908 1.66611509589 2.87096508358 1.28943428147 1.85294610262 119.0 249.0 252.0 0.332176066747 -0.0911657324273 0.0584238489296 -0.0626401997539 0.0 
0.0 0.92528108734 0.00633264619561 0.0 0.0 0.0 0.0 0.0 0.821276132455 0.317857659322 0.95575624421 1.00873773878 117.0 253.0 255.0 0.333333333333 -0.153805932181 0.0459324913412 -0.104895007739 0.0 
0.0 1.96005420401 1.75460455765 0.463304924182 0.0 0.0 0.0 0.0 0.0518344122621 0.174815902426 1.69482194987 2.09807041376 115.0 254.0 255.0 0.333333333333 -0.25870093992 -0.0323019940665 0.206820828516 0.0 
0.0 2.14965767719 2.64795446741 0.0 0.00171570716082 0.308209809888 0.0 1.43578239525 0.0 1.75048738405 2.58016033864 2.51141318688 113.0 255.0 255.0 0.301031339267 -0.0518801114037 0.044507554561 0.0629169643635 0.0 
0.0 3.45270383811 2.87176589101 0.0 0.0 0.109394823187 0.438579956149 1.8534450746 0.0 1.11012578368 4.45092268196 2.99876647302 111.0 255.0 255.0 0.333333333333 0.0110368529599 -0.1035319364 -0.0456271088538 0.0 
0.0 2.91416890346 5.21721676404 0.0 0.479223965954 0.0 0.0 2.24032167256 0.329548112145 0.443094336494 7.17721602358 2.2329126532 110.0 255.0 255.0 0.229801396934 -0.0345902558939 0.0556254368923 -0.0863829525569 0.0 
0.0 2.89244745455 3.61188069595 0.0 0.0 0.835250840211 0.275174277626 1.98337982909 0.0 0.0 5.80219700471 3.74877807578 109.0 255.0 255.0 0.285426833826 -0.120973208451 -0.0109322660175 -0.121914873779 -0.0274352403356 
0.0 3.90888514168 4.84885187573 0.0 0.0 1.03365966866 0.0 2.95576041629 0.0 0.535609838185 6.04633331936 3.87235365956 108.0 255.0 255.0 0.274494567809 -0.24288808223 0.244180314459 -0.0183952296915 0.0274352403356 
0.551419920288 6.53463036991 7.94808329696 0.649571769691 0.0 3.77844456909 0.0 2.9760847589 0.732693119972 5.51568780498 6.06596594614 4.77214176401 107.0 255.0 255.0 0.333333333333 -0.261283311922 -0.0943064473203 0.0304028867541 0.0 
0.0 4.15035483557 5.50639640565 0.0 1.15773679069 1.16264620545 0.00897749562256 2.84058320036 0.0 0.567740559741 7.15688635061 3.60083412639 107.0 255.0 255.0 0.239026886013 -0.230880425167 0.0482550318488 0.0859247479823 0.0 
0.0 4.48998894156 6.75140359948 0.0 0.0 1.93185126185 0.0 1.00960871133 0.0 0.0 6.40404360087 4.36541320931 107.0 255.0 255.0 0.287281917862 -0.144955677185 0.00124643361061 -0.200209756054 0.0505959884188 
0.0 6.49444095826 7.2651528953 0.0 0.0 3.14734274934 0.0 0.931415623515 0.472006071756 2.21559204033 6.99589348194 3.94885863775 106.0 255.0 255.0 0.288528351472 -0.333333333333 -0.19622807323 -0.027012773582 0.0 
0.0 4.95387298087 6.70712279406 0.0 0.0 1.93483294625 0.0 1.84367958566 0.0 0.440186412099 7.00286067915 2.99564163447 106.0 255.0 255.0 0.0923002782422 -0.333333333333 0.02919688128 0.102187033799 -0.0505959884188 
0.0 5.88310362533 6.21818782358 0.0 0.0 1.24411159102 0.0 1.16145733967 0.0 0.0 7.01063223425 3.94688137543 106.0 255.0 255.0 0.121497159522 -0.231146299535 -0.11476602697 0.0837071975473 0.0119095280379 
0.0 3.91763389803 6.02186111657 0.0 0.0 1.25228049276 0.138764016635 1.43858480876 0.0 0.322581864094 6.742312881 4.10000073852 106.0 255.0 255.0 0.0067311325525 -0.147439101987 0.00458831541072 -0.00837757031754 0.0386864603809 
# HEADER 8
0.172814513757 0.0 0.0 0.0 0.0 0.0 0.0 0.0 1.14443774986 0.134371631724 0.0 0.0 133.0 247.0 255.0 0 0 0.1110518983 -0.0557361018452 0.0119095280379 
2.51269505267 1.64916636189 0.0 0.0 0.191700051593 0.156857100383 0.0 1.72422358844 2.58605196944 8.79675167327 0.148290661639 4.26638307843 133.0 251.0 255.0 0.1110518983 -0.0557361018452 -0.0299903761682 -0.226838256799 0.0 
0.0 0.0 0.0 0.0 0.0 0.0 0.28772275575 0.0 0.0 0.0 0.0 0.0 123.0 251.0 255.0 0.0810615221318 -0.282574358644 -0.0334121400527 0.0490019677006 0.0 
0.0 0.0 0.287776327798 0.0 0.0 1.03162540545 0.0 0.0 0.830352800727 0.921703773339 0.809685181885 0.0 122.0 253.0 255.0 0.047649382079 -0.233572390944 0.089303336307 0.0490320805029 0.0 
0.0 0.425987329078 0.0 0.0 0.0 0.0 0.311450615073 0.0 0.0 0.146834969258 0.0 0.297669403566 120.0 254.0 255.0 0.136952718386 -0.184540310441 0.0175995064806 -0.0912809372204 0.0 
0.0 1.06061088286 0.0 0.0 0.0 0.0 0.560395790082 0.972219943752 0.0 0.0 0.0 0.200569636161 119.0 255.0 255.0 0.154552224867 -0.275821247661 -0.045867232246 -0.00159290107584 0.0 
0.0 0.879633301359 1.30275483254 0.0 0.0 0.0 0.0 0.225289710348 0.0 0.0977552454551 1.18148959076 1.75108063275 117.0 255.0 255.0 0.108684992621 -0.277414148737 0.0916954842372 0.00612574758333 0.0 
0.314535480157 3.32487132825 3.31170650276 0.572259189424 0.0 1.24877782937 0.0 1.41298898778 0.472364059239 1.64521271334 1.74024122852 2.35888049913 115.0 255.0 255.0 0.200380476858 -0.271288401154 -0.00796074863913 -0.0107431599738 0.0 
0.0 1.97058043777 4.00819908119 0.0 0.0 0.0172828574974 0.0 0.22939822848 0.0 0.992263659796 1.63295620834 2.73223255394 114.0 255.0 255.0 0.192419728219 -0.282031561128 0.0315003442299 -0.0467790834371 0.0386864603809 
0.0 2.62402009243 4.25532860692 0.0 0.0 0.0 0.0 0.724673176124 0.0 0.0 3.31981018193 3.17283477914 113.0 255.0 255.0 0.223920072449 -0.328810644565 -0.037823794802 -0.0304950859589 0.0 
0.0 3.24349708683 3.46857234301 0.0 0.0 0.858605941638 0.0 0.970887902166 0.0 0.354565803182 4.68907194184 2.33687558657 112.0 255.0 255.0 0.186096277647 -0.333333333333 0.043856167118 -0.0625603543061 0.0 
0.0 3.86139908497 4.54840361897 0.0 0.0 0.0 0.52734459469 1.45695977101 0.0 0.0 3.60035419502 2.41284184075 111.0 255.0 255.0 0.229952444765 -0.333333333333 -0.0286529834418 -0.0406495758222 0.0 
0.0 4.50462216041 5.41052054376 0.0 0.0 0.557022635694 0.0 0.65427904351 0.223829156549 0.324581264764 5.615658698 4.65493416306 110.0 255.0 255.0 0.201299461323 -0.333333333333 -0.172663443702 -0.0390247024598 0.0 
0.0 5.07365085937 5.03469574909 0.0 0.0 1.18063742682 0.0 0.964846987744 0.0 0.0 4.89878582361 3.20195579395 110.0 255.0 255.0 0.0286360176212 -0.333333333333 -0.0146181368114 -0.0391670831545 0.0 
0.0 5.17775685188 4.62606053466 0.0 0.0 0.544451676213 0.0 1.02334985343 0.0572557871551 0.0 4.91578640722 3.07745596558 110.0 255.0 255.0 0.0140178808098 -0.333333333333 -0.0216524556851 0.0390306332152 -0.0265158819008 
0.887911114683 4.12651503315 4.50478668044 0.0 0.0 0.450953899856 0.0 1.25581159905 0.0 0.0 5.60473908209 3.71437871744 110.0 255.0 255.0 -0.00763457487528 -0.294302700118 -0.0972484224024 0.0326268173329 0.0265158819008 
0.0 4.8661217547 4.47570131308 0.0 0.0 0.18575955159 0.0 0.772587372362 0.0 0.277516304471 3.37625586619 2.41300366412 111.0 255.0 255.0 -0.104882997278 -0.261675882785 -0.0151493343068 0.0517108558145 -0.0265158819008 
0.0 4.23424993647 2.74033038011 0.0 0.0 1.36573566295 0.0 2.02575978293 0.0 1.52275854985 4.08199557566 3.29240935242 112.0 255.0 255.0 -0.120032331584 -0.209965026971 0.0220016609371 -0.05151348454 0.0265158819008 
0.0 2.39732727865 2.59994926356 0.0 0.0 0.174783709015 0.0671873617774 1.96685347391 0.0 0.237843715771 1.83796122195 3.06672715162 112.0 255.0 255.0 -0.0980306706474 -0.261478511511 0.0661750463022 0.169459751836 0.0 
0.0 0.0 3.42034481175 0.0851848612496 0.0 0.0 0.0 0.0 0.0 1.57098565597 2.21613395497 3.14208950888 114.0 255.0 255.0 -0.0318556243452 -0.0920187596746 0.00583061425345 0.0432589031501 0.0 
0.0 2.14166579588 1.64118677693 0.0 0.0 0.799023094156 0.192844889539 0.227404748536 0.362824668529 0.0 1.3086353168 2.4521877053 115.0 255.0 255.0 -0.0260250100918 -0.0487598565244 0.0684521755084 0.132797837636 0.0 
0.0 1.67494445441 2.01699010279 0.0 0.0 0.989958944264 0.38314514858 0.0793264651134 0.674563519555 0.0 1.07395823762 1.76681964062 116.0 255.0 255.0 0.0424271654166 0.0840379811111 0.0318843910692 0.0200489997084 -0.0386864603809 
0.0 0.0 0.592809211154 0.0211365072317 0.0 0.953064594981 0.0 0.905296530009 0.653802760727 1.11057616789 0.804484178902 1.15941450343 116.0 255.0 255.0 0.0743115564858 0.10408698082 0.000106130610217 0.133764113816 0.0 
0.0 0.0 2.09877937519 0.0515054231956 0.0 0.0 0.0 0.0 0.0584887395582 0.0700055165527 2.81613497682 1.91862780695 115.0 255.0 255.0 0.074417687096 0.237851094635 0.0303505932818 -0.152979034412 0.0 
0.0 1.98242564987 3.50360665856 0.723340784117 0.0 0.0413764402977 0.0 0.0 0.053064875566 0.80317516401 3.98409114025 2.78968128255 115.0 255.0 245.0 0.104768280378 0.0848720602232 -0.079731633748 0.0580767721412 0.0 
0.637066987302 6.35151537036 7.52867074147 0.0 0.0 2.71046184187 0.0 2.91871132916 1.68162456215 4.32119750529 4.05740633619 3.76410100759 116.0 255.0 234.0 0.0250366466298 0.142948832364 -0.0114299577565 -0.0434947096398 0.0386864603809 
0.0 3.6526492107 7.91902887243 0.0 0.0 2.18163922902 0.0 3.17300317319 0.0 0.0 4.29332429856 1.93373294527 117.0 254.0 224.0 0.0136066888733 0.0994541227246 0.0848400126549 0.0149550345235 0.0 
0.0 0.989381424045 9.24961341412 0.0 0.0 5.17305478361 0.0 3.87464210288 0.0 0.0 7.02082154135 3.83144258402 118.0 254.0 217.0 0.0984467015282 0.114409157248 -0.210870039214 0.0471399867409 0.0 
1.50032315998 3.41807076453 11.3223649846 0.0 0.0 8.00974525748 0.0 8.66070211152 0.346438050687 5.39125590255 4.67271243262 2.33286109519 125.0 252.0 194.0 -0.112423337686 0.161549143989 -0.0440141845684 -0.157593265255 0.0254698094769 
1.5110977509 0.351498456682 7.27968042038 0.147965244195 0.749223754181 5.67255691036 0.0 6.55194772282 0.0 2.54525332093 4.12095975389 1.42274717318 131.0 249.0 179.0 -0.156437522254 0.00395587873417 0.0380700930875 -0.0360990496839 0.0124621099158 
0.261826763016 1.09135518605 4.31654107519 0.0 0.0 3.49189588826 0.0 4.6693899019 0.459512382729 0.0 2.318583196 0.0253022265628 133.0 248.0 185.0 -0.118367429167 -0.0321431709497 -0.00292577474462 -0.107454671885 0.0 
# HEADER 9
2.16770326657 0.0 0.0 0.0 0.0835185947677 0.0 0.163959092715 0.0 0.0 1.03056681327 0.0 0.0 134.0 247.0 255.0 0 0 0.0827177439977 0.130363851197 -0.038979339901 
0.0 0.0 0.0 0.0 1.22625295127 0.0 0.0 0.0 0.0 2.13967749716 0.0 0.0 134.0 236.0 253.0 0.0827177439977 0.130363851197 0.1083987068 0.0387700377576 0.0265158819008 
0.0 0.0 0.0 0.0 0.0 0.0 0.0 0.0 0.0 0.0 0.0 0.0 137.0 239.0 223.0 0.191116450797 0.169133888955 0.210675563254 0.0446079593895 0.0 
# HEADER 10
0.0 0.0 2.99440875024 0.0 0.0 0.132353161472 0.0 0.0 0.0483164381692 0.0 0.0 0.0 133.0 248.0 255.0 0 0 0.0811187298585 -0.0996781952356 0.0 
2.20121736379 1.93339993182 0.0 0.0 0.854815583364 0.804868762214 0.0 0.0 0.755524000379 4.09876477207 0.0 1.47743433147 130.0 252.0 255.0 0.0811187298585 -0.0996781952356 -0.030940849714 -0.077415107357 0.0265158819008 
0.0 0.0 0.0 0.0 0.0 0.0 0.467065185592 0.787989113012 0.000407956144411 0.836272944667 0.0 0.0 123.0 252.0 255.0 0.0501778801444 -0.177093302593 -0.066381672184 -0.148954815202 0.0 
0.763144155738 0.0176685435257 0.315096276013 0.0 0.0 0.153407988091 0.130923073992 0.541529238724 0.481460571794 0.0 0.0 0.0 122.0 253.0 255.0 -0.0162037920396 -0.326048117795 0.0735891068194 0.0577027105816 0.0124634580002 
0.809042143788 0.0 0.24545162376 0.0 0.160160628695 0.54538349008 0.0 0.801566913153 0.0 0.0 0.20890532216 0.00151053528026 121.0 254.0 255.0 0.0573853147799 -0.268345407213 0.0982630362391 -0.127031529295 -0.0124634580002 
1.62261809797 1.19953192446 1.58504001975 0.190377998161 0.359449992251 0.0 0.0 1.33244755837 0.0 2.70945332924 0.0 0.440392309092 119.0 254.0 255.0 0.155648351019 -0.333333333333 -0.0968890014444 0.115067255158 0.0124634580002 
1.36846446705 2.38537179836 1.94009375983 0.0 0.0 0.532189159055 0.0 0.0 1.3897620616 3.05009470398 0.0461225098363 1.00362391341 118.0 255.0 255.0 0.0587593495746 -0.218266078175 0.110781729759 0.0661366153425 -0.038979339901 
0.0 0.30094673478 0.0 0.0 0.0 0.0 0.0 0.0 0.0 0.151784372194 0.0 1.01729562787 117.0 255.0 255.0 0.169541079333 -0.152129462833 0.0605010658133 0.104375581155 0.0265158819008 
0.0 0.793921705861 1.16504880892 0.0 0.0 0.0 1.1692960408 0.591529982467 0.270000834892 0.921545909083 1.20070567343 0.848910175231 116.0 255.0 255.0 0.230042145147 -0.0477538816782 -0.0350085696809 0.0663125149759 -0.0265158819008 
0.0 0.880822749221 1.73510380368 0.0 0.0 0.0 0.742963394373 1.37680751809 0.351680112808 0.0 3.45777328426 1.04608756424 114.0 255.0 255.0 0.195033575466 0.0185586332977 -0.0304713352764 -0.048949366235 0.0 
0.0 1.63072793145 3.91755962002 0.0 0.0 0.0 0.67201124136 0.802370673218 0.0 0.725420590728 3.28110407053 2.74886205737 113.0 255.0 255.0 0.164562240189 -0.0303907329373 0.0449549035892 0.145477368744 0.038979339901 
0.0 2.56417756069 2.84992512278 0.0 0.0 0.0 0.0 0.469870512419 0.0 1.28006267018 4.02634674335 2.99481613698 112.0 255.0 255.0 0.209517143779 0.115086635806 -0.028688471278 0.138903194095 0.0 
0.0 3.5148076225 2.46987549758 0.0 0.0 0.70437629657 0.0 0.841596404407 0.0 1.93113007962 4.08119946471 3.30679034929 111.0 255.0 255.0 0.180828672501 0.253989829901 0.0491992096839 -0.0225544315194 0.0 
0.0 3.45393282719 3.27432730538 0.0 0.0 0.754630469745 0.0 1.51984974193 0.0 0.70758910809 5.05871745857 3.12141286286 110.0 255.0 255.0 0.230027882185 0.231435398382 -0.0363961749657 -0.0380687135247 0.0 
0.0 4.79595729267 7.54049722869 0.0 0.0 2.33429192758 0.0 2.32307174549 0.0428956781669 0.0 6.06712861064 3.77096075956 110.0 255.0 243.0 0.193631707219 0.193366684857 0.0858598027692 -0.0467563822589 0.0 
0.0 4.43557019323 9.95022024914 0.0 0.0 4.5837727592 0.0 4.71883211358 0.0 1.7028169974 8.23921217107 4.12517817468 110.0 255.0 233.0 0.279491509988 0.146610302598 -0.118626548442 -0.0778508906057 0.0254684613925 
0.0 5.28831948471 11.8570534239 0.0 0.0 6.57304858922 0.0 5.37937497039 0.0 0.0 9.50228432688 3.797074764 110.0 255.0 228.0 0.160864961546 0.0687594119928 -0.108890235358 -0.038899245162 0.0127061116944 
0.341051393186 7.67200535012 14.5764567968 0.0 0.106695186548 8.50227052259 0.0 6.20251817551 0.415748908341 3.74493840756 9.5924689787 4.0728245884 110.0 255.0 228.0 0.0519747261879 0.0298601668307 0.0701975487694 0.125112695265 0.0 
0.0 6.09328299327 12.9400708969 0.2047794603 0.0 6.89748222033 0.0 6.13898215516 0.0 3.16715363226 8.62223164569 4.24338501543 110.0 255.0 224.0 0.122172274957 0.154972862096 0.144283944408 -0.145455975042 0.0 
0.0 3.30644392954 14.0689685838 0.0 0.0 8.56289987219 0.0 7.89586154737 0.0 0.372126382623 9.11246877291 2.67802719588 110.0 255.0 220.0 0.266456219365 0.0095168870544 0.0614030454717 0.112775426999 0.0 
0.0 5.28717308424 14.3814186452 0.0 0.0 7.50326386781 0.0 7.5614783563 0.0 0.0 9.40754414409 4.59373662861 110.0 255.0 217.0 0.327859264837 0.122292314054 0.0708744029447 -0.109735634672 0.0129531258873 
0.0 3.83486710762 16.4456925984 0.0 0.0 9.94171950772 0.0 9.63255419585 0.0 0.911419882842 10.6053129873 3.73978975833 110.0 255.0 216.0 0.333333333333 0.0125566793819 -0.00591752040588 -0.116712039691 0.0243337561887 
0.0 5.20497776023 13.2749868016 0.0 0.0 8.25256133125 0.0 8.91073127773 0.485331390554 0.867674900001 9.02617581396 3.91678790249 106.0 255.0 236.0 0.327415812927 -0.10415536031 0.075462263733 -0.093210112609 0.0 
0.0 6.87291719224 10.710901849 0.0 0.0 3.38089473575 0.0 4.35519943551 0.0 0.0 5.11903743256 6.91447087669 102.0 255.0 255.0 0.333333333333 -0.197365472919 -0.0878002022488 -0.0299544319495 -0.0243337561887 
0.0 6.96975210278 8.86012655672 0.0 0.0 3.25299067563 0.0 4.0178198414 0.0 1.13490380984 6.51427705958 7.50328221628 102.0 255.0 255.0 0.245533131085 -0.227319904868 -0.0960213897376 0.0105257955532 0.0 
0.0 4.84043775046 7.35355509824 0.0 0.0 5.41607059089 0.0 5.67024505235 0.0 0.132410094791 8.10989906629 7.47292461605 102.0 255.0 255.0 0.149511741347 -0.216794109315 -0.142577049693 -0.0564715773016 0.0 
0.0 6.85152691976 6.63521247566 0.0 0.0 2.98815585195 1.51735798738 4.06587368906 0.0 1.84338120784 7.65232958033 5.8022825911 102.0 255.0 255.0 0.00693469165369 -0.273265686616 -0.0411841297209 0.0554869681632 0.0 
0.0 7.5581289396 8.18683434767 0.0 0.501559899076 4.20853309026 0.0 4.0575257528 0.0927865660027 2.79217517674 8.16142007325 7.12907573764 102.0 255.0 255.0 -0.0342494380672 -0.217778718453 0.0180183640527 -0.0950126021698 0.0 
0.0 5.44352810379 6.2017834567 0.0 0.0 2.28418507067 0.0 4.36861319627 0.0 0.0 6.95454959952 6.00050053423 103.0 255.0 255.0 -0.0162310740146 -0.312791320623 -0.00903127233763 0.0641497963003 0.0 
0.0 6.0782083393 7.53461844934 0.0 0.0 4.62548820955 0.441687894266 4.30961019333 0.0 0.141321038858 4.01948364538 5.88714966044 102.0 255.0 255.0 -0.0252623463522 -0.248641524323 0.0417108041507 -0.0653083079226 0.0 
0.0 7.17079434508 3.60690888875 0.0 0.0 6.11886393057 0.0 5.60366241671 1.47702612407 0.0 6.4223799837 4.56927328653 102.0 255.0 255.0 0.0164484577985 -0.313949832245 0.158576241789 -0.0555543430882 0.0 
0.0 6.39774188651 9.71932742985 0.0 0.0 4.21080921923 0.47837288274 3.84873608673 0.0 0.0 8.07097388234 8.6786425996 103.0 255.0 255.0 0.175024699587 -0.333333333333 -0.126108117621 -0.0745323760897 0.0 
0.0 5.32537876428 7.18003650806 0.0 0.0 3.26196621242 0.0 3.39221611747 0.0 0.0 8.88951792411 5.89758726185 102.0 255.0 255.0 0.0489165819659 -0.333333333333 -0.00349229968897 -0.121511387954 0.0 
0.0 7.13352204288 7.62504054772 0.0 0.0 4.15637043539 0.732286302009 5.30636850314 0.0 0.576391425211 5.59369557091 7.31700970935 102.0 255.0 255.0 0.0454242822769 -0.333333333333 -0.084273181749 0.122868482966 0.0 
0.0 6.36322527448 7.26052473749 0.0 0.0 2.41914479809 1.06579833242 3.5256706336 0.477136586353 1.3356114979 6.97736554466 6.68539402078 103.0 255.0 255.0 -0.0388488994721 -0.210464850367 0.0037059148887 0.0171822920354 0.0 
0.0 3.03874410499 5.76838698171 0.0 0.0 4.03116468863 0.329829758184 3.33056827799 0.0 0.46017825484 6.37137631893 6.24454173947 106.0 255.0 255.0 -0.0351429845834 -0.193282558332 -0.0571424331372 -0.0611292703147 0.0 
0.0 5.30847505852 4.57621191386 0.0 0.0 1.68472274271 0.446389634566 3.31551791096 1.01036477179 0.0 3.85351972176 2.9596979356 110.0 255.0 255.0 -0.0922854177206 -0.254411828647 0.106624000814 0.102618409638 -0.0384067984969 
0.0 3.37653633941 3.4126027164 0.0 0.0 0.400530407328 0.0 2.15584620167 0.0 0.494202139965 4.71621602577 2.85875365209 112.0 255.0 255.0 0.0143385830935 -0.151793419009 -0.0773032010775 -0.111368625174 0.0 
0.0 2.72497878561 2.75989807272 0.225732625829 0.0 0.876799348663 0.0 2.20131246409 0.0 0.0137451379469 2.03843173609 2.66912860276 114.0 255.0 255.0 -0.062964617984 -0.263162044184 -0.0706170860356 0.0863528350647 -0.0127209004773 
2.74524423154 6.28051999927 6.09957270953 2.17773095654 0.0 2.6707735223 0.0 1.41802893138 2.75219140216 8.25996512405 1.95939330571 4.20634074119 118.0 254.0 255.0 -0.13358170402 -0.176809209119 0.0986750930596 -0.136417538976 0.0 
0.0 0.913243672954 2.23262849326 0.0 1.3331934718 0.0 0.571977214485 1.66006453648 0.0489765585885 0.0 0.0863216107978 2.49643984795 120.0 253.0 255.0 -0.03490661096 -0.313226748095 -0.034831685477 -0.0817181812788 0.0 
0.220048276759 1.93484491102 1.5666883518 0.0 0.158756234929 0.84432179153 0.0 0.881800212773 0.40930435271 1.31389562548 1.94079939095 1.47541451194 121.0 253.0 255.0 -0.0697382964369 -0.333333333333 0.0550363334999 -0.0182275595516 0.0 
0.0291605879433 0.0 1.9683941571 0.0 0.0 0.0 1.52686643988 0.0 0.0 0.0 0.0558415210008 0.761299914183 123.0 253.0 255.0 -0.014701962937 -0.333333333333 -0.136251742691 0.0348094682279 0.0 
0.265503420576 0.0 0.178744596484 0.0 0.0 0.0 0.139498986065 0.0 0.0 0.0303027255321 0.0 0.0781528020731 131.0 253.0 255.0 -0.150953705628 -0.298523865105 0.0115236626938 -0.0464749446344 0.0 
1.62994857534 3.33483778733 0.898817274714 1.06134048415 0.241148422494 0.943255558679 0.0 0.868481089917 0.873299683114 4.47511138391 2.01054614948 0.634558496882 141.0 253.0 255.0 -0.139430042934 -0.333333333333 -0.122574440421 0.0011395395307 0.0 
1.46190555336 0.0 1.5818515731 0.0 0.0 0.107134349795 1.14604111945 0.90532901675 0.0 0.590181225069 1.40531628975 0.661421668623 153.0 252.0 255.0 -0.262004483356 -0.332193793803 -0.3 -0.143829627031 0.0 
0.58374733267 0.0 0.0 0.0 1.08561576668 0.0 0.507991831231 0.0 0.143256720632 0.622944696229 1.05003701356 0.661548195324 165.0 252.0 255.0 -0.333333333333 -0.333333333333 -0.118000944168 -0.0544759670534 0.0 
0.0 0.220449099462 0.743320824349 0.0471177227908 0.0 0.0 0.0 0.441577177852 0.511745275407 0.874314278645 0.0 0.0222055668491 176.0 252.0 255.0 -0.333333333333 -0.333333333333 -0.00806032998726 0.11589859748 0.0 
0.0 0.0 0.922819830944 0.0 0.149887308854 0.310670682733 1.42665126242 0.0 0.0 0.891765403751 0.0 0.0 192.0 252.0 255.0 -0.333333333333 -0.217434735853 -0.019402526271 0.0349266088758 0.0 
0.0 0.0 0.0 0.0 0.0 0.222248344049 0.183906818395 1.28791215239 0.78770634081 0.0629676469507 0.385635590425 0.205138864794 208.0 251.0 255.0 -0.333333333333 -0.182508126977 0.0681546485902 -0.0528118897567 0.0 
0.0 0.0 0.0 0.230670674511 0.0 0.0 0.0 1.77476894031 0.0 0.0 0.325409513697 0.0 224.0 250.0 255.0 -0.265178684743 -0.235320016734 -0.136536883247 -0.125904251971 0.0 
0.0 0.0 0.1552652679 0.0 0.0 0.0 0.0 0.0 0.0371267843708 1.31993923549 0.731228258135 0.0 230.0 248.0 255.0 -0.333333333333 -0.333333333333 -0.0758499901045 0.0807108992956 0.0 
0.0 0.0425756620536 0.0 0.0 0.0 0.0 0.555139669716 0.855715445841 0.0 1.8849331278 2.08432215718 1.49301878131 232.0 249.0 255.0 -0.333333333333 -0.252622434038 -0.00929821093811 -0.0661229302303 0.0 
0.0 0.0 1.07750409606 0.0 0.0 0.0 0.0 0.0 0.0 1.07579278611 0.0 0.0 236.0 248.0 255.0 -0.333333333333 -0.318745364268 0.125183130204 0.00142103371148 0.0 
0.0 0.0 0.0 0.0 0.0 0.0 0.0496659327809 0.0 0.0 0.0 0.0 0.0 237.0 247.0 255.0 -0.208150203129 -0.317324330557 0.0247918321374 0.0808549353438 0.0 
0.0 0.0 0.281342871546 0.0 0.0 0.0 0.0 1.35549013868 0.0 0.0 0.0 0.0 237.0 247.0 255.0 -0.183358370992 -0.236469395213 -0.0758733484666 -0.0593540443364 0.0 
0.0 0.0 0.222241202753 0.0 0.0 0.21496853543 0.0 0.0 0.0 0.0 0.0 0.0 237.0 247.0 255.0 -0.259231719458 -0.295823439549 0.00553268708845 0.137995093784 0.0 
0.429153652199 0.205458679083 0.174667450231 0.0 0.0 0.0 0.0 0.0 0.0 0.0 0.0 0.0 237.0 247.0 255.0 -0.25369903237 -0.157828345765 0.0700983699512 -0.0130542353779 0.0 
0.704157765523 0.279513672491 1.61532335314 0.510597999326 0.0 1.86945437622 0.0 0.50872242936 1.47444710425 3.74738507083 0.0 0.650621105267 237.0 247.0 255.0 -0.183600662419 -0.170882581143 -0.018908780211 -0.122778408317 0.0 
0.0 0.375106877083 0.0 0.202251379419 0.0 0.0 0.243525669518 0.805595929305 0.0 0.0 0.832763501898 0.177647035903 237.0 247.0 255.0 -0.20250944263 -0.29366098946 0.128404730368 0.078254082436 0.0 
0.0 0.984399887532 0.74286458729 0.0 0.450841341864 0.0 0.0 0.17036338687 0.739893649119 2.41948178942 0.0971164238678 0.944768130654 237.0 247.0 255.0 -0.0741047122616 -0.215406907024 -0.0247570369419 -0.0250907165662 0.0 
0.0 0.22994118331 1.02355105487 0.0 0.0 0.0455095849754 0.0 0.309444215107 0.526390827247 0.0 0.0 0.0 236.0 247.0 255.0 -0.0988617492035 -0.24049762359 0.0254749364569 0.0265433246318 0.0 
0.753424816243 0.281242803571 0.107602846431 0.0 0.0 0.0 0.686225973428 0.0 0.0 1.71184741473 0.598847204158 0.0 237.0 247.0 255.0 -0.0733868127466 -0.213954298958 0.0661414970352 -0.0133196340259 0.0 
0.0105256512685 0.0 0.0 0.0 0.0 0.0 0.0 0.0 0.0 0.0 0.0 0.644485738288 237.0 247.0 255.0 -0.00724531571141 -0.227273932984 0.0256814181429 0.00334383929416 0.0 
0.754591476401 1.23769157339 0.628361432235 0.0 0.373839912945 0.0 0.0 1.12782461524 1.43734820355 2.24283874136 0.920717130004 0.583389670853 237.0 247.0 255.0 0.0184361024315 -0.22393009369 0.0190285941983 -0.106049143064 0.0 
0.00719263082451 0.0 0.0 0.0 0.0 0.0 0.0 0.0 0.0 0.127511992832 0.0 0.0274306729469 237.0 248.0 255.0 0.0374646966298 -0.329979236755 -0.170768576676 0.117054503839 0.0 
