nrollouts: 10
# HEADER 1
0.576947614259 0.0 0.0 0.455417742999 0.0 0.0 0.117198282937 1.80823026366 0.420154081297 0.0 0.199455765695 0.0 132.0 247.0 255.0 0 0 -0.116192847393 0.0883475740959 0.0124634580002 
0.0 0.250970653916 0.416860909691 0.298631930455 0.0 0.0 0.0 0.0 0.925424884708 4.22930793918 0.0 0.0 135.0 235.0 253.0 -0.116192847393 0.0883475740959 0.185536259848 0.0741193150777 0.0 
0.0 0.0 1.11731974379 0.465212173624 0.0 0.619482403313 0.877632862353 0.0 0.0 0.0 0.79188702569 0.0 140.0 233.0 231.0 0.0693434124552 0.162466889174 0.102297274181 0.0349729870261 0.0 
1.32747283778 0.769623305144 1.28514885295 0.0 0.0 0.00832520415216 0.0 0.0 0.0 3.83948109768 0.896916656644 2.14816004677 138.0 246.0 189.0 0.171640686637 0.1974398762 -0.0407925351046 0.0611734242302 0.0 
0.0 0.0 2.3064320765 0.455423286958 0.0 4.53347210118 0.46254800251 4.95963252039 0.0 0.0 1.37029111231 0.280442464107 141.0 248.0 156.0 0.130848151532 0.25861330043 0.0231030415882 0.0395497969841 0.0254684613925 
0.0 0.0 3.86059425481 0.0 0.0 6.20188086713 0.664396472172 7.11464068807 0.0 0.0 1.12701107341 0.0 144.0 248.0 127.0 0.15395119312 0.298163097414 -0.0380066789461 0.0275191187242 0.0 
0.0 0.0 0.90371669933 0.0 1.35443804008 4.1683693766 7.07528582226 7.39614920479 0.095558974728 0.0 1.92451276334 0.0 146.0 249.0 95.0 0.115944514174 0.325682216138 0.0703342131437 0.0632548276276 0.0256592375817 
0.0 0.0 0.0 0.0 0.0 0.0 13.5627150616 0.361555467132 0.0 0.0 0.0 0.0 148.0 250.0 66.0 0.186278727318 0.333333333333 0.105874651055 0.093934143373 0.129233418444 
0.0 0.0 0.0 0.0 0.046650091314 0.0 11.2364940821 0.0 0.0 0.0 0.0 0.0 148.0 248.0 44.0 0.292153378373 0.333333333333 -0.0448061194087 0.0563999428575 0.109555905008 
0.0 0.0 0.0 0.0 1.55646528678 0.0 11.6704195734 1.85475641913 0.0 0.0 0.0 0.0 145.0 247.0 37.0 0.247347258964 0.333333333333 -0.0463265044708 0.0561842968014 0.11178345901 
0.0 0.0 0.0 0.0 0.0 0.0 12.0176197233 0.0 0.0 0.0 0.0 0.0 142.0 247.0 37.0 0.201020754493 0.333333333333 -0.0216619711978 -0.0184467679408 0.0649434864876 
0.0 0.0 0.0 0.0 0.433462809738 0.0 11.6609572245 0.660444568306 0.0 0.0 0.345226800157 0.0 141.0 247.0 37.0 0.179358783295 0.314886565392 0.00927554713672 -0.0567300146123 0.016551544046 
0.0 0.0 0.0 0.0 0.385892708433 0.0 12.4628582987 0.0 0.0 0.0 0.571488625533 0.0 140.0 247.0 37.0 0.188634330432 0.25815655078 0.0730904377688 -0.0455570655939 0.0166626426583 
0.0 0.0 0.0 0.0 0.634578069629 0.0 11.6165703058 0.64339340879 0.0 0.0 2.8935346873 0.0 139.0 247.0 37.0 0.261724768201 0.212599485186 -0.00693562079219 0.0673260709327 0.0 
0.0 0.0 0.0 0.0 0.120116633957 0.0 12.8062615259 0.0 0.0 0.0 0.236316524741 0.0 138.0 247.0 37.0 0.254789147409 0.279925556119 -0.141007587278 -0.136248392484 0.0 
0.0 0.0 0.0 0.0 0.0 0.0 13.0186809885 0.0 0.0 0.0 0.183406779616 0.0 137.0 248.0 37.0 0.113781560131 0.143677163635 0.0411379012824 -0.00624165652938 0.0167655224004 
0.0 0.0 0.0 0.0 0.0 0.0 13.1968664881 0.0 0.0 0.0 0.0 0.0 137.0 247.0 37.0 0.154919461413 0.137435507106 -0.0932436524822 0.168213567738 0.0 
0.0 0.0 0.0 0.0 0.0 0.0 13.2561562752 0.0 0.0 0.0 1.11341527641 0.0 137.0 247.0 37.0 0.0616758089309 0.305649074844 -0.0503721593681 -0.0744400362747 0.0 
0.0 0.0 0.0 0.0 0.878015279938 0.0 13.4440707913 0.0 0.0 0.0 0.0 0.0 136.0 247.0 37.0 0.0113036495627 0.231209038569 0.0106967120061 0.0105917356168 0.0454129927686 
0.0 0.0 0.0 0.0 0.0192464016627 0.0 13.7688406671 0.0 0.0 0.0 0.0 0.0 136.0 247.0 37.0 0.0220003615688 0.241800774186 0.071241810974 0.0215471380574 0.0 
0.0 0.0 0.0 0.0 0.0 0.0 14.2683886381 0.0 0.0 0.0 0.0651993024182 0.0 136.0 247.0 36.0 0.0932421725428 0.263347912243 -0.137040462952 -0.0578458059014 -0.0454129927686 
0.0 0.0 0.0 0.0 0.0 0.0 14.7212794086 0.0 0.0 0.0 0.119943907053 0.0 136.0 247.0 37.0 -0.0437982904087 0.205502106342 0.129346560809 0.0690456183172 0.0454129927686 
0.0 0.0 0.0 0.0 1.34023784837 0.0 11.9711420657 0.0 0.0 0.0 0.0190795857274 0.0 136.0 247.0 37.0 0.0855482704 0.274547724659 0.086564925814 0.0149818906714 0.0 
0.0 0.0 0.0 0.0 0.767710344559 0.0 12.8246566178 0.132461458717 0.0 0.0 0.705772253649 0.0 136.0 247.0 36.0 0.172113196214 0.28952961533 0.0176796757774 -0.0315885611755 0.0 
0.0 0.0 0.0 0.0 0.746697352081 0.0 10.9265773304 2.47210839139 0.0 0.0 0.551220638548 0.0 136.0 247.0 36.0 0.189792871991 0.257941054155 -0.0151472407424 -0.0183413909511 0.0 
0.0 0.0 0.0 0.0 0.138411125861 0.0 15.6368084558 0.0 0.0 0.0 0.193115251475 0.0 136.0 247.0 37.0 0.174645631249 0.239599663204 0.0172501780885 -0.0224370918068 0.0 
0.0 0.0 0.0 0.0 0.474999919171 0.0 14.1758435486 0.0 0.0 0.0 0.0 0.0 136.0 247.0 37.0 0.191895809337 0.217162571397 0.202755296107 0.0132219897701 0.0 
0.0 0.0 0.0 0.0 0.526033582896 0.0 13.6145335103 0.0 0.0 0.0 0.0 0.0 136.0 247.0 37.0 0.333333333333 0.230384561167 0.174175520631 -0.124629041875 0.0 
0.0 0.0 0.0 0.0 0.0 0.0 14.6327877871 1.46318597821 0.0 0.0 1.49976959057 0.0 135.0 247.0 37.0 0.333333333333 0.105755519292 -0.0145202707833 0.186704153794 -0.0164318407446 
0.0 0.0 0.0 0.0 0.363355963953 0.0 14.462638225 1.333064007 0.0 0.0 0.0 0.0 134.0 247.0 37.0 0.31881306255 0.292459673087 -0.106886917743 0.103253527365 0.0 
0.0 0.0 0.0 0.0 0.907587738837 0.0 13.7503714315 0.0 0.0 0.0 0.480766994749 0.0 133.0 248.0 37.0 0.211926144807 0.333333333333 -0.121896888795 -0.0483130088199 0.0164318407446 
0.0 0.0 0.0 0.0 0.942016953375 0.0 14.7682443472 0.0 0.0 0.0 0.0 0.0 133.0 248.0 37.0 0.0900292560121 0.285020324513 -0.115417188701 0.0349596232272 0.0 
0.0 0.0 0.0 0.0 0.0 0.0 14.9480714793 0.0 0.0 0.0 0.0 0.0 133.0 247.0 37.0 -0.0253879326885 0.319979947741 -0.154809916292 0.0394101319421 0.0164971717753 
0.0 0.0 0.0 0.0 0.0 0.0 16.1458094197 0.0 0.0 0.0 0.0 0.0 137.0 245.0 36.0 -0.18019784898 0.333333333333 0.0547788935312 -0.0796323942681 0.0165538647051 
0.0 0.0 0.0 0.0 0.0 0.0 13.8807087065 0.0 0.0 0.0 0.0 0.0 143.0 240.0 37.0 -0.125418955449 0.253700939065 -0.201101664329 -0.132270245847 -0.0330510364805 
0.0 0.0 0.0 0.0 0.0 0.0 12.2978900339 0.270382703116 0.0 0.0 0.025638317413 0.0 155.0 231.0 37.0 -0.326520619778 0.121430693218 0.0778687150373 0.0593429015799 0.0 
0.0 0.0 0.0 0.0 0.0 0.0 9.22564683626 0.0 0.0 0.0 0.0 0.0 169.0 217.0 37.0 -0.248651904741 0.180773594798 -0.0211093865923 -0.0950532157292 -0.0164318407446 
0.0 0.0 0.0 0.728160463528 2.34914155875 0.996907859209 4.74237336029 0.688886835693 0.0 0.0 0.0 0.0 180.0 206.0 38.0 -0.269761291333 0.085720379069 -0.0318497315182 -0.0675615738118 0.0164318407446 
0.0 0.0 0.0 0.0 0.724100856445 0.72009107179 5.18689065978 0.0 0.0 0.0 0.0 0.0 187.0 198.0 39.0 -0.301611022851 0.0181588052572 0.0207653891511 0.120466317094 0.0 
0.0 0.0 0.0 0.0 0.870289514359 0.0 3.77130857563 0.0 0.666850971374 0.0 0.0 0.0 194.0 190.0 40.0 -0.2808456337 0.138625122351 -0.00914019486101 0.0178749639382 0.0164971717753 
0.0 0.0 0.116825829907 0.521169565972 0.0 1.92162224336 3.2020467732 0.0 0.129380778777 0.0 0.55377867968 0.0 201.0 179.0 40.0 -0.289985828561 0.156500086289 -0.0800353494085 -0.162655147183 0.0165538647051 
0.0 0.0 0.0 0.443796996369 0.0 0.927696719143 5.81107190638 1.06333853546 0.0 0.0 0.0 0.0 213.0 169.0 42.0 -0.333333333333 -0.00615506089366 0.0441712089945 0.0421553426034 0.0332423647622 
0.0 0.0 0.0 0.0 0.677912062266 0.0 1.96953180882 1.04781935306 0.0 0.0548858269415 0.597355774858 0.0 225.0 156.0 44.0 -0.289162124339 0.0360002817098 -0.00685338773792 0.155024375593 -0.00945199890606 
0.0 0.0 0.233959686006 0.0 0.0 0.151043316459 2.79653146174 0.00846061173998 0.0 0.0 0.0 0.0 231.0 139.0 42.0 -0.296015512077 0.191024657302 0.0226052886473 -0.0989396014293 0.0172306728815 
0.0 0.0 0.0 0.0 0.0 0.0 2.16134866207 0.21157227316 0.10404729368 0.0 0.074064865137 0.0 231.0 135.0 41.0 -0.273410223429 0.0920850558732 -0.193820900927 0.128733815392 0.0 
0.164808333295 0.0 0.0 0.0 0.2419209718 0.422004923631 2.17616036876 0.0 0.0 0.0 0.87983057154 0.0 231.0 126.0 40.0 -0.333333333333 0.220818871265 0.00388276579873 0.042184413701 0.0 
0.0 0.0 0.63514868888 0.0 0.0 0.0 1.291186947 0.0 0.691309096617 0.0 0.0 0.0 232.0 102.0 39.0 -0.329450567535 0.263003284966 -0.123930980248 -0.0975659802257 0.0518147769454 
0.0 1.36567891645 0.0 0.0 0.0 0.408507150284 1.65750143937 0.0 0.64652732114 0.0 0.5716488915 0.0 231.0 44.0 49.0 -0.333333333333 0.16543730474 -0.0495419892236 0.00596805745626 0.0638015796466 
0.0 0.0 0.0 0.172534952723 0.0 0.0 0.422695401925 0.0 0.0 0.0 1.47332529485 0.0 231.0 35.0 39.0 -0.333333333333 0.171405362197 0.0455327283883 0.071691192663 -0.0357016995141 
0.00706810633366 0.0 0.0 0.0 0.0 0.910010810895 1.14011851251 0.0 0.584541526147 0.0 0.0 0.0 231.0 34.0 36.0 -0.287800604945 0.24309655486 -0.1219939168 0.0431253795949 -0.0254832257989 
0.19041546529 0.0 0.114065570149 0.0 0.0 0.0 1.26931139277 0.0218387598873 0.0370988315001 0.0 0.0730754785825 0.0 230.0 34.0 36.0 -0.333333333333 0.286221934455 0.00107231135578 0.0563182124261 0.0 
0.0 0.0 0.0 0.424662788422 0.0 0.0 1.26020845769 0.0 0.0 0.0 0.0 0.244755328885 229.0 34.0 36.0 -0.332261021978 0.333333333333 0.132455428552 -0.0460373180554 0.0 
0.0 0.0 0.0 0.0 0.153028512174 0.0 1.25837430585 0.0 0.0 0.0 0.0732386121708 0.364693279622 228.0 34.0 36.0 -0.199805593426 0.287296015278 -0.0521664701626 -0.02888008265 0.0185590222179 
1.04847456742 0.760662901796 1.392086003 0.0 0.0 0.0 1.2337646385 0.0 0.0 0.0 0.857886460468 0.0 228.0 34.0 36.0 -0.251972063588 0.258415932628 0.0211440423397 0.243647610984 -0.0185590222179 
0.910534616604 0.116324945306 0.0 0.127734935798 0.291618471446 2.92239193384 0.0 0.956342330053 0.348106004174 3.58294783142 0.0 0.0 228.0 34.0 36.0 -0.230828021249 0.333333333333 -0.0916412248993 0.0647510067894 0.0185590222179 
1.21422711463 2.90832285331 2.62744444831 2.42581563716 0.464837916694 1.89698816675 0.0 1.13465718446 1.95316732099 4.1962065738 0.189001828755 1.2820095278 228.0 34.0 36.0 -0.322469246148 0.333333333333 -0.101609785811 0.0755530143097 -0.0185590222179 
0.0 0.0 1.6947651288 0.0 0.0 1.09895468974 0.513721562482 0.0 0.609900175521 0.0 0.341821771261 0.0 228.0 34.0 36.0 -0.333333333333 0.333333333333 0.109883335403 0.0365871527621 0.0 
0.0 0.295335446389 0.0 0.0 1.61075287127 0.490243047821 0.0 0.0 0.0 0.274474438536 0.960156246273 0.0 228.0 34.0 36.0 -0.22344999793 0.333333333333 -0.00944856817162 -0.0753285636666 0.0 
0.140342436332 0.0 0.0 0.0 0.670741998098 0.257001965827 2.12060602434 0.0 0.0 0.0 1.05009150334 1.53414195851 228.0 34.0 36.0 -0.232898566102 0.258004769667 -0.0980561994601 0.0342219688185 0.0 
0.0 0.0 0.0 0.0 0.304181718039 0.0 1.11218117304 0.0 0.0 0.0 0.885123748196 0.554457133743 228.0 34.0 36.0 -0.330954765562 0.292226738485 0.0204666526924 0.0693779120742 0.0 
0.0 1.04800968199 2.16137001611 0.424817824068 0.441777711017 1.7454797413 0.0 0.148064717112 1.19608810962 0.884792454448 0.14927334645 0.875040803442 228.0 34.0 36.0 -0.31048811287 0.333333333333 -0.0587774685127 0.0807624938632 0.0 
0.0 0.0 0.0 0.0 0.0 0.0 1.02178535631 0.603951228905 0.0 0.0 0.51777240772 0.0 227.0 34.0 36.0 -0.333333333333 0.333333333333 0.061769394008 -0.0564848901157 0.0 
0.894994433547 0.0 1.69384034322 0.0 0.240675111745 0.0 1.52244996066 0.99199065693 0.0506813734875 0.0 0.0733105022438 0.0 227.0 34.0 36.0 -0.271563939325 0.276848443218 -0.00258864374438 0.212663095225 0.0 
0.0 0.101839233583 1.31111883831 0.0 0.332049853287 0.825254250994 0.122337540673 0.0 0.149656925617 0.35851904741 0.0 0.234175093129 227.0 34.0 36.0 -0.27415258307 0.333333333333 -0.0141448230239 0.0893646894607 0.0 
0.0 1.27577837752 0.268285791836 0.0 0.871921585175 0.565990795499 0.884618301706 0.0 0.642418717542 0.526185927662 0.0 0.10701075312 227.0 34.0 36.0 -0.288297406094 0.333333333333 -0.00428289830265 -0.0712538283482 0.0 
0.0 0.0 2.66446025586 3.11419315371 0.0 2.89855708945 0.0 0.159714070248 0.0 0.854094306695 0.0 0.0 227.0 34.0 36.0 -0.292580304396 0.262079504985 0.18633892344 -0.0613194474556 0.0 
0.0 0.0973573783579 0.842957381328 0.0 1.00228413606 1.15461413357 0.89307959753 0.0 0.0 0.0 0.0 0.0 227.0 34.0 36.0 -0.106241380956 0.20076005753 0.0294588328897 0.0179855429886 0.0 
0.0 0.0 0.0 0.0 0.0 0.0 1.91145420814 0.0 0.00947520925606 0.0 0.98879976378 0.0 227.0 34.0 36.0 -0.0767825480663 0.218745600518 -0.0181852668751 0.159588575722 0.0 
0.13820836794 0.0 0.0 0.197021599125 1.98129283799 0.653292129084 1.16022865732 0.0 0.883272104626 0.0 0.517165542913 0.0 227.0 34.0 36.0 -0.0949678149414 0.333333333333 -0.0960501670491 0.0102767768925 0.0 
0.0 0.961980702982 0.0 0.342373153929 0.0 0.528461091992 1.55548107746 0.0 0.0 0.0 0.573962747747 0.0 228.0 34.0 36.0 -0.191017981991 0.333333333333 0.149375537139 0.00170284710658 0.0 
0.0849104751528 0.0 0.0 0.354030722897 0.0 0.0 1.1781436006 0.0 0.0 0.237809013058 0.880255228285 0.447153504006 227.0 34.0 36.0 -0.0416424448519 0.333333333333 -0.0742427256215 -0.132042306912 0.0 
0.0 0.0564183940288 1.24863814362 0.0 0.456808686234 0.0 1.36898958646 1.70260563158 0.636161327396 0.0 2.25810283881 0.0 227.0 34.0 36.0 -0.115885170473 0.201291026421 -0.167996682528 -0.0319857975144 0.0 
0.0 2.92352952483 0.0 0.442122885498 0.0 0.0721515765672 0.0877048636383 0.198343287919 0.269495099693 0.0 0.95440198275 0.0 228.0 34.0 36.0 -0.283881853002 0.169305228907 -0.106452787017 0.0604411210881 0.0 
0.0 0.0 0.457328723118 0.0 0.918746715004 0.0 0.608658210931 0.0 0.0 0.0 0.0 0.0 227.0 34.0 36.0 -0.333333333333 0.229746349995 -0.0453679330021 0.102640487647 0.0 
1.19990687226 2.054527578 0.431090036551 0.233122475322 0.544582732957 0.569744587914 0.0 1.60497725263 3.93018551183 3.14672357219 0.814803963998 1.02413817999 227.0 34.0 36.0 -0.333333333333 0.332386837643 -0.141876193849 0.130468503326 0.0 
0.805334781539 2.33330612775 1.16729057775 0.0 0.221485368093 0.0 0.0 0.977795115544 1.40268339757 2.90657919934 0.0 4.02127270369 227.0 34.0 36.0 -0.333333333333 0.333333333333 0.082369369024 0.00116815334851 0.0 
1.25867600504 1.14353343947 0.0 0.0 0.0 0.0 0.761515426427 2.55519311699 0.27645600211 0.358860146939 0.551197722355 0.464729915228 227.0 34.0 36.0 -0.250963964309 0.333333333333 0.0573852482989 -0.0102895298218 0.0 
# HEADER 2
0.0 0.0 0.0 0.19977848275 1.24685281526 0.0 0.145640753822 0.0 0.828771227608 0.0 0.0 0.0 134.0 251.0 255.0 0 0 0.045169802665 -0.167873829592 0.0185590222179 
1.24909753394 1.34118203278 1.78766933974 0.95076365065 1.00719868993 1.40942146097 0.0 0.190933341236 0.657893216858 2.81584867918 0.319468915795 0.124313674394 133.0 250.0 255.0 0.045169802665 -0.167873829592 -0.0198882875156 -0.0253213676418 0.0 
0.0 0.0 0.0 0.23124767058 0.0 0.0 1.11428948831 0.298095463347 0.0 0.0 0.134875075247 0.0 130.0 250.0 255.0 0.0252815151494 -0.193195197233 0.166261739369 0.129124723992 0.0 
0.0 0.0 0.0 0.0 0.0 0.0 0.746543348038 0.0 0.0 0.0 0.715450746052 0.0 122.0 250.0 255.0 0.191543254519 -0.0640704732416 0.0299372547802 -0.0422735687633 0.0 
0.0 0.0 0.0 0.0 0.0 0.0 1.02819767258 0.0141810359951 0.0237514645773 0.0 0.133384553529 0.0 121.0 252.0 255.0 0.221480509299 -0.106344042005 -0.044343900743 0.0498199529947 0.0 
0.0 0.0 0.0 0.0 0.0 0.0 0.0 0.0155345410417 1.60388266834 3.92614273404 0.0 0.752886052749 119.0 253.0 255.0 0.177136608556 -0.0565240890101 0.0169485959401 -0.0552819366698 0.0 
0.0 0.0 0.0 0.0 0.0 0.0 2.52894485553 0.0 0.0 0.0 0.077797283904 0.760478427273 118.0 254.0 255.0 0.194085204496 -0.11180602568 -0.0609550585677 -0.0336935287724 0.0 
0.0 1.57738263123 2.22808530599 0.0 0.0 0.0 0.935793953293 0.0 0.0 0.0 1.95178030296 0.535001909792 117.0 254.0 255.0 0.133130145928 -0.145499554452 -0.0600982364691 -0.0473292498845 0.0 
0.0 1.68657723518 1.81678243318 0.0 0.0 0.989828415339 0.114709084183 1.2763568756 0.688714191154 0.0 2.38031867804 2.40539037042 116.0 255.0 255.0 0.0730319094593 -0.192828804337 -0.0593677937381 -0.0599253468933 0.0 
0.0 0.490542214054 2.84123236128 0.441219935006 0.0 0.0 2.6318870792 0.0 0.357605631551 0.0 2.09939802001 1.40309249713 116.0 255.0 255.0 0.0136641157211 -0.25275415123 -0.0710963704105 0.173146227501 0.0 
0.0 4.97164681627 3.74312024614 0.61968750577 0.0 1.51184433067 0.0 1.1939170153 2.27589817258 2.42104100722 4.56222960715 5.0262520988 116.0 255.0 255.0 -0.0574322546894 -0.0796079237294 0.00318370368868 -0.114308759824 0.0 
0.0 0.21622201734 1.76279335217 0.0 0.0 0.0250173631726 1.3647270635 0.347635992358 0.0 0.089386400662 2.4302819816 1.15496761754 117.0 255.0 255.0 -0.0542485510007 -0.193916683553 -0.0375613403691 -0.130486441165 0.0 
0.926714219512 2.27926153302 1.2130264178 0.0 0.154599214929 1.16837397447 0.68623176061 1.3941586039 0.0 0.367991234711 2.64694841981 0.858565135532 118.0 254.0 255.0 -0.0918098913698 -0.324403124719 0.00853798584076 0.0638029491856 0.0 
0.306128146555 0.0 0.0 0.57235035363 0.0 0.0 0.0 0.0 0.863620532108 0.259066289059 0.347175591464 0.0 120.0 253.0 255.0 -0.0832719055291 -0.260600175533 -0.0281739796326 0.105912452249 0.0 
# HEADER 3
0.0 0.0 0.0 0.0 0.0 0.0 0.383257741779 0.0 0.0 0.0 0.108972367136 0.642201391124 133.0 247.0 255.0 0 0 0.138471652575 0.00306340803701 0.0 
0.0 1.41960412984 1.99131212322 0.0 1.22753642719 0.255446660535 0.0 0.366788250567 0.588902202427 1.7433692695 0.108433127608 0.0 131.0 247.0 255.0 0.138471652575 0.00306340803701 0.130107537801 0.228644276103 -0.0185590222179 
0.749143362939 0.0 0.0 0.451505822114 0.542297230432 1.02593735968 0.0 0.0 2.39211582534 0.0873034758084 0.0 2.3964005099 123.0 248.0 249.0 0.268579190376 0.23170768414 -0.0115932402074 0.118595357537 0.0 
1.77862907065 2.884553314 7.28205193827 0.427389694131 0.437652583106 2.83425039737 0.0 1.76614519589 0.622086059849 4.54455829804 2.77676205504 2.7760856356 126.0 249.0 222.0 0.256985950168 0.333333333333 -0.0941180565737 -0.0254441029061 0.0185590222179 
1.20867300493 2.88071111384 6.3396322563 0.0 0.325605168773 5.24900864171 0.0 2.99497166699 0.0 4.14786699591 3.09354746502 2.61559173314 127.0 250.0 198.0 0.162867893595 0.307889230427 0.00663730539509 0.0131427198781 0.0247916108259 
1.25214051692 3.1290404281 10.5892988263 0.0 0.50927774194 7.97670514135 0.0 6.62438358349 0.549921571696 2.88299798472 6.00485440285 2.45299870305 128.0 252.0 172.0 0.16950519899 0.321031950305 -0.162929339453 0.0355605638302 0.0 
1.01838804062 0.0 9.62990693442 0.0 0.405702004832 10.701745663 3.1215080607 11.1674191871 0.0 0.0 3.18786842374 0.0 129.0 253.0 150.0 0.00657585953647 0.333333333333 0.0885700866363 0.107702758119 0.071027216188 
0.0 0.0 1.5828249303 0.0 0.0 10.355773459 7.67981827104 13.848218483 1.08411143986 0.0 4.11473973078 0.0 131.0 253.0 127.0 0.0951459461728 0.333333333333 -0.123883440086 0.0867480936343 0.0698039228179 
0.0 0.0 0.0 0.0 0.0 4.23958936578 15.3476744889 9.36916222749 0.0 0.0 2.24315174116 0.0 135.0 253.0 101.0 -0.0287374939129 0.333333333333 0.140292210426 -0.0605149516548 0.0867845008031 
0.0 0.0 0.0 0.0 0.0 0.906450613324 13.0864571948 5.76942698591 0.0 0.0 1.2511620973 0.0 141.0 252.0 76.0 0.111554716513 0.272818381679 -0.153718944118 0.16260633572 0.15366162939 
0.0 0.0 0.0 0.0 0.397913357453 0.443370536432 9.17897635546 4.60929083702 0.705789523848 0.0 2.4406367924 0.0 146.0 249.0 51.0 -0.0421642276053 0.333333333333 -0.022310224687 -0.0652563078461 0.0939191513293 
0.0 0.0 0.0 0.0 0.0677489092668 2.02353930046 7.04866420856 2.28507626726 0.0 0.0 0.0 0.0 149.0 245.0 40.0 -0.0644744522923 0.268077025487 0.0552543788481 -0.0108742336871 0.137643183178 
0.0 0.0 0.0 0.0 0.0 1.05828133834 4.62708033528 4.56142832552 0.0 0.0 0.0 0.0 153.0 237.0 38.0 -0.00922007344418 0.2572027918 0.0394159940251 -0.0159871301197 0.080316591441 
0.0 0.0 0.0 0.0 1.08462589759 0.0 4.72867080952 0.982204620853 0.0 0.0 1.56088357517 0.0 157.0 230.0 37.0 0.030195920581 0.24121566168 -0.0133046886835 -0.00654601983888 0.0489069932685 
0.0 0.78385039618 0.0 0.0 0.947978116081 0.338415904688 3.19491100411 1.52027417284 0.0 0.0 0.0 0.0 159.0 225.0 37.0 0.0168912318974 0.234669641842 0.0912445912663 0.113794126843 0.0266522335351 
3.48020986733 0.0 1.13715874918 0.721861181253 0.0 0.794897930955 4.11577423864 0.0 1.22536645155 0.0 0.0 0.133358614688 159.0 221.0 37.0 0.108135823164 0.333333333333 -0.0359785102058 0.142015631725 0.0481686977529 
0.0 0.0 0.0 0.0 0.307896883297 0.861116948607 3.38730862089 0.0 0.0 0.0 0.0344360057695 0.0 159.0 215.0 37.0 0.0721573129579 0.333333333333 0.0487968892289 -0.0546198641551 0.0239226221636 
0.0 0.0 0.373966758967 0.0 0.0 0.0 4.64828976208 0.0 0.745087251288 0.0 1.22734363086 0.0 159.0 211.0 37.0 0.120954202187 0.278713469178 0.130802043004 -0.286746716052 0.0727469359579 
0.0 0.0 0.0 0.0 0.998868483606 0.0 4.08534676205 0.0 0.0 0.0 0.0 0.0 158.0 218.0 37.0 0.251756245191 -0.00803324687353 0.0018109162648 -0.181622698198 0.0210191375303 
0.0 0.0 0.0 0.0 0.0 0.0 6.08998365671 0.0 0.0 0.0 0.0 0.0 150.0 233.0 36.0 0.253567161456 -0.189655945072 -0.136431516429 0.110958487218 0.0168319678567 
0.0 0.0 0.0 0.0 0.0 0.0 4.60234545804 0.0 1.07741641992 0.0 0.0 0.0 143.0 244.0 36.0 0.117135645027 -0.0786974578541 0.140978781145 0.00584436447234 -0.0105375060098 
0.0 0.0 0.0 0.0 0.0 0.0 7.6431001998 0.0 0.0 0.0 0.0 0.0 141.0 248.0 36.0 0.258114426172 -0.0728530933818 -0.158885401639 0.0365387037332 -0.010889297869 
0.0 0.0 0.0 0.0 0.0 0.0 7.94020156131 0.0 0.0 0.0 0.129122131873 0.0 140.0 252.0 36.0 0.0992290245326 -0.0363143896486 -0.131440894853 -0.0912116622696 0.0 
0.0 0.0 0.0 0.0 0.0 0.0 9.15894895167 0.0 0.0 0.0 0.0 0.0 141.0 251.0 36.0 -0.0322118703203 -0.127526051918 0.0420955072752 0.00477679378597 0.0 
0.0 0.0 0.0 0.511400688143 0.0 0.0 9.19051739412 0.0 0.0 0.0 0.0236199988749 0.0 144.0 245.0 36.0 0.00988363695494 -0.122749258132 -0.0270657820102 0.096835214961 0.0 
0.0 0.0 0.0 0.0 0.0 0.0 8.1040436348 0.0 0.0 0.0 0.0 0.0 149.0 241.0 36.0 -0.0171821450553 -0.0259140431712 0.136899753751 0.00708829872767 0.0 
0.0 0.0 0.0 0.0 0.0 0.0 7.28094874318 0.0 0.0 0.0 0.0 0.0 149.0 241.0 36.0 0.119717608696 -0.0188257444436 0.155396318606 0.0196667113714 -0.0765199334026 
0.0 0.0 0.0 0.0 0.0 0.0 8.74180367245 0.0 0.0 0.0 0.0 0.0 143.0 247.0 36.0 0.275113927302 0.000840966927803 -0.0114482470496 -0.0925344097662 0.0652636441638 
0.0 0.0 0.0 0.0 0.0 0.0 9.51736055793 0.0 0.0 0.0 0.0 0.0 140.0 254.0 36.0 0.263665680252 -0.0916934428384 -0.000402929315632 0.0674011483177 0.0112562892387 
0.0 0.0 0.0 0.0 0.0 0.0 10.8352057713 0.0 0.0 0.0 0.0 0.0 138.0 255.0 36.0 0.263262750937 -0.0242922945207 -0.0393739198671 0.123318857937 0.0 
0.0 0.0 0.0 0.184418049955 0.0 0.0 8.56367355037 0.0 0.0 0.0 0.0 0.0 137.0 255.0 37.0 0.22388883107 0.0990265634165 0.04471584296 0.0687465989477 0.0 
0.0 0.0 0.0 0.0 0.0 0.0 11.3842384245 0.0 0.0 0.0 1.19216418282 0.0 137.0 255.0 37.0 0.26860467403 0.167773162364 -0.0594321773031 -0.102003287498 0.0 
0.0 0.0 0.0 0.0 0.0 0.0 11.7223810768 0.0 0.0 0.0 0.0 0.0 137.0 255.0 37.0 0.209172496726 0.0657698748665 0.00292920754899 -0.123985077134 -0.0164243015082 
0.0 0.0 0.0 0.0 0.0 0.0 10.9725337921 0.0 0.0 0.0 0.0928275700126 0.0 137.0 255.0 37.0 0.212101704275 -0.0582152022679 0.206882091183 -0.0186006425258 0.0164243015082 
0.0 0.0 0.0 0.0 0.0 0.0 11.7576924283 0.0 0.0 0.0 0.0 0.0 137.0 255.0 37.0 0.333333333333 -0.0768158447937 0.0720973197081 -0.0332663192594 0.0 
0.0 0.0 0.0 0.0 0.0 0.0 11.3359547951 0.0 0.0 0.0 0.0 0.0 137.0 255.0 37.0 0.333333333333 -0.110082164053 0.0284246012049 -0.0506470773098 0.0 
0.0 0.0 0.0 0.0 0.0 0.0 11.1518077155 0.0 0.0 0.0 0.00189448457503 0.0 136.0 255.0 37.0 0.333333333333 -0.160729241363 -0.0194997107657 -0.121925985871 0.0 
0.0 0.0 0.0 0.0 0.0 0.0 8.10298805978 0.0 0.0 0.0 0.0 0.0 136.0 255.0 38.0 0.313833622568 -0.282655227234 -0.0448992749984 0.0364825832534 -0.0164243015082 
0.0 0.0 0.0 0.0 0.0 0.0 11.9855822743 0.0 0.0 0.0 0.0 0.0 136.0 255.0 38.0 0.268934347569 -0.24617264398 0.0813645705905 -0.0655723088292 0.0 
0.0 0.0 0.0 0.0 0.0 0.0 12.9283123603 0.0 0.0 0.0 0.0 0.0 135.0 255.0 38.0 0.333333333333 -0.311744952809 -0.0853581309641 -0.3 0.0 
0.0 0.0 0.0 0.0 0.0 0.0 9.58460530359 0.0 0.0 0.0 0.0 0.0 135.0 255.0 38.0 0.247975202369 -0.333333333333 -0.0977238618763 -0.271615417994 0.0 
0.0 0.0 0.0 0.0 0.0 0.0 11.2353966615 0.0 0.0 0.0 0.0 0.0 135.0 255.0 38.0 0.150251340493 -0.333333333333 0.0428683467642 0.0844051648012 0.0 
0.0 0.0 0.0 0.0 0.0 0.0 10.7392077786 0.0 0.0 0.0 0.0 0.0 135.0 255.0 38.0 0.193119687257 -0.248928168532 -0.166988822056 0.0174237217365 0.0 
0.0 0.0 0.0 0.0 0.0 0.0 13.2637505777 0.0 0.0 0.0 0.0 0.0 135.0 255.0 38.0 0.0261308652008 -0.231504446796 0.0566422976198 0.0716572711967 0.0 
0.0 0.0 0.0 0.0 0.0 0.0 12.2464991242 0.0 0.0 0.0 0.0 0.0 135.0 255.0 38.0 0.0827731628205 -0.159847175599 0.0774593114447 -0.0443167715075 0.0 
0.0 0.0 0.0 0.0 1.01192786261 0.0 13.2377823698 0.0 0.0 0.0 0.0598106863538 0.0 135.0 255.0 38.0 0.160232474265 -0.204163947106 -0.0643059020663 0.106763876119 0.0 
0.0 0.0 0.0 0.0 0.0 0.0 10.8009837476 0.0 0.0 0.0 0.0 0.0 135.0 255.0 38.0 0.0959265721989 -0.0974000709878 -0.0158399219715 -0.0633146414112 0.0 
0.0 0.0 0.0 0.0 0.0 0.0 12.5710087584 0.0 0.0 0.0 0.0 0.0 135.0 255.0 38.0 0.0800866502274 -0.160714712399 0.00845139935757 -0.0582137261016 0.0 
0.0 0.0 0.0 0.0 0.0 0.0 12.9207745788 0.0 0.0 0.0 0.00343295174417 0.0 135.0 255.0 38.0 0.088538049585 -0.218928438501 0.0673293247627 0.0249952579831 0.0 
0.0 0.0 0.0 0.0 0.0 0.0 11.3453821243 0.0 0.0 0.0 0.0 0.0 135.0 255.0 38.0 0.155867374348 -0.193933180517 -0.00956987434951 -0.112117982441 0.0 
0.0 0.0 0.0 0.0 0.0 0.0 13.0428561315 0.0 0.0 0.0 0.0 0.0 135.0 255.0 38.0 0.146297499998 -0.306051162959 -0.218838442782 0.146491882242 0.0 
0.0 0.0 0.0 0.0 0.0 0.0 12.1744608864 0.0 0.0 0.0 0.0 0.0 137.0 255.0 38.0 -0.0725409427834 -0.159559280717 -0.00346545301051 0.0919770585475 0.0 
0.0 0.0 0.0 0.0 0.0 0.0 11.1051765485 0.0 0.0 0.0 1.51001140355 0.0 142.0 253.0 37.0 -0.076006395794 -0.0675822221696 0.125096790553 -0.0659064279542 0.0164243015082 
0.0 0.0 0.0 0.0 0.0 0.0 12.8270740785 0.0 0.0 0.0 0.970355025115 0.0 145.0 250.0 37.0 0.049090394759 -0.133488650124 -0.110340833639 -0.00310457729623 0.0 
0.0 0.0 0.0 0.277109171943 0.0 0.0 11.1805875891 0.0 0.0 0.0 0.601574747845 0.0 149.0 246.0 36.0 -0.06125043888 -0.13659322742 0.012657535235 0.0122605067487 0.0 
0.0 0.0 0.0 0.0 0.0 0.0 11.2692869134 0.0 0.0 0.0 0.121765481565 0.0 157.0 240.0 37.0 -0.048592903645 -0.124332720671 -0.00978667157268 0.0441003525514 -0.0112562892387 
0.0 0.0 0.0 0.299492247911 1.55869855772 0.0 7.36992698278 0.0 0.0 0.0 0.0 0.0 165.0 233.0 37.0 -0.0583795752176 -0.08023236812 0.0535120919067 0.0560643739876 0.0 
0.0 0.0 0.0 0.0 0.723561717565 0.0 9.19984954403 0.0 0.0 0.0 0.0 0.0 171.0 226.0 39.0 -0.0048674833109 -0.0241679941324 -0.0101378190654 0.0461099164665 -0.0116391494518 
0.0 0.0 0.0 0.0 1.1072267366 0.0 5.68593795891 0.0 0.0 0.0 0.0 0.0 177.0 219.0 43.0 -0.0150053023763 0.0219419223341 0.0493515746926 -0.0294812974306 0.0 
0.0 0.742839770596 0.0 0.0 0.164090342258 0.0 5.58271817984 0.0 0.0 0.0 0.0 0.0 180.0 216.0 46.0 0.0343462723163 -0.00753937509656 0.0115504770524 0.0832973576731 0.0 
0.0 0.0 0.0 0.0 0.0 0.0 8.19453580208 0.0 0.0 0.0 1.51242772909 0.0 180.0 217.0 46.0 0.0458967493687 0.0757579825765 -0.0745491446413 -0.014913574404 0.0 
0.0 0.0 0.0 0.0 0.0 0.0 5.55052604164 0.0 0.0 0.0 0.0 1.20265835813 179.0 218.0 46.0 -0.0286523952726 0.0608444081725 0.00332933412519 -0.0462478929177 0.0 
0.778185294272 0.576107804263 0.0 0.7914045796 0.930083665196 0.273104680902 2.10969732151 0.0 0.0 1.55704811714 0.0 0.513270012398 178.0 220.0 46.0 -0.0253230611474 0.0145965152549 -0.0582031063382 -0.0277645044712 0.0 
0.165693947735 0.0 0.0 0.363169670157 0.569251616581 0.0 5.88460806911 0.0 0.0 0.0 0.0 0.0 180.0 217.0 46.0 -0.0835261674856 -0.0131679892163 0.051816155498 -0.0396929288832 0.0 
0.141656434095 0.0 0.313089597561 0.0 1.29189913106 0.0 4.61524589273 0.0 0.0 0.106666121833 0.130788432172 0.0 186.0 209.0 50.0 -0.0317100119876 -0.0528609180995 0.0783820930299 0.0137193987428 0.0 
0.0 0.0 0.0 0.588398471877 0.0 0.056607385724 4.19002659845 0.0 0.0721684796859 0.629778306082 0.21586008874 1.4170715614 192.0 203.0 53.0 0.0466720810423 -0.0391415193567 -0.13771081584 0.0298440033176 0.0 
0.242239513911 0.0 0.0 0.283490533808 0.752942912078 0.0 5.73657131139 0.0 0.0 0.0 0.0 0.0 200.0 190.0 62.0 -0.0910387347976 -0.0092975160391 0.00258183043188 0.0057156063641 0.0 
0.858522756437 0.0 0.0400137434956 0.0 1.02896113682 1.28098133426 5.22400368527 0.0 0.0 0.0 0.0259070623303 1.34107408198 209.0 175.0 74.0 -0.0884569043657 -0.003581909675 -0.0107597271599 -0.115720040326 0.0 
0.0 0.0 1.20741647571 0.0 1.53444152499 0.0 3.9448619731 0.0 0.0 0.0 2.0826210568 2.1702165686 216.0 162.0 86.0 -0.0992166315256 -0.119301950001 -0.0150811560818 0.014924883385 0.0 
0.107214574538 0.0 1.06359588015 0.0 0.807258262104 0.0 5.96783392375 0.0 0.0 0.0 0.0 0.0 223.0 149.0 100.0 -0.114297787607 -0.104377066616 -0.0229626976273 -0.00247920631958 0.0 
0.0 0.598992886114 0.0 0.398603744661 3.07019361343 3.31871452653 4.4070735102 0.0 0.0 0.0 0.0 0.0 231.0 133.0 120.0 -0.137260485235 -0.106856272935 0.11099582097 0.00602296153069 0.0 
0.970146249653 0.0 0.0428688064829 0.284311167634 3.26504928967 0.0 4.1873274966 0.0 0.0 0.0540150121206 0.0 0.452077374605 231.0 132.0 121.0 -0.0262646642651 -0.100833311405 -0.0417323732202 0.0642152975378 0.0 
0.0 0.475339209431 0.0 0.150609070997 0.85012660754 0.0495890762363 5.51698286515 0.0 0.0 0.0583541244466 0.0 0.0 232.0 132.0 122.0 -0.0679970374853 -0.0366180138669 -0.126983940689 -0.0181778789325 0.0 
0.0 0.0 0.0 0.525679257766 0.773984386717 0.0 5.73373516816 0.0 0.0 0.682183000431 0.0 0.0 233.0 131.0 124.0 -0.194980978174 -0.0547958927994 -0.0919359960466 0.180422998393 0.0 
0.0 0.0 0.0 0.0 2.14023856958 0.0 4.20518598576 0.0 0.0 1.29707588565 0.76596279883 0.416150178762 235.0 129.0 126.0 -0.286916974221 0.125627105593 -0.00160890257548 0.0435297497313 0.0 
0.0 0.0 1.39002506289 0.0 0.118697131118 0.0 4.930857635 0.0 0.0 0.0 1.63960334329 0.0 236.0 128.0 129.0 -0.288525876796 0.169156855325 -0.0280687302047 0.152375144701 0.0 
0.0 0.0 0.0 0.0 0.524368236235 0.0 6.18905869193 0.0 0.0 0.0 0.0 0.0 237.0 126.0 131.0 -0.316594607001 0.321532000026 0.0370228021847 -0.169082116605 0.0 
0.0 0.0 0.0 0.0 0.494522722182 0.0 6.34005519678 0.0 0.0 0.0 0.0 0.0 237.0 123.0 135.0 -0.279571804816 0.15244988342 0.107055265559 -0.0108210018855 0.0 
0.0 0.0 0.0 0.0 0.416914801201 0.0 6.03038525065 0.0 0.0 0.0 0.0 0.0 237.0 122.0 137.0 -0.172516539257 0.141628881535 0.0095445632998 0.124643198705 0.0 
0.0 0.0 2.53105477707 0.216148456659 0.54832893395 0.0 4.14768407265 0.0 0.0 0.0 0.0 0.0 236.0 126.0 122.0 -0.162971975957 0.26627208024 0.109158700766 0.136965355252 0.0 
0.015099585956 0.0 0.0 0.0 0.0 0.161896699158 2.17842453286 0.0 0.0 0.0 0.395781532574 0.375902717003 235.0 135.0 72.0 -0.0538132751912 0.333333333333 -0.0180801203981 0.130278596726 0.0 
0.0 0.0 0.0 0.0 0.401752651278 0.255440131098 2.1028520623 0.0 0.0 0.0 0.0391502605852 0.0 234.0 130.0 49.0 -0.0718933955892 0.333333333333 -0.114971813342 -0.0419928034299 0.0 
1.65253451185 0.0 0.0 1.68566580212 0.2828666011 0.233568866841 0.171410652446 0.0 1.92767268551 0.0 0.153013953388 0.0 234.0 74.0 53.0 -0.186865208931 0.291340529903 -0.0218047048451 0.116956705407 -0.0159072933466 
0.0 0.0 0.0 0.0 0.0 0.0 0.935310852044 1.16310002363 0.075382964832 0.0 0.0 0.0 232.0 39.0 47.0 -0.208669913776 0.333333333333 -0.00373867712786 -0.0359777887578 0.0159072933466 
0.0 0.0 1.29916368738 0.0 1.26758295805 1.09356322946 2.96469026646 0.0 0.0 0.0 0.0 0.0 231.0 34.0 36.0 -0.212408590904 0.297355544576 0.0956804900537 -0.0882072423813 0.0 
1.05078794523 2.06062040798 0.229981504334 0.522176332456 0.0 0.768852265596 0.344262004285 0.814375214944 1.79726023062 2.26455017529 0.0 0.340085181934 231.0 34.0 36.0 -0.116728100851 0.209148302194 -0.0726512316479 0.0285978810653 0.0 
0.619645589146 1.44603019143 2.02532548466 0.0 1.34130109859 0.0 0.671982604821 1.16990292033 0.0 0.0 0.0 1.54919449097 232.0 34.0 36.0 -0.189379332499 0.23774618326 -0.00497493024763 0.0684248523796 0.0 
0.0 0.30395158082 0.0 0.0 1.02581957157 1.31238953304 0.795127980618 0.0 0.0 0.0 0.0 0.495906170483 231.0 34.0 36.0 -0.194354262746 0.306171035639 -0.083191599255 0.0600077852733 0.0 
0.0 0.0 0.127558964041 0.0 0.0 0.0 0.00959139984794 0.0 1.08807343344 0.0 1.09855505488 0.0 229.0 34.0 36.0 -0.277545862001 0.333333333333 -0.0462563408998 0.0164600267666 0.0 
0.0 0.0 1.32099656875 0.0 0.0781831046844 0.0 1.43278453871 0.903726192675 0.199180335731 0.0 0.404393183578 0.0 228.0 34.0 36.0 -0.323802202901 0.333333333333 0.0434023836354 0.0187592108319 0.0 
1.25035455114 0.0 0.918290637465 0.377464002736 0.0 0.1231007759 1.12331842445 0.0 0.967626618842 0.0 0.0 0.0 228.0 34.0 36.0 -0.280399819266 0.333333333333 0.0225778968551 0.044288599716 0.0 
0.0 0.0656453408126 0.247694921331 0.0 0.367453051072 0.111957514248 2.1396110939 0.0 0.697255504868 0.0 0.105233609942 0.0657582254195 228.0 34.0 36.0 -0.257821922411 0.333333333333 -0.0950505555831 -0.101479222921 0.0 
1.2510931272 2.85184266419 6.94345988174 0.0 0.404861756206 2.83382851827 0.0 0.0 1.11937710509 4.97720275025 0.0383133375965 2.14270279398 228.0 34.0 36.0 -0.333333333333 0.231854110412 0.0392993508312 -0.106167517023 0.0 
0.488631527368 0.0 0.386484214047 0.746727041471 0.103560422726 0.111253183237 0.832077671323 0.620539744396 0.438554653399 0.0 1.25598204608 0.0 227.0 33.0 36.0 -0.294033982502 0.125686593389 -0.00574824490083 0.0305863931343 0.0 
0.0 0.0 0.815331818667 0.0 0.472004614733 0.0 0.903338445117 2.11471956349 0.0 0.0 2.48359276052 0.0 227.0 33.0 36.0 -0.299782227403 0.156272986524 -0.0578575462762 -0.106403728728 0.0 
1.848300223 3.6342104059 1.85528571378 0.50070124822 0.0 3.79035603243 0.0 0.812658024164 1.0590750899 4.4668660199 0.148319666068 2.27619658812 227.0 33.0 36.0 -0.333333333333 0.049869257796 0.0111181487513 0.085459360403 0.0 
0.388663713495 1.05736547021 0.800684380547 0.0 1.36162258459 0.0 0.0 3.0827929943 1.73819828937 3.21376395124 0.0 3.08002996331 227.0 33.0 36.0 -0.322215184582 0.135328618199 -0.0618235605939 -0.00642939106517 0.0 
0.0 0.554167000026 1.01422931354 0.0 0.0 0.386156521123 1.66410044391 0.551927814786 0.62321264365 0.400653143479 0.0 0.0 227.0 33.0 36.0 -0.333333333333 0.128899227134 -0.00590474839044 0.0291989983877 0.0 
0.183006875542 0.355067658774 0.0 0.0 0.0 0.0 0.213762214656 0.0 0.0 0.0 0.0 0.0 227.0 33.0 36.0 -0.333333333333 0.158098225522 -0.068742289782 -0.0162181774933 0.0 
2.12566452422 0.0 0.0 0.0 0.400488021035 0.0 0.000948327266085 0.0 0.0 0.0 0.0 0.0 228.0 34.0 36.0 -0.333333333333 0.141880048028 0.0664806136738 0.112467637929 0.0 
1.93735064041 1.28263212716 1.25191288442 0.517434216113 1.2705841091 0.0 0.0 0.346624825487 0.38215442208 2.98908747901 0.0 0.279297373382 228.0 34.0 36.0 -0.26685271966 0.254347685957 0.0173316615116 -0.110845214719 0.0 
0.685970263788 0.484824671902 0.248398372539 0.0 0.0 0.0 0.710610101842 0.411117875685 0.0 0.0 0.0784191206291 0.0 228.0 34.0 36.0 -0.249521058148 0.143502471238 0.135501507508 0.161578581168 0.0 
0.329396747805 0.0 0.0 0.0 0.0 0.202407144796 1.29796037571 0.328378386356 0.783781135155 0.0 0.0 0.43120485418 228.0 34.0 36.0 -0.11401955064 0.305081052406 -0.0801504790706 0.0535235524057 0.0 
2.16996391005 3.60364184969 0.71373320125 0.0 0.398676566246 0.897551368759 0.0 1.99199414377 0.337009854068 3.88239336459 0.148605330563 0.323764312511 228.0 34.0 36.0 -0.194170029711 0.333333333333 -0.0580480705482 0.05714996426 0.0 
0.0 0.0 0.0 0.0 0.0 0.262276553742 1.1022893245 0.200147861432 0.0 0.149591195888 0.0 0.0 228.0 34.0 36.0 -0.252218100259 0.333333333333 0.147325569456 0.0269930080743 0.0 
0.0 0.0 0.566846756729 0.408349771519 0.0 0.0 0.0 0.169444707653 0.0 0.644065950775 0.0 0.0 227.0 34.0 36.0 -0.104892530802 0.333333333333 -0.173721560752 0.0360414069629 0.0 
0.342480695289 1.99322531467 0.919506489094 0.0 0.0 0.0 0.158634252451 0.96200560035 0.878908649983 0.859015965232 0.0 2.13505729488 227.0 33.0 36.0 -0.278614091554 0.333333333333 -0.200802109515 -0.026354109233 0.0 
0.0920639536905 0.0 1.43572410893 0.0 0.0 0.15217674311 0.0 0.787408403455 0.0 0.0 0.574362879007 1.95649760948 227.0 33.0 36.0 -0.333333333333 0.3069792241 0.0424598209527 0.0422010154043 0.0 
0.0 0.0 0.0 0.0 0.509086358444 0.00817641279051 2.0251083911 0.273412659091 0.0 0.0 0.300924311654 0.0314448894504 227.0 33.0 36.0 -0.290873512381 0.333333333333 0.0629187126761 0.0480556243615 0.0 
0.113474369189 1.87304486765 2.43786068342 0.146480022918 0.0 0.288737660952 0.351681195238 0.0 0.264377834321 3.60423327232 1.10875926237 1.56536890471 227.0 33.0 36.0 -0.227954799705 0.333333333333 0.0621664383865 -0.0238915028058 0.0 
0.0 0.0 0.0 0.0 0.0 0.0 0.861507163553 0.0 0.0 0.192900752266 0.0 0.0 227.0 33.0 36.0 -0.165788361318 0.309441830528 0.147553234842 0.117199987622 0.0 
0.0 0.0 1.11768425837 0.0 0.462016991513 0.0 1.00065058344 0.0 0.0 0.0 2.33279241821 0.0 227.0 33.0 36.0 -0.0182351264755 0.333333333333 0.101462972323 -0.166883923825 0.0 
0.0 0.0 0.973664779821 0.0 0.0 0.0 0.458019746474 0.0 0.0 0.0 0.0 0.0 222.0 33.0 36.0 0.0832278458476 0.166449409508 -0.00623001141432 -0.0250968559792 0.0 
0.00622693275473 0.0 0.0346674244464 0.0 0.0 0.0 0.781535400211 0.256722959505 0.588313542723 0.0 0.0 0.0 215.0 34.0 36.0 0.0769978344333 0.141352553529 0.0951725608699 0.0182250085764 0.0 
0.0 0.0 0.120298294679 0.523079344847 0.0 0.0793540091169 0.45569266124 0.0 0.218622877046 0.0 0.0 0.0 203.0 34.0 36.0 0.172170395303 0.159577562105 -0.0404136955084 0.0254825281534 0.0 
0.0 0.0 0.159860386492 0.0 0.0 0.0 2.33660617007 0.885263620307 1.15429174951 0.0 0.0783410149262 0.0 190.0 34.0 36.0 0.131756699795 0.185060090258 -0.0843563245682 -0.117169359152 0.0 
0.479624833845 0.0 0.0 0.0 0.0 0.0723268170471 0.418318540103 0.0 1.16877173312 0.0 0.623637870616 0.0 182.0 34.0 36.0 0.0474003752266 0.0678907311068 -0.0751313798603 -0.042098886092 0.0 
0.0 0.0 0.0 0.0 0.0 0.533951685007 0.645132396635 0.0 0.840045429006 0.0 0.360781277069 0.0 176.0 34.0 36.0 -0.0277310046337 0.0257918450148 0.108996920102 0.0386641489685 0.0 
0.370769416956 0.0144061011588 0.777194018893 0.0 0.0 0.0 0.865113225 0.374155951344 0.243261122665 0.0 0.233095396053 0.0 169.0 34.0 36.0 0.0812659154679 0.0644559939833 0.164375280247 -0.0530016970396 0.0 
0.0 0.120889460353 0.0 0.0 0.148509742435 0.0 1.24607609031 0.0 1.73340758862 0.0 0.0 0.0 163.0 34.0 36.0 0.245641195715 0.0114542969437 -0.0415950445932 -0.0376152721826 0.0 
0.0 1.10863504282 0.0 0.0 0.0 0.0 1.97744621422 0.0 0.458804203459 0.741228078751 0.0537475754944 0.743786281977 161.0 36.0 38.0 0.204046151122 -0.0261609752389 -0.0245576679905 0.0200917175159 0.0 
0.875713024145 1.01339437278 1.18574171783 0.0 0.0 0.0 0.459271332938 0.0 1.4244592382 2.3469143751 0.0 0.0 159.0 41.0 40.0 0.179488483131 -0.00606925772299 0.0400485224888 0.0579124045432 0.0 
0.0 0.0 0.0601046215199 0.0 0.0 0.0 1.38569376011 0.0 0.282443227664 0.0 0.0 0.0 154.0 42.0 40.0 0.21953700562 0.0518431468202 0.0106114364802 -0.047032805375 0.0 
0.36503662867 0.0 0.0284434745899 0.0 0.496386919599 0.0 0.913387925655 0.109012290303 2.05500949641 2.36883756794 0.0 0.0 149.0 43.0 39.0 0.2301484421 0.0048103414452 0.0248935770348 -0.149323851389 -0.0159072933466 
1.89828864234 0.734138732441 0.0 0.0 0.0 0.109867113916 0.0 0.0 0.880075320464 1.82518427138 1.42987062049 0.0 146.0 46.0 53.0 0.255042019135 -0.144513509944 -0.083746593077 -0.00789204922016 0.0 
0.49719822558 1.36506391796 1.08035745857 0.0 1.1845868783 0.213304746084 0.0 0.0 42.0867985447 5.46614007666 0.0 0.271170918024 131.0 51.0 110.0 0.171295426058 -0.152405559164 0.0221538559117 -0.0959469113594 0.0275464427984 
0.0 0.0 1.43953220247 0.0 0.0 0.609436040401 1.37256794603 0.398637518998 1.11267494692 0.0 0.239882614547 0.248341430338 122.0 50.0 169.0 0.19344928197 -0.248352470524 -0.0184493789818 0.120039761116 0.0112562892387 
0.240164237539 0.645175203856 0.0 0.0 0.0 0.0 1.21285122119 0.0 1.68934566212 0.0 0.0 0.0 105.0 48.0 224.0 0.174999902988 -0.128312709408 -0.011912091514 -0.0411976883192 0.0 
0.126733459122 1.73452119204 0.0 0.0 0.685926781516 0.336365467027 0.0 0.0 2.08050656025 2.63942660279 0.114518359611 1.40051335687 82.0 53.0 255.0 0.163087811474 -0.169510397727 0.0588479377751 -0.0832435259881 0.0 
0.0 1.37812591693 1.25410333762 0.0 0.0 0.0 0.0 0.0 1.20944779685 3.64127722955 0.0 0.687042206151 74.0 61.0 255.0 0.221935749249 -0.252753923715 0.0455431508438 -0.0605930711101 -0.0112562892387 
1.07953692728 2.27247701334 1.42308562029 0.979580410093 0.914163523226 2.39926883756 0.0 0.483208299277 2.12306132624 4.2386219201 1.0330086166 0.0 66.0 68.0 255.0 0.267478900093 -0.313346994825 0.159785178245 0.0122879740104 0.0112562892387 
0.253910667295 0.0 0.0 0.0 0.0 1.04662247083 0.123516441757 0.0 0.0 0.0 0.0 0.0 60.0 76.0 255.0 0.333333333333 -0.301059020815 -0.10122100793 -0.0274628043847 0.0 
0.0 0.0 0.0 0.0 0.0 0.0 0.984434501202 0.0 0.0 0.0 0.0 0.0 51.0 89.0 255.0 0.232112325403 -0.3285218252 -0.0141020191626 -0.101474827362 0.0 
0.0 0.0 0.0 0.0 0.64826163562 0.0 0.462278414122 0.0 0.00755925392267 0.0 0.133704993388 0.296921606827 41.0 104.0 255.0 0.21801030624 -0.333333333333 0.0298907107849 -0.000998274051557 0.010889297869 
# HEADER 4
0.0 0.0 0.0 0.0 1.0311756476 0.0 2.25286916947 0.0 0.0 0.0 0.0 0.0 133.0 249.0 255.0 0 0 0.0456145514314 0.143330433269 -0.0388027320371 
0.0 0.0 0.0 0.0 0.298347013733 0.0 0.0 0.0 0.190673078749 0.0 0.143201123238 1.13055046102 130.0 241.0 254.0 0.0456145514314 0.143330433269 -0.0660121002921 -0.0214027088436 0.0 
0.0 0.231500942771 0.225215312504 0.532130793066 0.0 0.0575950104283 0.0 0.0 0.0 0.072715419785 2.59539242383 0.677233204793 129.0 246.0 229.0 -0.0203975488607 0.121927724425 -0.067590651281 0.0761082432309 0.0 
1.159884764 0.933590140559 1.87446883215 1.31297748301 0.0 3.41002788892 0.0 2.09009658788 2.00283463912 1.39447314226 3.99112157788 1.28057465999 133.0 247.0 200.0 -0.0879882001417 0.198035967656 -0.00110703958522 0.0394456311479 0.0275464427984 
0.0 1.95980360437 4.74817344588 0.0 0.0481786637621 2.20331413312 0.0 2.66660520675 0.0 2.73100295538 3.99167362681 0.880514451386 137.0 248.0 173.0 -0.0890952397269 0.237481598804 -0.0934498611001 -0.130149871185 0.0 
1.36995042102 1.71296229969 4.92457945891 0.927414012186 0.541824624517 5.08850155003 0.0 6.52376699267 1.69640042184 4.13963485748 1.58336383729 0.0 143.0 247.0 147.0 -0.182545100827 0.107331727618 0.0301444889966 -0.103989820356 -0.0161805425161 
0.136869374399 0.0 3.70007002635 0.0 1.28134461111 2.19553805187 0.135666388741 3.52577412486 0.378720224812 0.0 3.30789486553 0.0 149.0 244.0 137.0 -0.152400611831 0.00334190726201 -0.00934032374511 -0.0669459048267 0.0 
0.594140454894 0.0 1.19404751319 0.0319672088847 0.0 1.70877315048 0.334522163028 3.08079776163 0.241128089767 0.0 1.16016039601 0.0 158.0 229.0 156.0 -0.161740935576 -0.0636039975647 -0.0827851552169 -0.0165775355342 0.0 
0.00323303923159 0.0 0.0 0.0 0.0 0.0 0.265431925078 1.15339518272 0.0 0.0 0.142618841695 0.0 165.0 204.0 213.0 -0.244526090793 -0.0801815330989 0.0511159965965 -0.0742620549612 0.0161805425161 
0.0 0.16993381691 0.318751774921 0.812414310766 0.0 0.502660106618 0.0 0.895698160028 0.100389196091 1.46539607932 0.0 2.26276271671 171.0 195.0 251.0 -0.193410094196 -0.15444358806 -0.0295536520866 0.0207294225562 0.0 
0.732181583812 0.0111441391311 0.995121864662 0.431601643195 0.301349070933 0.530221673407 0.0 0.0 0.81015461751 1.36825792404 0.132036777205 0.276397333062 186.0 215.0 254.0 -0.222963746283 -0.133714165504 -0.0417412721911 -0.0835405335449 -0.0275464427984 
0.0 0.0 0.0 0.545837119504 0.0 0.0 0.350034018396 0.366307017496 0.516100994455 0.172147880458 1.61053633636 0.0 203.0 241.0 255.0 -0.264705018474 -0.217254699049 0.2491297829 0.0653678608024 0.0275464427984 
0.0 0.0 0.00957384963259 0.545889298351 0.282669435271 0.0 0.366804208483 0.403479221439 0.0 0.0 0.901705685298 0.0 210.0 249.0 255.0 -0.0155752355733 -0.151886838246 -0.0421081608393 -0.0478620388829 0.0 
0.348061447408 0.0 0.161252300739 0.0 0.332336209706 0.0 1.42711637457 0.0 0.0 0.0 0.26769265612 0.0 216.0 249.0 255.0 -0.0576833964127 -0.199748877129 0.0648104294365 0.0983335125451 0.0 
1.45449998371 1.32584018769 0.884233231859 0.5304246023 0.0932923111847 1.12132583709 0.0 0.0 0.694767181645 1.6973124815 0.0 0.497872909759 222.0 249.0 255.0 0.00712703302385 -0.101415364584 -0.00640492214193 -0.0309388961857 0.0 
0.0 0.0 0.248640744799 0.0 0.0 0.0 0.839151503156 0.0 0.0 0.0 0.0199244069918 0.0 224.0 249.0 255.0 0.00072211088193 -0.13235426077 -0.0030502024856 0.134898790565 0.0 
0.0 0.0 0.0 0.529977865544 0.0 0.0 0.0 0.0 0.0 0.119595750119 0.0 0.0 225.0 249.0 255.0 -0.00232809160367 0.00254452979507 0.0122635090061 0.0691635221553 0.0 
0.965709438122 2.5437883462 1.98973353387 0.638078266219 0.391794736982 2.00563733888 0.0 1.73193714672 1.42457291435 4.0601316668 0.0 0.324558321764 224.0 241.0 255.0 0.00993541740241 0.0717080519504 0.0945006833029 0.0642211567833 0.0 
1.26204015098 0.00653525949637 0.802100773609 1.30284116636 0.413812927405 1.80778218061 0.0 1.09303193072 0.984649223466 3.21376926122 0.0 0.144774132205 217.0 216.0 255.0 0.104436100705 0.135929208734 0.0933165355107 -0.122285264189 0.0 
0.127717898846 0.0 0.0 0.539666159404 0.144800178267 0.0 0.603416599071 0.0 0.0 0.0 1.86055706607 0.0 203.0 206.0 254.0 0.197752636216 0.0136439445452 -0.120326209456 0.0296583397546 0.0 
0.49628533842 1.87229907023 0.826245259369 0.0 0.0 1.6929671768 0.0 0.177679081645 0.944444083927 3.22551496666 0.0 0.375247780659 191.0 197.0 254.0 0.0774264267602 0.0433022842998 -0.0519500423796 0.0991235086213 0.0 
0.0 0.0 0.0 0.0 0.0 0.0 0.76309579098 0.0 0.0 0.0 0.0 0.0 184.0 179.0 249.0 0.0254763843806 0.142425792921 -0.13384843931 -0.00771507068496 0.0 
2.12426731932 2.90834911773 1.70411374639 1.33656474493 0.504151231403 1.01031867725 0.0 0.0 0.918005141318 3.10171512501 0.12303899762 2.07737257981 187.0 172.0 221.0 -0.108372054929 0.134710722236 -0.0285350583986 -0.0407518831827 0.0 
1.79206124538 1.59599187888 2.24512305422 0.503637483174 0.336583789423 2.19799411895 0.0 2.8578034204 0.950610327468 2.51124924718 0.0 1.54959234339 196.0 171.0 185.0 -0.136907113328 0.0939588390535 0.0632928983096 -0.141428989789 0.0 
0.0 0.0506434183674 0.0 0.0 0.0 1.11214143564 0.0213221787883 0.430707900816 0.104040252363 0.0 0.0954603100455 0.541172860138 203.0 158.0 201.0 -0.073614215018 -0.0474701507357 0.0310214296331 0.0327790472749 0.0 
0.0 0.0 0.0 1.0678980707 0.0 0.0 0.653047601443 0.0 0.0 0.0 0.0 0.0 212.0 156.0 221.0 -0.0425927853849 -0.0146911034608 -0.0801882293493 0.0859845535729 0.0 
0.0 0.0 0.0 0.0 0.0 0.0 0.125989273396 0.0 0.0 0.0 0.0 0.0 219.0 145.0 218.0 -0.122781014734 0.0712934501121 -0.0834972169383 -0.0793660078579 0.0 
0.227251560478 0.0 0.731654063272 0.0 0.0 0.0 0.120329662887 0.0739064989932 0.135048873745 0.0 0.0 1.42820932495 227.0 138.0 216.0 -0.206278231672 -0.00807255774583 -0.237697245911 0.139815358029 0.0 
0.0 0.0 0.0 0.0 0.0 0.0 0.0 0.0 0.30381482734 0.0 0.119866999778 0.184751814746 232.0 131.0 204.0 -0.333333333333 0.131742800283 0.146578836726 -0.066483670044 0.0 
0.0 0.0 0.675169580801 0.35128902221 0.0 0.0 0.0 0.0 0.0 0.0 1.62361722824 0.0 232.0 121.0 183.0 -0.186754496607 0.0652591302392 0.100533700212 0.0247270263307 0.0 
0.00357520510741 0.0 1.23517246351 0.0 1.83028709126 2.3402413273 0.0 1.3126752517 0.991972420728 1.86705334932 0.242819965753 0.0 233.0 125.0 154.0 -0.0862207963953 0.0899861565699 -0.0538536248993 -0.0328834925832 0.0 
0.0 0.0 0.0 0.531215100511 0.0 0.0411435126493 2.10038648055 0.0 0.13877220061 0.0548358191979 0.0 0.0 233.0 129.0 128.0 -0.140074421295 0.0571026639867 -0.0793514409854 0.017571281915 0.0 
0.380839070548 0.0 0.304524747154 1.35617815875 0.0 0.649442343851 2.42364122449 0.438527650603 0.0 0.0 0.0 0.982866433947 233.0 132.0 105.0 -0.21942586228 0.0746739459017 -0.000348107061082 0.0730849224933 0.0 
0.0 0.0 0.0 0.0 0.0 0.0 1.38494265129 0.744861687177 0.0 0.0 0.570275457098 0.0 233.0 134.0 80.0 -0.219773969341 0.147758868395 -0.0255918551265 -0.129806748819 0.0 
1.46366020963 0.0 1.03865505961 0.0 2.22333829236 0.0 1.56366375095 0.0 0.0 0.145892794095 0.0 1.30930057723 233.0 131.0 68.0 -0.245365824468 0.0179521195764 -0.135661909231 0.0272120604564 0.0 
0.0 0.0355670570762 0.0 0.930637418225 0.649347443991 2.27986057928 0.0 0.454882343678 1.3259962589 0.909298134992 0.0 1.26294590374 233.0 129.0 61.0 -0.333333333333 0.0451641800328 0.0594123284061 -0.0667007352665 0.0 
0.0 1.40587048381 1.15136817921 0.0 0.0 0.0 0.0 0.414717413562 0.0 0.176505113663 0.0 0.0 237.0 121.0 68.0 -0.273921004927 -0.0215365552337 -0.111039436583 0.0550223193153 0.0 
2.48267343879 1.39330475732 0.543107698016 1.25669919635 0.284332428591 1.62260488467 0.0 0.390600713633 0.167028295372 1.75706572691 1.08756363481 2.47611922958 237.0 119.0 71.0 -0.333333333333 0.0334857640816 -0.110305939512 -0.0688327250332 0.0 
0.0 0.0 0.0 0.0 0.0 0.0 0.0564568285657 0.577335040638 0.0 0.0 1.06883564231 0.0 237.0 118.0 78.0 -0.333333333333 -0.0353469609516 0.146431759638 -0.0386834101958 0.0 
0.782692372623 2.31621569797 0.776364434476 0.0 1.47033743871 0.610512606234 0.0 0.703216942253 0.690159793296 2.7156610925 0.325829972609 1.2326048051 237.0 115.0 94.0 -0.186901573695 -0.0740303711475 0.0170479519217 0.0244158868362 0.0 
0.393579141206 0.0 0.0 0.0 0.0 0.0 0.055038675694 0.0 0.0 0.0 0.0 0.0 237.0 114.0 100.0 -0.169853621773 -0.0496144843113 -0.134858157302 0.102724810717 0.0 
0.873603513077 0.0 0.562491652955 0.0 0.0 0.0 0.0630143561361 0.0 0.323042294181 0.357297107567 0.175379753875 0.168328710464 238.0 114.0 102.0 -0.304711779076 0.0531103264058 -0.0851925751444 -0.107557676646 0.0 
0.0179477512992 0.0 0.0 0.0 0.473087398958 0.0 0.913713836816 0.0 0.0 0.0 0.0 0.299444203978 238.0 114.0 103.0 -0.333333333333 -0.0544473502397 -0.0338201839479 0.0376622175254 0.0 
0.0 0.0 0.0 0.107076650438 0.0 0.0 1.2946003448 0.142500395883 0.0 0.745184885367 0.72772479213 0.0 238.0 114.0 104.0 -0.333333333333 -0.0167851327143 -0.0562760446083 -0.131437581137 0.0 
0.256750992488 0.0 0.542031554854 0.0220533377993 0.506937463591 0.0 1.70664164284 0.294840821999 0.0 0.0 0.0 0.0 238.0 114.0 104.0 -0.333333333333 -0.148222713852 0.0157971358232 -0.0783555478812 0.0 
0.0 0.0 0.147181330099 0.157565706273 0.15654312919 0.0 1.87646846414 0.0 0.0 0.0 0.0 0.471114742131 238.0 114.0 105.0 -0.31753619751 -0.226578261733 0.143877576586 0.151717681884 0.0 
0.377285040874 0.0 0.0 0.0 0.0 0.0 2.83643050352 0.0 0.0 0.0 0.113016416782 0.0 238.0 114.0 105.0 -0.173658620924 -0.0748605798488 -0.0816995118395 0.210334119871 0.0 
0.0257767203848 0.0 0.0215603010888 0.0 0.0 0.0 0.834689134715 0.0 0.0 0.0551127673275 0.138271210569 0.0 238.0 114.0 105.0 -0.255358132764 0.135473540022 -0.100858761231 0.227116419879 0.0 
2.0574273401 3.62779935093 1.56457536628 0.512935137767 0.503433924227 0.0359080511766 0.0 0.0 0.945629929509 4.12242218376 0.239060320731 0.534793953898 238.0 114.0 105.0 -0.333333333333 0.333333333333 -0.141705001524 -0.111826307071 0.0 
0.0 0.0 0.0 0.0 0.296836740696 0.0 2.58827128962 0.348253621935 0.0 0.0 0.0 0.0 238.0 113.0 106.0 -0.333333333333 0.221507026262 -0.220236733569 -0.0664460043044 0.0 
0.0 0.0 0.128130297667 0.0 0.0 1.00723427792 2.18835836433 0.0 0.0825195097707 0.0 0.0 0.491065242959 238.0 114.0 102.0 -0.333333333333 0.155061021958 -0.0141649991248 0.154261503818 0.0 
0.871737500199 0.677136922547 0.831674182093 0.0 0.0 0.0 0.0 0.0 0.637565702627 1.45591761365 0.0 0.387271344579 237.0 121.0 76.0 -0.333333333333 0.309322525776 -0.0173524609121 0.123515981112 0.0 
0.256989711109 0.0 0.0 0.297209921188 0.0 0.0 0.210570320635 0.0 0.0 0.0 0.117672705104 0.0 236.0 100.0 51.0 -0.333333333333 0.333333333333 0.0176311366252 0.0954268160123 0.0 
0.0 1.1190764592 0.426400247138 0.49653259436 0.0 1.02743408299 0.0 0.317678370511 0.0774672911837 1.89203883444 0.123198800976 0.295772103378 234.0 54.0 51.0 -0.315702196708 0.333333333333 0.0444142874256 -0.142925666071 0.0 
0.0 0.0 0.536259198951 0.0 0.0194180715162 0.0 0.25673348998 0.388604800908 0.239664308384 0.0 0.0765769275489 0.0 232.0 35.0 42.0 -0.271287909283 0.190407667262 -0.0597738768457 -0.0732087662532 -0.0275464427984 
0.356969522441 1.3267749089 0.0 0.0231137405344 0.0 0.352698458875 1.2225757595 0.0 0.0 0.0 0.231750927079 0.106980337178 232.0 34.0 39.0 -0.331061786128 0.117198901009 -0.0641177752282 0.115450037709 0.0 
1.00029232491 0.0 1.48417528187 0.0 0.532875851861 0.758974292969 0.0 0.0 1.10650493697 2.64300107145 0.0 0.0 232.0 34.0 36.0 -0.333333333333 0.232648938719 0.0813167575012 0.0543675980164 0.0275464427984 
0.656881171796 2.123473433 0.653195997268 0.921074752267 0.0561996465745 1.06414137162 0.0 1.02720036415 1.22431647788 1.67123946281 0.0 0.00875965556522 232.0 34.0 36.0 -0.252016575832 0.287016536735 0.0101824718887 -0.0205443852398 -0.0275464427984 
1.41803595535 1.23706990481 1.70810579075 1.35297283023 0.435148048769 1.088586481 0.0 0.355134658848 1.13062809249 4.29367053997 0.947074077963 2.24300561909 231.0 34.0 36.0 -0.241834103943 0.266472151495 0.0752945352263 0.0514705466937 0.0275464427984 
0.225209187708 0.476341434531 0.505921605106 0.0524196327824 0.0 0.541796392419 0.0 0.896517731928 0.676498475512 0.781499582857 0.137898979155 0.725636104553 231.0 34.0 36.0 -0.166539568717 0.317942698189 -0.01839462494 -0.0917071920249 -0.0275464427984 
0.515394164734 0.0 0.0 0.0 0.0 1.03665420412 0.711778123346 0.0 0.0 0.0 0.0 0.520832207063 230.0 34.0 36.0 -0.184934193657 0.226235506164 0.0160101870259 0.00499187751527 0.0 
0.0 0.0 0.0 0.0 0.261204728283 0.0 0.835134849241 0.0 0.0 0.0 0.866276353989 0.0119460034947 231.0 34.0 36.0 -0.168924006631 0.231227383679 -0.0929145925088 -0.0305965681808 0.0275464427984 
0.0 0.335892862227 0.0 0.0 0.851581682763 0.255301598041 0.429877476364 0.0 0.143185891788 0.0 0.0 0.116842925356 230.0 34.0 36.0 -0.26183859914 0.200630815499 -0.124904112048 -0.000922504246871 -0.0275464427984 
0.0 0.0 0.0 0.0 0.533931948077 0.182842796682 0.0609713294776 0.194949826472 0.442942702234 0.0 0.0 0.51328220137 230.0 34.0 36.0 -0.333333333333 0.199708311252 0.0810874055367 0.211210361513 0.0275464427984 
1.85520884897 1.598522892 0.560949879913 0.351036446205 0.236356758679 1.01864654079 0.0 0.903807537529 0.0 3.2232382667 0.0 1.56583924463 230.0 34.0 36.0 -0.252245927797 0.333333333333 -0.0472793078807 -0.0219112358381 -0.0275464427984 
0.0 0.67748007321 0.0 0.0 0.0 0.0 0.0 0.0 0.193742905093 0.0 0.0 0.0 229.0 34.0 36.0 -0.299525235677 0.311422097495 -0.0667914550511 -0.0394387734171 0.0 
# HEADER 5
0.0 0.0 0.0 0.0 0.0 0.0 0.0 0.20665580552 0.0 0.0 0.0 0.0 133.0 249.0 255.0 0 0 0.0301262263942 -0.00730384282786 0.0275464427984 
0.284543117511 0.0 0.0 0.0 0.0 0.0 0.561663963651 0.0 0.953953952726 0.0 0.0 0.0 131.0 250.0 255.0 0.0301262263942 -0.00730384282786 0.00529294136797 0.111893612814 0.0 
0.0 0.0 0.0 0.0 0.0 1.20033692264 0.0 0.0 1.06132583237 0.0 0.137400807968 0.281923580848 127.0 250.0 255.0 0.0354191677621 0.104589769986 0.0655260172253 0.0190143528184 -0.0275464427984 
0.652366026123 1.24300507324 0.789459107897 0.910318593221 0.928111462551 1.8142979816 0.0 0.0 1.85011819522 3.88759498335 0.298086294717 0.116561741838 125.0 250.0 255.0 0.100945184987 0.123604122804 0.0185786371887 0.0943991053235 0.0275464427984 
0.0 0.0 0.128050947235 0.567856712913 0.0694406664041 0.0 0.0 0.0 0.727730115429 1.35962792386 0.0 1.01833265604 125.0 248.0 246.0 0.119523822176 0.218003228128 0.0918471215876 -0.080341700488 0.0 
0.0 0.161916197517 1.93639490591 0.0 0.0 0.0352668294074 0.411746355778 0.0 0.0 0.0 2.95342714821 0.325461315444 129.0 247.0 221.0 0.211370943764 0.13766152764 -0.208387252566 0.00248952551693 0.0 
0.0 0.137434820461 2.93630369642 0.0 0.0 0.998948919196 0.0 0.13500424983 0.661858741175 0.411374638072 5.30541028259 1.11790442609 133.0 247.0 199.0 0.00298369119791 0.140151053157 0.0170402672073 -0.0455740608712 0.0 
0.0 0.0 4.00867771034 0.0 0.0 1.75420897016 0.0 2.00853489965 0.247012080224 1.73335752442 5.17557881489 0.0371552075167 135.0 247.0 181.0 0.0200239584052 0.0945769922854 -0.0887737605611 0.0138646336352 -0.0161805425161 
1.70402893182 2.31009386848 6.15358993432 0.538298223438 0.0 5.10506982265 0.0 5.89554629629 0.934610452147 3.60368136107 4.74499345619 1.37425024887 138.0 247.0 167.0 -0.0687498021559 0.108441625921 0.0421743802972 0.000190622695751 0.0 
1.53147654511 2.89350897232 5.46258870475 0.112484781463 0.919108733948 8.09634654035 0.0 7.87894927583 0.787141377392 3.62651518235 3.73571196909 0.515107429099 140.0 247.0 154.0 -0.0265754218587 0.108632248616 0.102962575098 -0.0086868100181 0.0274368317548 
# HEADER 6
2.12555671149 3.09131739864 3.02774106274 0.725188851572 0.828272465168 2.68911716482 0.0 0.714871267093 2.74059787315 5.20432090479 0.0 1.39093521735 133.0 249.0 255.0 0 0 0.119090017328 0.0360541545517 -0.0112562892387 
0.577724381294 0.0 1.47943840282 0.00627370019229 0.0 0.0 0.708582960423 0.0 0.268904632672 0.0 0.494006325008 0.0 128.0 249.0 255.0 0.119090017328 0.0360541545517 -0.0797077957469 -0.0696599613529 0.0 
0.0 0.0 0.0 0.116463373846 0.0 0.0 0.0 0.372062726221 0.0 0.0 0.0 0.0 123.0 251.0 255.0 0.0393822215814 -0.0336058068012 -0.07739208062 -0.0136556776473 0.0 
0.408424511573 0.473786806372 0.586077238318 0.0 0.0 0.0 0.0 0.409717402504 0.0 0.0 0.112324779931 0.641861151701 122.0 253.0 255.0 -0.0380098590385 -0.0472614844485 0.0364938991086 0.0925955452345 0.0 
0.113278411997 0.0 0.0 0.0 0.0 0.0 0.64319954613 0.0 0.0262304141307 0.0 0.0 0.0 121.0 253.0 255.0 -0.00151595992998 0.045334060786 -0.0525753422351 0.00877408508668 0.0 
0.0 0.0 0.0 0.0 0.0 0.0 0.0 0.0 0.0 0.0 1.52200408623 0.0 122.0 253.0 255.0 -0.054091302165 0.0541081458727 -0.0265866553297 0.0311307586565 0.0 
0.217478692503 1.08153467292 0.0 0.0 1.04865171563 0.853531185986 0.644580425619 0.0 0.0 0.0 0.0 0.0 124.0 248.0 252.0 -0.0806779574947 0.0852389045292 0.0459072757213 0.105745725608 0.0 
0.633248821452 0.0 0.744109130677 0.76398657714 0.553574915122 0.0 1.15907989392 1.90290970287 0.0 0.0329777027136 1.63834668981 2.23779840338 130.0 246.0 227.0 -0.0347706817735 0.190984630137 0.123623339641 0.134653074037 0.0 
0.40885431368 0.0 0.0 0.0 0.0 2.67666648891 0.0 1.44395796362 0.0 1.26833477676 3.90429390727 1.34405918396 137.0 247.0 187.0 0.0888526578671 0.325637704174 -0.00756808102897 -0.0541419425762 0.0 
0.656470923644 0.0 6.02015492088 0.0 0.0 3.27900728096 0.0 5.30570005271 0.0 0.0 4.89984282009 0.508939521602 140.0 247.0 161.0 0.0812845768381 0.271495761598 0.0461175790779 -0.132097202904 0.0 
1.07900287562 1.61180986483 4.57542264222 0.303711083485 0.162775965534 11.331998594 0.0 9.04880613731 0.0 1.90500756997 5.14923221231 0.235603118626 141.0 247.0 143.0 0.127402155916 0.139398558694 -0.000414638098359 0.0567935243561 0.0112562892387 
0.0 0.0 5.33311604245 0.0 0.0 6.248865166 2.19486268532 10.254027327 0.0 0.0 3.10703174648 0.0 143.0 248.0 125.0 0.126987517818 0.19619208305 0.0567996752712 -0.069721075963 0.010889297869 
0.0 0.0 4.76594900932 0.0 0.0 5.7019954006 7.58223776333 8.65388207767 0.0 0.0 4.92237794189 0.0 143.0 248.0 112.0 0.183787193089 0.126471007087 -0.118371165114 -0.0184384628467 0.0207377663188 
0.0 0.0 0.0 0.0 0.0 3.56278839593 10.242638932 8.7448547804 0.0 0.0 1.3545904606 0.0 144.0 250.0 105.0 0.065416027975 0.108032544241 0.124457313496 0.0291449246611 0.0680865511926 
0.0 0.0 0.0 0.0 1.44586458345 4.17455830963 12.2708292977 7.48879612386 0.0 0.0 3.50358212573 0.0 144.0 250.0 98.0 0.189873341471 0.137177468902 -0.0128456530382 -0.0291867464338 0.00909225442797 
0.0 0.0 0.0 0.0 0.0 4.190622888 13.0366745349 7.56832497054 0.0 0.0 1.83553230804 0.0 143.0 251.0 94.0 0.177027688433 0.107990722468 -0.171426258104 0.0588750642128 0.00878546304572 
0.0 0.0 0.0 0.0 0.0292503549009 0.0 14.3701910991 7.30771182931 0.0 0.0 1.92686224066 0.0 143.0 251.0 86.0 0.00560143032846 0.166865786681 -0.0986312195126 0.220188659725 0.0389967892117 
0.0 0.0 0.0 0.0 0.660740538702 0.0 15.271825799 3.61686377535 0.0 0.0 0.0 0.0 143.0 251.0 68.0 -0.0930297891841 0.333333333333 0.0489197992373 0.0582770157369 0.0078886677261 
0.0 0.0 0.0 0.0 0.384078819589 0.0 15.6929323201 0.0 0.0 0.0 1.00944240915 0.0 144.0 251.0 47.0 -0.0441099899468 0.333333333333 -0.241115800337 0.0710170953997 0.0843808415 
0.0 0.0 0.0 0.0 0.0 0.0 10.8961921061 0.521676886623 0.00814685268749 0.0 0.0 0.0 146.0 247.0 37.0 -0.285225790284 0.333333333333 -0.130566233571 0.0811353770112 0.116358483417 
0.0 0.0 0.0 0.0 0.0 0.0 7.99903472554 1.33269289009 0.0 0.0 1.67667208244 0.0 160.0 227.0 37.0 -0.333333333333 0.333333333333 0.0567711125311 0.0189847644834 0.0742760050191 
0.0 0.0 0.0 1.1005196804 0.321855162463 0.0 3.736897049 3.27447560288 0.947296768384 0.0 0.0595714489972 0.0 177.0 198.0 37.0 -0.276562220802 0.333333333333 -0.0438786537211 -0.0432589536246 0.0770056116888 
0.441029291163 0.0 1.32034739736 0.0 0.0 0.234686752242 0.388871227121 0.54616837506 0.543178822156 0.0 0.0 0.0 192.0 164.0 37.0 -0.320440874523 0.290074379709 -0.0740821810852 -0.045884587521 0.111636067502 
0.342424557538 0.0 0.0 0.266130179755 0.0 0.296943092885 0.235823048952 2.51439933499 2.82720436748 0.789403042817 0.0 0.208473990629 200.0 126.0 37.0 -0.333333333333 0.244189792188 -0.100309934863 -0.133924022537 0.186038819185 
0.58377581277 0.0 0.0 0.0 0.0 1.39174609597 0.251818629507 1.28725520723 0.0 0.0 0.335002584745 1.65263111581 201.0 112.0 37.0 -0.333333333333 0.110265769651 -0.101049903942 -0.0711330351784 0.0752787211329 
0.88094530248 0.979768897579 1.25458998834 1.47899145263 1.48749548646 1.21017960762 0.532974194013 0.737892536987 0.0 1.89898231114 0.115455154772 0.405992192806 204.0 106.0 37.0 -0.333333333333 0.0391327344721 -0.0183970277583 -0.0882958678386 0.0811253570054 
0.37455761738 0.497533921692 1.09088747927 0.0 0.838161861094 0.958223381527 0.128359945428 0.927595383746 1.16423811403 1.24133398393 0.175576047371 0.0 208.0 58.0 72.0 -0.333333333333 -0.0491631333664 0.122137539906 0.0502317111919 0.0 
0.0 0.0 0.0 0.0 0.00339922493582 0.198330521667 1.29050376177 2.14414696673 0.0 0.0 0.0 0.422379556329 222.0 57.0 71.0 -0.211195793427 0.00106857782546 -0.120268073459 -0.12256328071 0.0 
0.0 0.0 0.0 0.00703071473152 0.0 1.48910589865 0.475552743806 0.240984877952 0.281574423368 0.0 0.0191526745248 0.0 230.0 57.0 82.0 -0.331463866886 -0.121494702884 -0.0409893389276 0.144965258722 0.0 
0.0 0.0 2.52163463766 1.25908619627 0.0 1.00239062056 0.0 0.269624209515 0.50800344854 0.602285886126 0.307767815425 0.0 231.0 55.0 88.0 -0.333333333333 0.023470555838 0.0148112886119 0.106874807997 0.0 
0.0 0.0 0.0 0.0 0.0 1.43625947298 1.13335189379 0.218404120165 0.0 0.0 0.504544011058 0.0 231.0 56.0 66.0 -0.318522044721 0.130345363835 -0.0937170064771 -0.00623570372388 0.0 
0.484591930113 0.0 1.4411093018 0.0 0.031986160891 0.0 1.3636168579 1.30326147575 0.0 0.0 0.0 0.0 231.0 45.0 49.0 -0.333333333333 0.124109660111 -0.113540473529 -0.0935876794387 0.0 
0.0 0.0 0.0 0.0 0.0 0.0 0.80188897165 0.451303192125 1.19322682687 1.35411126067 0.0544412442078 0.0 232.0 39.0 47.0 -0.333333333333 0.0305219806723 -0.0300186898497 -0.118594938572 0.0 
0.314080613451 1.0699389683 0.0 0.0 0.0394549428944 0.0 0.0 1.79898244143 1.68704964824 1.64089338864 0.323553132231 0.723334934492 232.0 48.0 55.0 -0.333333333333 -0.0880729578999 -0.079948283676 0.0902450597761 0.0 
0.0 0.0 0.0 0.0 0.0 0.0 0.124577064772 0.0 1.04545754136 0.0 0.0 1.40719629875 232.0 51.0 65.0 -0.333333333333 0.00217210187622 0.3 0.171980289782 0.0 
0.090366665002 0.0 0.0487174071959 0.0 0.035523900232 0.0 0.134638899187 0.0 0.380349835267 0.6467130504 0.537501083642 0.0 232.0 47.0 50.0 -0.0333333333333 0.174152391658 0.0737044640633 -0.0411005696314 0.0 
0.0 0.0 0.0 0.0 0.0 0.0 0.651480804857 0.0 0.0 0.199231166162 0.0 0.0 232.0 35.0 42.0 0.0403711307299 0.133051822027 -0.0215221156059 -0.0173249619212 0.0 
0.0 4.81828193797 2.17491815967 1.50958502359 0.0 1.12845839401 0.0 0.0 0.925859510767 4.66337399292 0.0 1.24936114187 231.0 34.0 38.0 0.018849015124 0.115726860105 0.0294660585545 0.0384364714241 0.0 
0.0 0.680487062915 0.0 0.0 0.0207175206855 0.0 0.959732157914 0.0444696470816 0.0 0.0 0.0 0.0 231.0 34.0 36.0 0.0483150736785 0.154163331529 -0.00472059868259 -0.0446027334721 0.0 
0.0 0.0 1.23737760951 0.0 0.837423265146 0.0 1.85838300138 0.0 0.0 0.0 0.0 0.0 231.0 34.0 36.0 0.0435944749959 0.109560598057 -0.108279994462 -0.129525257487 0.0 
0.0 0.724888436693 0.0 0.0 0.0 0.0 0.102229736709 1.42903725749 0.0 0.0 1.14617003174 0.391042231727 232.0 34.0 41.0 -0.0646855194659 -0.01996465943 0.019982779738 -0.0567549461123 0.0 
0.0 0.123867621767 0.0 0.0 0.0 0.0 0.0528864907309 0.0 0.271965487538 0.450336396726 0.0 0.0 232.0 47.0 51.0 -0.0447027397279 -0.0767196055423 -0.0422599388179 0.101566183365 0.0 
0.542955053768 0.0 0.0 1.31480802404 0.0 0.0 0.810240943727 0.0979882090599 0.0 0.0 0.80924585531 0.0 232.0 49.0 54.0 -0.0869626785458 0.0248465778229 0.0617040270706 -0.0783600532044 0.0 
0.85701686062 1.02921370741 2.36193857289 0.0 0.707414462663 0.0 0.0 0.722234219619 0.874850545009 1.38441346313 0.0 1.0602831715 232.0 50.0 68.0 -0.0252586514752 -0.0535134753815 0.0165148631111 0.0600761936289 0.0 
0.0 0.137619712303 1.72660240021 0.0 0.318858499864 0.0 0.0 0.778992426388 0.0 0.0 0.0501687852311 0.0 232.0 52.0 75.0 -0.00874378836409 0.00656271824742 0.159664771174 0.0924950010026 0.0 
0.0 0.133616189063 0.0 0.0 0.0 0.382864071068 0.801655545113 0.805937288581 1.37672973782 0.0 0.0 0.0 231.0 52.0 58.0 0.15092098281 0.0990577192501 -0.0328820217762 0.120983758172 0.0 
0.0 0.0 1.08664696839 0.346436935179 0.347800004996 1.61826124849 0.0 1.84245584639 1.40243545372 2.91175576721 0.231317894668 1.07790295392 225.0 38.0 48.0 0.118038961034 0.220041477422 0.0951322821436 0.0484824541584 0.0 
0.379249238855 1.98979933325 0.0 0.346977651635 0.0 0.0245828737661 0.0 0.707350634376 0.841539855829 0.447958425787 0.0 0.0168768835448 209.0 35.0 39.0 0.213171243177 0.268523931581 -0.0118892629298 0.174291512045 0.0 
0.0 0.0 0.0 0.022292219139 0.0 0.0 0.816073037139 0.0 0.641748783585 0.62468290671 0.447407868084 0.0 189.0 35.0 36.0 0.201281980248 0.333333333333 0.0717548110167 -0.0946132725359 0.0 
0.441207942548 0.254213936805 0.0 0.798379665696 0.0 0.0 0.427386064255 0.0 3.07470227462 0.0 0.0 0.0 172.0 35.0 36.0 0.273036791264 0.238720060797 0.092777871513 -0.0646921078236 0.0 
0.0 0.0 0.0 0.0 0.0 0.0 0.954982791101 0.0 1.33050862177 0.0 0.0 0.0 153.0 35.0 36.0 0.333333333333 0.174027952974 -0.00282541406506 -0.192257097503 0.0 
0.0 0.0 0.0 0.705680026684 0.143927773033 0.0 0.146039783845 0.167301268781 1.54505445446 0.512005420953 0.554608104772 0.122069399105 149.0 36.0 37.0 0.330507919268 -0.0182291445287 -0.087773793852 -0.0776906264227 0.0 
0.0 0.138361199969 0.708298545608 0.0 0.0 0.0 0.0 0.0 2.76071143277 0.0 0.0 0.0 148.0 39.0 44.0 0.242734125416 -0.0959197709514 0.10429062055 -0.00295700588469 0.0 
0.497742147058 0.0 0.580075459093 0.0 0.0 0.0 0.348453222851 0.0 1.26257203553 0.0 1.11337607964 1.52523592204 147.0 43.0 49.0 0.333333333333 -0.098876776836 0.126733690087 -0.0976683376746 0.0 
1.12499356348 2.20604516199 1.84983233676 0.398151788775 0.899521251399 0.410460383913 0.0 0.232647492403 2.91174037215 3.75063891031 0.0 1.56431883058 143.0 43.0 111.0 0.333333333333 -0.196545114511 0.0157428825982 -0.139507015433 0.0 
2.90315087024 0.0 0.0 0.0 0.0 0.0 1.69372004177 0.0 0.0 0.0 0.0 0.0 125.0 47.0 182.0 0.333333333333 -0.333333333333 0.129916397279 -0.0252553741539 -0.00677916761122 
1.56503672436 2.35312987992 0.244153089883 0.0 1.28801596137 2.50926701251 0.0 3.039672978 1.90327583342 3.44061161913 0.0 0.827759483577 97.0 43.0 254.0 0.333333333333 -0.333333333333 0.0704794469289 -0.0826448827917 0.0 
0.0 0.0 0.0 0.0 1.36339648578 0.0 0.803815467816 0.0 1.16918077954 0.0 0.039942029871 0.11427651946 84.0 52.0 255.0 0.333333333333 -0.333333333333 0.0104574162017 -0.0101719446288 0.0439295128338 
0.70944233102 1.59904832146 0.485238288111 0.0 0.292791051854 0.600608851611 0.0 0.0 0.751764629509 3.44010619098 0.459448366408 0.262551134366 75.0 60.0 255.0 0.333333333333 -0.333333333333 0.0508120020623 0.0179589201598 0.0 
0.69715200536 0.494712487888 2.07475342333 0.380512372091 0.495296662562 2.19022306549 0.0 0.797463165448 0.841556990201 3.15076236214 0.82055221501 1.89600312007 66.0 71.0 255.0 0.333333333333 -0.315374413174 -0.0659884337296 -0.0284276946438 -0.0439295128338 
0.0 0.304660123067 0.336659714308 0.0 0.0 0.0 0.297056315286 0.00557548285332 0.850005242366 1.38722047292 0.0 0.0 56.0 84.0 255.0 0.267344899604 -0.333333333333 0.0603073985426 0.0602661393152 0.0365756390562 
0.0 0.0 1.48161686327 0.32718195335 0.0 0.217022324691 0.565649134793 0.0 0.0 0.314060243235 1.13148483811 0.0 44.0 102.0 255.0 0.327652298146 -0.273067194018 0.00664579605639 0.127554714972 0.0360571149387 
0.88676210909 0.331600566179 0.0206023241354 0.0 0.0 0.0 0.286835043713 0.0 1.1181375277 0.0 0.0521804683807 0.0 34.0 121.0 255.0 0.333333333333 -0.145512479046 0.0305717634938 -0.141913065276 0.035457978645 
0.0 0.0 0.0 0.0 0.0 1.08803226215 0.862073835205 0.388096505993 0.553731321701 0.0 0.0 0.0 28.0 134.0 255.0 0.333333333333 -0.287425544322 0.025778181977 -0.035774729111 0.0781023556491 
2.07727747629 2.20463425848 0.641177084331 0.459052250547 1.98945840245 2.886772967 0.0 1.0134967599 1.28940332997 3.15882480748 0.0 2.25647197858 24.0 144.0 255.0 0.333333333333 -0.323200273433 0.0993286685652 0.034532577423 0.0 
0.0 0.0 0.0 0.0 0.0 0.0 0.245654481001 0.0 0.319105764942 0.0 0.02244451818 0.0 20.0 154.0 255.0 0.333333333333 -0.28866769601 -0.0645244921996 -0.0807963016451 0.0 
0.0 0.0 0.558369648386 0.0 0.862720494295 0.588785385107 0.411647909315 0.0 0.0 1.11953736076 0.632629020306 0.0 16.0 165.0 255.0 0.268808841134 -0.333333333333 0.0287554340116 -0.0121129051923 0.0435552765351 
1.41954149009 0.787543599047 0.921651945752 0.1548544381 0.0 0.0845720018775 0.0 0.0 0.665643977563 1.66694224162 0.0 1.53263066692 11.0 175.0 255.0 0.297564275145 -0.333333333333 -0.0234265307545 -0.0311546414871 0.0 
1.24355238831 2.36933737569 0.0 0.57308535834 1.49644135189 2.05642890876 0.371316638329 0.804475170682 0.242452509381 2.18418750399 0.0 0.0 9.0 182.0 255.0 0.274137744391 -0.333333333333 0.0288144930237 -0.147136231818 0.01021032645 
0.842808212596 0.185237221991 1.17218311308 0.0 0.638955389765 1.65219413637 0.0 0.876540895483 0.0 1.45711417038 0.566848653601 0.97065655614 8.0 183.0 255.0 0.302952237415 -0.333333333333 0.00590974978634 -0.111645530285 0.0 
0.134975230972 0.652987658266 0.446194460764 0.217240118209 0.0 2.72181122574 0.0 0.0 0.0 2.08495896773 0.0 2.29798511621 7.0 185.0 255.0 0.308861987201 -0.333333333333 -0.0349279239957 0.111527174492 0.0 
0.0 0.538950160594 0.0 0.550470998365 0.0 0.337448211048 0.0 0.0 0.0 0.0 0.753863226515 0.0 4.0 199.0 255.0 0.273934063205 -0.221806158842 -0.0290979500162 0.015022728075 0.0 
0.479421078254 0.840924125979 0.437060267692 0.0761454692648 0.0 1.19571871213 0.0 0.0 0.774264069356 2.17088376774 0.0 0.627944993583 2.0 206.0 255.0 0.244836113189 -0.206783430767 -0.00272281619752 0.26377553314 0.0 
0.0 0.0 0.556055009973 0.0 0.0 1.19091172147 0.861189039084 0.426317772171 0.0 0.0 0.445103328414 0.0 2.0 206.0 255.0 0.242113296991 0.0569921023729 -0.0916514872287 0.0492216035926 0.0 
0.282635960187 3.62924024005 0.751888947719 0.358094650694 0.425213954707 2.5964952595 0.0 0.0 1.76411749996 4.84739089162 0.0 2.959331181 2.0 206.0 255.0 0.150461809763 0.106213705965 0.0335349801813 -0.070773266449 -0.0343855693082 
0.00279984153489 0.0 0.0 0.0 0.0 0.0 0.377518755249 0.0369836631784 0.0 0.487118590824 0.558636638842 0.306569920776 2.0 206.0 255.0 0.183996789944 0.0354404395165 -0.0321699315952 -0.131224026188 0.0343855693082 
0.0 0.0 0.434127739083 0.528165791155 0.535037117221 0.0 0.865955072673 0.0 0.14442464665 0.0 0.0 0.0 2.0 206.0 255.0 0.151826858349 -0.0957835866714 0.00192716517063 -0.192066186654 -0.0343855693082 
0.623036855611 1.73099508299 0.75857277216 0.526712233324 1.29945573652 1.66442479827 0.0 1.06703844013 2.38492599078 2.95315807294 0.0 0.884464434902 2.0 206.0 255.0 0.15375402352 -0.287849773325 -0.117183393368 0.100659501959 0.0343855693082 
1.78277093929 0.673563465985 0.0 1.54545746915 0.509044287082 1.35196132536 0.0 1.58319164622 0.705619781174 4.23345028955 0.0915537723745 0.0 2.0 206.0 255.0 0.0365706301516 -0.187190271366 -0.0226038244793 -0.0674293450052 0.0 
0.384599260433 0.0 0.750327814168 0.0 1.30271661794 0.0 0.714977512365 0.0 0.120291719347 0.0 1.9850379415 0.0 2.0 206.0 255.0 0.0139668056723 -0.254619616371 -0.106735988856 -0.193695542983 -0.0343855693082 
0.912552981035 2.66139464664 1.66718344792 0.787276384688 1.52238705347 0.295021777025 0.0 0.0 0.883531290859 4.52462357373 0.353212823513 1.68346329367 2.0 206.0 255.0 -0.0927691831833 -0.333333333333 0.106600249928 -0.0391410495593 0.0343855693082 
# HEADER 7
0.0 0.0 0.599217916794 0.0 0.0 0.0 1.37452650832 1.1015933025 0.0 0.0 1.5751350431 0.0 133.0 248.0 255.0 0 0 -0.0653422059306 -0.0666776930266 0.0 
1.56975645967 2.70889435054 1.03242089711 0.468456076386 0.477935893742 2.75587135304 0.0 0.0 0.979835149052 5.09252545884 0.0 3.26387429712 134.0 249.0 255.0 -0.0653422059306 -0.0666776930266 -0.0297493856641 -0.0527134846098 0.0 
0.0 0.0 0.0 0.0 0.653722607398 0.0 0.356066547718 0.0 0.0 0.301338084677 0.0742287336195 0.0 134.0 249.0 255.0 -0.0950915915946 -0.119391177636 0.0561811670839 -0.0432302766569 -0.00983626560509 
1.13947325914 1.3687186491 0.456470014309 0.0 1.53684051558 1.01933264912 0.0 0.0 0.0 1.43340597254 0.0 0.652521380495 134.0 250.0 255.0 -0.0389104245107 -0.162621454293 -0.105245088007 -0.0811728085909 0.00983626560509 
0.0 0.0 0.438991399146 0.0 0.0 0.00389421653583 0.808303979457 0.0 0.602709652319 0.176161258619 0.123279894852 0.0 142.0 250.0 255.0 -0.144155512518 -0.243794262884 0.00933848870351 -0.0871700495798 0.0 
0.0 0.289048536756 0.0 0.0 3.12917222564 0.0 0.0 0.20819007488 1.05617064644 0.0 2.0639253628 0.0 156.0 250.0 255.0 -0.134817023815 -0.330964312464 -0.148067461157 -0.0959685974025 0.0343855693082 
0.0 0.0 0.0 0.0407199092646 0.651852479831 0.0 0.0 0.0 0.0 0.0 0.0 0.0 171.0 249.0 255.0 -0.282884484972 -0.333333333333 -0.033321914119 -0.00364202007907 0.0 
2.1245445042 1.47838732736 1.75096560178 0.896973780432 0.871647626352 1.19283227633 0.0 0.0 1.32499842951 2.56061680922 0.0 0.320653068891 191.0 249.0 255.0 -0.316206399091 -0.333333333333 -0.063245493448 0.056519296307 0.0 
1.23060914796 1.70521928841 1.52642888389 0.702074753321 1.14632448822 0.676556441017 0.0 1.31310642516 1.14418148469 2.20003185371 0.181514221799 0.733891265553 208.0 248.0 255.0 -0.333333333333 -0.276814037026 0.0019651069982 -0.0830352057616 -0.0442218349133 
1.52435264783 0.0490947246843 1.40036008552 0.500552543122 0.0 1.13834574021 0.239540936305 0.0 0.302661816323 1.70128412563 0.519344362914 0.00577288209329 225.0 246.0 255.0 -0.331368226335 -0.333333333333 -0.0118329555369 0.11561367108 0.0442218349133 
0.0 0.0 0.0 0.0 0.0 0.0 0.0636553463522 0.783898882301 0.0 0.0 0.0 0.0 231.0 245.0 255.0 -0.333333333333 -0.217719662253 -0.0465980441797 -0.0214890025201 0.0 
0.0 0.0 0.0 0.129207177003 0.0897648733389 0.0 0.333564894243 0.0 0.0 0.0 0.438333836532 0.0 232.0 245.0 255.0 -0.333333333333 -0.239208664773 0.154739592863 0.0199596985832 0.0 
0.0 0.0 0.0 0.0 0.0 1.1133980266 0.421896470463 0.0 0.0 0.0 0.0 1.1169872058 237.0 244.0 255.0 -0.178593740471 -0.21924896619 0.0737588611805 -0.111483436812 0.0 
0.0 0.0 0.0 0.0 0.0 0.0 0.0976478766274 0.0 0.0 0.0 0.0 0.0 237.0 244.0 255.0 -0.10483487929 -0.330732403002 0.0917824517176 0.0684788430878 0.0 
0.0 0.0 0.0 0.0 2.5433712962 0.0 0.68275780441 0.0766878412906 0.0 0.0 0.0 0.0 237.0 244.0 255.0 -0.0130524275727 -0.262253559914 0.0293476407422 0.0205772269661 0.0 
0.480601373417 0.0 0.0 0.0 0.0 0.619657791509 0.781148620548 0.0 0.0 0.0 1.63108360895 0.0 237.0 244.0 255.0 0.0162952131695 -0.241676332948 -0.0590602628813 -0.0715710064881 0.0 
0.0 0.0 0.0 0.0 0.0 0.0 0.0 0.0 0.372771842417 3.68002362449 0.0 0.0 237.0 244.0 255.0 -0.0427650497118 -0.313247339436 0.160808699814 0.0767914641318 0.0 
0.0 0.0 0.0373951087025 0.549662657214 0.0 0.0 0.0 0.206512109001 0.0 0.0 0.0 0.0 236.0 245.0 255.0 0.118043650102 -0.236455875305 -0.0580778441533 0.102907644052 0.0 
0.875235248396 0.000774944159036 0.0 0.18439143552 0.0 0.0 0.0 0.0 0.0 0.0 0.0 0.0 231.0 247.0 255.0 0.0599658059491 -0.133548231253 0.0592986974272 -0.0805610575558 0.0 
0.0 0.0 0.845632818957 0.518284063038 0.578255866311 1.39275720181 0.0 0.0 0.524433798313 3.36725274072 0.0 0.0 229.0 247.0 255.0 0.119264503376 -0.214109288808 0.0702747019882 0.0872601408279 0.0 
1.02291186368 2.80776979292 2.52459735748 1.16459937696 1.64381996567 2.77535511337 0.0 1.54944702232 2.21899089059 7.30681325277 0.0 1.4944824406 223.0 248.0 255.0 0.189539205365 -0.12684914798 0.0475768794667 -0.105566405715 0.0 
0.409202994679 0.0 0.0 0.0 0.0 0.0 0.314074967575 0.0 0.0 0.0 0.0 0.0 216.0 249.0 255.0 0.237116084831 -0.232415553696 -0.046785177468 0.0741087785878 0.0 
# HEADER 8
0.5850521968 0.994187414192 0.509207669328 0.287386593155 0.36832801521 0.0512921315875 0.0 1.38856576209 0.758535013135 3.82318488336 0.0998735577653 1.63276679296 132.0 247.0 255.0 0 0 0.0323031989115 0.0366614839635 0.0 
0.683275356074 2.79316555573 2.15867344449 2.27936877969 1.49969771863 0.954851588332 0.0 0.0 1.31887562328 5.24043505136 0.0 1.25521422817 132.0 240.0 255.0 0.0323031989115 0.0366614839635 0.178220178222 0.0885446355621 0.0 
1.33548759891 1.90918861309 0.665080494322 0.591009646591 0.410570331202 0.0 0.0 0.263112279811 1.96901418186 3.15362432652 0.165943332451 0.468610306198 128.0 244.0 240.0 0.210523377134 0.125206119526 0.108494214679 0.113803826158 0.0 
0.495481308878 0.185708081509 1.01405622645 0.686033279739 0.0 0.505603103496 0.244725742553 1.83292738135 0.0 0.0 5.41570379118 0.749595462728 130.0 247.0 209.0 0.319017591812 0.239009945684 0.0111109627945 -0.0350451144564 -0.0442218349133 
1.14463929422 2.86538950474 9.29743831903 0.0958542285884 0.102949745088 6.22898154103 0.0 4.6840324349 1.0851562648 3.5106313336 6.57168239338 1.95709053452 132.0 248.0 186.0 0.330128554607 0.203964831228 0.0283676459679 0.0185524142878 0.0 
0.0 0.303995196715 11.0744795646 0.0 0.499129539687 8.35855220233 0.0 7.41152780963 0.267985284091 0.0 6.00744988317 0.0 131.0 249.0 171.0 0.333333333333 0.222517245515 0.073252798215 0.00926074348823 0.0 
2.45492345063 2.51546615909 12.2976495081 0.132402328794 2.24981568686 13.0788424632 0.0 13.1827235263 2.37407557678 7.38809446436 4.54712583025 3.51061364727 131.0 250.0 151.0 0.333333333333 0.231777989004 -0.0613250642139 0.0982603471808 0.0 
0.0 0.0 5.18524746271 0.0 0.0 11.4919348386 3.58140551371 11.9233303235 1.58525042579 0.0 3.98852755801 0.0 132.0 252.0 129.0 0.272008269119 0.330038336184 0.113722970674 0.0132967141615 0.0442218349133 
0.0 0.0 0.0 0.0 2.26579324962 6.26042394372 11.2067538857 9.72513785027 0.0 0.0 2.07009681243 0.0 133.0 254.0 105.0 0.333333333333 0.333333333333 -0.0505779847398 -0.0131316860207 0.0334207518186 
0.0 0.0 0.0 0.0 0.612907572624 0.0 19.5372752249 7.31103812924 0.0 0.0 0.199407436477 0.0 134.0 255.0 82.0 0.282755348594 0.320201647313 -0.0360192786314 -0.0931995477822 0.0868287074627 
0.0 0.0 0.0 0.0 0.414500190329 0.0 19.6362225738 1.58594581965 0.0 0.0 1.20214874937 0.0 134.0 255.0 61.0 0.246736069962 0.22700209953 -0.254988787982 0.012763500115 0.0980431183258 
0.0 0.0 0.0 0.0 0.0 0.0 16.0887215418 0.0 0.0 0.0 0.0615931699675 0.0 135.0 254.0 46.0 -0.00825271801997 0.239765599645 -0.0238734380136 0.0433106722382 0.0830673724043 
0.0 0.0 0.0 0.0 1.82423330327 0.0 13.407907911 2.332178184 0.0 0.0 0.0 0.0 136.0 248.0 39.0 -0.0321261560336 0.283076271884 0.00530912180157 -0.0094983171796 0.0684022045522 
0.0 0.0 0.0 0.0 1.55892269103 0.0 9.84475033346 0.255513180439 0.0 0.0 1.90448063004 0.0 136.0 246.0 37.0 -0.026817034232 0.273577954704 -0.106626719295 0.111128660377 0.0540195554252 
0.0 0.0 0.0 0.0 0.0 0.0 10.4889861485 1.8520257824 0.0 0.0 0.996677396723 0.0 139.0 243.0 37.0 -0.133443753527 0.333333333333 0.0364879399855 -0.156757481326 0.0 
0.0 0.0 0.0 0.0 0.110773347759 0.0 9.57950636633 0.0 0.0 0.0 0.167104642844 0.0 141.0 240.0 37.0 -0.0969558135412 0.176575852008 0.0410079609956 0.0286249085417 0.038135178601 
0.0 0.0 0.0 0.0 0.490035176703 0.0 9.3282189401 0.308618285485 0.0 0.0 0.0 0.0 146.0 236.0 37.0 -0.0559478525456 0.205200760549 -0.0224085222986 -0.128224257969 0.0 
0.0 0.0 0.0 0.0 0.305761026697 0.0 7.14092121491 2.82320950031 0.0 0.0 0.0 0.0 154.0 229.0 37.0 -0.0783563748442 0.07697650258 -0.109861658498 -0.174037238527 0.0149938253031 
0.0 0.0 0.0 0.0 0.0 0.0 6.8783505983 1.32327204527 0.0 0.0 0.0 0.0 162.0 227.0 40.0 -0.188218033342 -0.0970607359469 0.0814273052936 0.0474343739089 0.0 
0.0 0.0 0.0 0.0 0.0 0.0 6.72213524795 0.359383328898 0.0 0.0 0.0 0.0 171.0 222.0 48.0 -0.106790728048 -0.049626362038 0.0431154145504 -0.0751443949445 0.0 
0.0 0.137111629306 0.0 1.08417068594 0.0 0.026855098027 3.62130314375 0.0 0.0 0.0 0.0 1.25463827119 180.0 216.0 54.0 -0.063675313498 -0.124770756982 0.00971095657401 0.073721420139 0.0 
0.0 0.0 0.0 0.0 1.39296375272 0.0 7.57252166048 0.0 0.0 0.0 0.0 0.0 190.0 201.0 66.0 -0.053964356924 -0.0510493368435 0.114758873148 -0.043499304875 0.0 
0.0 0.0 0.0 0.0 0.0 0.0 5.53118643276 0.0 0.0 0.0 0.429233847133 0.0 198.0 188.0 77.0 0.0607945162239 -0.0945486417185 -0.00686527586112 -0.000308460670759 0.0 
0.388759411773 0.0 0.0436991778838 0.0 0.425771862477 0.0 4.87601245377 0.0 0.0 0.59968550598 0.0 0.409337577398 200.0 184.0 81.0 0.0539292403628 -0.0948571023893 -0.0552456841386 -0.0910435682193 0.0 
0.150310558628 0.0 0.0 0.0 0.536673972446 0.0 5.34848640121 0.0 0.0 0.0 0.422003929358 0.0 197.0 189.0 77.0 -0.00131644377584 -0.185900670609 -0.107252005804 -0.0107589362323 0.0 
0.0 0.0 0.0 0.0 1.03198420045 0.0 6.27404455303 0.301264943207 0.0 0.0 0.0 0.0 193.0 196.0 72.0 -0.10856844958 -0.196659606841 0.0878712542388 0.085484956199 0.0 
0.0 0.0 0.0 0.0 0.0 0.0 6.10552946728 0.0 0.0 0.0 0.0 0.0 192.0 199.0 70.0 -0.0206971953412 -0.111174650642 0.0482455974972 -0.110016348145 0.0 
0.0 0.0 1.38129776263 0.0 1.24732607019 0.0 5.07304808275 0.235040837818 0.0 0.0 0.0 0.0 192.0 198.0 70.0 0.0275484021559 -0.221190998786 -0.0390877090469 -0.00867412324819 0.0 
0.0 0.0 0.721046924536 0.0 0.553201856807 0.0 5.05888563207 0.0 0.0 0.0 0.0 0.0 191.0 199.0 70.0 -0.011539306891 -0.229865122035 -0.0304030969566 0.0206753471454 0.0 
0.0 0.0 0.0 0.0 1.29598464904 0.0 5.80418337905 0.0 0.0 0.0 0.236585610221 0.922245220157 192.0 198.0 70.0 -0.0419424038476 -0.209189774889 -0.0351042280296 -0.107986999425 0.0 
0.0 0.0 0.0 0.0 1.25539402694 0.0 5.07664061983 0.0 0.095517551913 0.0 0.0 0.0 199.0 186.0 80.0 -0.0770466318772 -0.317176774314 0.190946336543 -0.0233744601731 0.0 
# HEADER 9
1.35975837121 0.0 0.0 0.0934646474086 0.0 0.0326210255396 0.696809954765 0.0 0.0 0.0 0.0 0.0644895702106 133.0 250.0 255.0 0 0 0.204533983588 0.0609938673419 0.0152310284719 
0.0 0.0 0.0 0.0 0.596891755655 0.0 0.0 0.349366662299 0.0 0.255148274642 0.610006942541 0.0 124.0 249.0 255.0 0.204533983588 0.0609938673419 -0.0531844429073 -0.00250955838884 0.0215355261202 
0.0 0.0 0.0 0.0 0.0 0.0 2.49349469998 0.0 0.0 0.0 0.0 1.81203103479 123.0 250.0 249.0 0.15134954068 0.0584843089531 -0.062425239592 -0.0818108441541 -0.0215355261202 
# HEADER 10
0.0 0.0 0.0 0.0 0.0 0.0 0.0 0.541736465324 0.0 0.0 0.0 0.0 133.0 247.0 255.0 0 0 -0.00284076164924 0.133931608583 0.0367665545921 
1.4603347927 0.0 0.806946040866 0.0 1.40764063031 1.86954003494 0.0 0.0 0.0586890181844 4.10837874101 0.0 1.37628433092 133.0 236.0 254.0 -0.00284076164924 0.133931608583 0.118955940601 -0.0781514493835 -0.0215355261202 
0.0 0.0 0.33176339949 0.0 1.16963822824 0.0 0.769222716497 0.335854436148 0.0 0.0 2.02409497125 0.25755550713 135.0 238.0 236.0 0.116115178951 0.0557801591997 0.0992835497148 0.0620208015232 0.0215355261202 
0.0 0.0 0.496680197647 0.0 0.0 0.0 0.0 2.53462292541 0.0 0.0 2.0184299008 0.0 137.0 242.0 208.0 0.215398728666 0.117800960723 0.122156594612 -0.0266525772724 -0.0215355261202 
0.0 0.0 0.0 0.0 0.0 0.0 0.0 2.4730833393 0.0 0.0 3.20391942276 0.0 138.0 247.0 180.0 0.333333333333 0.0911483834504 0.0446375238038 0.0863313202513 0.0 
0.465596349671 0.0 3.72110430999 0.0 0.0 0.579602239737 0.0 6.77939880564 0.0 0.0 4.87929601662 1.28413343546 137.0 247.0 167.0 0.333333333333 0.177479703702 0.02159139767 0.0539247233208 0.0 
1.00912581558 0.884624639713 6.23593510111 0.138251426326 0.0 6.39876024413 0.0 8.6412693515 0.532981992047 3.0606715807 4.95704165479 0.0267559135662 136.0 250.0 154.0 0.333333333333 0.231404427022 -0.0896205399184 -0.0399778377655 0.0 
1.26176733392 0.596025594149 4.71976232878 0.0 0.0 9.78855486711 4.43893516442 11.5743017013 0.8815929217 0.0 4.85660445096 0.0 135.0 251.0 139.0 0.243712793415 0.191426589257 0.0257253752261 0.0312388379068 0.0 
0.0 0.0 2.12964125924 0.0 0.0 8.25743118722 8.05754361668 13.0592696488 0.0 0.0 3.72479962692 0.0 135.0 252.0 124.0 0.269438168641 0.222665427164 0.143095064289 0.0263190501897 0.0367382232299 
0.0 0.0 0.0 0.0 0.457228717461 7.25648920715 12.4585446182 9.38337096093 0.0 0.0 2.80433489725 0.0 136.0 252.0 107.0 0.333333333333 0.248984477353 0.144263728615 -0.0376098383261 0.0310422917319 
0.0 0.0 0.0 0.0 0.0337826878917 3.55854578934 15.9393815908 6.83951470795 0.0 0.0 1.08440515693 0.0 136.0 254.0 94.0 0.333333333333 0.211374639027 -0.123665430879 0.0433590419866 0.0507301432821 
0.0 0.0 0.0 0.0 0.666073094665 2.00078871755 17.1216752886 4.72572315081 0.0 0.0 1.13838819357 0.0 136.0 255.0 78.0 0.209667902454 0.254733681014 0.180423827347 -0.133245331964 0.0319116201897 
0.0 0.0 0.0 0.0 0.0 0.0 17.6543494581 4.41605746926 0.0 0.0 1.62255512964 0.0 136.0 255.0 69.0 0.333333333333 0.12148834905 0.0563188918844 0.0277001993845 0.0649349923635 
0.0 0.0 0.0 0.0 0.0758048006272 0.0 18.9909277035 0.248247349065 0.0 0.0 1.39803269417 0.0 136.0 255.0 65.0 0.333333333333 0.149188548434 0.053440771004 -0.0539709736815 0.0162331370445 
0.0 0.0 0.0 0.0 0.633920930296 0.0 15.9423904926 0.340687244168 0.0 0.0 0.90951712756 0.0 136.0 255.0 61.0 0.333333333333 0.0952175747528 0.0599869836515 -0.0623654117694 0.0463849529354 
0.0 0.0 0.0 0.0 0.941853462523 0.0 17.2459591138 1.11833575392 0.0 0.0 0.401606698179 0.0 136.0 255.0 61.0 0.333333333333 0.0328521629833 -0.104426402473 0.196051075049 0.0 
0.0 0.0 0.0 0.0 1.03714814369 0.0 17.2256329255 2.71289825332 0.0 0.0 0.0 0.0 136.0 255.0 52.0 0.22890693086 0.228903238032 -0.186566040076 0.123739542991 0.0 
0.0 0.0 0.0 0.0 2.03409724923 0.0 11.4267530295 0.412744392149 0.0 0.0 0.0 0.0 135.0 251.0 40.0 0.0423408907846 0.333333333333 -0.0250616866378 0.138467571465 0.0486069975635 
0.0 0.0 0.0 0.0 0.581668378706 0.0 9.50829537795 1.84513920347 0.0 0.0 0.0 0.0 134.0 247.0 37.0 0.0172792041469 0.333333333333 -0.0540215753693 -0.00480710268628 0.0751663879245 
0.0 0.0 0.0 0.0 1.34327277039 0.0 9.84486992755 0.370985391809 0.953665359397 0.0 0.159589448845 0.0 134.0 247.0 37.0 -0.0367423712224 0.328526230647 0.0861521307793 -0.133640934244 0.0160531575999 
0.0 0.0 0.0 0.0 0.902393842343 0.2597579043 9.51901567404 0.690165931497 1.66805906765 0.0 0.0 0.0 139.0 244.0 37.0 0.0494097595569 0.194885296403 0.037459793606 -0.0363734358568 0.0 
0.0 0.0 0.0 0.213112138029 1.43632864126 0.0 9.63401617986 0.453618422135 0.374603716789 0.0 0.872577891799 0.0 141.0 242.0 37.0 0.0868695531629 0.158511860546 -0.0262288673022 0.175198360621 0.016076913597 
0.0 0.0 0.0 0.0 0.0 0.0 9.86584827659 0.0 0.0 0.0 0.0 0.0 141.0 242.0 37.0 0.0606406858607 0.333333333333 0.0289526107675 0.0886968808446 0.0 
0.0 0.0 0.0 0.0 0.0 0.0 9.68360080957 1.25164042421 1.04612633676 0.0 0.922461326407 0.0 141.0 241.0 37.0 0.0895932966282 0.333333333333 -0.0582583931094 -0.0269482301143 0.0 
0.0 0.0 0.0 0.0 0.0 0.0 9.24467700123 0.0 0.0 0.0 0.0 0.0 141.0 241.0 37.0 0.0313349035188 0.306385103219 0.091268067493 -0.0143429615152 0.0 
0.0 0.0 0.0 0.366200787441 1.16159714775 0.0 8.80963992043 0.328875214264 0.265150874288 0.0 0.0491121658619 0.0 141.0 241.0 37.0 0.122602971012 0.292042141704 -0.0934340495427 -0.147925419261 0.0 
0.0 0.0 0.0 0.0 0.0 0.0 9.30531254444 2.53658549818 0.0 0.0 0.680286660115 0.0 141.0 240.0 37.0 0.0291689214692 0.144116722443 -0.0155275089239 -0.019512470807 0.0 
0.0 0.0 0.0 0.0 0.310509632701 0.0 9.87903714264 1.71670163894 0.616412008725 0.0 0.0827961822755 0.0 141.0 240.0 37.0 0.0136414125453 0.124604251636 0.0246986794916 0.0890175411776 0.0 
0.0 0.0 0.0 0.0 0.0 0.0 10.7658266288 0.0 0.0 0.0 0.146204012821 0.0 141.0 240.0 37.0 0.0383400920369 0.213621792814 0.0302041531466 -0.0713081030437 0.0 
0.0 0.0 0.0 0.0 0.0 0.0 10.770047352 0.0 0.0 0.0 0.0 0.0 141.0 240.0 37.0 0.0685442451835 0.14231368977 -0.0691232538414 -0.0957100197338 0.0 
0.0 0.0 0.0 0.0 0.0 0.0 9.00426730584 0.778692836406 0.435384461844 0.0 0.0 0.0 141.0 240.0 37.0 -0.000579008657893 0.0466036700361 -0.071106482448 0.0361070923114 0.0 
0.0 0.0 0.0 0.0 0.0 0.0 10.8958072275 0.733965981355 0.178520328173 0.0 0.377037459451 0.0 141.0 240.0 37.0 -0.0716854911059 0.0827107623475 0.0637150013245 -0.00512333136235 0.0 
0.0 0.0 0.0 0.0 0.0796939888301 0.0 9.76257105536 0.0 1.13808346567 0.0 0.522977936866 0.0 142.0 240.0 37.0 -0.00797048978141 0.0775874309851 0.0470106456853 -0.0100775189863 0.0 
0.0 0.0 0.0 0.0 1.00819639601 0.0 9.66830060156 0.655282830647 0.0 0.0 0.50959229448 0.0 143.0 240.0 37.0 0.0390401559039 0.0675099119988 -0.0266442611135 -0.0651306448809 0.0 
0.0 0.0 0.0 0.0 0.0 0.0 9.22231492914 0.0 0.0 0.0 0.0 0.0 143.0 240.0 37.0 0.0123958947904 0.00237926711788 -0.0560643053877 0.0307469065829 0.0 
0.0 0.0 0.0 0.0 1.85957878819 0.0 9.84366880494 1.30801994364 0.0 0.0 0.661010397194 0.0 147.0 237.0 37.0 -0.0436684105973 0.0331261737007 -0.100576942684 0.0625425472862 0.0 
0.0 0.0 0.0 0.0 0.0 0.0 10.2757791291 0.0 0.0 0.0 1.36194709129 0.0 154.0 232.0 37.0 -0.144245353281 0.0956687209869 0.0945376546686 0.113060745766 0.0 
0.0 0.0 0.0 0.0 0.553107505851 0.0 7.75834951108 0.632399311372 0.0 0.0 2.11689976951 0.0 160.0 227.0 37.0 -0.0497076986123 0.208729466753 0.00885711013949 -0.0903097085544 0.0 
0.0 0.0 0.0 0.0 0.0 0.0 7.29302552566 0.0 0.0 0.0 0.524489395823 0.0 167.0 220.0 37.0 -0.0408505884728 0.118419758198 -0.0930353902152 0.0234288758817 0.0160923974873 
0.0 1.23312538273 0.0 0.0 0.405366330383 1.14485831899 4.88163492598 0.367617640233 1.19372625355 0.0 0.0 0.0 175.0 211.0 37.0 -0.133885978688 0.14184863408 -0.0262585046217 -0.0333060793147 0.0 
0.0 0.0 0.0 0.0 1.06651051287 0.27608588645 3.72817178467 0.285179833897 0.0 0.0 0.0668244219351 0.0 183.0 202.0 38.0 -0.16014448331 0.108542554765 -0.0147118300205 0.0229527268505 0.0160995612838 
0.0 0.0 0.0 0.570269749978 0.627658389563 0.0 3.71488889774 3.04925971624 0.226989788395 0.845538337487 1.67660413462 0.0 190.0 192.0 39.0 -0.17485631333 0.131495281616 0.0925961210489 0.0270877900023 0.0160983827381 
0.0 0.0 0.0 0.0 0.938467996335 0.373773503513 4.06254312634 2.49235651118 0.0 0.0 0.0 0.0 197.0 179.0 39.0 -0.0822601922815 0.158583071618 -0.105716545163 -0.0425153279766 0.0 
0.574980756198 0.0 0.231215555505 0.756880843189 0.0 0.0 2.74159203217 0.508454837837 0.0 0.0 1.71787024289 0.702272997944 203.0 167.0 39.0 -0.187976737445 0.116067743641 0.0747827388858 0.16325295742 0.0321599046634 
0.0 0.0787817537662 0.0 0.417565907253 0.0 0.997718972473 1.31835716422 1.21409368051 0.0 0.0 0.0344534920037 0.0526480087917 209.0 145.0 39.0 -0.113193998559 0.279320701062 -0.0137845987272 -0.0594048702177 0.0320556638948 
0.0 0.0 0.0 0.0 0.0 0.285642331511 1.87741958532 0.0 0.0 0.0 0.0 0.0 214.0 118.0 38.0 -0.126978597286 0.219915830844 -0.0980263130354 -0.0144351970053 0.0792623026399 
0.0 0.0 0.0 0.0 0.0 0.0 0.827930415619 0.0 0.541357859174 0.0 0.0 0.656014900503 212.0 55.0 47.0 -0.225004910321 0.205480633839 -0.0547484806229 0.0476686183854 0.107428316028 
0.0493720241699 0.0 0.0 0.0 0.0 0.0 2.20021799474 0.544260780787 0.96684642864 0.583565683748 0.0 0.0651102755809 206.0 36.0 40.0 -0.279753390944 0.253149252224 -0.0147691695334 0.0947336814981 0.0128475791478 
0.0 0.0989541352088 0.0 0.0 0.0 1.11443434341 0.640989082442 0.436244480539 0.873271458022 0.0 1.49254514538 0.56440776318 200.0 35.0 36.0 -0.294522560478 0.333333333333 -0.0451998620469 0.0652877387597 0.0285328345441 
0.0 0.0 0.0 0.0706645331887 0.0 0.227867430609 1.13199601525 0.328992835799 0.0796394455692 0.335072595041 0.0 0.0 196.0 34.0 36.0 -0.333333333333 0.333333333333 0.289034013931 -0.0267717258786 -0.0429814248784 
0.0 0.0 0.0 0.0 0.0 0.0 0.251280848304 0.0 0.246696113142 0.0974226713109 0.0600078542842 0.987148265793 195.0 34.0 36.0 -0.0442993194019 0.306561607455 0.00865600259712 0.0393825018995 0.0 
0.204500446669 0.430223442743 0.0 0.384370595997 0.686860892034 0.836187403955 1.4956556302 0.0 1.70163761585 0.0 0.0803561212706 0.0 195.0 34.0 36.0 -0.0356433168047 0.333333333333 0.0544729903855 0.141194245344 0.0 
0.676369244388 0.0 0.842390115357 0.234665690332 0.124942049825 0.68042543479 0.0 0.848616888249 1.27738784851 2.98532725184 0.0 2.4375723198 192.0 34.0 36.0 0.0188296735807 0.333333333333 0.0426728671985 -0.0145600337896 0.0 
0.0 0.0 0.0 0.0 0.0 0.0 0.630454888266 0.0 1.0136143898 0.115280562113 0.930398860578 0.0 187.0 34.0 36.0 0.0615025407792 0.318773299544 0.0334665536375 -0.0950679211854 0.0 
0.0 0.0 1.11366682219 0.0 0.0 0.0 1.24015165008 0.329500129979 1.21428251223 0.0 0.0548203308897 0.162426471196 180.0 34.0 36.0 0.0949690944167 0.223705378358 -0.0152716733966 -0.000496836307547 0.0 
0.0 0.670021061546 0.843068971518 0.201790333931 0.444560182651 1.02217583611 0.0 0.0 3.78493553983 4.96733641535 0.0 1.41022283007 172.0 34.0 35.0 0.0796974210201 0.223208542051 0.115693543634 -0.0432594797692 0.0 
0.0 0.0 0.0 0.416943826647 0.0 0.0 1.92381874352 0.458171850514 2.04678376179 0.021409693211 0.0 0.0 161.0 34.0 35.0 0.195390964654 0.179949062282 0.0469659256892 0.0142896519581 0.0 
0.996503523636 0.27606334499 0.0 1.11514637011 0.0 0.0 0.0 0.0 3.31913014565 2.77847729883 0.0 1.69778261503 147.0 35.0 35.0 0.242356890343 0.19423871424 0.0890081316842 0.0380985946095 0.0 
0.0 0.608667677597 0.0 0.0 0.0 0.0 0.723987595347 0.0 3.13617940612 3.14214509182 0.0 0.0 132.0 35.0 35.0 0.331365022028 0.232337308849 -0.0168172083129 0.16355567587 0.0 
0.0 1.12555383011 0.134318864555 0.0 0.0 0.0 0.644398329662 0.0 1.01353613525 0.158503921489 0.0 0.0 118.0 35.0 35.0 0.314547813715 0.333333333333 -0.121346596428 0.0552709725064 0.0 
0.0 1.12762747248 0.0 0.38443798098 1.52976640641 0.0 0.003075363505 0.812442646037 0.499808201141 0.621831952053 1.40254306436 1.06544990923 112.0 35.0 34.0 0.193201217286 0.333333333333 0.0645049782104 -0.060367610961 0.0 
0.0 0.0 1.02645044856 0.601272474074 0.0 0.0 0.474749589827 0.445799166339 1.32646459158 0.464179728362 2.11514247019 0.0 110.0 36.0 34.0 0.257706195497 0.272965722372 0.0860446798946 0.1046304543 0.0429814248784 
0.0 0.0 0.0 0.0 0.0 0.0 0.447197623603 0.0 1.21468068603 1.29749245154 0.041742766367 0.0 110.0 37.0 34.0 0.333333333333 0.333333333333 -0.0679995941007 -0.00426607154293 0.0 
0.0 0.302286715914 0.0 0.0 0.0 0.0 0.0 0.0 0.193831230414 0.775722590347 0.0 1.5995373871 108.0 37.0 34.0 0.265333739233 0.32906726179 -0.0539810779333 -0.061637540383 -0.0429814248784 
0.0 0.271035011525 0.0 0.0 0.0 0.0 0.418330647426 0.363498338098 0.259450830704 2.14076893273 0.0 1.44205605184 106.0 38.0 34.0 0.211352661299 0.267429721407 0.145494203047 -0.0407377008227 0.0 
0.0896850441042 0.856511193868 0.0 0.576450603439 1.11848750095 0.890513647183 0.0 0.0287368463613 3.18930895431 4.5955640613 0.0 1.62821331325 105.0 38.0 34.0 0.333333333333 0.226692020585 -0.0806262576838 0.0754541515563 0.0 
