nrollouts: 10
# HEADER 1
0.632953251873 0.0 0.100144389797 0.0 0.0 0.0 0.0 0.280472508926 0.0 0.0 0.0 0.672457130341 134.0 249.0 255.0 0 0 -0.0328461207347 -0.0105343985899 0.0309196538885 
0.0 0.0873519763409 0.0 0.0 0.0 0.0 0.0 0.0 0.127548832102 0.137375835723 0.211118274561 0.0 134.0 249.0 255.0 -0.0328461207347 -0.0105343985899 0.00826232287396 0.12459451023 -0.0309196538885 
0.0 0.0 0.0 0.0793862091563 0.192079648089 0.0 0.0 0.0 0.325017463169 0.168152725207 0.242724068368 0.37127961707 139.0 249.0 255.0 -0.0245837978607 0.11406011164 -0.0530432581548 -0.0821063599064 0.0 
0.0 0.0 0.0 0.0 0.0 0.0 0.396934538069 0.0 0.0 0.28188472559 0.460098775201 0.0 146.0 248.0 255.0 -0.0776270560155 0.0319537517334 0.0712364209216 -0.00520498446959 0.0433532722192 
0.0 0.0 0.0 0.0552308950135 0.0 0.0 0.0 0.0 0.0 2.11719325155 0.0 0.0 153.0 236.0 255.0 -0.00639063509389 0.0267487672639 -0.0549133612679 0.0150509634539 0.0 
0.0 0.0 0.449827827009 0.0 0.777884962717 0.0 0.70204339643 0.0 0.0 0.0 0.13128168679 0.0 160.0 214.0 255.0 -0.0613039963618 0.0417997307178 -0.00495058207082 -0.0869820582022 -0.0433532722192 
0.0 0.60888986071 0.0 0.0 0.227727569169 1.29608141041 0.0 0.35058372615 0.0 0.248784967268 0.133103102152 0.0 167.0 214.0 255.0 -0.0662545784326 -0.0451823274845 -0.0719511280488 0.0786828498636 0.0433532722192 
0.0 0.0 0.283039422391 0.0 0.0 0.0 0.400807579329 0.196731233352 0.0 0.0 0.0 0.0238162250048 173.0 210.0 255.0 -0.138205706481 0.0335005223792 0.0565646608137 -0.0481502077315 -0.0433532722192 
0.0657423580757 0.0 0.0 1.33445939196 0.0 0.0 0.85007882836 0.0 0.0 0.443645618123 0.817257527762 0.0 180.0 208.0 255.0 -0.0816410456677 -0.0146496853523 -0.166272304 0.0378670110437 0.0433532722192 
0.0 0.0 0.0 0.155772917102 0.0 0.255861714584 0.413238392334 0.0 0.975630395384 0.0 0.0 0.0 193.0 198.0 254.0 -0.247913349667 0.0232173256913 0.0679574911326 -0.0174524907035 0.0 
0.0342159354928 0.0 0.567088170769 0.0 0.205351827664 1.18620716997 0.0 0.0 0.232454167324 0.523710548422 1.79742789165 1.32160221131 206.0 184.0 251.0 -0.179955858535 0.00576483498782 0.0214775051954 -0.00170422009128 0.0 
0.812734936226 0.0 0.0 0.351306158081 0.590761524579 0.0304296718258 0.665472279155 0.0 0.0 0.0 0.226189798109 0.142999176716 217.0 174.0 249.0 -0.158478353339 0.00406061489654 -0.0376824453909 0.0521795780428 0.0 
0.87230849536 0.255184831884 0.0 0.0 0.0 0.0 0.0 0.24774152848 0.0 0.0 0.0 0.0 229.0 159.0 242.0 -0.19616079873 0.0562401929393 -0.00484530486693 0.16599882433 0.0 
0.0 0.0 0.0 0.071370644015 0.376689102031 0.0 0.0 0.0 0.0 0.262011116859 0.0 0.568032071907 232.0 138.0 224.0 -0.201006103597 0.222239017269 -0.0570704466363 0.0887259533811 0.0 
0.881226660839 0.279404123422 0.0 0.0834250916507 0.0 0.546895012439 0.0 0.0 0.805948237501 0.0 0.0 0.0 232.0 125.0 185.0 -0.258076550234 0.31096497065 0.11680842089 -0.00167384081293 0.0 
0.0 0.0 0.0 0.0834120506961 0.689191385791 0.0 0.0 0.304122944264 0.0 0.201890408486 0.189274737659 0.164005038382 233.0 135.0 124.0 -0.141268129343 0.309291129837 -0.00756514836362 0.0132551113561 0.0 
0.0 0.0 0.0 0.0 0.0 0.0 0.729529161856 0.0 0.0 0.0 0.246255265601 0.0 233.0 141.0 79.0 -0.148833277707 0.322546241193 -0.0386689764406 0.110673142431 0.0 
0.0 1.01353426852 0.0 0.0 0.567419353306 0.362803423464 0.54069773525 0.0 0.735221428461 0.0 0.0591353652816 1.08993787542 234.0 122.0 49.0 -0.187502254148 0.333333333333 0.102854210087 0.0255755617051 -0.0433532722192 
0.0 0.363381260617 0.0 0.0 0.0 0.0 0.0 0.294279612781 0.191936045539 1.24867446864 0.0 0.127327866775 233.0 64.0 54.0 -0.0846480440601 0.333333333333 0.0175883561565 -0.131186447133 0.0 
0.167876787604 1.36208900175 0.324211104246 0.0 0.0 0.244729692295 0.954774878278 0.0 0.0 0.890842117251 0.0 0.0 233.0 38.0 45.0 -0.0670596879036 0.202146886201 0.0823144114176 0.0123079767902 0.0433532722192 
0.0 0.0 0.29342061273 0.0837839514657 0.0 0.35339886851 0.0 0.491180799434 0.594608966116 1.26297319246 0.0 1.10080760434 232.0 36.0 37.0 0.015254723514 0.214454862991 -0.0209041536412 0.0790978590637 0.0 
0.0 0.350515627929 0.0 0.0 0.743970573249 0.724386080114 0.836854227128 0.0 0.0 0.388038779407 1.02651911048 1.54242873199 225.0 35.0 36.0 -0.00564943012715 0.293552722054 -0.0723694468875 -0.00521659929441 0.0 
0.0 0.0 0.0 0.0 0.0 0.0 0.186741220563 0.959183015039 1.27246539718 1.01361371095 0.278575597698 0.269669898634 215.0 35.0 36.0 -0.0780188770146 0.28833612276 -0.00608562447061 0.15405873893 0.0 
0.0 0.0 1.05328359144 0.0 0.0 1.50036344426 0.0555057818113 0.0 0.881110413799 0.0 1.12350426018 0.0 209.0 35.0 36.0 -0.0841045014852 0.333333333333 -0.0390795476982 0.0314815411822 -0.0433532722192 
0.64350662413 0.0 0.0 0.0 0.0 0.582354877975 0.0 0.0 0.0 1.20057637752 0.0 0.357099949745 207.0 35.0 36.0 -0.123184049183 0.333333333333 -0.0598833269264 0.0701276616149 0.0433532722192 
0.0 0.333855894017 0.321963860371 0.0 0.0 0.0 0.0 1.5771611008 0.0474050993995 0.0 0.431617845675 0.0 206.0 35.0 35.0 -0.18306737611 0.333333333333 0.0662335654046 0.00762787030885 0.0 
0.0 0.0 0.0 0.0 0.0 0.0 1.65698556337 0.532215536239 0.0 0.0 0.0307442317279 0.0 206.0 35.0 35.0 -0.116833810705 0.333333333333 0.00209799912784 0.0462244602564 0.0 
0.0 0.0 0.0 0.0583149502577 0.0 0.0 0.93680467205 0.715947280062 0.0618301496634 0.306977131431 0.0 0.0 205.0 35.0 35.0 -0.114735811577 0.333333333333 0.0499899639208 0.0109341173257 0.0 
0.0 0.256289311892 0.240168580468 0.0863519614065 0.681116079312 0.602366357821 0.0 0.720036598171 0.0 0.262002852884 0.288835284733 0.358443762063 206.0 35.0 35.0 -0.0647458476566 0.333333333333 0.0524355780924 0.00574197761461 0.0 
0.261789516293 0.397466672569 0.1066034146 0.0 0.0 0.80752557543 0.081600067216 0.0 0.929558227161 0.495457329215 0.0 0.0 206.0 35.0 35.0 -0.0123102695642 0.333333333333 0.0362825794816 0.021501956167 0.0 
0.142469354501 0.0 0.0627732525796 0.0 0.0 0.0694887460411 0.0 0.226222495492 0.581581912244 0.273002505622 0.0 0.0 201.0 35.0 35.0 0.0239723099174 0.333333333333 -0.0952109911788 0.0189337564914 0.0 
0.0 0.0 0.0 0.0 0.0 0.0 0.434399482101 0.0 0.68717785185 0.260176308239 0.339499395411 1.15751789878 193.0 35.0 35.0 -0.0712386812614 0.333333333333 0.00424573039944 0.0139729520481 -0.0433532722192 
0.0 0.227875009381 0.0 0.0 0.0 0.0 0.364673390922 0.0 1.11039008059 0.322585078311 0.0 0.175702982028 186.0 35.0 35.0 -0.066992950862 0.333333333333 -0.0943927887883 0.00432525484278 0.0 
0.0 0.0 0.592541710724 0.0 0.217507078562 0.317004663061 0.0 0.0 2.31434109151 0.642728105449 0.712263156263 0.329908808805 179.0 35.0 35.0 -0.16138573965 0.333333333333 -0.081253212691 -0.0323440461977 0.0 
0.0 0.0 0.0 0.0 0.0 0.0 1.89765677345 0.680984485882 0.516573467344 0.0 0.0 0.0 176.0 35.0 35.0 -0.242638952341 0.300989287136 -0.00573065172344 0.0553878845312 0.0 
0.363432551612 0.522803255117 0.101381631575 0.200787135891 0.0 0.0 0.0139874438426 0.0 1.52611083759 1.48183643418 0.623726918657 0.0 176.0 35.0 35.0 -0.248369604065 0.333333333333 0.00286157591169 0.00256655009057 0.0 
0.825459490589 0.680096254476 0.0 0.0 0.0 0.0 0.471465929079 0.230836852806 1.54646513976 0.0 0.760559823507 0.583542495092 176.0 35.0 35.0 -0.245508028153 0.333333333333 0.0885762311898 0.017537072851 0.0 
0.0 0.900414152252 0.0 0.0 0.0 0.0 0.0 0.0 1.5792620144 0.0 0.0 0.348541403952 176.0 35.0 35.0 -0.156931796963 0.333333333333 0.0673718455941 -0.00536282340317 0.0433532722192 
0.0 0.254844509583 0.0 0.0747152043809 0.267567491841 0.0 0.0 0.72729656586 2.02124032024 0.291633385389 0.0 0.108809025026 176.0 35.0 35.0 -0.0895599513691 0.32797050993 -0.0440098558005 0.00658688705285 0.0 
0.0 0.0 0.0 0.0 0.0 0.0 0.326874837298 0.0 1.68167124876 0.742570078563 0.0 0.0 176.0 35.0 35.0 -0.13356980717 0.333333333333 -0.0710187287124 0.0106138708966 -0.0433532722192 
0.809452203653 0.333889845581 0.0 0.0 0.265575855206 0.0 0.0 0.322877821768 1.50723438229 0.759355853951 0.0 0.0 176.0 35.0 35.0 -0.204588535882 0.333333333333 0.138208186794 -0.0962857722227 0.0433532722192 
0.997434871329 0.0 1.05912905514 0.0 0.125235264859 0.0 0.714594199613 0.0 2.0422427009 0.877538896321 0.117385131299 0.202862843694 177.0 35.0 35.0 -0.0663803490878 0.237047561111 -0.0049103412746 0.0231349858486 -0.0433532722192 
0.883303101864 0.0 0.0 0.2266775657 0.0 0.0 0.912082302629 0.0 0.881337615614 0.832424298255 0.0 0.0 177.0 35.0 35.0 -0.0712906903624 0.260182546959 -0.0676741182995 0.0944572550695 0.0433532722192 
0.0 0.0 0.0 0.27722194163 0.402820346032 0.0 0.0 0.0 1.80172678115 1.25267813697 0.189578825249 0.271062456966 177.0 35.0 35.0 -0.138964808662 0.333333333333 -0.00687005708845 0.0141394044923 -0.0433532722192 
0.617340798487 1.21982867566 0.0 0.0 0.407873270172 0.0 0.0 0.0 1.619374467 0.0 0.0 0.0 177.0 35.0 35.0 -0.14583486575 0.333333333333 -0.0364048602252 0.0334435227589 0.0 
0.883123731336 0.0 0.0 0.0 1.18086449167 0.346096895557 0.397306279108 0.0 2.42918232946 0.241421961159 0.0 0.0 177.0 35.0 35.0 -0.182239725976 0.333333333333 -0.0746909632262 0.0777905613646 0.0 
0.684661587925 0.0 0.895548686623 0.0 0.653490084636 0.0 0.0 0.0 1.16661333545 0.923922867741 0.0 0.0 177.0 35.0 35.0 -0.256930689202 0.333333333333 -0.0955339656634 -0.130112782276 0.0 
1.91212006982 2.01084686203 0.439453140298 0.622867916843 0.353616973214 1.372970226 0.0 0.748515705831 3.54811085014 3.17136251063 0.0 1.47456159604 178.0 35.0 35.0 -0.333333333333 0.203220551057 0.0856583389031 0.0432490924271 0.0433532722192 
0.247769914764 0.426984758424 0.0 0.0 0.0 0.236156057965 0.0 0.0 1.58802736643 0.864303607437 0.383859812131 0.612602134301 179.0 35.0 34.0 -0.24767499443 0.246469643484 -0.0648161642594 -0.0722218868645 0.0 
0.314562023875 0.726090970676 0.239186713667 0.562320031026 0.0 0.264525541965 0.0 0.671128605305 1.04622474509 1.14024057151 0.219239260568 0.0 180.0 35.0 34.0 -0.31249115869 0.17424775662 -0.0226187609486 -0.00986736801441 -0.0433532722192 
0.0 0.0477123313786 0.0 0.0 0.0 0.0 0.0 0.0 0.589455092765 1.00377636033 0.307471899634 0.0 181.0 35.0 34.0 -0.333333333333 0.164380388605 -0.0784462229718 -0.173210356551 0.0 
1.01529142263 1.10671488334 0.0 0.0 0.0593103135835 0.0 0.18228711095 0.0 0.286298811601 0.0 0.0 0.567481752743 193.0 35.0 35.0 -0.333333333333 -0.00882996794549 -0.040659770252 -0.0798310443895 0.0433532722192 
0.0 0.293366766611 0.167193933559 0.0 0.0 0.46664633018 0.902406325142 0.0 0.84815285892 1.22981104523 0.458700705681 0.0 218.0 35.0 39.0 -0.333333333333 -0.088661012335 -0.0448160507349 -0.051809171339 -0.0433532722192 
0.608523306041 1.01346439691 0.857988173518 0.0909035911485 0.590365984681 0.0 0.0 0.0 0.290053672257 1.00167492117 0.230887727659 0.0 228.0 47.0 50.0 -0.333333333333 -0.140470183674 -0.0609839081658 0.0455571821781 0.0433532722192 
0.0 0.0 0.0 0.0 0.0 0.0 0.0 0.0 0.0 0.0 0.0 0.0980223596089 230.0 54.0 82.0 -0.333333333333 -0.0949130014959 0.0328717245191 0.0800732194544 -0.0433532722192 
0.851702657412 0.322415248802 1.7295684776 0.0901149866674 1.25243975775 0.754180786729 0.0 0.256317547294 1.02574988869 2.68334540558 0.0 0.0 232.0 52.0 94.0 -0.300461608814 -0.0148397820415 0.0179050857488 -0.0380057885531 0.0433532722192 
0.0 0.0 0.0 0.0 0.350766263513 0.0 0.0 0.0 0.938563370263 0.191683882026 0.0 0.357338138089 232.0 50.0 101.0 -0.282556523065 -0.0528455705947 0.0504732908944 -0.07121241308 -0.0433532722192 
0.0 0.0 0.411890732161 0.0758629449615 0.0 0.0 0.0 0.0 0.0550609562824 0.0 0.0 0.102053876907 232.0 50.0 105.0 -0.232083232171 -0.124057983675 0.115918597485 0.0559390247803 0.0309196538885 
0.613947178665 0.0 0.0 0.0927522123419 0.0 0.0 0.0181573020895 0.0 0.227194468409 0.0 0.0 0.0 232.0 49.0 107.0 -0.116164634686 -0.0681189588944 -0.00503394394292 -0.0434087293681 0.0 
0.0 0.0391925478423 0.098163692067 0.0 0.0 0.0 0.0 0.0 0.235549609561 0.219819036133 0.247412840942 0.0 232.0 49.0 108.0 -0.121198578629 -0.111527688262 -0.0244661748897 -0.0217149229555 0.0 
0.0 0.85012931178 0.0 0.0 0.590237275573 0.0 1.08829368866 0.122586138094 0.0 0.0 0.0 0.0 232.0 49.0 109.0 -0.145664753519 -0.133242611218 0.105275467096 -0.166445445085 0.0 
0.811514554928 0.0 0.0 0.0 0.61997984976 0.769661089573 0.0 0.0 0.0 0.47668293774 0.0 0.0890196466378 232.0 49.0 110.0 -0.0403892864229 -0.299688056303 -0.0895420184635 0.105370369819 0.0 
0.0 0.311070036783 0.0 0.0 0.0 1.37247459601 0.0 0.0 0.00996579255432 1.12032173937 0.0 0.0 232.0 49.0 111.0 -0.129931304886 -0.194317686484 0.171389685002 0.107060959417 0.0 
0.0 0.0 0.0 0.0 0.0 0.0 0.325640071663 0.0 0.0 0.0 0.0 0.0 232.0 49.0 111.0 0.0414583801159 -0.087256727067 0.0291969209511 0.0183545850702 0.0 
0.0 0.222947841489 0.0 0.0 0.216675952569 0.0 0.0 0.253160034927 0.0 0.73033587119 0.0 0.0 232.0 49.0 111.0 0.070655301067 -0.0689021419968 0.0278035551889 0.0896505144979 0.0 
0.0 0.0 0.0 0.0 0.608990792376 0.0 0.0 0.0 0.0 0.0 0.0 0.217908799501 232.0 49.0 112.0 0.098458856256 0.0207483725011 0.0334727228401 -0.0105344024728 0.0 
0.776813643131 0.0 0.0 0.0 0.308223184823 0.318210915298 0.0 0.0 0.039734597588 1.18337501625 0.0 0.175739216776 231.0 49.0 112.0 0.131931579096 0.0102139700283 0.0627276189232 0.0306228025161 0.0 
0.0 0.0 0.0 0.0 0.0 0.0 0.0 0.683764571108 0.0 0.0 0.518415822944 1.15206181923 228.0 50.0 113.0 0.194659198019 0.0408367725444 -0.0381260518206 -0.131377202035 0.0 
0.0549815088986 0.0 0.73378768651 0.0 0.0 0.0 0.0 0.0 0.965905623792 0.0 0.834312173473 0.0 224.0 52.0 111.0 0.156533146199 -0.0905404294907 0.0388251556698 0.0241081730133 0.0 
0.664742970337 1.994415898 1.62480260255 0.0 0.0 1.29813404523 0.0 0.497368061493 0.0 3.25930487135 0.0 1.10818761175 220.0 56.0 104.0 0.195358301868 -0.0664322564774 -0.00359451598029 0.0103675973306 0.0 
0.0 0.0 0.0 0.0405073321857 0.0 0.0 1.07708727348 0.0 0.0 0.0 0.0 0.0 215.0 62.0 96.0 0.191763785888 -0.0560646591468 -0.0948620480282 0.0319668832401 0.0 
0.0960473055232 0.0 0.335409414549 0.800150523173 0.0 0.0 0.0 0.699810725518 0.0 0.216434668496 0.256044951874 1.1172551783 211.0 67.0 88.0 0.0969017378599 -0.0240977759067 0.0755760884707 0.0934496823684 0.0 
0.673397319988 0.470747452427 1.05894560321 0.0 0.0 0.0 0.0 0.0 0.0 0.431395901926 0.0 0.0 208.0 71.0 83.0 0.172477826331 0.0693519064617 -0.123099744028 0.0395921380562 0.0 
1.09914493134 0.0 0.0 0.0 0.0 0.0 0.131210431685 0.0 0.0 0.104583222686 0.280874733923 0.0 204.0 76.0 75.0 0.0493780823021 0.108944044518 0.0160408704756 0.0230301538024 0.0 
0.812686969053 0.0 0.0 0.0960287580206 0.0 0.0 0.0265744958635 0.505143852084 0.0 0.296665784993 0.0217136339184 0.0 200.0 80.0 69.0 0.0654189527778 0.13197419832 0.0486139561382 -0.0433193997369 0.0 
0.86398582966 0.0250554272662 0.0 0.0 0.0 0.0 0.189254634356 0.0 0.0 0.266082559048 0.0 0.350074335063 197.0 85.0 62.0 0.114032908916 0.0886547985834 0.0324030370246 -0.00177598698284 0.0 
0.0 0.0 0.0 0.809747709231 0.242279754507 0.0 0.0 0.0 0.0693806460712 1.36738670617 0.0 0.0 193.0 90.0 55.0 0.146435945941 0.0868788116006 -0.00726939294554 0.0850102430148 0.0 
# HEADER 2
0.0 0.0 0.0 0.0 0.0 0.0 0.0 0.729072973389 0.0 1.15080609609 0.0 0.0 133.0 249.0 255.0 0 0 0.0153608762689 -0.0028062800621 0.0245611674211 
0.79760586147 0.747341755891 0.435241382828 0.0 0.0 0.0 0.0 0.0 0.0 0.650002465185 0.23021028968 0.0 133.0 248.0 255.0 0.0153608762689 -0.0028062800621 -0.0109948817817 -0.0469495073607 0.0 
0.844887523172 0.0885133267711 0.0 0.0 0.0 0.216748782866 0.0 0.0 0.0 0.0 0.162756155068 0.0 132.0 248.0 255.0 0.00436599448714 -0.0497557874228 0.0751480067984 0.109088988246 0.0 
0.0 0.357630343181 0.0 0.0 0.339998914459 0.737175896843 0.0 0.324240594734 0.0 0.634007946346 0.0 0.0 132.0 248.0 255.0 0.0795140012856 0.0593332008232 -0.0108289434135 -0.0171790398546 0.0 
0.599631083767 0.0381226976734 0.0 0.0 0.0 0.0 0.0 0.0 0.385480373272 0.213114022966 0.0 0.0 132.0 248.0 255.0 0.068685057872 0.0421541609686 -0.035090637038 -0.124106144016 0.0 
0.750035561077 0.153602444613 0.317067442181 0.0 0.0277604144513 0.349066709377 0.694474762771 0.0 0.0 0.0 0.0 0.208336759958 132.0 248.0 255.0 0.033594420834 -0.0819519830479 -0.0169383515601 0.0432426796922 0.0 
0.0 0.0 0.318064733382 0.0124513808656 0.0 0.0 0.0 0.0 0.0 1.08669316801 1.0309315143 0.0 132.0 248.0 255.0 0.0166560692739 -0.0387093033557 0.0635018013613 -0.0597815458859 0.0 
0.0 0.0 0.0 0.0 0.0 0.0 0.0886673267067 0.0 0.0 0.114806781703 0.277755298597 0.0 128.0 248.0 255.0 0.0801578706352 -0.0984908492416 -0.0583410005828 -0.0377638683125 0.0 
0.0 0.0 0.0 0.0 0.0 0.0 0.0 0.0 0.0 0.0 0.0 0.0 126.0 250.0 255.0 0.0218168700524 -0.136254717554 0.0806025567801 -0.0639029277661 0.0 
0.0 0.0 0.0 0.0 0.0 0.0 0.0 0.0 0.0 0.0452298734987 0.0 0.0 124.0 251.0 255.0 0.102419426833 -0.20015764532 0.0201266627504 -0.0265709348597 0.0 
0.0 0.0 0.0 0.0 0.193468879027 1.00578458069 0.0 0.0 0.0 0.0 0.00170621966323 1.06639890877 123.0 252.0 255.0 0.122546089583 -0.22672858018 -0.0414207181949 -0.027104176266 0.0 
0.0 0.769221527825 1.23409967253 0.0 0.0 0.0 0.863076929361 0.259002117476 0.0 0.200412397547 0.0 1.87474125673 122.0 252.0 255.0 0.081125371388 -0.253832756446 0.026421281831 -0.06908435632 0.0 
0.0 0.0 0.333029540537 0.106401985385 0.0 0.0 0.111942077292 0.0 0.793887757529 0.0 0.518519509297 1.69907529744 121.0 253.0 255.0 0.107546653219 -0.322917112766 -0.0467983051782 -0.0119707091939 0.0 
0.0 0.0 0.0 0.618062263518 0.351764131047 0.0 0.0150311249312 0.753196206711 0.0 0.160754181858 1.0313387927 1.59638855367 120.0 254.0 255.0 0.0607483480408 -0.333333333333 -0.0952385504483 -0.135559452109 -0.0124336183306 
# HEADER 3
0.284151938366 0.0 0.0 0.0 0.0 0.0 0.0522020509008 0.230378642054 0.0 0.0 0.0 0.0 133.0 249.0 255.0 0 0 -0.0666162586827 -0.0467875842012 0.0124336183306 
0.156465702012 0.0 0.0 0.169045008343 0.0 0.0 0.592824410935 0.638313815591 0.0 0.286706527195 0.0300190907308 0.0 138.0 249.0 255.0 -0.0666162586827 -0.0467875842012 -0.127003592068 -0.10053743863 0.0 
0.0 0.275061172201 0.0 0.0 0.0 0.0 0.0 0.752660626469 0.0 0.0 0.0 0.0 147.0 249.0 255.0 -0.19361985075 -0.147325022831 -0.127536446422 -0.00980565104858 0.0 
0.624191614901 0.0 0.0 0.0 0.0 0.0 0.0 0.16664708078 0.0 0.0 0.0 0.0 163.0 249.0 255.0 -0.321156297172 -0.15713067388 0.15734089496 -0.0660550570095 0.0 
0.248185918311 0.0 0.0 0.374552611476 0.846994519083 0.0 0.38117089963 0.277323171019 0.0 0.585298885014 0.0 0.0 178.0 249.0 255.0 -0.163815402212 -0.223185730889 0.158172819845 0.0457721056885 0.0 
0.0 0.0 0.0 0.0 0.773841765937 0.0 0.0 0.0 0.0 0.232658627123 0.0 0.0 193.0 249.0 255.0 -0.00564258236686 -0.177413625201 -0.0987809806542 -0.00555269168636 0.0 
1.07651764682 1.14095282447 0.847110447425 0.598919774261 0.342471010311 0.137111138232 0.0 0.0122117834659 0.514118813962 2.70647457639 0.00301459152518 2.72304489292 204.0 248.0 255.0 -0.104423563021 -0.182966316887 -0.00780857113557 0.0259956915817 0.0 
0.0 0.0 1.29456536978 0.147647648915 0.0 0.0 0.0 0.0 0.0 0.0 0.36778818029 0.490594206433 214.0 248.0 255.0 -0.112232134157 -0.156970625306 0.00689226722785 0.0620261913774 0.0 
0.0 0.291806486836 0.0 0.0 0.0 0.733151593574 0.00930559081952 0.0 0.0 0.0 0.0 0.598073639266 223.0 248.0 255.0 -0.105339866929 -0.0949444339282 0.126806911176 -0.0766438300268 0.0 
0.0 0.366325034692 0.120041152217 0.0626869239962 0.417423589832 0.415339216814 0.0092079564532 0.0 0.0 0.718575024739 0.220503398685 0.0 226.0 247.0 255.0 0.0214670442472 -0.171588263955 0.00431688234626 0.0831653247249 0.0 
0.0 0.0 0.0 0.0 0.722738987899 0.0 0.00919580507148 0.0 0.0 0.232830189834 0.0 0.0 226.0 248.0 255.0 0.0257839265934 -0.0884229392301 0.0662284702959 0.0411126021712 0.0 
0.0 0.797658728642 0.00433784280085 0.0947132688015 0.0 0.0 0.0 0.0 0.0 0.0 0.0 0.0 224.0 248.0 255.0 0.0920123968893 -0.0473103370589 0.000999611623642 -0.197420984631 0.0 
0.0 0.0 0.0 0.0 0.0 0.202121455803 0.0 0.168699093142 0.0 0.0 0.198451412748 0.52822820852 217.0 249.0 255.0 0.0930120085129 -0.24473132169 0.0556808842816 -0.0669654590843 0.0 
0.358716012292 0.0 0.0 0.0 0.297566228282 0.0 0.507597051449 0.291155543553 0.337888509404 0.0 0.1494651705 0.0 206.0 249.0 255.0 0.148692892795 -0.311696780774 0.0531960700818 0.0468691887648 0.0 
0.309121579619 0.663341659819 1.65633189107 0.604481538645 0.235425737204 0.0 0.0 0.229748290236 1.01041396951 2.98313129674 0.0 0.468107015088 192.0 250.0 255.0 0.201888962876 -0.264827592009 -0.118906852495 -0.0328754182791 0.0 
0.736244481873 0.297981421876 0.270012508987 0.0 0.0 0.833268838371 0.0 0.0 0.0 0.0141799144761 0.0560656429824 0.47336381355 181.0 250.0 255.0 0.0829821103817 -0.297703010289 -0.14078202021 0.148934292443 0.0 
0.0 0.33402806414 0.27251207104 0.622811264178 0.0616586196961 0.980665285599 0.0 0.595363003597 1.37850251792 0.97872656917 1.52200022296 0.0 172.0 250.0 255.0 -0.0577999098287 -0.148768717845 -0.120644349183 -0.0472883409583 0.0 
0.607745834714 0.0 0.0 0.127761143774 0.0 0.0 0.0 0.0 0.0 0.0 0.313346907787 0.0 171.0 249.0 255.0 -0.178444259012 -0.196057058804 0.199614040362 -0.0802870535938 0.0 
0.0 0.617701307234 0.415873244909 0.0 0.0 0.0 0.567303729824 0.0 0.763213080069 0.0 0.144055845081 0.6371387245 186.0 249.0 255.0 0.02116978135 -0.276344112397 -0.113231356434 0.0526073891292 0.0 
0.412549798694 0.0 0.0 0.280140242874 0.0258900822694 0.0 0.213413324144 0.0 0.0 0.167510095924 0.229584768897 0.0368681632389 198.0 249.0 255.0 -0.0920615750845 -0.223736723268 0.0119849886318 0.0934852695819 0.0 
0.0 0.0 0.0 0.0 0.0 0.797503646483 0.0 0.0 0.0 0.0 1.05773072957 1.24952930349 207.0 248.0 255.0 -0.0800765864528 -0.130251453686 0.155939686257 -0.052241164368 0.0 
0.0 0.0 0.0 0.0 0.0 0.0 1.50903570013 0.0 0.0 0.0 0.0 0.0 216.0 248.0 255.0 0.075863099804 -0.182492618054 -0.0526357390702 -0.0880286920357 0.0 
0.0 0.0 0.0 0.0960581551973 0.0 0.254317472598 0.145000341726 0.0 0.0 0.342721382261 0.760443603233 0.360532899949 224.0 248.0 255.0 0.0232273607338 -0.27052131009 -0.120542639614 -0.0254108002727 0.0 
0.744112631874 0.0 0.0 0.0 0.0 0.0 0.0 0.205275574854 0.0177991144895 0.0209501311837 0.228309583151 0.344920061404 231.0 246.0 255.0 -0.0973152788805 -0.295932110363 0.0797246651347 0.0340284422359 0.0 
1.73437534908 2.68483490705 2.21359829056 0.994883074392 0.626087508444 0.799554505807 0.0 0.751801063342 0.141050461206 5.45581016723 0.0 1.58607543076 232.0 247.0 255.0 -0.0175906137458 -0.261903668127 -0.0243211073039 -0.0725017718214 0.0 
0.0 0.0 0.762667782649 0.0 0.0 0.0 0.438470956541 0.0 0.263257354904 0.0 0.0 0.169036319067 233.0 247.0 255.0 -0.0419117210496 -0.333333333333 0.00511102256253 0.0410584737701 0.0 
0.820460908206 1.14011948255 0.19101174032 0.0 0.0 0.0 0.0 0.0 0.0 0.272968616825 0.0 0.0 234.0 246.0 255.0 -0.0368006984871 -0.292274859563 0.141575304201 -0.0533942583697 0.0 
2.04855805925 0.0 0.0 0.0 0.213965049154 0.0 0.264476748908 0.0 0.0 0.862894286958 0.0 0.0 233.0 247.0 255.0 0.104774605714 -0.333333333333 0.00615345724799 -0.0350384201892 0.0 
0.744017282042 0.0 0.0 0.0 0.0 0.0 0.133820254698 0.0 0.856406030903 0.0 0.0 0.678666603224 231.0 248.0 255.0 0.110928062962 -0.333333333333 0.0368938534896 0.0469587838846 0.0 
0.0 0.298806562026 0.0 0.672167420561 0.0 0.0 0.0 0.0 0.0 0.162794737744 2.18743759665 1.07620637395 223.0 249.0 255.0 0.147821916451 -0.286374549449 -0.0205171581659 0.00838729525507 0.0 
1.01320351483 0.212557031434 0.0 0.220551080634 0.0 0.0 0.0 0.0 0.0 0.0 0.0 0.713145144727 211.0 249.0 255.0 0.127304758286 -0.277987254194 -0.0754648257583 0.204999127822 0.0 
0.0 0.0 0.0369136311036 0.0 0.0 0.0 0.0584647308159 0.0 0.789984351594 0.0 0.24393884828 0.0 200.0 249.0 255.0 0.0518399325272 -0.0729881263716 0.145006621398 0.0408846358022 0.0 
0.0 0.332404056559 0.0 0.215839183499 0.841030776108 0.0 0.0 0.699513809742 0.0 0.300212813851 0.0 1.4352387153 188.0 249.0 255.0 0.196846553926 -0.0321034905695 0.102647957975 0.0175447802103 0.0 
0.0 0.0 0.0 0.0 0.870200448003 0.0 0.0 0.0128579614783 0.0 0.0 0.0 0.595982725026 171.0 249.0 255.0 0.2994945119 -0.0145587103592 0.0188856050163 0.201842626202 0.0 
0.368522897116 0.0 0.368398935829 0.11966933605 0.0 0.0 0.00657726085054 0.0 0.0711329863366 0.523811949458 0.219880988135 0.0 153.0 249.0 255.0 0.318380116916 0.187283915843 0.140409085316 0.0323161392835 0.0 
0.0 0.0 0.0 0.0 0.596591526382 0.144643282506 0.0 0.0 0.0 0.0 0.718413257866 0.558191792042 134.0 248.0 255.0 0.333333333333 0.219600055127 -0.0813874518327 -0.0564855055372 0.0 
0.0 0.293965771685 0.0 0.0 1.3520030149 0.0 0.0 0.0 0.0 0.0 0.0 0.0 125.0 247.0 245.0 0.251945881501 0.16311454959 -0.1038623257 -0.0189776963332 0.0 
0.0 0.0 1.17299893627 0.0 0.0 0.0 0.0 0.0 0.790933777442 3.82995972894 3.80440790587 0.0 126.0 249.0 226.0 0.148083555801 0.144136853256 -0.124551172079 0.131423393973 0.0 
0.0 1.5622943584 4.3302669036 0.0 0.0 1.60871381344 0.169388648995 2.81089693205 0.0 0.730061129833 7.45764418761 1.65498338234 126.0 251.0 206.0 0.0235323837223 0.27556024723 0.00303083853812 -0.11688271159 -0.0124336183306 
0.0 1.23027264791 6.89964711152 0.0 0.0 6.10025354885 0.0 6.5104358757 0.0 0.0 7.77694396794 0.0 126.0 251.0 193.0 0.0265632222604 0.15867753564 -0.052158570797 -0.0557325435946 0.0 
0.0 1.0633264004 8.383462487 0.0 0.0 7.05275535615 0.0 7.69746658179 0.0 0.0 8.98889382901 1.13508289943 125.0 253.0 186.0 -0.0255953485366 0.102944992045 0.0881681798158 -0.0587289734511 -0.0309196538885 
0.0 0.0 11.2408550392 0.0 0.0 6.74666072758 0.880198373752 8.51933281135 0.0 0.0 9.20733966392 1.4190344354 124.0 253.0 184.0 0.0625728312792 0.0442160185941 0.00733859420919 0.177401506139 0.0433532722192 
0.0 1.17237932594 12.0761969161 0.0 0.0650233826324 8.49707193766 0.0 10.63414443 0.0 0.331839452765 9.06864329605 1.27186286342 125.0 253.0 176.0 0.0699114254884 0.221617524733 0.0214498326092 -0.00114860979622 0.0 
0.0 0.0 8.59001702694 0.0 0.0 8.57745288206 2.82706162485 12.509040432 0.0 0.0 8.13528956676 0.0 126.0 253.0 159.0 0.0913612580976 0.220468914937 -0.0591415775094 0.0824676406254 0.0298816821765 
0.0 0.0 3.91608615777 0.0 0.0743234457685 8.06830543382 6.74132343326 12.2356367189 0.0 0.0 5.01161204015 0.0 128.0 253.0 139.0 0.0322196805882 0.302936555563 0.0516467950699 -0.0677554030083 0.0128518871301 
0.0 0.0 0.0 0.0 0.0 3.84621553011 12.2927082783 11.0762395905 0.0 0.0 2.35498494726 0.0 130.0 253.0 118.0 0.0838664756581 0.235181152554 -0.0219242737951 -0.00782081689689 0.055481934669 
0.0 0.0 0.0 0.0 0.707964496311 0.341502735816 15.4454534724 8.37968180045 0.0 0.0 1.30808345678 0.0 131.0 254.0 105.0 0.061942201863 0.227360335658 -0.0175027372038 0.126293315517 0.0817013321179 
0.0 0.0 0.0 0.0 0.0 1.32796752136 18.5621473093 3.95543466754 0.0 0.0 0.493075795801 0.0 133.0 254.0 85.0 0.0444394646592 0.333333333333 -0.128457247694 -0.115193400015 0.0142863101696 
0.0 0.0 0.0 0.0 0.0 0.0 18.9631834649 2.20529908425 0.0 0.0 2.4762137682 0.0 134.0 254.0 66.0 -0.0840177830351 0.218139933318 0.068373298281 0.0356000171258 0.0921547340262 
0.0 0.0 0.0 0.0 0.0 0.0 16.2008884421 1.83313114316 0.0 0.0 0.864180539297 0.0 134.0 254.0 49.0 -0.0156444847541 0.253739950444 -0.0339996956815 -0.0491803443277 0.0669630770049 
0.0 0.0 0.0 0.0 0.0 0.0 11.60879863 0.818886121777 0.0 0.0 0.313106593458 0.0 134.0 252.0 42.0 -0.0496441804356 0.204559606117 -0.0861682846463 0.166990397158 0.0660827485288 
0.0 0.0 0.0 0.0 0.0 0.0 12.7541916263 0.809520410473 0.0 0.0 0.0 0.0 134.0 248.0 37.0 -0.135812465082 0.333333333333 0.083046820177 -0.0310980176379 0.0315584695365 
0.0 0.0 0.0 0.0 0.0 0.0 11.1053088111 0.16105552709 0.0 0.0 0.0 0.0 134.0 246.0 36.0 -0.0527656449049 0.302235315695 -0.1311187809 0.0360182157552 0.0489159598842 
0.0 0.0 0.0 0.0 0.0 0.0 11.1314894141 0.0 0.0 0.0 0.836125461103 0.0 140.0 241.0 36.0 -0.183884425805 0.333333333333 -0.0100244542538 -0.0144869100891 0.0 
0.0 0.0 0.0 0.0 0.0 0.0 7.77916791295 0.0 0.0 0.0 0.0 0.0 149.0 229.0 37.0 -0.193908880058 0.318846423244 0.10856731108 -0.0606565832015 0.0 
0.0 0.0 0.0 0.0 0.343852274666 0.0 5.13813747034 0.28538961905 0.0387851775873 0.0 0.0 0.0 159.0 214.0 36.0 -0.0853415689785 0.258189840043 0.0122741426307 -0.0156462530747 0.0627474701497 
0.0 0.0 0.0 0.0 0.0 0.0 3.78516663045 0.0 0.0 0.0 0.0 0.0 168.0 198.0 37.0 -0.0730674263478 0.242543586968 0.0133386251247 0.0250734082184 0.031932489448 
0.0 0.0 0.0 0.0 0.0 0.0 1.5346880091 0.820361362356 0.0 0.0 0.211896612441 0.0 177.0 179.0 36.0 -0.0597288012231 0.267616995186 0.0651265521933 -0.0300011000065 0.0758379213538 
0.0 0.0 0.0 0.0 0.0 0.0 2.76071344888 0.0 0.0 0.0 0.0 0.0 180.0 161.0 36.0 0.00539775097022 0.23761589518 -0.145850110248 0.0509165877759 0.063988621734 
0.0 0.0 0.0 0.0 0.0 0.0 1.93212453878 0.0 0.0 0.0 0.0 0.0 185.0 138.0 36.0 -0.140452359278 0.288532482956 -0.0608587220962 0.0547793954232 0.0862582625242 
0.0 0.0 0.0 0.0 0.0 0.0 1.51016436752 0.0 0.0 0.0 0.250993652019 0.0 184.0 84.0 39.0 -0.201311081374 0.333333333333 0.0878082049207 0.0192930000867 0.123332759296 
0.00566458850728 0.250388953228 0.0 0.0 0.708930733146 1.58440057321 1.02082972235 0.0 0.0538572731245 0.138648980052 1.02400364695 0.0 171.0 55.0 40.0 -0.113502876453 0.333333333333 0.00657394237904 0.0377855154024 0.0600628526987 
0.608959036618 0.0 0.0 0.0 0.0 0.0 0.601302283521 0.0 0.984152690858 0.0717560740804 0.0 0.507895195105 164.0 36.0 35.0 -0.106928934074 0.333333333333 0.213019569249 -0.0199173033434 -0.0298544743991 
0.0 0.0 0.0 0.0 0.0 0.0 1.18511726794 0.0 0.513467242258 0.0 0.0464353628802 0.0 150.0 36.0 35.0 0.106090635175 0.31341602999 0.0924790379442 -0.0110150530864 0.0 
1.66100179152 0.372875931606 0.54071375472 0.0 0.487676105535 0.0 0.129027877446 0.0 1.56603098462 0.21964799383 0.351110941797 0.0 135.0 36.0 35.0 0.198569673119 0.302400976904 -0.125299437787 0.0525526235497 0.0 
0.255590512034 0.365934063774 0.472423404067 0.0 0.835097173743 0.0 0.0 0.0 1.29726630251 1.27550785576 1.11772136456 0.0 121.0 36.0 34.0 0.0732702353323 0.333333333333 0.000283411245594 0.100634187199 0.0 
0.0 0.0 0.86133208561 0.127225583293 0.0409954573119 0.0829433735921 0.0 0.0 0.88836820732 0.408046185791 0.974882619986 1.16209269802 113.0 36.0 34.0 0.0735536465779 0.333333333333 -0.0200027477907 0.0113412045162 0.0 
0.0 0.0 0.300879573989 0.0 0.0 0.0 0.890218751494 0.0 1.07688425072 1.36900925858 0.0 0.425000796868 110.0 36.0 34.0 0.0535508987872 0.333333333333 0.0595970053167 0.00688477119556 0.0 
0.0 0.0 0.0 0.0269620237071 0.0 0.0 0.0 0.485280305665 0.0 0.0 0.0 0.105726194676 109.0 37.0 34.0 0.113147904104 0.333333333333 -0.0590982968518 -0.0502521186063 0.0 
0.0 0.0 0.0 0.290624203318 0.0 0.0 0.0 0.192880797973 2.08673575245 0.640595645208 0.0 0.283564612395 108.0 37.0 34.0 0.0540496072521 0.283081214727 0.0868727306494 0.0721032414886 0.0 
0.0 0.0 0.0 0.0 0.0 0.0 0.0169908816529 0.0 0.548078843752 2.87041259718 0.0 0.418976446552 107.0 37.0 34.0 0.140922337901 0.333333333333 0.16855439068 -0.106854448703 0.0 
1.28604206234 1.00384151744 0.0 0.0 1.19488902491 0.0 0.0 0.0 2.5977343206 4.11418669426 0.22238111539 1.38696653273 106.0 38.0 34.0 0.309476728581 0.22647888463 0.0211020867208 -0.0368107533509 0.0 
0.0335202926129 0.0 0.0 0.0 0.0 0.0 0.0 0.0 0.362731296193 0.427001156762 0.0 0.0269480636863 104.0 39.0 34.0 0.330578815302 0.189668131279 0.0160978638628 -0.040349203087 0.0 
0.0 0.0 0.0 0.0 0.786555705237 0.0 0.0 0.0 0.85188497097 0.397584306107 0.0 1.57692844443 102.0 39.0 34.0 0.333333333333 0.149318928193 -0.0973903706963 0.0776209360786 0.0 
0.397294281901 0.56988389352 0.0 0.0 0.0 0.0 0.0 0.0 2.22281728627 0.824811618481 0.2351802503 0.347905170417 101.0 39.0 34.0 0.235942962637 0.226939864271 0.00268691063686 0.0863438966221 0.0 
0.0 0.0 0.0 0.0 0.0 0.0 0.0 0.0 0.888355767819 2.59356352611 0.26714420979 0.413565187769 100.0 39.0 34.0 0.238629873274 0.313283760893 -0.0128425296834 -0.136360755633 0.0 
0.656727649287 0.0 0.0 0.0 0.0 0.0 0.0 0.0 0.854704044458 0.650218895455 0.0 1.1731572716 98.0 40.0 34.0 0.22578734359 0.17692300526 -0.00949912860889 -0.115075633687 0.0 
0.481548537069 0.0 0.0 0.130222264154 0.0 0.0 0.464467410421 0.0 0.158620871421 1.4226679789 0.0 1.53012272809 98.0 40.0 34.0 0.216288214982 0.0618473715727 -0.0281058518602 -0.0696610208575 0.0 
0.0 0.0 0.0 0.0 1.68536737803 0.0 0.852113291892 0.0 1.48927653839 0.983587249139 0.0 0.0 99.0 40.0 34.0 0.188182363121 -0.00781364928488 -0.0691021440108 -0.082092961488 0.0 
1.34611553981 1.46584856502 0.0 0.0711042699313 0.0 0.0 0.0 0.0 1.56164892471 3.88513103697 0.0 0.681796531388 99.0 41.0 35.0 0.119080219111 -0.0899066107729 -0.0322909258457 -0.0102212054839 0.0 
0.87062334199 0.0 0.0 0.0 0.0 0.0 0.0 0.0 0.733258356328 1.55272859014 0.0 0.0341952989376 99.0 41.0 35.0 0.0867892932649 -0.100127816257 -0.032196050559 -0.116651468227 0.0152319991543 
0.0924129697056 0.20214227766 0.0 0.0 0.0 0.0 0.77284899225 0.0 1.09328237589 0.509716269453 0.0 1.38844291071 99.0 41.0 35.0 0.0545932427058 -0.216779284483 -0.11419605484 -0.0487378025387 -0.0152319991543 
1.57748920638 0.787525545764 0.566187984971 0.0 0.0 0.0 0.0 0.0 1.11126175231 2.86711642405 0.0 1.63764588153 101.0 41.0 35.0 -0.0596028121338 -0.265517087022 0.0702008417969 -0.197643978041 0.0 
1.79825450904 0.34935911052 0.0 0.0 0.0 0.0 0.0 0.0 0.243363905086 1.46125426917 0.218543919861 0.688435528108 105.0 41.0 35.0 0.0105980296631 -0.333333333333 -0.0852785529947 -0.0889607079413 0.0152319991543 
0.0 0.0 0.0 0.0 0.0 0.0 0.0 0.0 0.0 1.13695973885 0.0 0.0493782770693 107.0 41.0 35.0 -0.0746805233316 -0.333333333333 -0.116910541828 -0.10371267099 0.0 
1.3296627239 0.145291717653 2.09130273177 0.903823803003 1.49868248562 0.0911177356013 0.0 0.0 1.77620968445 4.32063019675 0.0 1.88814861788 114.0 41.0 35.0 -0.191591065159 -0.333333333333 -0.0888944184224 0.0652398633636 0.0 
0.0 0.0 0.142031485185 0.0209183185683 0.786222341929 0.0 0.0 0.0 0.0 0.390899070817 0.0 0.0 130.0 41.0 36.0 -0.280485483582 -0.26809346997 -0.0356534844607 -0.0715602822472 -0.0145186614239 
1.43339891976 2.37187834193 1.94530906529 0.0 0.864303379125 0.146462591254 0.0 0.0 3.0926842386 5.09307190804 0.0 2.83122311344 144.0 41.0 37.0 -0.316138968043 -0.333333333333 -0.0205088844829 0.0221844696554 0.0 
0.126742274131 0.0 0.0 0.163313499867 0.583701388622 0.0 0.0 0.0 1.0775882036 1.42986047916 0.0 0.480586697912 163.0 44.0 39.0 -0.333333333333 -0.311148863678 -0.0599436109574 0.120178136488 0.0 
0.480647862316 0.350920249398 0.41160961782 0.181764827922 0.628103789161 0.0 0.0 0.0 0.0 0.0 0.0 1.36659237438 147.0 38.0 193.0 -0.333333333333 -0.19097072719 -0.0689652847906 -0.0914476401763 0.0 
0.0 0.0 0.0 0.0 0.0 0.2572746137 0.0 0.0 0.0 0.92497160466 0.144482097114 0.0 149.0 38.0 189.0 -0.333333333333 -0.282418367366 0.0662865593942 -0.0424553061359 0.0 
0.463751630683 0.0 0.391090847453 0.0 1.33767769616 0.0 0.0 0.0 0.0 1.37866306487 0.0 0.0 151.0 39.0 189.0 -0.267046773939 -0.324873673502 0.0981567624635 0.00554757723 0.0 
0.0 0.0 0.0 0.0 0.792612523745 0.0 0.0 0.0 0.0 0.290847182755 0.0289116455095 0.102142988214 154.0 39.0 186.0 -0.168890011476 -0.319326096272 0.112904599718 -0.0166144722201 0.0 
0.0 0.199987840284 0.0 0.0 0.0 0.951691632611 0.0 0.0 0.0693574000857 1.22662493585 0.0 0.515747010544 156.0 39.0 184.0 -0.0559854117578 -0.333333333333 -0.0815210262325 -0.0353735131882 -0.0146021888912 
0.230158066149 0.0 0.0 0.0 0.725210405036 0.0 0.761956485979 0.0 0.0 0.0 0.0 0.0 157.0 39.0 181.0 -0.13750643799 -0.333333333333 -0.0731908944005 0.0233551704112 0.0 
0.815597965759 0.0 0.0 0.0186638024535 0.0 0.0 0.894934477723 0.0 0.0 1.19830317083 0.742251306493 0.0 161.0 39.0 174.0 -0.210697332391 -0.309978162922 -0.0116037556849 -0.0626361955912 0.0 
0.961087239715 0.0 0.0 0.0 0.0 0.0 0.0 0.0 0.0653263386936 0.882558409853 0.0 0.0 166.0 39.0 168.0 -0.222301088076 -0.333333333333 0.0481124582877 -0.0160448628779 0.0 
0.0 0.0 0.0 0.111476435715 0.854990168632 0.0 0.798634735719 0.396041036223 0.0 1.36311194178 0.0 0.0 172.0 39.0 161.0 -0.174188629788 -0.333333333333 -0.0931839188472 -0.0326756138821 0.0 
0.844976295777 0.0 0.0 0.112942135065 0.728736130884 0.399130964226 0.00146953296433 0.0 0.0 0.38163222 0.0 0.557041069133 177.0 39.0 154.0 -0.267372548635 -0.333333333333 -0.129245820555 -0.00447848262477 0.0 
0.0 0.0 1.13267271192 0.409449870882 0.727132409895 0.0 0.0 0.0 0.0137563506965 1.3867178534 0.0 0.0 186.0 39.0 149.0 -0.333333333333 -0.333333333333 -0.0544244570403 -0.0896342348519 0.0 
0.38838670953 0.337550091964 0.0 0.169197845295 0.858587136347 0.0 0.0 0.162218363316 0.0 0.0 0.0 0.0 204.0 39.0 142.0 -0.333333333333 -0.333333333333 0.0419100773506 0.0227063485689 0.0 
0.908755367958 0.0 0.0 0.0 0.0 0.0 0.914925525012 0.0 0.0 0.0 0.701957680695 0.191691084276 223.0 38.0 137.0 -0.291423255983 -0.310626984764 0.0859886594026 0.0480043800776 0.0 
0.0 0.0 0.0 0.0 0.470921185382 0.0 0.808763383425 0.0 0.0 0.0 0.0 0.0 235.0 38.0 135.0 -0.20543459658 -0.262622604687 -0.0553786848826 -0.110198436344 0.0 
0.396950125995 0.0 0.0 0.0 0.0 0.0 0.400968357151 0.0 0.0 0.794621836998 0.292006114103 0.103886202531 235.0 38.0 136.0 -0.260813281463 -0.333333333333 -0.0599922117698 0.0724603031362 0.0 
0.729046921626 0.275773472308 0.3608235487 0.0 0.0 0.0 0.0 0.0 0.0 0.0 0.0 0.0 235.0 38.0 137.0 -0.320805493233 -0.260873030197 0.0621897045292 -0.0182939950145 0.0 
0.0 0.0 0.0 0.0 0.308740280837 0.0 0.946499584448 0.0 0.0 0.0 0.234136171753 0.0 235.0 38.0 137.0 -0.258615788703 -0.279167025212 0.0664662420369 -0.031917256161 0.0 
0.0 0.0 0.0 0.0 0.0 0.0 0.0 0.0 0.0 0.24762900808 0.260849828982 0.0 235.0 38.0 137.0 -0.192149546666 -0.311084281373 -0.0591669153522 0.0281654653636 0.0 
0.0563024175673 0.275262351768 0.0 0.0 0.0 0.782708074459 0.0 0.0 0.0 0.0 0.0 0.0 235.0 38.0 137.0 -0.251316462019 -0.282918816009 -0.0432908483193 0.0948320234574 0.0 
0.0 0.0 0.0 0.0 1.35965951507 0.0 0.0119075651973 0.0 0.0698008042372 0.352101711357 0.0 0.401856824848 235.0 38.0 137.0 -0.294607310338 -0.188086792552 -0.0170653314613 0.14416214513 0.0 
0.743184409682 0.207442150057 0.0 0.165638366861 0.953228917034 0.0 0.0628668912868 0.54882494622 0.0 0.485616809192 0.0 0.54106499217 235.0 38.0 137.0 -0.311672641799 -0.0439246474214 -0.00835333440121 0.0284658241394 0.0 
0.0 0.350515280596 0.464627363368 0.0 1.24782061189 0.0 0.0 0.0 0.0 1.11500425337 0.036689278027 1.14277918195 235.0 38.0 137.0 -0.3200259762 -0.015458823282 -0.000973215255903 0.118445938559 0.0 
0.994961757145 1.15264473494 0.0 0.166371808107 0.736466335578 0.0 0.0 0.0 0.00607794946719 0.432883033404 0.0 0.0 235.0 38.0 137.0 -0.320999191456 0.102987115277 -0.186316113324 -0.0461344283066 0.0 
0.718534079447 0.185887360073 1.00255273792 0.0 0.0811808366015 0.0 0.0 0.0 0.0 0.38679352223 0.256161359014 0.409732829857 235.0 38.0 137.0 -0.333333333333 0.0568526869705 0.0174195681279 -0.0138026933555 0.0 
0.110076323345 0.0 0.0 0.168494822404 0.0 0.0 0.855090727088 0.0 0.153045008347 0.430262433456 0.383643705615 0.0 235.0 38.0 137.0 -0.315913765205 0.0430499936149 -0.0536668672141 -0.0322206902621 0.0 
0.0 1.14077379875 0.0 0.919169204183 0.817933727519 0.101004189267 0.0 0.0 0.0 0.0 0.0 0.0 235.0 38.0 137.0 -0.333333333333 0.0108293033528 0.00982526416619 -0.0480281173874 0.0 
0.0 1.15302063073 0.41390466071 0.0 0.852769517589 0.0 0.0 0.0 0.0 1.66609799687 0.0 1.56564135303 235.0 38.0 137.0 -0.323508069167 -0.0371988140345 -0.083738153437 -0.0738300224691 0.0 
0.0519661184825 0.426430128295 0.0124181952361 0.0 0.398780995101 0.338344493205 0.0 0.0 0.0 0.930748287334 0.0 0.0 235.0 38.0 137.0 -0.333333333333 -0.111028836504 -0.100202753862 -0.00717298802956 0.0 
0.0 0.479226407266 0.0 0.0 0.658254044196 0.615064924959 0.0 0.0 0.0 0.176153302851 0.0685085915775 0.951302418117 235.0 38.0 137.0 -0.333333333333 -0.118201824533 -0.0854166801638 0.0267665013216 0.0 
0.0 1.38908630502 0.0 0.0 0.099184909644 0.0 0.0 0.173839841498 0.60655419982 0.0 0.0 0.503594418235 235.0 38.0 137.0 -0.333333333333 -0.0914353232116 0.0390487705189 0.0401928305723 0.0 
1.80349712107 0.708480171097 1.65584080595 0.0959645919119 0.727098969423 0.772418705075 0.0 0.0 0.0 2.59103215836 0.0 1.02312243229 235.0 38.0 137.0 -0.294284562814 -0.0512424926393 0.0461509622113 -0.0966161729855 0.0 
2.36257712598 1.99011646755 2.72267690503 0.919766078315 0.367827925336 0.0 0.0 0.0 0.709314245361 3.65388061683 1.3322917037 1.05643917681 235.0 38.0 137.0 -0.248133600603 -0.147858665625 -0.0777505561683 -0.064591271392 0.0 
0.384378292763 0.0 0.0351357222444 0.0 0.790028370767 0.0 0.0 0.0 0.0 0.844353261865 0.0 0.0 235.0 38.0 137.0 -0.325884156771 -0.212449937017 -0.0888869397294 -0.13711441524 0.0 
1.2657122714 0.0 0.0 0.168189187626 0.605744974704 0.0 0.887170276877 0.0 0.0385852103477 0.405378344367 0.0 0.0 235.0 38.0 137.0 -0.333333333333 -0.333333333333 -0.00263844797968 -0.0832938593112 0.0 
1.46013580952 0.0 0.0 0.216388222594 0.0 0.0 0.0654388922598 0.0 0.0 0.41163406226 0.0 0.0 235.0 38.0 137.0 -0.333333333333 -0.333333333333 0.0279297896806 -0.0535713604861 0.0 
0.0 0.0169208416177 1.03749790177 0.0 0.0 0.0 0.0 0.0 0.0 0.297996537093 1.07145046673 0.0 235.0 38.0 137.0 -0.305403543653 -0.333333333333 0.0823650876275 0.0166430808555 0.0 
0.0 0.299058526749 0.0 0.0 0.0 0.0 0.0 0.0 0.0 0.0 0.0 0.0686038361224 235.0 38.0 137.0 -0.223038456025 -0.316690252478 0.041575468949 0.0684581050153 0.0 
0.0 0.0 0.0 0.248063033173 0.348435190734 0.0 0.617892521623 0.266577523049 0.0 0.0 0.14448055355 0.0 235.0 38.0 137.0 -0.181462987076 -0.248232147463 -0.0547464954822 0.0184414202868 0.0 
0.0 1.0051043415 0.0 0.0532353863324 0.0 1.4923811786 0.0556443901083 0.0 0.0 1.86927003747 0.174921786325 0.0 235.0 38.0 137.0 -0.236209482559 -0.229790727176 0.0503156500158 0.0147195249529 0.0 
1.20009085879 1.39480803865 1.35152968427 0.423505831815 1.35444525792 0.0 0.0 0.0 0.855137837494 2.74020667187 0.0 0.880366477595 235.0 38.0 137.0 -0.185893832543 -0.215071202223 -0.0129694859327 0.0937577029063 0.0 
0.857073604095 0.0 0.602506942748 0.0782973483066 1.65361129865 0.0 0.0 0.0 0.0411244341944 1.1695844815 0.0 0.0 235.0 38.0 137.0 -0.198863318475 -0.121313499317 0.000922700112418 -0.0190731307519 0.0 
1.50157038743 0.0 1.01044373732 0.94243110369 0.413423454661 0.0 0.0 0.0 0.0 1.12505055823 0.218480315754 0.0 235.0 38.0 137.0 -0.197940618363 -0.140386630068 0.119035515331 -0.0387648860547 0.0 
0.0 0.947334405764 0.0 0.0 1.91156190168 0.156507482522 0.00380843006572 0.0 0.0 0.0 0.0 0.0 235.0 38.0 137.0 -0.0789051030322 -0.179151516123 0.000679620745355 -0.0197393688102 0.0 
0.472992414679 0.0 0.564096106946 0.0 0.34880317914 0.0 0.443981630896 0.0 0.0 0.0 0.459710170025 0.0 235.0 38.0 137.0 -0.0782254822869 -0.198890884933 0.148628013419 -0.0385546857314 0.0 
1.56072358952 1.7292090864 1.20430341869 0.324126666543 0.894315247192 0.763765088224 0.0 0.0 0.158011083976 4.92128719989 0.0 1.61767208283 235.0 38.0 137.0 0.0704025311325 -0.237445570665 0.155909996011 0.0669935059996 0.0 
# HEADER 4
0.272340340787 1.25598448297 0.0 0.240441431936 0.0 0.0 0.0 0.0 0.0 0.694944478475 0.0 0.430114277275 132.0 247.0 255.0 0 0 -0.0252821625902 0.00968487996874 0.0146021888912 
0.0 0.0 0.0850046076483 0.0 0.0792444293266 0.0 1.01733307115 0.0 0.0 0.447632188788 0.0505775139547 0.0 132.0 247.0 255.0 -0.0252821625902 0.00968487996874 -0.0830220181778 -0.00158511848584 0.0 
0.0 0.146179267405 0.0 0.115814090129 0.0 0.0 0.0105915712387 0.0 0.0 0.0935774085456 0.0 0.353719434305 132.0 247.0 255.0 -0.108304180768 0.0080997614829 -0.0651985571866 0.0780217639884 0.0 
0.0 0.0 0.0 0.0 0.71328504964 0.0 0.807495905545 0.0 0.212963784872 0.0 0.0 0.0 137.0 246.0 255.0 -0.173502737955 0.0861215254713 -0.0789583828828 0.0396868914763 0.0 
0.0 0.83778218783 0.428408366228 0.0 0.348288874914 0.0 0.449057323104 0.0 0.0 0.0 0.0 0.0669010637279 151.0 227.0 255.0 -0.252461120837 0.125808416948 0.0817788710776 -0.157782679144 0.0 
0.0 0.0 0.0 0.0 0.80937646746 0.773210640877 0.929156632271 0.0 0.0 1.15664495589 0.0 0.0 168.0 216.0 255.0 -0.17068224976 -0.0319742621965 -0.0389683275527 -0.0881909672824 0.0 
0.320295561138 0.0 0.841877966963 0.0539150723663 0.0 0.419850958367 0.0 0.354626504046 0.0 0.815468646588 0.0 0.0 185.0 234.0 255.0 -0.209650577313 -0.120165229479 -0.155381039707 0.139780689242 0.0 
0.0 0.0 0.566219546573 0.169496376858 0.684859527941 0.0 0.0 0.0 0.0 1.21353736133 0.24633417364 0.0 202.0 232.0 255.0 -0.333333333333 0.0196154597632 0.0608446249124 0.0179447086552 0.0 
0.0 0.0 0.859791659586 0.232982428004 0.0 0.0 0.538974542518 0.0 0.0159280854089 0.251184227648 0.260809234524 0.473327436512 217.0 207.0 255.0 -0.272488708421 0.0375601684185 -0.00281415618061 -0.0787542209776 0.0 
0.0 0.336688488636 0.0481153306314 0.0534207132322 0.429323711537 0.635457171308 0.0 0.0 0.0647122437737 1.00333356651 0.0 0.0 233.0 201.0 255.0 -0.275302864602 -0.0411940525591 0.0953764597912 0.0553571099313 0.0 
0.0 0.0 0.0 0.0 0.621605128729 0.0 1.08235666886 0.0 0.0 0.0 0.0 0.322724914606 235.0 203.0 255.0 -0.17992640481 0.0141630573721 0.0548846634802 -0.00850685273366 0.0 
0.0 0.0 0.0 0.0 0.0 0.303161904156 0.0434072682877 0.0 0.0 0.818652956478 0.0 0.0 236.0 195.0 254.0 -0.12504174133 0.00565620463849 0.014279293932 -0.0621606776797 0.0 
0.0 0.0 0.0 1.04208503029 0.779702114453 0.0 0.0276622193364 0.732092989261 0.307523928691 1.21052535592 0.0214637102205 0.0 239.0 204.0 255.0 -0.110762447398 -0.0565044730412 0.0595914770316 -0.0188001357098 0.0 
0.151169813994 0.0 0.0 0.0 0.0 0.0 0.0 0.0 0.0 0.291406059195 0.0629056673629 0.0 239.0 232.0 255.0 -0.0511709703665 -0.075304608751 0.0436395428219 0.0823694102201 0.0 
0.0 0.366097535683 0.0 0.0202966297349 0.0 0.0 0.0 0.0 0.026669661149 0.0 0.119197726723 0.630182185697 239.0 238.0 255.0 -0.00753142754454 0.00706480146911 0.0497459312589 0.0306131774676 0.0 
0.441338389284 0.92725637768 0.0 0.920401266637 0.0 0.0 0.0 0.0 0.0 0.300287541424 0.064539623324 0.3918792078 239.0 227.0 255.0 0.0422145037144 0.0376779789367 -0.00843114795369 -0.0979794721015 0.0 
0.0 0.0 0.0 0.174214274521 0.735210583742 0.0 0.0 0.0 0.0914332699767 0.307441848119 0.0 0.0 235.0 233.0 255.0 0.0337833557607 -0.0603014931648 -0.0744482522467 -0.139375366767 0.0 
0.0 0.0 0.46551929941 0.0 0.0 0.0 0.0 0.0 0.0 0.422784244865 0.0 0.0 235.0 244.0 255.0 -0.040664896486 -0.199676859932 0.146132734202 0.0350565426887 0.0 
0.0 0.0 0.0 0.143323704062 0.0 0.0 0.0537038180471 0.0 0.873042685738 0.0 0.306310607885 0.0 236.0 244.0 255.0 0.105467837716 -0.164620317243 -0.0496435389181 -0.113395424808 0.0 
0.684308157183 0.898506775917 0.0 0.147856561451 0.601085502278 0.0 0.0298081579482 0.0 0.0 0.853439127996 0.0 0.378021913958 235.0 244.0 255.0 0.055824298798 -0.278015742051 -0.0846424654331 -0.0180368206364 0.0 
0.884339091729 0.0273729661254 0.0 0.0 0.0817396367835 0.0 0.0 0.0 0.0 0.442579967743 0.0 0.0 235.0 245.0 255.0 -0.0288181666351 -0.296052562687 0.0582804970846 0.0733450335398 0.0 
0.0 0.396763892823 0.0 0.0 0.0530305389891 0.0 0.0456440624109 0.0 0.0 1.00925789262 0.0 0.0 234.0 246.0 255.0 0.0294623304496 -0.222707529148 0.0546781566785 0.109423182514 0.0 
0.0 1.05858522987 0.296521933758 0.0 0.0 0.0 0.0295856224122 0.0 0.242104080443 0.401206004949 0.254276171122 0.510173088398 231.0 246.0 255.0 0.0841404871281 -0.113284346633 -0.0746639057944 0.136132520294 0.0 
0.457920154899 0.0 0.525131249027 0.116806506716 0.0 0.0 0.0 0.0 0.0 0.0 0.312280933243 0.1266255703 226.0 245.0 255.0 0.00947658133372 0.0228481736604 -0.079135465875 0.00799349887327 0.0 
0.127849021045 0.0 0.205633767593 0.0 0.536478488632 0.0 0.218268658955 0.0 0.0136158365023 0.395694904622 0.312009802581 0.0 224.0 233.0 255.0 -0.0696588845412 0.0308416725336 0.0435137387507 -0.0338339959263 0.0 
0.0 0.0 0.0352407779672 0.0 1.22082094881 0.890417651922 0.486001458681 0.0 0.0 0.303826912588 0.0 0.0 228.0 228.0 255.0 -0.0261451457906 -0.00299232339267 -0.145265506658 -0.022286128328 0.0 
0.0 0.0 0.0 0.115622718569 0.0 1.43933339166 0.0 0.0 0.114102091036 0.0 0.0 0.0 235.0 235.0 255.0 -0.171410652448 -0.0252784517207 -0.052489456854 0.0150113680227 0.0 
2.43086587489 5.54600035053 4.87128768486 1.86709851804 0.0 0.0 0.0 0.0 0.0 5.76377352792 0.0 0.5452907003 238.0 242.0 255.0 -0.223900109302 -0.010267083698 -0.032821742562 0.133532272395 0.0 
0.0 0.248889136195 0.0 0.0 0.0 0.825883554471 0.039424156511 0.0 0.0 0.662749840129 0.0 0.0 239.0 229.0 255.0 -0.256721851864 0.123265188697 0.0477482569416 -0.0234525596289 0.0 
0.0 0.441435682399 0.0 0.0 0.260333302494 0.0 0.0 0.0 0.0 0.0 0.0 0.0 239.0 200.0 254.0 -0.208973594923 0.0998126290685 -0.145733989698 -0.0360856484518 0.0 
0.0 0.0 0.0341395764478 0.0 0.0222562224177 0.630846479743 0.597706062616 0.0 0.0 0.292171613558 0.126509381525 0.442068642446 239.0 173.0 250.0 -0.333333333333 0.0637269806167 -0.0745215288535 -0.00155544981747 0.0 
0.687197580304 0.0 0.0112921031619 0.147829369052 0.802271640365 0.0 0.792959898598 0.0 0.0 0.299324610727 0.0 0.0 239.0 157.0 241.0 -0.333333333333 0.0621715307992 0.0774874263431 0.042041347501 0.0 
0.0 0.244833339564 0.0 0.133257325556 0.590898653183 0.0 0.0664814081424 0.659179724476 0.00169223635178 0.0 0.198996947169 0.0 238.0 140.0 228.0 -0.25584590699 0.1042128783 -0.0371352462276 0.011342087307 0.0 
0.322986782571 0.0 0.0 0.188171454638 0.0 0.0 0.0248169211004 0.369543582485 0.0 0.174527626986 0.21212935388 0.0 238.0 124.0 210.0 -0.292981153218 0.115554965607 -0.000265607225815 0.0964585541657 0.0 
0.907351428917 0.367965115173 0.0 0.0 0.0 0.0 0.0 0.0 0.0 0.297927468201 0.320719225382 0.513460973668 238.0 123.0 168.0 -0.293246760444 0.212013519773 -0.133781132471 -0.0518579145443 0.0 
0.0 0.0 0.0 0.0 0.0 0.0 1.90631528103 0.0 0.0 0.0 0.0 0.0 238.0 132.0 121.0 -0.333333333333 0.160155605229 -0.0348019663347 -0.039640321328 0.0 
0.0 0.0 0.480821594147 0.0 0.0 0.0 0.0 0.0 0.0 0.761093944226 0.294565784284 0.119143028661 236.0 137.0 93.0 -0.333333333333 0.120515283901 -0.00520081522422 0.10987732951 0.0 
0.0 0.10132267696 0.780764532286 0.0 0.0 0.642453639369 1.05729990639 0.0 0.0 0.675027050847 0.0 0.0 236.0 127.0 58.0 -0.333333333333 0.230392613411 -0.105491145999 -0.0115966269186 0.0145186614239 
0.380422291739 0.350851277168 0.0 0.172479281862 0.0 0.437506899124 0.0 0.0 0.0 0.706738618525 0.0 0.0304560390405 236.0 95.0 50.0 -0.333333333333 0.218795986492 -0.0308601099433 0.0449583724595 -0.0145186614239 
0.0 0.399547180472 0.0 0.0 0.0 0.0 0.0 0.0 0.0 1.0563975502 0.818628715656 0.203479631898 235.0 50.0 50.0 -0.333333333333 0.263754358951 -0.062428147303 0.0837401628699 0.0 
0.0 0.368812837628 0.0 1.004557767 0.0 0.0 0.53182218877 0.0 0.553718032095 0.864364214872 0.0 0.0 235.0 36.0 39.0 -0.333333333333 0.333333333333 -0.0136746289561 -0.063174599819 0.0 
0.487726355822 0.407247486733 0.0 0.235482442206 0.0 0.417735100595 0.0 0.0 0.179754951244 0.252498378482 0.0 0.0 233.0 36.0 36.0 -0.333333333333 0.270158733514 -0.0202572763629 -0.0580092297358 0.0 
0.509297126788 0.0 0.0 0.0 0.454432436112 0.0 0.168522095738 0.0 0.36587981584 0.298494510657 0.316258496687 0.277420879389 230.0 36.0 36.0 -0.333333333333 0.212149503779 0.0904192050043 0.0119971659188 0.0 
0.0 0.0 0.0 0.599207744605 0.0 0.0 0.0343891908426 0.0 0.0 0.146248673013 0.325103373127 0.0 228.0 36.0 36.0 -0.242914128329 0.224146669697 0.0661525796865 0.0205985316134 0.0 
0.0 0.4119413159 0.0 0.0 0.0 0.0348825575006 0.642284308603 0.0 0.0 0.293367743872 0.0 0.12532647879 227.0 36.0 36.0 -0.176761548642 0.244745201311 0.0328804961701 0.058087865385 0.0 
0.0 0.0 0.0 0.285496510964 0.274934316173 0.331646684097 1.03030214664 0.0 0.0 0.0 0.0 0.126917996454 226.0 36.0 36.0 -0.143881052472 0.302833066696 0.0355167192506 0.0607283009039 0.0 
0.0 0.0 0.0 0.174816344872 0.215755104525 0.0 0.203852331871 0.0 0.104526375127 0.771076120204 0.0 0.0 224.0 36.0 36.0 -0.108364333222 0.333333333333 0.0154026379775 0.00803737396874 0.0 
0.197754894181 0.372720688388 1.26166208167 0.0 0.0 0.00150143247802 0.908071674494 0.0 0.0 1.27329344405 0.0 0.0 221.0 36.0 36.0 -0.0929616952442 0.333333333333 0.0933938632506 0.0488980746997 0.0 
0.659488828179 0.664655340744 0.0 0.0 0.0 0.219348576444 0.909686357219 0.0 0.520406200974 0.690204110859 0.0 0.649423358 219.0 36.0 36.0 0.000432168006344 0.333333333333 -0.0165675027882 -0.0215170010224 0.0 
0.936342157279 2.838351954 3.86145002418 1.91996344049 0.0 2.75539773737 0.0 0.665844471655 0.940965486318 4.67630247563 0.320357331003 1.44531330845 218.0 36.0 35.0 -0.0161353347819 0.311816332311 0.0386353913552 0.0517355078397 0.0 
0.477679721363 0.0 0.0 0.0 0.0 0.493538215852 0.0284248179937 0.0 1.08451265411 0.667118574064 0.0 0.0 218.0 36.0 35.0 0.0225000565733 0.333333333333 -0.0682568906649 -0.00505743620226 0.0 
0.0 0.0 1.26004266617 0.0 0.735238985404 0.0358719153821 0.125534358985 0.757081522742 0.0551657866013 0.445159781937 0.421117430902 0.0 217.0 36.0 35.0 -0.0457568340916 0.328275897131 -0.0362203208504 0.0471944919335 0.0 
0.0 0.0 0.0 0.0 0.0 0.0 1.31394645892 0.0 0.0 0.0 0.0672053029129 0.0 217.0 36.0 35.0 -0.081977154942 0.333333333333 0.0695569722312 -0.17457491567 0.0 
0.0 0.0 0.0 0.295575579201 0.769561764533 0.0 0.791511235035 0.0 0.0 0.0 0.38380923994 0.38567630252 216.0 36.0 35.0 -0.0124201827108 0.158758417663 0.0118075517527 0.0803489605384 0.0 
0.0 0.0 0.0 0.0 0.0 0.0 0.163728002519 0.0 0.389973004509 0.625243227553 0.0895617047801 0.0 216.0 36.0 35.0 -0.000612630958043 0.239107378201 0.0496230580352 -0.0543413967011 0.0 
0.630140284474 0.0152637958217 0.286764134005 0.0 0.0 0.365434858116 0.0328137427813 0.0149405445036 0.0 0.298335982106 0.221065751993 0.0 212.0 36.0 35.0 0.0490104270771 0.1847659815 0.0115790597863 0.0730242663436 0.0 
0.0 0.368737450929 0.238594267704 0.683686790654 0.0 0.673260885714 0.250133292283 0.0 0.0 0.0 0.0 0.0 203.0 36.0 35.0 0.0605894868634 0.257790247844 0.068679521643 -0.124658343768 0.0 
0.758507881765 0.24828849553 0.0 0.180359897072 0.0 0.0 0.0 0.0 0.446017909092 0.380672620074 0.11091772059 0.440573573043 192.0 36.0 35.0 0.129269008506 0.133131904075 0.0519281607414 0.0395571124157 0.0 
0.0 0.348855109296 0.0 0.176301408244 0.201976449282 0.0 0.0 0.0 1.63763781037 0.153962351465 0.0 0.0 181.0 36.0 35.0 0.181197169248 0.172689016491 -0.115424455633 0.0693875248855 0.0 
0.910093074536 0.77079878155 0.0 0.0 0.0 0.0 0.0505164178982 0.0 2.03655592948 0.77628010815 0.0 0.0 168.0 36.0 35.0 0.0657727136145 0.242076541377 -0.0497293737991 -0.0381418438387 0.0 
0.934031227943 0.0 0.469839133572 0.164689021661 0.0 0.0 0.0336834985899 0.0 1.32777059064 0.965508932981 0.0864511212229 0.0 161.0 36.0 35.0 0.0160433398154 0.203934697538 0.1078563012 0.117160869019 0.0 
0.0 1.07017120347 0.0722885071376 0.113472337689 0.0 0.0 0.0 0.372680373351 1.21086531108 1.52075264707 0.285808094433 0.161210417346 149.0 36.0 35.0 0.123899641015 0.321095566557 0.0146018703354 -0.0505484997589 0.0 
0.0 0.0 0.33969515797 0.921831532028 0.0 0.0 0.0 0.0 1.74380796225 1.50506891659 0.0 0.0 136.0 36.0 35.0 0.13850151135 0.270547066798 0.0937043696397 0.0631743520658 0.0 
0.0 0.36492056243 0.0 0.64256231597 0.0 0.0 0.0 0.0 1.04843939683 0.5207237961 0.0 0.126873625712 124.0 36.0 34.0 0.23220588099 0.333333333333 -0.000534717091911 0.0259713729521 0.0 
2.22907560266 1.6976649781 1.6850243509 1.64015166421 1.33863253853 1.57724889027 0.0 0.593392555595 2.8154082642 5.73809905997 0.32237281912 2.45803011774 114.0 37.0 34.0 0.231671163898 0.333333333333 -0.00512125434086 -0.0829681439454 0.0 
0.0 0.0582923935824 0.0 0.248684268281 0.395917773757 0.0 0.0 0.0 1.74938678316 0.656787445548 0.0 0.287715979403 112.0 38.0 34.0 0.226549909557 0.250365189388 -0.0869238553461 0.0402152170511 0.0 
# HEADER 5
1.83330798803 0.054141526716 0.951193510064 0.0 0.314862685944 0.0 0.0 0.0 0.146188176802 0.0 0.0 0.0199134738059 133.0 247.0 255.0 0 0 -0.0316220260251 -0.030222281214 0.0 
0.0 0.0 1.37610885041 0.0 1.33986933494 0.0 0.0565487179998 0.0 0.124682328251 0.0 0.0 1.14295955532 133.0 247.0 255.0 -0.0316220260251 -0.030222281214 0.0888212956724 0.0872821496507 0.0 
0.0 0.443425426976 0.0214501809612 0.0 0.844714922082 0.0 0.0 0.0 0.0 0.677645575246 0.0 0.0 129.0 247.0 255.0 0.0571992696473 0.0570598684367 0.123747851576 0.115167360265 0.0 
0.961832278074 0.0 0.0 0.0 0.0 0.0 1.60535370683 0.0 0.0 0.0 0.0 0.0 126.0 248.0 255.0 0.180947121223 0.172227228702 0.160235588114 -0.00719004509348 0.0 
0.142466248606 0.625228006071 0.0 0.0 0.0389462897377 0.0 0.0 0.0 0.0 0.978155930888 0.0 0.0 124.0 248.0 252.0 0.333333333333 0.165037183609 0.288304506905 -0.119907075342 0.0 
0.0 2.61467592656 2.61274462922 0.0 0.0 1.12235049256 0.0 0.0 0.0 0.0 2.32183162521 1.84864255582 123.0 249.0 243.0 0.333333333333 0.0451301082665 0.11043944857 -0.0416264327283 0.0 
0.0 2.15324876319 6.67262977948 0.0 0.0515719731749 1.69403696566 0.024467554503 0.0 0.0 0.0333653664401 3.08424191576 2.15040043374 120.0 251.0 241.0 0.333333333333 0.00350367553815 0.00949669958939 0.0302841289601 0.0 
0.0 1.917888158 7.50193248034 0.0 0.0 0.0930049827496 0.0 1.23962013808 0.0 0.0 5.60626310882 3.1371470637 117.0 253.0 241.0 0.333333333333 0.0337878044982 -0.0375347292851 0.0292546252064 0.0145186614239 
0.0 2.45647584399 9.5275456589 0.0 0.708391623444 1.80931158152 0.0571180437422 1.71786596481 0.124468477745 0.0 7.23679290524 2.66436438108 115.0 253.0 238.0 0.295798604048 0.0630424297046 -0.0166523152598 0.139577345355 0.0 
0.0 2.12234817044 12.7189374945 0.0 0.0 2.55936541087 0.0 4.78535562453 0.0 0.0 7.94552841544 4.0170777641 115.0 254.0 229.0 0.279146288788 0.20261977506 -0.0512606938182 0.0942940866898 -0.0152319991543 
# HEADER 6
0.0 0.556828519089 0.0 0.188196017475 0.778161214762 0.648751182906 0.0816164733518 0.0 0.652859699507 0.0 0.0 0.0 134.0 249.0 255.0 0 0 -0.0217728924579 0.0697110923218 0.0446344634117 
0.0 0.0 0.0 0.0 0.0 0.0 0.276747802179 0.0 0.68051002888 0.676397239831 0.079054735163 0.0 133.0 242.0 255.0 -0.0217728924579 0.0697110923218 0.00963180470747 0.0743325560634 0.0 
0.0 0.251145123785 0.0 0.185702797046 0.0 0.0 0.0551275301849 0.0 0.0 0.153506981962 0.0 0.0 134.0 237.0 245.0 -0.0121410877504 0.144043648385 0.146941776979 -0.074050706318 0.0 
1.38887871931 3.15619694974 5.93715757473 0.915277137141 0.584167485863 1.24193736278 0.0 0.458412106297 2.36312854258 2.8076053406 0.320298180931 1.14963789012 133.0 245.0 215.0 0.134800689228 0.0699929420672 0.114658319351 -0.0120354672845 0.0 
1.14598233645 1.04083662127 6.64435116331 0.0 0.0 0.446045069741 0.0 1.17806527035 0.0 0.263725566885 3.05881182632 0.194346623625 133.0 246.0 201.0 0.24945900858 0.0579574747827 -0.0458305967727 -0.00280313020544 0.0 
0.917994916722 0.0 6.19915215827 0.0 0.0 0.955762989206 0.0 1.67696359493 0.0 0.050852200122 1.58063469499 0.403685944067 131.0 247.0 195.0 0.203628411807 0.0551543445773 -0.0536056762301 0.131423254866 0.0 
0.110932125995 0.364659570228 8.11736978556 0.0 0.0 2.13758801336 0.0 4.59999877699 0.0 0.244293049313 5.18149046818 0.0 130.0 249.0 185.0 0.150022735577 0.186577599443 0.0842491893979 0.0411385031378 0.0 
0.352901194467 0.568984198756 9.08610233386 0.347729174653 0.577750724849 6.62597882906 0.0 8.18092592315 0.0 0.00402591998774 6.27926283846 0.0 130.0 250.0 170.0 0.234271924975 0.227716102581 0.0131627064672 0.0836670348681 0.0 
0.0 0.0 5.80872935379 0.0 0.0 7.26646599245 2.09392402729 9.09791786258 0.0 0.0 4.50679385076 0.0 131.0 251.0 148.0 0.247434631442 0.311383137449 -0.0132007803101 0.0486267969203 0.0146745609892 
0.0 0.0 2.56669992305 0.0 1.80531888534 8.8218716676 6.89076741789 9.8863318621 0.0 0.0 2.8623248203 0.0 133.0 252.0 123.0 0.234233851132 0.333333333333 -0.0137647456096 -0.121482489032 0.0433411784519 
0.0 0.0 0.0 0.0 2.38675620142 3.15906831899 13.4642318188 8.95499134648 0.0 0.0 2.18978862215 0.0 133.0 253.0 108.0 0.220469105522 0.211850844301 -0.0114129032668 -0.0200665651404 0.0881699895491 
0.0 0.0 0.0 0.0 1.68540367951 0.0 16.945265451 5.93410889047 0.0 0.0 2.15790176359 0.0 134.0 254.0 95.0 0.209056202256 0.19178427916 -0.0445470898353 -0.0337034500113 0.0273542884182 
0.0 0.0 0.0 0.0 0.359285218965 0.0 19.9534674557 3.48782226659 0.0 0.0 2.16665892848 0.0 135.0 254.0 88.0 0.16450911242 0.158080829149 -0.0217249845973 -0.0249649023597 0.0267157537898 
0.0 0.0 0.0 0.0 0.0 0.0 20.2069001044 2.74354527079 0.0 0.0 0.356710988435 0.0 135.0 255.0 84.0 0.142784127823 0.133115926789 -0.0845284570713 0.033620129159 0.0465994873291 
0.0 0.0 0.0 0.0 0.679260672422 0.0 20.107317547 2.02431742817 0.0 0.0 0.0 0.0 135.0 255.0 79.0 0.0582556707516 0.166736055948 0.0159817733273 0.0205473980341 0.0129266837058 
0.0 0.0 0.0 0.0 0.0 0.0 20.7041004717 0.0 0.0 0.0 0.171728248422 0.0 136.0 255.0 71.0 0.074237444079 0.187283453983 0.0165641672729 0.056847021308 0.0 
0.0 0.0 0.0 0.0 0.0 0.0 17.8612019248 1.67022729245 0.0 0.0 0.286944628435 0.0 136.0 255.0 56.0 0.0908016113519 0.244130475291 0.11274242802 -0.0326594949263 0.0471412564784 
0.0 0.0 0.0 0.0 0.0 0.0 14.1124292799 0.374923583438 0.0 0.0 0.746967620656 0.0 136.0 253.0 44.0 0.203544039372 0.211470980364 -0.046533758373 0.0690153346246 0.0368727822138 
0.0 0.0 0.0 0.0 0.0 0.0 10.5987669936 1.27071482161 0.0 0.0 1.03895529011 0.0 135.0 249.0 38.0 0.157010280999 0.280486314989 -0.0166972924261 0.0742125546416 0.0582180794166 
0.0 0.0 0.268814310996 0.0 0.361662130943 0.0 8.38903428584 1.43550937709 0.0 0.0 1.9862403865 0.0 135.0 246.0 36.0 0.140312988572 0.333333333333 0.0106638872528 -0.0530696906971 0.0352563122825 
0.0 0.0 0.0 0.0 0.639527450415 0.0 10.0673776087 0.0 0.0 0.0 0.296303693546 0.0 134.0 246.0 36.0 0.150976875825 0.280263642636 0.0221522203264 0.0804308097348 0.0111499431087 
0.0 0.0 0.0 0.0 0.0 0.0 10.8539787882 0.406624849878 0.0 0.0 1.00945255207 0.0 134.0 246.0 36.0 0.173129096152 0.333333333333 -0.0456861586918 0.0105883968686 0.0 
0.0 0.0 0.0 0.0 0.0 0.0 10.1773639491 0.0 0.0 0.0 0.191547423169 0.0 134.0 246.0 36.0 0.12744293746 0.333333333333 -0.0195129316527 0.102071502 0.0 
0.0 0.0 0.0 0.0 0.0492593947367 0.0 11.8000989342 0.0 0.0 0.0 0.0 0.0 134.0 246.0 36.0 0.107930005807 0.333333333333 0.0287425605811 -0.0733095074272 0.0 
0.0 0.0 0.0 0.0 0.0 0.0 11.0873097309 0.0 0.0 0.0 0.0 0.0 134.0 246.0 36.0 0.136672566388 0.260023825906 -0.0980805703518 0.0629518540353 0.0 
0.0 0.0 0.0 0.0 0.0 0.0 11.1978328857 0.0 0.0 0.0 0.0 0.0 134.0 247.0 36.0 0.0385919960363 0.322975679941 -0.0541624890565 0.0182654054692 0.0 
0.0 0.0 0.0 0.0 0.0 0.0 13.7924463478 0.0 0.0 0.0 0.0314160764738 0.0 134.0 246.0 36.0 -0.0155704930202 0.333333333333 -0.0891593730028 -0.0164194366263 0.0 
0.0 0.0 0.0 0.0 0.0 0.0 10.403686088 0.0 0.0 0.0 0.0 0.0 134.0 246.0 36.0 -0.104729866023 0.316913896707 -0.0425783747679 -0.0100216888638 0.0 
0.0 0.0 0.0 0.0 0.0 0.0 12.3565545759 0.0 0.0 0.0 0.0253158787883 0.0 134.0 246.0 36.0 -0.147308240791 0.306892207843 -4.33516727351e-06 -0.0698072731533 0.0 
0.0 0.0 0.0 0.0 0.334718223732 0.0 12.192123861 0.0 0.0 0.0 0.0977667199153 0.0 134.0 246.0 36.0 -0.147312575958 0.23708493469 -0.0738113329679 0.159940104309 0.0 
0.0 0.0 0.0 0.0 0.0 0.0 12.6122785783 0.123071486849 0.0 0.0 1.54470418712 0.0 139.0 242.0 36.0 -0.221123908926 0.333333333333 -0.0111537190889 0.00938055947738 0.0 
0.0 0.0 0.0 0.0 0.0 0.0 9.35037170478 0.0 0.0 0.0 0.670902279632 0.0 153.0 227.0 36.0 -0.232277628015 0.333333333333 0.0136960585172 -0.0341552047877 0.0247060924137 
0.0 0.0 0.0 0.0 0.0 0.0 6.01665420222 0.0 0.0 0.0 0.0 0.0 168.0 207.0 36.0 -0.218581569498 0.299178128546 -0.037528724633 0.00489259446002 0.0109024091735 
0.0 0.0 0.0 0.0 0.770623243991 0.0 4.270465756 0.175318956188 0.0 0.0 0.0 0.0 182.0 180.0 36.0 -0.256110294131 0.304070723006 0.0598391192849 -0.0839810990519 0.0567044730327 
0.0 0.0 0.0 0.0 0.0 0.0 3.03849638178 0.0 0.0 0.0 0.0 0.0 193.0 153.0 36.0 -0.196271174846 0.220089623954 -0.00312653193007 0.00460068853201 0.0812535129521 
0.0 0.216588219532 0.0 0.0 0.0 0.0 1.08109219387 1.18489846473 0.347280273924 0.0 0.0 0.0 201.0 123.0 36.0 -0.199397706776 0.224690312486 0.0893046521505 -0.0778173063732 0.080087159032 
0.0 0.0 0.329828005511 0.0 0.0 0.0 1.59969897938 0.0 0.0 0.0 0.711777601636 0.0 199.0 75.0 41.0 -0.110093054626 0.146873006113 -0.0080663254249 0.014091959259 0.0779526731349 
0.0 0.0 0.0 0.0 0.0 0.0 0.450652698568 0.395221289507 0.0 0.0 0.0 0.0 192.0 46.0 45.0 -0.11815938005 0.160964965372 0.150051800244 0.110064923886 0.0 
0.0 0.0 0.0 0.187688486759 0.0 0.0 1.67548452228 0.0 0.0 0.0 0.233110293042 0.0 188.0 36.0 38.0 0.0318924201932 0.271029889257 -0.064072450178 0.110575633836 0.00713851662899 
0.352943040094 0.0 1.21448664125 0.50107262792 0.0 0.235082308379 0.689263552699 0.290158479551 0.689337201276 0.977935928939 0.0 0.0 180.0 35.0 36.0 -0.0321800299848 0.333333333333 0.0964535761452 -0.0810343880239 0.0 
0.107515181698 0.401311315785 0.51853377834 1.12402161931 0.0 0.0 0.964510580843 0.878074533525 2.05927320749 0.630311929649 0.0 1.45865224842 172.0 35.0 35.0 0.0642735461604 0.252298945309 0.0392478273022 -0.0965724183262 0.0 
0.6371135486 0.303485710778 0.559604335381 0.230297475366 0.565856295473 0.0 0.0 2.93666284812 1.21739847005 0.844971080723 0.984524017278 0.473100045739 167.0 35.0 35.0 0.103521373463 0.155726526983 -0.0855666668572 -0.0123398441984 0.0 
0.227685867198 0.428380133146 0.0 0.0 0.0 1.00675443435 0.932791015222 0.0 2.17827251641 1.47749376196 0.29118088506 0.0 161.0 35.0 35.0 0.0179547066054 0.143386682785 0.0248344920551 0.0197947341842 0.0 
0.0 0.0 1.37971479547 0.0 0.0 0.875721369975 0.0 0.0 0.0 0.607454597421 0.194693690021 0.0 156.0 35.0 35.0 0.0427891986605 0.163181416969 -0.0700923455956 0.00054848897495 0.0 
0.475813607254 0.0 0.568160693089 0.606830789062 0.568825666237 0.0471533498005 0.443595149181 0.0 2.58778028816 0.0 0.0699944745718 0.342697754855 152.0 35.0 35.0 -0.0273031469351 0.163729905944 -0.0111962321977 -0.0206917481344 0.0 
0.0892070840704 0.788321618378 0.912475127949 0.0 0.49205094595 0.0 0.561222104297 0.0 1.34454146373 1.13109414959 0.0 0.0 149.0 35.0 35.0 -0.0384993791327 0.14303815781 -0.0430412853914 -0.0841250427861 0.0 
0.394853170792 2.58190618386 0.0 0.373024975483 0.0 0.0691703161748 0.11950775086 0.0 0.405342185605 0.0 0.0 0.912453280391 146.0 35.0 35.0 -0.0815406645242 0.0589131150235 0.0480928324744 -0.102365550777 0.0 
1.0246135108 1.8258588375 1.72113969141 0.693541567673 0.757897736675 0.797718762139 0.0 0.0 2.11218731037 3.75441042683 0.230053502678 0.23377710104 148.0 36.0 36.0 -0.0334478320498 -0.0434524357535 0.0998066327941 0.000468267763062 0.0 
0.0 0.0 0.570798650267 0.0 0.0 0.0 0.135791526081 0.0121757674329 2.19074468203 1.41466257678 0.0562941745394 0.671739804231 151.0 37.0 42.0 0.0663588007443 -0.0429841679905 -0.142542483318 0.0234829495224 -0.0269899626528 
1.07029978707 0.0396166843911 0.0 0.170545301925 0.772855264075 0.0 0.0613417037953 0.0 1.31058090493 0.0603180988988 0.288758932189 0.0 153.0 39.0 48.0 -0.0761836825736 -0.0195012184681 -0.0676741619167 -0.165385372195 0.0 
0.0 0.326702038913 0.0 0.375721731935 0.0 0.0 0.0606885752013 0.0 1.25574046216 0.719568397338 0.0 0.419501553997 152.0 40.0 50.0 -0.14385784449 -0.184886590663 0.0475260939251 0.0296429523504 0.0 
0.0 0.90874031025 0.565759322364 0.263955072494 0.0 0.0 0.0 0.0 1.2079158543 0.249026078555 0.0 0.0 151.0 41.0 48.0 -0.0963317505653 -0.155243638313 -0.100983991889 0.0718929223879 0.0 
0.388787249195 0.333303189166 0.0 0.383929903764 0.0 0.0 0.0 0.0 1.0658005929 0.0 0.0 0.591570008888 155.0 42.0 51.0 -0.197315742454 -0.0833507159246 -0.0173614481168 0.113183474401 0.0 
0.0 0.954772366583 0.16020502118 0.0 0.336186269327 0.0 0.0 0.0 23.0877998303 1.84339931362 0.0 0.0 154.0 37.0 167.0 -0.214677190571 0.0298327584762 -0.03494763253 -0.00907872651457 0.0 
0.0 0.0 0.0 0.0 0.347372967571 0.0 1.42493380732 0.0 0.0 0.0 0.0 0.0 153.0 39.0 160.0 -0.249624823101 0.0207540319616 0.201768983007 0.0195658711922 0.0 
0.0 0.0 0.0 0.0 0.832915202978 0.432219275199 0.0891343620096 0.0 0.123591536618 0.510595841701 0.0 0.596712630709 154.0 41.0 148.0 -0.0478558400947 0.0403199031539 -0.0186233726695 -0.0898781897881 0.0 
0.0915586314701 0.0 1.562626355 0.746935573965 0.833847157912 1.71063413589 0.864606833656 0.0 0.0 0.0 0.0 0.488689883343 155.0 41.0 153.0 -0.0664792127641 -0.0495582866343 -0.0372865200581 -0.00273136139515 0.0 
0.505950195122 0.0 0.0802006700264 0.650749456689 0.895816324786 0.0 0.0 0.0 0.118114680555 0.0 0.0 0.0 156.0 40.0 167.0 -0.103765732822 -0.0522896480294 0.00892695525608 -0.00895403524641 0.0 
0.0 0.015160998877 0.0 0.25130222099 0.606457533392 0.0 0.911533056849 0.0 0.448708360547 0.313497015766 0.286302891541 0.106687855841 160.0 37.0 170.0 -0.0948387775661 -0.0612436832758 -0.0282066882204 -0.11544704257 0.0 
0.0 0.0216732440344 0.501750130775 0.0 0.272717408645 0.0 0.136386712506 0.0 1.56316301817 1.91910765334 0.0 0.279508366067 162.0 37.0 167.0 -0.123045465787 -0.176690725846 0.00758441206453 0.0523880604835 -0.0190875287244 
0.254273009663 0.0316136917323 0.0 0.0 0.0536226883955 0.0 0.0 0.0 0.0 0.234230721879 0.0 0.134133442548 166.0 37.0 164.0 -0.115461053722 -0.124302665362 -0.110576195206 -0.0106014954515 0.0 
0.476565353204 0.0 0.572729644644 0.0 0.426036053169 0.0 0.0 0.0 0.0 0.0 0.261497353528 0.242379954723 170.0 37.0 158.0 -0.226037248928 -0.134904160813 -0.085289790527 0.015243919003 0.0 
0.0 0.0 0.0794677179881 0.0 0.316691174169 0.0 0.0 0.0 0.73126328139 0.0753589483962 0.25360295195 0.182354570079 176.0 37.0 151.0 -0.311327039455 -0.119660241811 -0.00359703701222 -0.12485990548 0.0 
0.591456466943 0.851691259207 0.0 0.114888656247 1.08346228074 0.0221812578403 0.157170376155 0.0 0.757322733084 0.686848749662 0.0 0.0 182.0 37.0 146.0 -0.314924076467 -0.24452014729 -0.0335501122313 -0.0299673053641 0.0 
0.12666288795 0.0 0.0 0.0 0.643753296912 0.0 0.247539984349 0.0 0.0 0.903404418631 0.0 0.415851579823 187.0 37.0 141.0 -0.333333333333 -0.274487452655 0.0362135879599 -0.0610451976573 0.0 
0.872397140274 0.505495317166 0.329956224358 0.983832090359 0.272329202643 0.0466314723381 0.08379522097 0.0 0.0 0.59184221654 0.0755467224028 0.00251154216261 195.0 37.0 138.0 -0.297119745373 -0.333333333333 0.0637818376043 0.0613931132135 0.0 
0.167935317743 0.0 0.0 0.0 0.798576464812 0.14660359458 0.906808759309 0.0 0.0755211464037 1.58381076524 0.0870874380755 0.0 220.0 37.0 138.0 -0.233337907769 -0.27194022012 0.0518000402328 0.0136735946508 -0.0258647810555 
0.294074546602 0.0 0.0 0.991342555194 0.0 0.0 0.0 0.645687092731 0.19762043389 2.09437424128 0.0 0.0 232.0 37.0 138.0 -0.181537867536 -0.258266625469 -0.0175587665292 -0.0067197575385 0.0258647810555 
2.03502502272 0.0 0.0 0.0 2.5726784306 1.11082873532 0.0 0.676252145496 0.452075753768 1.05859591758 0.0 0.0 233.0 37.0 139.0 -0.199096634066 -0.264986383008 -0.191551830651 0.101063292812 0.0 
0.765711770938 1.09892876401 0.456728045211 0.211776114273 0.838673669517 0.688021044314 0.106280933307 0.12052639037 1.94160092397 0.155634469714 0.0 0.0 233.0 37.0 139.0 -0.333333333333 -0.163923090196 0.0867479994905 -0.0970998616578 0.0 
0.286341243401 1.2189368746 0.0 0.99834961015 0.528494892564 0.778203980694 0.0 0.0 0.0 1.32769973155 0.301606190231 0.0 233.0 37.0 139.0 -0.246585333843 -0.261022951854 0.034724970578 -0.0619993254985 0.0 
0.0 0.0 0.0 0.0 0.0 0.342636707395 0.0 0.0 0.219632895233 0.0 0.0 0.70029968201 233.0 37.0 139.0 -0.211860363265 -0.323022277352 -0.079535291954 0.0850812986 0.0 
0.0 0.51246479246 0.0 0.0 0.946781000009 0.0 0.0 0.0371366371292 0.0 1.26946113533 0.0 0.43422245875 233.0 37.0 139.0 -0.291395655219 -0.237940978752 0.0483274776058 -0.0190200752394 0.0 
0.0 0.0 0.0 0.0 0.184460766451 0.0 1.01758641673 0.0 0.0 0.0 0.0 0.0 232.0 37.0 139.0 -0.243068177613 -0.256961053992 -0.0197516485996 -0.0318263381821 0.0 
0.655284219944 0.0774209557971 0.0 0.0 0.575562848919 0.0159503148202 0.0 0.0 0.894199833774 0.815445519576 0.0 2.6755276537 233.0 37.0 139.0 -0.262819826213 -0.288787392174 -0.00258487325297 -0.0626361094009 0.0 
0.0 0.0 0.0 0.0 0.0 0.0 1.04702850734 0.0 0.0 0.0 0.0 0.0 232.0 37.0 139.0 -0.265404699466 -0.333333333333 0.0526771430102 -0.00145230525076 0.0 
0.187220874587 0.0 0.0 0.0 0.0421997802357 0.0 0.0833784690598 0.0 0.0 0.0 0.0 0.200621493113 233.0 37.0 139.0 -0.212727556455 -0.333333333333 -0.054396033233 0.00146309998347 0.0 
0.201389351569 0.645297027411 0.332067461148 0.718118776971 0.0 0.0 0.809991448108 0.440993128056 0.933110014646 0.473137198551 0.0361564960198 0.682711818354 232.0 37.0 139.0 -0.267123589688 -0.33187023335 -0.0801359128483 0.177400472648 0.0 
0.0661559226759 0.0 0.0 0.0 0.261015060351 0.0 0.135963096549 0.0 0.211035825869 0.142584270556 0.0 0.0 233.0 37.0 139.0 -0.333333333333 -0.154469760702 -0.00784004097377 0.0476963809165 0.0 
0.478584248839 0.0215317619875 0.566039813937 0.123910706404 0.0 0.0 0.176951556913 0.0 0.806539504224 0.20219779079 0.473527660284 0.0912682958925 233.0 37.0 139.0 -0.333333333333 -0.106773379785 -0.0357874227865 0.084005736129 0.0 
2.58076713499 2.58184084276 2.69004834302 1.20475619692 1.30566256711 2.51348987321 0.0 0.442581337303 3.63193671859 4.96912258741 0.0 2.76738302725 233.0 37.0 140.0 -0.333333333333 -0.022767643656 -0.0541097254683 -0.0277841615812 0.0 
# HEADER 7
0.0683297672371 0.0 0.0112352025357 0.183616084571 0.0 0.0 0.217176934093 0.0 0.992622734113 0.339992790178 0.0 0.141155404557 132.0 248.0 255.0 0 0 0.0338296604381 0.0383040095043 0.0 
0.0 0.139678747896 1.14966844101 0.311780387854 0.567323836018 0.351021106779 0.0 0.260874471672 0.0 1.45387116636 0.0 0.0 132.0 249.0 255.0 0.0338296604381 0.0383040095043 0.162510492178 -0.0211146267219 0.0 
0.32118155194 0.0114687420414 1.03078658797 0.452621779716 0.0 0.0 0.0456543998168 2.95732769771 0.0 0.55503584089 0.0 0.656110809828 132.0 248.0 255.0 0.196340152616 0.0171893827825 0.108301096195 -0.0291765951363 0.0 
0.0 0.0 0.0 0.258398901542 0.0 0.0 0.23306962503 0.0 1.61424723713 0.570372664687 0.205202833405 0.0 126.0 250.0 255.0 0.304641248811 -0.0119872123538 0.0182320942727 -0.0973683636585 0.0 
0.0 1.26096114663 0.0 0.788127827351 0.590693499067 0.243848365598 0.0 0.0 0.0 0.78812690665 0.0 0.943390489032 124.0 252.0 255.0 0.322873343084 -0.109355576012 0.0100573883847 -0.0501359232811 0.0 
0.323640562546 0.983921421375 0.712788131289 0.0 0.0 0.282067635967 0.0 0.0 0.0 0.757635533274 0.0 1.8045052987 122.0 253.0 255.0 0.332930731468 -0.159491499293 0.0610974550975 -0.0623003240816 0.0 
0.0 2.39665167436 0.587210476497 0.0 0.0 0.726951544204 0.0685362013603 0.822249231598 0.0978733461211 0.568391171211 1.21800305906 2.51280872798 120.0 254.0 255.0 0.333333333333 -0.221791823375 0.0749156256385 -0.0215610254037 0.0190875287244 
0.0 3.24768329772 0.632100217312 0.0 0.365719464506 0.0436511085709 0.0693700214219 0.0 0.0 0.394946399033 1.58316958442 3.23599428329 117.0 255.0 255.0 0.333333333333 -0.243352848779 0.0905170097554 0.12413885987 0.0 
0.0 3.45165962472 3.44921447024 0.0 0.0 0.0 0.0 0.0 0.0 0.0 0.0 3.60458386208 115.0 255.0 255.0 0.333333333333 -0.119213988909 0.00480088220409 0.0315428406023 0.0 
0.0 1.62723246677 2.84932863956 0.0 0.0 0.0 0.469832096766 0.0 0.0 0.0 5.02612469236 3.04542357231 113.0 255.0 255.0 0.333333333333 -0.0876711483066 -0.0315806823835 0.11973174047 0.0 
0.0 5.2582159782 6.31350050961 0.0 0.0 1.66544890055 0.894442707883 1.70405661991 0.0 1.34152933785 6.2545737371 4.59560093256 112.0 255.0 255.0 0.30175265095 0.0320605921639 -0.00668398232283 -0.119286630493 0.0 
0.0 4.49474638605 5.01377191509 0.0 0.0 0.0759127156621 0.269858160678 0.404977175394 0.0 0.0 4.38043947417 4.50064832137 111.0 255.0 255.0 0.295068668627 -0.0872260383289 0.0405619819951 -0.121979534225 0.0 
0.0 5.50126912651 6.4342344867 0.621804541079 0.0 1.78143717865 0.0 2.50295006279 0.0 0.0 3.80430014534 2.46573341545 110.0 255.0 255.0 0.333333333333 -0.209205572554 -0.0233494883936 0.0383120163462 0.0 
0.0 5.3131839956 7.51364002926 0.0488065686694 0.0 0.802717904072 0.0 1.20631625689 0.0 0.537311281965 6.08642621129 5.42076878728 109.0 255.0 255.0 0.30998384494 -0.170893556208 -0.0286523434281 0.0583282511428 0.0 
0.0 5.63274231286 7.03242256249 0.0 0.0 1.08960423489 0.0 2.37169734799 0.134647488507 0.32695553954 6.05153965692 6.59157658825 108.0 255.0 255.0 0.281331501512 -0.112565305065 -0.00182028642385 0.0110579852348 0.0 
0.0 3.03823464584 7.5170584731 0.0 0.0 1.47335336791 0.0 2.38642375169 0.0 0.0908571527689 5.30123514436 3.19102030965 108.0 255.0 255.0 0.279511215088 -0.10150731983 0.0790554965193 -0.0185869287561 0.0 
0.0 6.65208255714 7.9004107034 0.0 0.319390140171 1.09016887714 0.0398023867015 2.05375121766 0.0 1.07532234263 5.78772468208 5.3583719748 108.0 255.0 255.0 0.333333333333 -0.120094248586 -0.079346287891 -0.0037891155754 0.0 
0.0 4.50626621816 6.61939269392 0.0 0.0 0.377176645097 0.999193329877 2.90935956225 0.0 0.0 6.86356391575 5.61901452636 108.0 255.0 255.0 0.253987045442 -0.123883364162 0.0280028937969 -0.0221988038309 0.0 
0.0 6.46252774561 6.74154669415 0.0 0.0 1.08831004631 0.0 5.02193486766 0.0 0.0 6.16820620139 5.30512633128 107.0 255.0 255.0 0.281989939239 -0.146082167993 0.140025988508 -0.0450788364854 0.0 
0.0 6.92917301469 8.40721120843 0.0 0.0 3.34915194947 0.0 5.22393823448 0.0 0.0720263361913 5.75480388865 4.70662006967 108.0 255.0 255.0 0.333333333333 -0.191161004478 -0.126528391557 -0.0585864959295 0.0 
0.0 8.7455190199 10.5375400792 0.0 0.0 2.50423269522 0.0 4.0457396582 0.0 2.20731221551 6.23510400845 5.22106051364 107.0 255.0 255.0 0.206804941776 -0.249747500407 -0.00020340518413 0.116313423282 0.0 
0.0 6.91951252851 8.20238294376 0.0 0.0 0.503645136979 0.0 3.79833797961 0.0 0.0 7.27307063444 3.72218337063 107.0 255.0 255.0 0.206601536592 -0.133434077126 -0.0747118220916 0.103006835195 0.0 
# HEADER 8
0.175426903805 0.0 0.385092688628 0.301217782139 0.932896531129 0.110421473088 0.0 0.0 0.208837633353 0.784710322334 0.186236748743 1.59476205124 133.0 247.0 255.0 0 0 0.109265526498 -0.0619287086966 0.0339643082898 
0.0 0.437970350584 0.354291297994 0.0 0.0 0.0 0.43997305324 0.0 0.0 0.324543354013 0.216799772193 0.167579021186 133.0 250.0 255.0 0.109265526498 -0.0619287086966 -0.104484943943 -0.00512397465116 0.0 
0.0936708161695 1.32697371639 0.536781158775 0.0847193889371 0.0 0.0 0.0 0.0 0.217006875437 0.551777734747 0.216616535243 0.0 130.0 250.0 255.0 0.00478058255455 -0.0670526833478 -0.0632742515345 0.0230319364584 0.0 
0.181364973166 0.438908396494 0.0184508192985 0.0 0.779184500637 0.996367974919 0.0 0.376179881651 0.236720914651 0.127110541451 0.0 1.10937427571 130.0 251.0 255.0 -0.0584936689799 -0.0440207468894 -0.0627141710548 -0.0338372450872 0.0 
0.0 0.0 0.465112077495 0.273149397 0.0 0.167387699109 1.03999702004 0.252337492656 0.787410994586 0.309196079427 0.0 0.0 137.0 251.0 255.0 -0.121207840035 -0.0778579919766 -0.0611234836246 -0.0780667135994 0.0 
0.0 0.0 0.949861057697 1.21362573665 0.233364399287 0.0 0.471407479424 0.0 0.186131305146 0.113443249036 0.157602814005 0.110738787614 144.0 251.0 255.0 -0.182331323659 -0.155924705576 -0.104812618083 -0.0137535880548 0.0 
0.0 0.435775976311 0.376019550342 0.0 0.736808218951 0.0 0.0604039420049 0.0 0.111253639236 0.0489438743889 0.0 0.549268608873 159.0 251.0 255.0 -0.287143941742 -0.169678293631 -0.0219727799309 0.1061391796 0.0 
0.0 0.0 0.0 0.0 0.0 0.0 0.0 0.0 0.0 0.0 0.0 0.0 175.0 250.0 255.0 -0.309116721673 -0.0635391140307 -0.0267898858646 0.0366801836388 0.0 
0.736267415779 0.797977650121 1.07099703906 0.355146238222 0.328351420966 0.284787883516 0.0 0.0 1.43966672275 2.4619869964 0.0 1.28612585917 193.0 250.0 255.0 -0.333333333333 -0.0268589303918 0.043132711271 0.0519981537048 0.0 
0.628330093761 0.0 0.36050252575 0.0 0.403609477948 0.0 0.545072283591 0.0 0.271457381854 0.558470516438 0.0 0.0 209.0 249.0 255.0 -0.290200622062 0.0251392233129 -0.0329097101553 -0.0546742357021 0.0 
0.637113015597 0.194145392618 0.192575084101 0.382432063232 0.71377783491 0.0 0.671306719556 0.0279695726077 0.985837116675 0.0 0.969372841852 0.526693028895 224.0 245.0 255.0 -0.323110332218 -0.0295350123891 -0.0919255440148 -0.137709976953 0.0 
0.0 0.0 0.0 0.0 0.159153288433 0.0 0.0638856727485 0.0 0.0 1.03424711298 0.0 0.0 231.0 246.0 255.0 -0.333333333333 -0.167244989342 -0.0557875311389 -0.0412433990227 0.0 
0.0 0.0 0.0 0.0 0.837245011373 0.0 0.924618244746 0.0 0.0 1.06194891949 0.0 0.289136270214 233.0 245.0 255.0 -0.333333333333 -0.208488388365 -0.020231457567 -0.00892916958767 0.0 
0.0 0.32753893597 0.0 0.0 0.0 0.624740814188 0.564054967116 0.0 0.0 0.562916794084 0.0 0.623083472348 236.0 244.0 255.0 -0.333333333333 -0.217417557953 -0.0116910859554 0.0171508215215 0.0 
0.232572882436 0.335911646211 0.0 0.26346798276 0.717371101825 0.638837080728 0.0604181186993 0.170946014594 0.0 1.04869785247 0.818296134952 0.295757430296 237.0 244.0 255.0 -0.333333333333 -0.200266736431 0.0418870850137 0.0307444092137 0.0 
0.127617088953 0.0 1.3460359084 0.0 0.0 0.581434008096 0.0 0.0 0.0 0.514530115471 0.0 0.231932670808 237.0 244.0 255.0 -0.29144624832 -0.169522327218 0.0561139382381 0.0422569294072 0.0 
0.487549651436 0.0 0.0188140089472 0.0 0.732394985079 0.0 0.1387678138 0.0 0.221860292689 0.0 0.0998791844571 0.0 237.0 244.0 255.0 -0.235332310082 -0.12726539781 -0.0262494306604 0.0716678449474 0.0 
0.153704427836 0.0751083292053 0.179945039998 0.0 0.0 0.0 0.0 0.0 0.221716223711 0.11082005555 0.222681859414 0.0 237.0 245.0 255.0 -0.261581740742 -0.055597552863 -0.00888294975258 -0.0470671848358 0.0 
0.0808536116164 0.0 0.459464865759 0.0 0.841567076219 0.0 0.0346170260373 0.0 0.0 1.03586704947 0.0 0.138728844312 237.0 245.0 255.0 -0.270464690495 -0.102664737699 0.00646972298462 0.142423894608 0.0 
0.127100656241 0.0 0.0 0.361782836605 0.130321563654 0.0 0.173677134421 0.0 0.850515434934 0.825867754604 0.0 0.0 237.0 237.0 255.0 -0.26399496751 0.0397591569092 -0.037725512979 0.159259075374 0.0 
1.09542266588 0.0 0.0 0.280426750688 0.0 1.89691117824 0.0 0.0 0.226241580784 0.456639445651 0.0 0.0 237.0 207.0 254.0 -0.301720480489 0.199018232283 -0.0092110492324 -0.101296396244 0.0 
1.01594544956 0.575948984392 0.456540412259 0.0453423751767 0.0 0.0546226867624 0.408851365976 0.0 0.0 0.922007958541 0.21895111851 0.280709034601 237.0 176.0 251.0 -0.310931529721 0.0977218360385 0.0242705327327 -0.081165788048 0.0 
0.248305803327 0.0 0.564928450279 0.254493744282 0.0 0.0 0.0 0.0 0.125250399113 0.549573027505 0.132145403479 0.0 237.0 165.0 245.0 -0.286660996989 0.0165560479905 -0.109978407845 0.0268421190158 0.0 
0.0 0.228774247522 0.0 0.0 0.613984682235 2.05607097766 0.035897565973 0.0 0.0 2.70094936869 0.22493790175 0.0 236.0 155.0 238.0 -0.333333333333 0.0433981670063 0.0323050599701 0.0657028766904 0.0 
0.0 0.0 0.0 0.0 0.0 0.0 0.4782020094 0.0 0.0 0.0 0.171239819789 0.234471292105 236.0 141.0 227.0 -0.301028273363 0.109101043697 0.0407631816599 0.0232100686443 0.0 
0.364982516536 1.15468620136 0.688120593877 0.810026354199 0.0597877213587 0.0241043139045 0.0 0.0 0.0 1.48556931834 0.0 0.0 236.0 124.0 206.0 -0.260265091703 0.132311112341 -0.0624011102489 0.0944897927488 0.0 
0.0 0.0 0.0 0.22991530958 0.0298742440803 0.0320380411874 0.230099303287 0.314065753912 0.0 0.604338687235 1.58565421353 0.369251907934 236.0 122.0 171.0 -0.322666201952 0.22680090509 -0.0440119361445 -0.0682059372506 0.0 
0.0 0.0 0.0 0.0 0.0 0.0 1.42415495637 0.0 0.271324555895 0.0 0.0 0.0 235.0 130.0 125.0 -0.333333333333 0.158594967839 0.00325636539189 -0.0555445604382 0.0 
0.0 0.654934434565 0.0 0.0 0.0 0.0 1.28943716754 1.37780878836 0.492801534869 0.0 0.0 0.0 235.0 132.0 93.0 -0.330076967941 0.103050407401 -0.073220297097 0.0620634134202 0.0 
0.0290414840062 0.0 0.267546150602 0.0 0.136486383229 0.0 0.0 0.357071975169 0.155352415015 0.32481193355 0.0 0.0 234.0 132.0 65.0 -0.333333333333 0.165113820821 0.00465252812956 0.0274611574583 0.0 
0.0 0.0 0.173891904709 0.779351727188 0.0 1.90865118943 0.606425213125 0.0 0.0 0.360073617918 2.11880206112 0.0 234.0 111.0 50.0 -0.328680805204 0.19257497828 -0.0491340926904 0.0376553477881 0.0 
# HEADER 9
0.0 0.0 0.897466992308 0.0 0.0 0.749493930832 0.177768716123 0.124274375974 0.0 0.0 0.939841842972 0.669153053332 133.0 250.0 255.0 0 0 -0.0437419809173 0.0719017632585 0.0 
0.0 0.0 0.239098717701 0.0 0.0874096479658 0.00808556351209 0.797014836589 0.0 0.152184959234 0.526956950601 0.0150976498891 0.0 133.0 250.0 255.0 -0.0437419809173 0.0719017632585 0.0309079646596 0.0200021643306 0.0 
1.04913401735 0.336470281095 1.44236130667 0.309565046624 0.0 0.0 0.0 0.669975583219 0.0 0.438856481048 0.0 0.0 133.0 250.0 255.0 -0.0128340162577 0.0919039275891 -0.0992636591981 -0.205001872919 0.0 
# HEADER 10
3.77453603271 4.82153775362 3.00579511122 1.03323221994 2.89835820232 2.17510969395 0.0 2.36007359762 3.57061725604 7.27217448363 0.0 3.68170594511 132.0 247.0 255.0 0 0 -0.0518557974303 -0.0481844738426 0.0 
2.21344963881 0.0 0.0 0.273876477469 0.35126485841 0.632843349243 0.0 0.534235051232 1.20349485581 0.571749533176 0.0 0.0 133.0 250.0 255.0 -0.0518557974303 -0.0481844738426 0.0211005863507 0.0716082429105 0.0 
1.21593765076 1.05053019135 0.0 0.0 0.0 0.0 0.179393799691 0.0 1.15800445881 0.406159756331 0.30049508449 2.32938967669 139.0 249.0 255.0 -0.0307552110796 0.0234237690679 -0.0698758742317 -0.0869194900068 0.0 
0.871636623587 0.0 0.386890658415 0.259770522952 0.607327496871 0.0 0.0 0.0 0.0 2.78681786025 0.0 0.352112244048 148.0 249.0 255.0 -0.100631085311 -0.0634957209389 0.0115526549301 0.0784199611071 0.0 
1.73448709976 1.15544047797 1.49935243632 0.897046356666 0.0 0.0 0.112319558761 0.0 0.0753375955388 0.17353851468 0.0 0.498648467438 158.0 250.0 255.0 -0.0890784303812 0.0149242401682 0.0876952906677 0.0839695202616 0.0 
0.10286903819 0.0 0.471595139258 0.10084417998 0.371822025757 0.0 0.616528266441 0.0 0.0 0.708301567114 0.0 0.43213387049 166.0 231.0 255.0 -0.00138313971346 0.0988937604298 -0.0506467618864 0.103286375854 0.0 
0.0 0.0 0.0 0.0 0.0 0.0 1.71953447645 0.0 0.0 0.0 1.17625251993 0.0 172.0 193.0 254.0 -0.0520299015999 0.202180136284 -0.107812549721 0.0143949108593 0.0 
0.0 0.698379888584 0.0 0.284577466555 0.0 0.0 0.0 0.0 0.235338874067 0.0 1.31265758724 0.475482079844 182.0 180.0 228.0 -0.159842451321 0.216575047143 0.0422057795078 0.0993299719612 0.0 
1.67514355442 1.81025179055 1.90386164974 0.952070798778 0.0 0.931307620981 0.0 1.52465443513 0.0 4.29963129185 0.0 1.21493158023 195.0 180.0 171.0 -0.117636671813 0.315905019104 0.0314742913204 0.0122606652391 0.0 
0.415292780299 0.0 1.66436342187 0.0550316712375 0.0 1.06119113468 0.00698971235138 0.967380310653 0.0 0.52211278301 0.0 1.38375620374 205.0 180.0 112.0 -0.086162380493 0.328165684344 0.0348886193301 0.0523735371921 0.0 
0.0 0.0 0.0 0.0 0.0 0.0 2.99473326776 0.0 0.0 0.0 0.0 0.0 213.0 172.0 68.0 -0.0512737611629 0.333333333333 0.0504290461698 0.0553948011711 0.0 
0.822598870855 0.0 0.0 0.0 0.936286269464 0.927069929315 0.578577417074 0.464805816627 1.45121256119 0.0 1.15240085293 0.0 221.0 147.0 49.0 -0.000844714993099 0.333333333333 -0.0240995098638 0.088941757078 0.0 
0.0 0.0 0.0 0.0 0.0 0.0 1.43797674893 0.0 0.0 0.0 0.0 0.0 226.0 88.0 49.0 -0.0249442248569 0.333333333333 0.0105072752853 -0.0102809248633 0.0 
0.0 0.0 0.444204286355 0.0 0.388843327018 0.0 0.0867164872162 0.0 0.0 0.363695451373 0.627806031655 0.588190584629 223.0 44.0 49.0 -0.0144369495716 0.32305240847 -0.0338687660938 0.0572548841473 0.0 
0.0 0.46070105217 0.0 0.265717268506 0.0 0.0 0.839381560386 0.313462737626 0.0 0.285082782921 0.0 0.0 213.0 35.0 37.0 -0.0483057156654 0.333333333333 -0.0881965983378 0.0479927087409 0.0 
0.590436333763 0.464317661061 0.0 0.74651065526 0.312350682788 0.0 0.0721049343758 0.0 1.64791061287 0.0657599569793 0.750459930865 0.165454792393 206.0 35.0 36.0 -0.136502314003 0.333333333333 -0.0550624771203 -0.0742242744044 0.0 
0.0 0.0 0.0 0.554182564398 0.0 0.0 0.0 0.0 0.855447402922 0.0 0.38488164975 0.0 202.0 35.0 36.0 -0.191564791124 0.259109058929 -0.202375660685 -0.0096219091028 0.0 
1.84031910776 1.31094810779 1.19588829282 0.0 0.0 0.724421432676 0.0302936431767 0.0 0.535736137791 0.58245697958 0.171043509388 0.0 202.0 35.0 36.0 -0.333333333333 0.249487149826 0.0542332393131 0.0902605340829 0.0 
0.546670956558 0.0 0.000649059534931 0.263037094387 0.0 0.0 0.564139216443 0.0 0.938286629592 0.462454509276 0.371919924156 0.0 202.0 35.0 36.0 -0.27910009402 0.333333333333 -0.0361897047184 0.117591579151 0.0 
0.187262185055 0.473344549479 0.0 1.16818583057 0.0 0.0 0.0 0.0 0.371453739204 0.0 0.169960397892 0.648278757552 201.0 35.0 35.0 -0.315289798739 0.333333333333 -0.0237928645695 0.0693687769812 0.0 
0.0 0.487768024876 0.0 0.0813835220115 0.593236873247 0.0 0.0270865487757 0.0 0.0 0.506939657556 0.21570770254 0.654921654534 201.0 35.0 35.0 -0.333333333333 0.333333333333 0.017370027852 0.0147099819825 0.0 
0.0 0.0 0.0 0.171669895778 0.841362316242 1.03775509733 0.0 0.0 1.21832507962 0.519910898241 0.235965302919 0.0 201.0 34.0 35.0 -0.315963305481 0.333333333333 0.0598109002819 -0.0464306293339 0.0 
0.0 2.70590209547 0.479340405413 0.0 0.599943874992 0.0 0.0500745003134 0.0 0.450295891895 1.05096588485 0.0 0.0 202.0 35.0 35.0 -0.256152405199 0.286902703999 -0.123286554591 -0.00747099678132 0.0 
0.0 0.0 0.0944785023159 0.0444314564394 0.222530135091 0.814715516237 0.111075847045 1.33900857544 1.96698196151 0.281651531101 0.0162364792769 0.0 202.0 34.0 35.0 -0.333333333333 0.279431707218 -0.0502178609128 0.00411903222427 0.0 
0.0 0.0 0.0 0.292263910486 0.0 0.0835513869564 0.510194711046 0.0 0.0 0.0173310507732 1.26225721424 0.13312893653 201.0 34.0 35.0 -0.333333333333 0.283550739442 0.0559693282574 0.0563299149642 0.0 
0.0810935497064 0.456633658009 0.3326753742 0.0 0.0 0.0 0.570372398595 0.0 1.47336773666 1.45014964729 0.0875165507129 0.0 201.0 34.0 35.0 -0.277364005076 0.333333333333 0.066898777942 -0.0252749890007 0.0 
0.0 0.0 0.0136256045403 1.12014978727 0.0 0.0 0.0683618745886 0.0 1.84134842778 2.51633154589 0.168645400295 0.180552820337 201.0 34.0 35.0 -0.210465227134 0.308058344333 0.061630953659 -0.0455058337199 0.0 
0.0 0.0 0.0 0.0 0.0 0.0 0.0565700043114 0.0 1.35058472844 0.445329100404 0.0 0.0 201.0 34.0 35.0 -0.148834273475 0.262552510613 -0.0535017555703 -0.130657730825 0.0 
0.0 0.0 0.0 0.264653866035 0.0 0.0 1.05642164446 0.0 0.0 0.0 0.0 0.0 201.0 34.0 35.0 -0.202336029045 0.131894779788 0.0705227595241 0.133805957185 0.0 
0.0 0.0 0.0 0.0 0.312510844368 0.0 1.08284786042 0.0 0.0 0.0 0.0 0.0908899470622 201.0 34.0 35.0 -0.131813269521 0.265700736973 -0.0552875818911 0.0247349040223 0.0 
0.0 0.0 0.0373743324457 0.189703251086 0.0649970526832 0.0 0.36057268933 0.0 0.0 1.69553264899 0.0 0.0 201.0 34.0 35.0 -0.187100851412 0.290435640996 -0.0700441254052 -0.0153968198101 0.0 
0.0 0.45330041642 0.87580408121 0.0 0.0 0.0 0.521545437647 0.084625954154 1.13285646967 1.50456307128 0.577022978419 0.0 202.0 35.0 35.0 -0.257144976817 0.275038821185 0.143243415197 0.0522089156949 0.0 
0.0 0.412772158478 0.0 0.0 0.0 0.702507892131 0.0608984504643 0.0 0.341452199367 0.0 0.0 1.18375777001 202.0 34.0 35.0 -0.11390156162 0.32724773688 -0.0201988958421 0.0856451419446 0.0 
0.531536006943 0.904040517409 0.39579012637 0.0 0.0 0.587648861862 0.49235474492 0.0 0.612073285787 0.516973468167 0.0 0.0 202.0 35.0 35.0 -0.134100457462 0.333333333333 0.0649233963075 -0.000213122339128 0.0 
0.207497859574 0.0 0.361395951909 0.0 0.0838165271609 0.477414941647 0.0 0.0 0.48910986455 0.630579357821 0.0 0.0399856588042 202.0 34.0 35.0 -0.0691770611546 0.333120210994 -0.121163516666 0.0551591418244 0.0 
0.0 0.0 0.0167855689092 0.642266334891 0.329987419672 0.571610628135 0.587936156447 0.0 0.330641589257 0.0294071815843 0.0 0.0 202.0 35.0 35.0 -0.19034057782 0.333333333333 -0.0829782546747 0.0604490835926 0.0 
0.208350708041 1.18591163539 0.0839546639156 0.0 0.223308314686 0.0 0.0 0.0 1.10349123729 0.0091295410214 0.0 0.386997470228 202.0 35.0 35.0 -0.273318832495 0.333333333333 0.0553802609634 0.0591998487616 0.0 
0.119183267258 0.4247296946 0.0 1.02236937864 0.815830777945 0.854143488164 0.0 0.0 1.03093727515 0.485436493636 0.220491501526 0.677270840196 202.0 34.0 35.0 -0.217938571532 0.333333333333 0.029911464598 -0.00998257146231 0.0 
0.340190023312 0.731230818445 0.0 0.0 0.102232299003 0.0 0.0599042966443 0.0 0.0 0.000658259198644 0.0 0.324163046847 201.0 34.0 35.0 -0.188027106934 0.323350761871 -0.0554736468343 -0.0722978428689 0.0 
2.83638034755 3.96693155077 2.8768876171 1.04668191812 0.814933047563 0.921608430182 0.0 0.0157317431257 0.946314842498 4.95243178918 0.245123530386 3.18429376212 201.0 34.0 35.0 -0.243500753768 0.251052919002 0.0391112654693 0.185200150206 0.0 
0.158585113078 0.00772148616205 0.683029939359 0.326205350404 0.601560205012 0.495744702082 0.0296546876613 0.00394488973955 0.973935013836 2.02057943432 0.0795982937564 0.893162933814 201.0 34.0 35.0 -0.204389488299 0.333333333333 0.0121842640713 0.113045744735 0.0 
0.0 0.423176431627 0.255358513427 0.0 0.0 0.0 0.056833789994 0.855172963976 1.97062434109 0.420643490818 0.961996097155 0.557921678507 201.0 34.0 35.0 -0.192205224227 0.333333333333 -0.0115016565572 -0.0495662405532 0.0 
0.0840701436988 1.23656097637 0.0 0.485267420492 0.0 1.03095323038 0.0 0.0 0.0 0.461010729916 0.25692052216 0.0 201.0 34.0 35.0 -0.203706880785 0.28376709278 0.0374335117682 0.0213174488971 0.0 
0.198219649008 0.0 0.506078549845 0.0 1.56892844517 0.0 0.00127362042363 0.779972730636 0.0 0.0 0.0 0.535844622605 201.0 34.0 35.0 -0.166273369016 0.305084541677 0.0563513359546 0.157765004011 0.0 
0.182521375534 0.0 0.468593188375 0.0 0.0 0.258839940463 0.0 0.0 0.243034268745 0.664561720419 0.220768543179 0.0 201.0 34.0 35.0 -0.109922033062 0.333333333333 0.0623520659663 0.0626827401396 0.0 
0.0 0.410345377205 0.999472384649 0.0 1.33744150001 0.803049914023 0.0445144204216 0.0 0.216694375808 0.726092328517 0.0 0.0 202.0 34.0 35.0 -0.0475699670954 0.333333333333 -0.045696117945 -0.0472704024229 0.0 
0.0 0.729329089567 0.471560794347 0.345752682154 0.0 1.01767078156 0.0 0.0 0.270735056622 0.0 0.0 0.0 202.0 34.0 35.0 -0.0932660850404 0.28606293091 0.0183791056781 0.019538995207 0.0 
0.307586221118 0.0 0.0 0.273918735158 0.0 2.30821862926 0.755323735527 0.0 1.23100069568 0.49916609453 0.0 0.0 202.0 34.0 35.0 -0.0748869793623 0.305601926117 0.127641067959 0.00867558134436 0.0 
0.599706031442 0.553720482173 0.50473959791 0.0 0.0321543307607 0.0 0.869871320259 0.0 0.035407983532 1.0675496294 0.0266009739059 0.0 199.0 35.0 35.0 0.0527540885963 0.314277507462 0.0503827944456 -0.0116098930634 0.0 
0.0549647292242 0.0 0.465417893327 0.0 0.283468912042 0.0 0.0 0.0 1.58802695756 0.469843982194 0.32309225021 0.180706835685 189.0 35.0 35.0 0.103136883042 0.302667614398 -0.178077274743 -0.0820320852261 0.0 
0.0 0.0 0.705759798773 0.162125184351 0.0 0.0 0.689540450751 0.0 0.652226463626 1.06642996739 0.0 0.0 175.0 35.0 35.0 -0.0749403917009 0.220635529172 0.0764386755484 0.0577605887464 0.0 
0.0 0.0 0.0 0.0563632743245 0.0 0.0 1.5664074207 0.0 0.0 0.0 0.0 0.0 168.0 35.0 35.0 0.00149828384751 0.278396117919 -0.0431711395373 -0.0592517865307 0.0 
1.01683144248 0.265317734089 0.0 0.0 0.0 0.0 0.0 0.0 1.25466654611 1.22490941976 1.38786868058 0.0 167.0 35.0 35.0 -0.0416728556898 0.219144331388 -0.0875048139204 -0.0061490944782 0.0 
0.409464004325 1.2370262288 2.22153863247 1.04208542159 0.0798997249803 0.0 0.0 0.441090523836 2.78037333763 1.81231300209 0.0 1.2285568136 167.0 35.0 35.0 -0.12917766961 0.21299523691 -0.13580346284 -0.0730742880487 0.0 
0.0375727429602 1.18963648399 0.929603093497 0.062644970517 0.0 0.0 0.0 0.0 1.29954117648 1.23042347874 0.0 0.0 167.0 35.0 35.0 -0.264981132451 0.139920948861 -0.0228951984323 -0.00209222413553 0.0 
0.728339330714 0.0 0.562376353682 0.888553270575 0.0 0.0 0.0 0.0 1.25649680418 0.0 0.0 0.0 167.0 35.0 35.0 -0.287876330883 0.137828724726 -0.00920521145927 -0.00685150108868 0.0 
0.0 0.0 0.0 0.0625163648091 0.0 0.0 0.0 0.0 0.722444188986 0.0 0.0 1.71097857742 167.0 35.0 35.0 -0.297081542342 0.130977223637 -0.188142304069 0.028738315401 0.0 
0.0 1.8073913975 0.0 0.81241945881 0.862112223383 0.564927878565 0.0 0.0 1.10041326429 0.438296605582 0.221585974506 0.0 168.0 35.0 35.0 -0.333333333333 0.159715539038 -0.0490622390609 0.193487916154 0.0 
1.46649154137 0.606179732723 1.0456320354 0.435171401796 0.36175725998 1.48091544841 0.0 0.373684077814 2.43833060883 2.88880299781 0.0 1.28986346215 170.0 35.0 35.0 -0.333333333333 0.333333333333 -0.0586774192475 -0.0772969670338 0.0 
2.3551454893 0.0 0.175927124028 0.0 0.0 0.0 0.0 0.0 2.15708998461 0.33811759728 0.0 0.0 171.0 35.0 35.0 -0.333333333333 0.2560363663 0.0418818635375 -0.080814092593 0.0 
0.518166519395 0.0 0.0 0.0 0.0 0.0 0.0524368564098 0.0 0.342611234355 1.10442256025 0.0 0.728222828931 172.0 35.0 35.0 -0.291451469796 0.175222273706 0.000915078540443 -0.0985690397367 0.0 
0.0 0.0644882436331 0.835678363707 0.283920775852 0.0 0.0 0.0 0.0 2.06982959553 0.999357915469 0.173643675307 0.477845216478 172.0 35.0 35.0 -0.290536391255 0.0766532339698 -0.0673294683989 0.0841752238984 0.0 
0.528187050651 0.0 0.0 0.0 0.0 0.0 0.503831294393 0.0 1.63668488671 1.37280873822 0.28530871651 1.0847395657 173.0 35.0 35.0 -0.333333333333 0.160828457868 0.0826296163532 -0.0299653988759 0.0 
0.331591513212 0.314276698306 0.0 0.0 0.0 0.0 0.44522708535 0.0 1.31178950915 0.882375088712 0.0 0.198715003267 173.0 35.0 35.0 -0.25070371698 0.130863058992 0.0366504927686 -0.0440214960363 0.0 
0.160928381653 0.0 0.0 0.687925870751 0.300097534009 0.0 0.0681093081045 0.0 1.66780590144 0.0563104090088 0.161942248256 0.240325782493 173.0 35.0 35.0 -0.214053224211 0.0868415629559 -0.0354567788368 -0.0156884478538 0.0 
0.0 0.992809536138 0.0 0.0 0.233026803841 0.0 0.0 0.117242315415 0.57611955951 0.988476151632 0.0 0.519246526816 173.0 35.0 34.0 -0.249510003048 0.0711531151021 0.0221004294302 0.0328824690257 0.0 
