nparams 7
bandwidth 2.054713e+01 2.054713e+01 7.111381e+00 7.111381e+00 2.116046e+02 2.116046e+02
scale 3.025257e-01
lambda 5.098862e-04
minvalues -5.000000e-02 -5.000000e-02
maxvalues 5.000000e-02 5.000000e-02
stdevInit 5.000000e-02 5.000000e-02
resetProb 2.000000e-02
npoints 5
0,0.21628,0.98986,1.4574,0.51051,0.6026
0.12343,0.32001,1.5912,1.1571,0.62898,0.38699
0.17078,0.83327,1.8773,1.0516,0.47641,0.31159
0.19378,0.28035,1.8988,1.0186,0.45857,0.29359
0.19378,0.35713,1.9675,0.94231,0.47732,0.25338
9.4005,21.85
-18.124,20.589
13.417,1.0593
42.992,-40.04
32.067,-4.1243
0.63419,0.47489,0.47233,0.47222,0.47127
0,0.2818,0.27627,0.27655,0.27738
0,0,0.069162,0.042866,0.045695
0,0,0,0.058511,0.02187
0,0,0,0,0.043328
