nrollouts: 10
# HEADER 1
1.32630275538 1.12398262302 0.722933107251 0.45667137106 0.538083358479 0.285160876751 0.0 0.0 1.28624913448 3.19828840549 0.0 1.30406448146 133.0 247.0 255.0 0 0 -0.0679156102157 -0.0452710923922 0.0 
1.32689006049 1.54727138453 0.70761640972 1.31752389439 0.00917137579645 0.736111018187 0.0 0.0 1.20834526764 3.17926016056 0.0 1.31974089583 133.0 252.0 255.0 -0.0679156102157 -0.0452710923922 0.11133823243 -0.186441788335 0.0 
0.270829952779 0.0 0.90091782067 0.0 0.0 0.0 0.982795426636 0.0 0.0 0.0 0.0 0.0 133.0 254.0 255.0 0.0434226222143 -0.231712880727 -0.0721894645028 0.184619390961 -0.0698133 
1.19894773511 1.81866953505 1.11874989444 1.04616496987 0.956220821035 0.0 0.0 0.953214686726 0.0 4.12548122449 0.0 1.96714554339 133.0 253.0 255.0 -0.0287668422884 -0.0470934897666 -0.0256135842492 -0.0133378083992 0.0698133 
1.54008538963 0.0 0.0 0.0 0.490806148869 0.843980222559 0.0 0.702790936048 0.751043329159 3.73721469535 0.0 1.08960486749 133.0 253.0 255.0 -0.0543804265376 -0.0604312981657 0.086987683044 -0.0438874116401 -0.0698133 
1.66306364515 1.57961997563 0.540212496022 1.22488256647 0.468606081948 0.737310366556 0.0 0.0 1.78503622005 2.36455950091 0.0 0.799444170178 133.0 253.0 255.0 0.0326072565064 -0.104318709806 -0.0109528546481 -0.228498266839 0.0698133 
0.0 0.215549285639 0.0 0.966330217223 0.0 0.0 0.598905097677 1.36376826054 0.378499985653 0.0 0.0 0.271324802441 133.0 253.0 255.0 0.0216544018583 -0.332816976645 -0.0220644734497 -0.0813935757783 0.0 
1.58501396825 1.51656162247 0.497298525561 0.895375738195 0.0 0.0 0.0 0.0 0.0 1.28925308983 0.0 1.56727873272 133.0 253.0 255.0 -0.000410071591445 -0.333333333333 0.240192779048 0.0912648478649 0.0 
0.706313772024 0.0 0.0 0.0 0.0 0.0 0.0 0.0 0.243573088462 2.83397140481 0.0 0.0 127.0 253.0 255.0 0.239782707457 -0.242068485468 -0.0131808968686 -0.0429254367475 0.0 
0.0 0.0 0.0 0.0 0.0 0.0 0.0 0.0 0.0 1.75664307705 0.0 0.0 117.0 253.0 255.0 0.226601810588 -0.284993922216 0.0575962862125 -0.0299996008009 0.0 
0.0230693340793 0.611486323587 0.0 0.0 0.0 0.0 0.0 0.0 0.0 0.534677650235 0.0 0.0 112.0 255.0 255.0 0.284198096801 -0.314993523017 0.0886900970684 -0.0972801702786 0.0 
1.66619009479 2.20199127657 0.286914048375 1.62671066699 0.74613312496 0.617760553059 0.130981852637 0.0 0.488191366441 2.58455831326 0.0 1.86202619745 110.0 255.0 255.0 0.333333333333 -0.333333333333 -0.0315386667958 -0.0142068821683 0.0 
0.831050036744 3.0507198496 0.138474210142 1.3627414727 0.0710674607127 0.58883986454 0.0 1.11465209862 0.391892362886 2.71208667829 0.137347598528 1.88659984053 108.0 255.0 255.0 0.301794666538 -0.333333333333 0.0157552391754 0.095657071213 0.0 
1.21598180523 3.16563705207 1.50381196858 0.0 0.966102317849 0.0 0.0 2.45122303562 0.760688221915 3.28209085575 0.233790623537 3.69999006731 106.0 255.0 255.0 0.317549905713 -0.23767626212 0.175398894584 -0.0803166224469 0.0 
1.55223747239 2.35956754867 2.65116442018 0.508963526951 1.0215686509 0.0 0.0 0.784313067105 0.783514653529 2.94196480024 0.0 5.56201331167 104.0 255.0 255.0 0.333333333333 -0.317992884567 0.0877587936206 0.036605886956 0.0 
0.0 5.30795015328 5.47161548245 1.22948972039 0.899039160286 0.0 0.0 1.30458876569 2.22205691165 2.73260372956 1.63064952589 3.86473857639 102.0 255.0 255.0 0.333333333333 -0.281386997611 -0.155706027343 -0.0208319954496 0.0 
0.0 5.11593278914 3.27160009462 0.399252827229 0.0 1.1974099808 0.0 0.899144440607 0.811387217529 3.59368465286 3.51329677517 6.94452957029 101.0 255.0 255.0 0.177627305991 -0.302218993061 0.160239368239 -0.134775936075 -0.0349066 
0.0 5.47871816373 4.76725802408 0.850726040069 0.0 0.83829336554 0.0 1.02538280191 0.287284687467 1.95181164731 4.14724591015 4.61484275139 101.0 255.0 255.0 0.333333333333 -0.333333333333 -0.0630501047695 -0.0919019742673 0.0 
1.02479229798 8.77290273804 5.70325384638 1.40698029142 0.00266129302202 1.79326570322 0.0 2.66578389903 1.22168218754 5.12124507377 4.72557611234 5.44799990075 100.0 255.0 255.0 0.270283228564 -0.333333333333 -0.158989840178 0.0362012715913 0.0 
0.0 7.30800073654 7.07580478536 0.938773810645 0.0235829773935 2.2550041932 0.0 2.41422040283 0.828257677006 2.94699544375 5.15619106786 5.84731434613 99.0 255.0 255.0 0.111293388386 -0.297132061742 0.0427860921518 -0.0300463465089 0.0 
0.0 7.13489514447 8.49054764631 0.0 0.0 1.73740896448 0.0 2.06218338004 0.284423083293 2.78465439997 4.76158284614 5.38943515481 99.0 255.0 255.0 0.154079480538 -0.327178408251 -0.0643661073769 0.105271117802 -0.0349066 
0.0 7.5333263049 8.18792385546 0.297351475316 0.0 1.81462338838 0.0 1.55052663607 0.673374043792 1.81012975524 5.15331249868 4.37357056292 99.0 255.0 255.0 0.0897133731609 -0.221907290449 -0.195125538405 0.083900859155 0.0 
0.0 8.37998945192 9.09498516704 0.12327038162 0.0 2.55014063953 0.0 0.18886213513 0.0151434569845 2.4650659893 4.99268171538 5.68195270638 99.0 255.0 255.0 -0.105412165244 -0.138006431294 0.098914322808 -0.0601537342454 0.0 
0.0 7.34821625728 9.10529847926 0.0 0.0178411205458 2.99441964825 0.467807798108 2.92846829972 1.508275722 1.95507476676 5.21879255201 5.28520808784 98.0 255.0 255.0 -0.00649784243605 -0.198160165539 0.0161657457155 0.0897772147552 0.0349066 
0.711914381668 7.29089133941 8.16543388549 0.281978812538 0.0 3.54539038364 0.0 2.68391958076 0.0 2.47752940566 6.16130454058 6.77186281555 98.0 255.0 255.0 0.00966790327944 -0.108382950784 -0.281199957327 -0.0532639218584 0.0 
0.554037249656 8.05975391314 9.82048171143 0.340887245183 0.00242987042738 2.05503066285 0.0 1.28646681004 0.00406912690119 3.45426477493 6.2197519333 5.31611518662 98.0 255.0 255.0 -0.271532054048 -0.161646872642 0.104382282038 -0.00844015783055 0.0 
0.0 6.3626833007 8.90114025465 0.124069444959 0.0 2.75765261331 0.0 2.96104510657 0.00749500046115 1.98397533563 5.78202488045 4.30045232498 99.0 255.0 255.0 -0.16714977201 -0.170087030473 -0.0201292659903 0.00142803033846 0.0 
0.0 6.83890132593 5.119267983 1.08585997689 0.0 2.02874286184 0.0 2.48128351464 1.50738597948 2.68735371117 4.4849713746 4.26740522973 102.0 255.0 255.0 -0.187279038001 -0.168659000134 0.164345657885 0.136319594733 0.0 
0.0 4.44554148861 3.2494621515 0.0 0.0 0.0 1.3371173504 2.02835065432 0.0 0.0 3.03694487239 2.54654065792 103.0 255.0 255.0 -0.0229333801159 -0.0323394054016 -0.148273855108 0.0666149710291 0.0 
0.628318391726 3.90091065453 3.0960528183 1.37788746836 0.0 2.56915225885 0.432618890794 0.0 1.58662640372 2.5918582322 1.27219617426 2.27329782754 104.0 255.0 255.0 -0.171207235223 0.0342755656275 0.103041225796 0.00056408167262 0.0349066 
0.676343022445 4.16373557432 2.21514317168 0.374000630025 0.0 0.0 0.310715431869 0.0 1.86811454349 1.82970835654 0.248065929493 2.35770049069 105.0 255.0 255.0 -0.0681660094273 0.0348396473001 0.0806728548661 -0.0453124244805 0.0 
1.83346538496 3.0147102661 1.99942894003 0.342461703237 0.0 0.656286374175 0.0 0.0 0.720367306748 2.6802293907 1.09087369658 3.23444284531 106.0 255.0 255.0 0.0125068454388 -0.0104727771804 0.0337438610123 0.0400281211038 0.0 
1.77523113236 3.07157937774 2.96052367476 0.341308733424 0.872708093923 0.0 0.0 0.249527237134 0.871585704306 2.70605096518 1.11688737988 2.19864972601 106.0 255.0 255.0 0.046250706451 0.0295553439235 -0.111632093488 0.110057667894 0.0 
0.585692215998 1.66666474451 0.709016560558 0.122614757516 0.0 0.310837306411 0.0 0.0 0.0 1.61309064928 0.0 1.82217021497 106.0 255.0 255.0 -0.0653813870373 0.139613011817 -0.0908208382653 -0.000669898373223 0.0 
0.767017752823 2.93456186866 2.04428541612 3.05258500269 0.0 0.951166558506 0.294899432252 0.0 0.712780403635 2.67202787813 0.0 2.1536203984 107.0 255.0 255.0 -0.156202225303 0.138943113444 0.146811914473 0.0196191154008 0.0 
1.74093113616 2.09841248153 1.86664892525 1.39315418109 0.0 0.0 0.0 0.190659939544 2.49616454007 1.95439174292 0.0 1.72566285105 108.0 255.0 255.0 -0.00939031082972 0.158562228845 0.0544199534451 -0.00085903234041 0.0 
0.0 0.0 0.0 0.0 0.0 0.0 0.0 0.0 0.832614931622 1.02508172285 0.0 0.0 108.0 253.0 255.0 0.0450296426154 0.157703196504 0.0288041035145 0.0764878331564 0.0 
0.736146589874 2.66136272963 1.10830888342 0.2860376412 0.0 0.0 0.0 0.0 1.74886065732 1.77679057589 0.548122993389 0.818823085831 109.0 252.0 251.0 0.0738337461299 0.234191029661 -0.225299108955 0.0491682325812 0.0 
0.677283726074 4.02626372112 2.83705562242 0.244291563017 1.65497223819 1.62102430163 0.0 0.0 2.65174532709 1.7996930126 2.94511609563 2.99643839581 110.0 253.0 240.0 -0.151465362825 0.283359262242 -0.105714466893 0.166018309913 -0.0349066 
0.768927070041 2.13052062151 2.10888289369 0.2430165485 0.0 2.46154354048 0.0 2.36859854681 0.742051647993 2.76839359806 3.89395864791 3.34464108841 115.0 252.0 219.0 -0.257179829719 0.333333333333 -0.146445946115 0.149590187582 -0.0349066 
2.52132980102 3.82045272316 5.86570768378 1.11787971428 0.00209772312381 2.76818515043 0.0 2.46300206307 1.74436548406 1.92286993906 3.04751360383 1.32365338892 123.0 250.0 190.0 -0.333333333333 0.333333333333 -0.0387833046383 -0.165593415313 0.0 
0.825571426557 1.34109681035 1.2319678945 0.36364773964 0.0298762981204 2.77686831566 0.0 3.62099897332 1.77503521192 2.67703008875 1.17670635593 2.22866819338 132.0 247.0 167.0 -0.333333333333 0.16773991802 -0.0393885569994 0.040535167392 -0.0349065 
1.55359457412 1.66978558423 0.71232667206 1.99609203841 0.0 0.0 0.0 0.0 0.0 0.762695790784 0.0 0.0382395248306 140.0 243.0 147.0 -0.333333333333 0.208275085412 -0.00273106921615 -0.0518513604886 -0.0349066 
0.0134146901889 0.0 0.0 0.0 0.0 0.0 0.141632910126 0.815033736773 0.622871565655 0.702676822871 0.0 0.0 151.0 233.0 133.0 -0.333333333333 0.156423724923 -0.0626057605457 0.00903412721253 -0.0349066 
0.0 0.0 0.232132701929 0.0 0.0 0.0 1.08847086723 0.0 0.0 0.0 0.0 0.436412516042 162.0 221.0 121.0 -0.333333333333 0.165457852136 0.0103352739546 -0.130310904898 -0.0349065 
0.0 0.0 0.0 0.217340838437 0.0 0.0 5.1792567371 0.351058393134 0.0 0.0 0.0 0.0 172.0 208.0 118.0 -0.322998059379 0.0351469472379 -0.118675758775 -0.0519313270921 -0.0349066 
1.34518811764 1.79923994616 0.693500903561 1.2103322493 0.00435861330368 0.0 1.02429349725 0.0876938296697 0.472810428984 1.87747756463 0.0 0.170825182888 178.0 197.0 129.0 -0.333333333333 -0.0167843798542 -0.0718125779936 -0.192756270985 -0.0349066 
0.0 0.0 0.0 0.272462819399 0.0 0.0 1.76848462924 0.0 0.0 0.0 0.0 0.0 183.0 182.0 163.0 -0.333333333333 -0.209540650839 -0.0063814259094 0.0382316295745 0.0 
1.71217438456 2.18904397888 1.80254046326 1.3051909158 0.996439652337 0.0 0.0 0.0 0.711062994175 2.71002887467 0.0 1.92667284999 189.0 164.0 203.0 -0.333333333333 -0.171309021264 -0.00543452462472 -0.0165869986707 0.0698133 
2.64265549463 2.94620962472 0.32571796877 1.3368075246 0.938262913631 0.654098890617 0.0 0.531065006417 0.0877168950531 2.70151371804 0.0 1.27918111836 200.0 163.0 222.0 -0.333333333333 -0.187896019935 0.180116696575 -0.147471857521 0.0 
2.67088478053 0.344266310236 0.185616302417 1.33713973144 0.0612213614697 0.0 0.473693431401 0.0 0.755558458963 2.60684685408 0.0 2.22711772267 210.0 166.0 243.0 -0.153216636758 -0.333333333333 0.118512377733 -0.254307763807 0.0349065 
1.04619620039 0.887761141111 0.306149040508 0.368054592861 1.00216732225 0.0 0.188466297261 0.0 0.494850435112 0.822251384351 0.0 0.662729951019 214.0 177.0 253.0 -0.0347042590247 -0.333333333333 -0.00313201484331 -0.131176045118 0.0 
1.74489336894 2.02922121416 1.05960050418 1.21247905817 0.156110332582 0.0 0.398295590732 0.232606436784 0.767710655173 1.76599828877 0.0 1.33216208071 217.0 201.0 255.0 -0.037836273868 -0.333333333333 0.117861898104 -0.0973476177998 0.0 
2.26609492407 1.47060139958 0.769924323566 0.863534773334 0.28557889854 1.31053356561 0.0 0.459504295693 0.901047123078 2.57618567033 0.0 1.22749505134 220.0 225.0 255.0 0.0800256242362 -0.333333333333 0.0764503811235 -0.0806754114076 0.0 
1.8752944216 1.07775883695 0.104502826186 0.445934016994 0.0 0.0143238593184 0.0 0.0 1.74842518109 2.69450643111 0.0 2.91130562918 224.0 244.0 255.0 0.15647600536 -0.333333333333 -0.0440497135031 0.186384068238 0.0 
0.518875273985 1.03369029862 0.0 0.0 0.0 0.0 0.0 0.0 0.0 1.85394835555 0.0 0.0 227.0 251.0 255.0 0.112426291857 -0.146949265095 0.0595161663744 0.0255790400119 0.0 
0.0 0.0 0.0 0.0 0.0 0.0 0.0 0.0 0.116569632151 1.54597958784 0.0 0.0 229.0 251.0 255.0 0.171942458231 -0.121370225083 -0.0574824339787 -0.00717553185586 0.0 
2.18699482 1.49916969325 0.0 0.107203907056 0.0 0.0 0.0 0.0 1.72349629863 2.66072031401 0.0 1.19520117204 229.0 252.0 255.0 0.114460024252 -0.128545756939 -0.0196902617408 0.0716154476695 0.0 
0.0 0.0 0.0 0.0 0.0 0.0 0.0 0.0 0.0 1.69480182611 0.0 0.0 230.0 252.0 255.0 0.0947697625116 -0.0569303092697 -0.0530261306456 -0.121587372528 0.0 
0.0 0.0 0.0 0.0 0.0 0.0 0.0 0.0 0.0 0.0 0.0 0.0 230.0 252.0 255.0 0.041743631866 -0.178517681797 0.183950943962 0.0258880134151 0.0 
0.0 0.0 0.0 0.0 0.0 0.0 0.0 0.0 0.0 0.0 0.0 0.0 229.0 252.0 255.0 0.225694575828 -0.152629668382 -0.0408785494178 0.14473553535 0.0 
0.0 0.0 0.0 0.0 0.0 0.0 0.0 0.0 0.0 0.352494941568 0.0 0.0 225.0 253.0 255.0 0.18481602641 -0.00789413303167 -0.0135788576711 -0.0990684524435 0.0 
0.0 0.0 0.0 0.0 0.0 0.0 0.0 0.0 0.0 1.18519245639 0.0 0.0 217.0 253.0 255.0 0.171237168739 -0.106962585475 -0.0239887386827 0.0161801009164 0.0 
0.0 0.0 0.0 0.0 0.0 0.0 0.0 0.0 0.0 0.304609063802 0.0 0.0 209.0 253.0 255.0 0.147248430057 -0.0907824845588 0.0861047055919 -0.0544437793222 0.0 
0.765650812309 1.2136253721 0.61068385821 0.626399987924 0.0 0.0 0.0 0.0 1.40069677177 2.83940532319 0.0 0.0 200.0 253.0 255.0 0.233353135648 -0.145226263881 0.0774698340487 0.0126775724001 0.0 
0.769047245687 2.41717786908 0.703931494736 0.536837744107 0.0 0.0 0.0 0.0 0.891432958918 2.79272501408 0.0 0.618429984812 190.0 253.0 255.0 0.310822969697 -0.132548691481 0.0213777270382 -0.0284481752758 0.0 
1.26887803012 1.57908265923 0.581470551132 1.28363167682 0.0928675711699 0.0 0.0564704309195 0.0 1.21881199188 3.13413283265 0.0 0.710850199429 178.0 253.0 255.0 0.332200696735 -0.160996866757 -0.100904612058 0.0283945405047 0.0 
1.25267453961 2.02110723605 1.48344517064 1.83756528186 0.0 0.712310782661 0.0 0.0 0.0 1.76912616447 0.0 0.713474139403 167.0 253.0 255.0 0.231296084678 -0.132602326252 0.0483161712239 0.133765210336 0.0 
1.72042602599 1.62815223637 1.10489042632 0.885276264433 0.0 0.788508939365 0.0 0.0 0.0 3.56949910491 0.124651497167 0.775926461126 156.0 254.0 255.0 0.279612255902 0.00116288408419 0.0570990926056 -0.0390149647587 0.0 
2.2030056464 1.99012344911 0.529957530923 0.355265954085 0.432003822181 0.0 0.0 0.383643061799 0.746751072155 1.81247725132 0.0 1.74629286581 146.0 253.0 255.0 0.333333333333 -0.0378520806745 -0.167500159986 0.0345429905213 0.0 
1.77989596189 2.03209917805 1.01180726293 0.775822275084 0.492093254581 0.167581617133 0.0 0.0 0.37038381019 2.69459373736 0.236902854038 2.24472528906 135.0 254.0 255.0 0.165833173348 -0.00330909015321 0.0550145459139 -0.0818368516858 0.0 
1.76604147699 2.50136295899 0.214285733453 0.0 0.0 0.208602386768 0.0256105004286 0.0 2.20198243669 2.65872154705 0.0 0.88487744978 125.0 253.0 255.0 0.220847719261 -0.085145941839 0.00336883114112 -0.110094146441 0.0 
1.70231938131 2.07781632818 0.626733043145 0.353818739068 0.996066995501 1.74100992292 0.0 0.0 0.446247262986 2.65691146986 0.0 1.24829346434 115.0 253.0 255.0 0.224216550403 -0.19524008828 0.101025781894 0.0259788092173 0.0 
1.2310294293 2.56392112433 1.07675564941 1.36924868065 0.134317597113 0.444781081303 0.0 0.0 0.766149751976 3.12473199494 0.0 1.32189857428 111.0 255.0 255.0 0.325242332297 -0.169261279063 0.0301842423448 -0.118010422824 0.0 
1.71581322912 3.04693688422 1.52771635007 0.868961369046 0.982093693791 0.779066186903 0.0 0.931800996613 0.713200356369 2.70105451746 0.0 1.79249157805 109.0 255.0 255.0 0.333333333333 -0.287271701887 -0.219395189129 -0.0749406167832 -0.0349065 
2.19892656399 3.56105283827 1.10381587917 0.853076962119 0.0 0.0 0.0 0.0 1.17993481496 2.68706305928 0.0 2.30668920603 108.0 255.0 255.0 0.113938144204 -0.333333333333 0.0354877446397 -0.0233307486116 0.0 
0.401149151031 3.54462513521 1.52746692898 0.0 0.0 0.0 0.0 0.0 1.72526735811 3.12325181117 0.721466982465 3.29074462883 107.0 255.0 255.0 0.149425888844 -0.333333333333 0.228585471585 0.0352237864656 0.0 
# HEADER 2
0.728948578711 0.392685544757 1.16115554186 0.560165383077 0.62286115692 0.0 0.0 0.0 0.860931825718 2.35661238673 0.0 0.0 133.0 247.0 255.0 0 0 -0.0774845061659 0.0711190464186 -0.244346 
2.45952671929 1.2338555534 0.87536675978 1.09319793338 0.800584854878 0.0 0.0 0.0 0.546249168414 1.88961216098 0.0 0.457062581136 133.0 241.0 255.0 -0.0774845061659 0.0711190464186 0.160070165374 -0.0385675775205 0.0 
3.26260844461 0.0779801763246 1.38334921352 2.0660028834 0.814958040921 1.50717759801 0.0 0.242971683654 0.75643309503 2.41663191392 0.0 3.03056510584 133.0 232.0 255.0 0.0825856592078 0.032551468898 -0.0970169816221 0.0616495684571 0.0 
2.31827176152 1.76036111502 0.0 0.0 0.283640451295 0.591855316967 0.269754435488 0.0 1.51268309478 4.68243874217 0.0 0.0 133.0 226.0 255.0 -0.0144313224143 0.0942010373552 -0.140804011468 -0.0130270699459 0.0 
2.87235648532 2.14449033921 1.36589047724 0.14362692251 0.0 0.0 0.0 0.0 1.50841056734 2.18924572498 0.0 0.798765032756 138.0 220.0 251.0 -0.155235333882 0.0811739674093 0.0185177568086 0.0641167702677 0.0 
0.148223628279 0.542416729067 0.0 0.0 0.0292398761101 0.0 0.898003144617 0.0 1.8473671377 0.0 0.0 0.0 148.0 211.0 238.0 -0.136717577074 0.145290737677 -0.109154858144 0.241163796279 0.0 
0.843895546536 1.9918818958 2.1970710688 0.310479916428 0.0 0.0 1.0637019815 0.0 0.0 0.0 0.0 0.0 158.0 205.0 216.0 -0.245872435217 0.333333333333 0.0519761762188 -0.0329419820846 -0.0349066 
1.17822242495 2.53652646102 1.39141926994 0.821840847354 0.0 0.425224241466 0.349621335752 0.0 0.17141548351 2.22963853249 0.0 0.448409405373 168.0 199.0 190.0 -0.193896258998 0.300391351249 0.0452041785621 0.126397524284 -0.0698132 
0.938064331582 0.0 0.0 1.05575188707 1.7874095986 0.683286012584 1.51463042645 0.0 0.0 0.736798343072 0.0 0.092270988638 179.0 194.0 162.0 -0.148692080436 0.333333333333 0.119060293794 -0.0693034646637 0.0 
0.742777156996 0.118988223634 0.0 0.125337658758 0.156867259368 0.0 0.862959880786 0.0 0.780025017531 0.0 0.0 0.0 189.0 185.0 138.0 -0.0296317866421 0.26402986867 -0.0371906970409 0.259739129628 0.0 
0.0 0.0 0.0 0.0 0.0750198311049 0.0 0.498329024381 0.0 0.0 0.221254401909 0.0 0.388750245687 195.0 180.0 112.0 -0.066822483683 0.333333333333 0.121142908577 0.0186008481192 1.01229 
0.0 0.0 0.0 0.0 0.0 0.0 4.92396585413 0.0 0.0 0.0 1.247833285 0.0 197.0 180.0 86.0 0.054320424894 0.333333333333 0.058775038974 0.0436439764567 -0.0349066 
0.0 0.0 0.0 0.0 0.0 0.0 4.21625089958 0.0 0.0 0.0 0.0 0.0 196.0 181.0 62.0 0.113095463868 0.333333333333 0.168762332769 0.0351423789264 0.0698133 
1.11680704651 0.619129978143 0.0 0.694081681065 0.0 0.0 0.286567489559 0.0 0.0 0.0 0.0 0.486300690001 193.0 181.0 50.0 0.281857796637 0.333333333333 0.0445481831949 0.0377604328585 -0.174533 
# HEADER 3
1.2785022417 1.14122461743 0.50328097297 0.368705923814 0.0885924545675 0.352912556243 0.0 0.0 0.0 2.16822284792 0.0 0.423046998323 133.0 252.0 255.0 0 0 -0.0128551558451 0.157492396504 -0.418879 
1.20506817809 1.55705828748 1.52148589534 2.18544330651 0.9817257421 0.844295212239 0.0 0.0 1.19206068592 1.65784270576 0.130904201721 3.95829888098 133.0 248.0 255.0 -0.0128551558451 0.157492396504 0.00447827335944 -0.0261185326598 0.0 
0.913286617074 1.13917499886 0.998865372609 1.24327527542 0.947567832262 0.0 0.0 0.0 0.575643660963 2.70330108478 0.0 1.30654882039 132.0 230.0 255.0 -0.00837688248566 0.131373863844 0.0666701427962 -0.242054033016 0.0 
2.56742410527 1.99331659833 0.192399957905 0.243030387909 0.257374819118 1.6292735411 0.36581002039 0.41277627387 0.844043240142 2.64173598365 0.0 0.172442682308 132.0 235.0 255.0 0.0582932603106 -0.110680169172 -0.0906538177367 0.0578945418135 0.0 
0.0 0.0 0.0 0.0 0.0 0.0 0.0 0.0 0.0 0.951939107673 0.0 0.0 132.0 247.0 255.0 -0.0323605574262 -0.0527856273586 0.00428773621765 0.0713924822985 0.0 
0.0 0.0 0.0 0.0 0.0 0.0 0.0 0.0 0.0 0.596224476376 0.0 0.0 132.0 249.0 255.0 -0.0280728212085 0.0186068549399 0.00318282118522 0.0694102682613 0.0 
0.0 0.0 0.0 0.0 0.0 0.0 0.0 0.0 0.0 0.637663320388 0.0 0.0 132.0 241.0 255.0 -0.0248900000233 0.0880171232012 0.163889416467 0.0904449827094 0.0 
0.154122454575 1.00172015831 0.0 0.551826779072 0.0 0.0 0.0 0.0 2.50247621108 3.07609407884 0.0 0.0 132.0 228.0 255.0 0.138999416444 0.178462105911 0.12547972039 0.121912124043 0.0 
0.809658122147 4.58380017199 4.50306545801 0.0 0.039633551276 0.0 0.294902723424 0.384362731488 0.927869122998 0.853054619619 0.0 2.89860137166 127.0 236.0 240.0 0.264479136834 0.300374229954 -0.0571837358064 -0.0845825986514 0.0 
1.59747385828 2.00806047618 1.17957128856 0.0 0.0 0.0 0.0 0.0 0.854928167669 3.45679573349 0.0 0.506219135516 122.0 249.0 214.0 0.207295401027 0.215791631303 0.0511819729433 0.0471713514699 -0.0349066 
2.40291223234 1.8334200946 2.82508654003 0.969074199885 1.69791789035 0.741937606441 0.391256311487 2.09702178844 0.0 2.75597477831 0.150172198486 0.0 123.0 250.0 197.0 0.258477373971 0.262962982772 -0.00232417692481 -0.172208100114 0.0 
0.864955182377 2.88975092963 4.81261633503 0.330075279066 2.72038538166 3.79763916788 0.329901365061 1.70675149761 0.821816407418 1.67100639565 0.364822168482 1.18260461967 123.0 251.0 190.0 0.256153197046 0.090754882659 -0.108090595692 0.158146500919 -0.0349065 
1.69140118571 2.04700659042 6.90364971902 0.30995486219 1.00154631651 3.98539915632 0.0 3.44367449886 0.757095442906 2.60521679808 3.18315597018 1.32668608751 122.0 253.0 182.0 0.148062601354 0.248901383578 0.0625201141861 0.0780781332866 0.0349065 
0.0 2.89494317501 8.99697344363 0.309174475327 0.0 6.61452744457 0.0 6.21524946278 1.72331335848 1.75874606316 4.05122297791 0.362131534478 123.0 254.0 169.0 0.21058271554 0.326979516865 -0.0426204118041 -0.00609743211848 -0.0698131 
0.691227397362 0.0 7.30902358701 0.0 0.0 4.44438309354 2.24039600916 5.61242550807 0.0 0.0 2.42077542472 0.0 123.0 255.0 155.0 0.167962303736 0.320882084746 -0.0794280826393 -0.128148527606 0.0 
0.0 0.0 6.2846785637 0.969536180584 0.796466906715 3.90641661888 3.48048249187 9.96718658559 0.0 0.0 0.52536563095 0.0 123.0 255.0 146.0 0.0885342210964 0.19273355714 0.0434388329068 0.122417407643 -0.0349066 
0.0 0.0 1.3138594548 0.0 0.0 4.66953552727 5.45477706637 6.69556893079 0.0 0.0 2.30910415791 0.0 123.0 255.0 136.0 0.131973054003 0.315150964783 -0.0256974335642 0.00796105856603 0.0 
0.0 0.0 0.0 0.0 0.0 3.91067386995 7.26400429525 6.59117477023 0.0 0.0 1.20808328107 0.0 124.0 255.0 124.0 0.106275620439 0.323112023349 -0.0835862678159 0.1753010127 -0.0349065 
0.0 0.0 0.0 0.0 0.0 0.979967243279 11.3819325508 4.6486525806 0.0 0.0 0.298433288094 0.0 125.0 255.0 111.0 0.022689352623 0.333333333333 -0.0133559139033 0.0566307906676 -0.0349066 
0.0 0.0 0.0 0.0 0.0 0.0 14.2293678088 2.55568207174 0.0 0.0 1.1447970633 0.0 126.0 255.0 96.0 0.00933343871972 0.333333333333 -0.0614801461504 -0.0589738770153 0.0 
0.0 0.0 0.0 0.0 0.0 0.0 17.1308501606 0.0 0.0 0.0 0.0 0.0 129.0 255.0 79.0 -0.0521467074307 0.274359456318 0.0897235341247 0.190184566841 -0.0698132 
0.0 0.0 0.0 0.0 0.0 0.0 13.5340214841 0.0 0.0 0.0 0.0 0.0 133.0 255.0 59.0 0.037576826694 0.333333333333 -0.0489825999564 -0.0660075672997 -0.0349066 
0.0 0.0 0.0 0.0 0.0 0.0 8.76447127307 0.0 0.0 0.0 0.0 0.0 136.0 251.0 47.0 -0.0114057732624 0.267325766034 -0.138566996083 0.128688477709 -0.10472 
0.245752426482 0.0 0.0 0.0638746338467 0.0 0.0 4.83150746884 0.0 1.31328064481 0.0 0.0 0.0 141.0 244.0 43.0 -0.149972769346 0.333333333333 0.0956079364824 0.0292354053385 -0.0698131 
0.0 0.0 0.0 0.0 0.0411487028597 0.0 6.2690239889 0.0 0.0 0.0 0.0 0.0 151.0 229.0 43.0 -0.0543648328632 0.333333333333 -0.0384524627704 -0.171002685644 -0.0349066 
0.0 0.0 0.0 0.0 0.0488236276456 0.0 4.18743393977 0.27405888276 0.0 0.0 0.0 0.0 160.0 214.0 43.0 -0.0928172956336 0.162330647689 0.0983151252214 0.0220109365368 -0.0698131 
0.0 0.0 0.0 0.0 0.0 0.0 2.55859948749 0.0 0.737125403311 0.0 0.151810640376 0.0 167.0 202.0 43.0 0.00549782958779 0.184341584226 -0.05098578827 0.164473127203 -0.10472 
0.57665327179 0.658026545937 0.0 0.160348853747 0.234119335733 0.0501489725645 1.16328725812 0.0 0.263046591928 0.0 0.0 0.0901006014 176.0 179.0 42.0 -0.0454879586822 0.333333333333 -0.0707446015004 -0.0392068028264 -0.0349066 
1.09959503106 2.46293133126 1.09316469853 1.09555259138 0.930088761911 1.02241625384 0.0 0.0 2.40422235468 1.73191023022 0.0 0.650548942039 182.0 150.0 42.0 -0.116232560183 0.294126530507 -0.102809732121 -0.0109277882565 -0.20944 
1.9904402508 1.17495031855 0.326698480384 0.811656290051 0.29528546279 0.833969548575 0.485158903186 0.0 1.87649225476 2.13272724234 0.0 1.60516039093 182.0 91.0 52.0 -0.219042292304 0.28319874225 0.0467449700104 -0.117330562581 -0.244346 
1.36146106986 1.79044664022 0.552434401963 0.333796120581 0.0 0.890191420649 0.0 0.0 0.890688574088 2.92584679351 0.0 1.13448678017 170.0 50.0 85.0 -0.172297322293 0.165868179669 0.0189024178917 -0.107403451494 -0.733038338023 
2.21623756671 1.9341768105 0.715337827027 0.0 0.0 0.297932549416 0.0 0.0 0.890937606164 2.79367729313 0.0 0.150778181589 168.0 48.0 80.0 -0.153394904402 0.0584647281756 0.302377048594 -0.0429603854457 -0.174533 
1.46096767431 1.65685881909 1.25150402825 0.0 0.322952918423 0.81068654088 0.0 0.234627757605 0.859256770231 3.63235995373 0.0 0.276422800911 169.0 48.0 78.0 0.148982144192 0.0155043427299 -0.0582217874269 0.0472306119707 -0.314159 
1.84313122596 1.64767035031 1.08030023563 0.58351976962 0.807088247009 0.763737593856 0.0 0.0 1.26422758294 2.78261759459 0.0 0.342648601888 172.0 48.0 71.0 0.0907603567649 0.0627349547006 0.144555045338 0.0163445639026 0.0698131 
2.3230510389 2.02177865669 1.07452688217 0.0 0.0 0.699644818221 0.0 0.0 0.495237249385 2.28663466541 0.0 1.5007261015 175.0 48.0 62.0 0.235315402103 0.0790795186032 -0.125898426954 0.116102248879 0.279253 
1.46230837267 1.03281985083 1.07392340198 2.07240510924 0.0 0.0 0.0 0.0 0.627124729152 1.64543164485 0.0 1.25524812677 179.0 46.0 52.0 0.109416975149 0.195181767482 -0.195531740686 0.219251695621 -0.0349066 
1.8411766382 1.81413224423 1.07348165229 1.02812569563 0.0452222959989 1.04788601218 0.395151000251 0.0 1.53728088432 2.93747215431 0.0 1.62211567548 178.0 46.0 48.0 -0.0861147655369 0.333333333333 0.0226627295567 -0.114497205655 -0.244346 
0.946086607906 1.65049780344 0.698146764627 0.83897904538 0.423328086912 1.67662214341 0.0 0.0 1.87769050161 2.00835371195 0.0354744066921 1.25815476156 181.0 38.0 44.0 -0.0634520359802 0.218836127678 -0.00492401706051 -0.0982772941224 0.0 
0.480522294999 0.020110140023 0.0 0.0515080010965 0.0 0.0 0.260155487432 0.0 1.60646281695 1.26025909647 0.0 1.62131999891 184.0 33.0 43.0 -0.0683760530407 0.120558833556 -0.070671645952 0.000224317996599 -0.0349066 
1.55917564402 1.50020861849 0.0 0.433177861336 0.0 0.375437787326 0.0 0.466878763408 2.72212995504 2.32999857687 0.0 1.13216458852 186.0 31.0 43.0 -0.139047698993 0.120783151553 0.0537178246644 0.0619217313819 0.488692 
0.623671481364 0.139698674494 0.0 0.663234967641 0.411514253431 0.0 0.507383857381 0.0 2.25598149861 0.51889580205 0.0518518612172 0.0 187.0 30.0 42.0 -0.0853298743283 0.182704882935 0.0272369988134 -0.156812158817 -0.453786 
1.50049066531 1.31596189226 0.0 0.232899115795 0.0598128228635 0.332708329399 0.0 0.0 2.14686258464 1.61856980578 0.0 0.320830533424 188.0 30.0 42.0 -0.058092875515 0.0258927241175 -0.00148858386559 0.0514353913099 0.0 
1.71479315677 1.50839129657 0.0 0.0 0.0 0.279431433726 0.0 0.362763377467 3.01756582695 2.52738905916 0.0 0.841640650024 188.0 29.0 42.0 -0.0595814593806 0.0773281154274 -0.0795073480273 0.0452769378614 -0.0349066 
1.22087374785 1.54527188211 1.9948578957 0.803890463438 0.0 0.683945417053 0.393228517171 0.0 1.51266021966 3.1488048223 0.0 0.857656895619 188.0 29.0 42.0 -0.139088807408 0.122605053289 -0.0531120087791 -0.112546832471 0.314159 
1.67371351306 1.51457941098 0.696505228858 1.23641591744 0.0 0.290087855137 0.0 0.0 1.68361901438 2.76124486479 0.0 1.67018490328 189.0 29.0 42.0 -0.192200816187 0.0100582208181 0.00834495590015 0.180102871258 -0.314159 
1.84359350332 0.919405315712 0.561819755113 1.0931136569 0.0 0.683958799497 0.0 0.0 2.53212422448 2.74827470967 0.0 0.382724663075 189.0 29.0 42.0 -0.183855860287 0.190161092076 -0.0445500591547 -0.0362174765641 0.0349066 
1.6917893443 1.93166756713 1.02609302691 0.838342253555 0.108396398989 0.0 0.0 0.44370689453 2.24514777687 2.21599348708 0.0 0.748658733524 189.0 29.0 40.0 -0.228405919442 0.153943615512 -0.0877138272421 -0.0122586056683 0.20944 
0.0 0.0 0.0 0.0 0.144646464234 0.0 1.25585976689 0.0 0.891819441201 0.0 0.0 0.0 189.0 29.0 40.0 -0.316119746684 0.141685009843 0.172260925985 0.101334131397 0.139626 
0.12598545253 1.7430278762 0.955869521327 0.758620331137 0.0519846720978 0.0 0.0 0.0 2.69283131664 2.90346986923 0.0 0.568084142824 189.0 29.0 39.0 -0.143858820699 0.24301914124 0.018204626159 0.160187528461 -0.069813 
1.66889917805 1.55018454355 0.569021863851 0.858582976911 0.549059789378 0.0 0.0 0.0 3.15394965264 3.56306635929 0.250110076344 1.75434920396 189.0 29.0 38.0 -0.12565419454 0.333333333333 0.101901574364 -0.0263552934822 0.0 
1.24767143005 0.512313997875 0.0 0.0 0.0328181542742 0.0 0.508447034668 0.0 2.16721227251 0.176595979311 0.0 2.32209898686 188.0 29.0 38.0 -0.0237526201756 0.306978039851 -0.129458859302 -0.0293199562144 -0.279253 
0.234188685118 1.44850024767 0.463637644607 0.830445156313 0.0 0.793622416854 0.0 0.0 2.60418835258 2.4143285205 0.0 0.0 188.0 28.0 38.0 -0.153211479478 0.277658083637 -0.105856181688 -0.0123078896987 -0.20944 
1.60849425477 1.50841623659 0.0 0.0 0.0 2.26278876496 0.0 1.22545597678 3.64801366135 2.63977621517 0.0 1.57598792543 189.0 28.0 38.0 -0.259067661166 0.265350193938 0.0604684679447 -0.0416401001871 0.20944 
2.21333112269 0.0 0.529974164296 0.268463844374 0.0 0.401884038101 0.0 0.0 2.80442311671 3.08345850451 0.0 2.69024403267 190.0 28.0 38.0 -0.198599193221 0.223710093751 -0.0264459586359 0.00553294069303 0.0 
0.82538388925 2.21395004827 0.586753595305 1.31134306331 0.0981987211301 0.0 0.0 0.0 3.18313917251 2.15903846719 0.0 0.349393314003 190.0 28.0 38.0 -0.225045151857 0.229243034444 -0.0612727857928 -0.0104968393872 0.279253 
2.15659249182 1.6564417399 0.931576128477 0.843178842155 1.01965519788 0.0 0.419904901723 0.41278015011 4.63108473546 3.0982706132 0.0 0.651098496674 191.0 28.0 38.0 -0.28631793765 0.218746195057 0.0421759896696 0.011032542598 -0.0698133 
1.75993999058 1.4819597386 0.0 0.32831041261 0.0 0.0 0.00535679386992 0.0 3.86241823157 2.18927377062 0.14285833002 0.754155355769 193.0 28.0 38.0 -0.24414194798 0.229778737655 0.0276690483562 0.0189668877312 0.139626 
1.21567837016 1.00744839269 0.524780692616 1.24935289174 0.0375891106274 0.0 0.0 0.811238234678 2.33709686972 3.53511381902 0.0 1.22579692163 193.0 28.0 38.0 -0.216472899624 0.248745625386 0.063181744371 0.253613508903 -0.349066 
1.72960445197 2.46090458835 1.05434894416 0.808745812137 0.0489422297071 0.0 0.0 0.0045978378233 3.13215301073 3.13865613892 0.0 0.802789903347 195.0 28.0 38.0 -0.153291155253 0.333333333333 -0.115987952095 -0.13649779362 0.0 
1.30762729925 1.56805492703 0.195821585223 0.32599233567 0.486506114532 0.635066621242 0.0540918360061 0.0 2.18702466854 2.65673108739 0.0 1.28937461007 195.0 28.0 38.0 -0.269279107349 0.196835539714 -0.136917224583 -0.0904682700314 -0.0349066 
1.32544670059 0.91449060605 1.04369773335 0.310754119688 0.125316174576 0.81998258021 0.0 0.0 1.21937504405 2.20355500815 0.0 1.77287910979 196.0 28.0 38.0 -0.333333333333 0.106367269682 0.0631827316468 0.0226753841667 -0.174533 
0.0 0.393748343515 0.0 0.747410748488 0.0 0.0 1.01041441194 0.757582536207 1.25130622439 0.626199918963 0.0 0.0 197.0 28.0 38.0 -0.270150601687 0.129042653849 0.00378762006341 0.0712707264764 0.663225 
1.55878767597 0.877212514379 0.463294993183 1.69789513814 1.40725751024 0.0 0.0 0.0347503104555 1.22047797153 2.95160954424 0.0 0.696327508253 198.0 28.0 37.0 -0.266362981623 0.200313380325 -0.0732901415853 -0.054330491068 -0.453786 
0.0 0.0 0.0 0.0 0.0 0.0 1.18647827375 0.0 0.429949433957 0.0 0.0 0.0 199.0 28.0 38.0 -0.333333333333 0.145982889257 0.0389200940542 -0.0640819733323 0.279253 
1.65784067944 1.9492037305 0.266071183208 0.511447826485 0.0201131433241 0.510530198689 0.0 0.259533967415 1.69362875325 3.2650911107 0.0 0.435450008796 200.0 28.0 38.0 -0.294413239279 0.0819009159252 0.113835398252 -0.119180424385 0.174533 
2.49061259897 2.01814919925 0.170219681589 1.18916432318 0.829147924804 0.0 0.0 0.48761825876 2.70099945056 2.75086928077 0.0 0.432722971615 207.0 28.0 38.0 -0.180577841027 -0.0372795084595 -0.0417660861838 -0.0383367613595 -0.488692 
0.766137378346 0.0 0.0 0.553515131492 0.0729627923266 0.0 0.792880965929 0.0 0.0 0.0 0.0 0.0 219.0 27.0 42.0 -0.222343927211 -0.075616269819 -0.0478829144332 -0.120613429423 0.0349066 
1.68051681178 1.75523424409 0.153894669836 0.314715717373 0.0493030590357 0.0 0.425092748859 0.341112172505 1.6631395604 3.51138673013 0.0 1.95561870368 225.0 29.0 49.0 -0.270226841644 -0.196229699242 -0.00311964467474 0.0242233095161 -0.0349066 
1.70847899341 1.91735184417 1.04089972298 0.400669301231 0.923380923699 0.669009196269 0.0 0.0 0.948400190318 3.53769217782 0.0 2.13547984184 227.0 41.0 57.0 -0.273346486319 -0.172006389726 0.00954424597021 0.0548921968401 0.0 
0.740217219513 1.14061364501 1.06819746914 0.309442371804 1.04383640972 0.789878985417 0.0 1.30997578808 0.925501957582 3.63125481107 0.0 1.17198105197 228.0 45.0 74.0 -0.263802240349 -0.117114192886 -0.0155113861513 -0.117578160427 0.453786 
0.8969373055 1.11588736106 0.00652587867529 0.400007847257 0.172130032427 0.980656897737 0.397784069072 0.0 0.0 3.53951695195 0.128866509902 1.2352503944 229.0 46.0 91.0 -0.2793136265 -0.234692353313 0.0473078602467 -0.10637189962 -0.453786 
1.58897031737 2.08320962109 0.941979974156 0.0 0.925941838883 0.611587474153 0.0 0.0 0.893722866838 2.75446346172 0.0 1.14321310698 230.0 49.0 101.0 -0.232005766254 -0.333333333333 0.043116460535 -0.00054057377831 0.0698133 
2.57865171025 1.14411813052 0.00244848869435 1.15375670208 0.949112822305 0.0 0.0 0.0 0.0 2.72908252892 0.013359346437 0.452430247226 233.0 55.0 106.0 -0.188889305719 -0.333333333333 -0.0588900720021 0.0858517399804 0.0698133 
1.82746167032 2.67689303683 1.03532216182 0.0 1.04297849146 0.0 0.0 0.0 0.702907702874 1.66522307428 0.0901771834439 1.11817589626 231.0 103.0 124.0 -0.247779377721 -0.247481593353 -0.0931982975146 -0.240933473089 0.069813 
0.928325278023 0.0 0.0 0.378332513312 0.0 0.0 1.26568316945 0.0 0.0 0.0 0.186383259595 0.0 230.0 117.0 150.0 -0.333333333333 -0.333333333333 -0.0488775761658 0.0578043157224 1.01229110559 
0.0 1.97098537204 0.153703710228 1.18222786828 0.0197170519864 0.520483018879 0.0 0.0 1.48646677818 2.39905976083 0.0 2.33145389306 230.0 117.0 188.0 -0.333333333333 -0.275529017611 0.134413456778 0.0226747760728 0.383972 
1.83130492308 0.264330714288 0.445798579186 0.332032518987 0.138768054009 2.53482633539 0.0 0.0 0.0 3.49743431808 0.0 1.08230752132 230.0 121.0 215.0 -0.198919876555 -0.252854241538 -0.0154726152983 0.0266938740962 0.0698132 
0.0 0.0 0.0 0.398881159136 0.923541864208 0.0 0.0 0.0 0.0 2.56228216397 0.0 1.13677358564 231.0 137.0 234.0 -0.214392491854 -0.226160367442 0.0711019154884 0.0287999563087 0.0 
0.862847194435 2.68002858518 1.03136242057 1.1819318534 0.166362058149 0.0 0.291824643873 1.24675169719 0.794661020055 2.53243534258 0.0 1.2318550559 231.0 152.0 245.0 -0.143290576365 -0.197360411133 0.0893541397535 -0.0564499495713 0.0 
2.55261675719 2.22299425087 0.972923816799 0.424652148373 0.923754055817 0.0 0.506329014689 0.0 0.637325428754 3.49945267217 0.0 0.453162393302 231.0 166.0 255.0 -0.0539364366116 -0.253810360705 0.223743607468 -0.0267418672108 0.0 
2.6045972722 1.14563431213 1.06443727892 1.08838266558 0.165718968093 0.0 0.0 0.443522158613 0.632287841408 2.65384157991 0.166002884666 0.42851127547 231.0 194.0 255.0 0.169807170857 -0.280552227915 0.153774838424 0.0654440069696 -0.0698132 
0.855581977594 1.98643264815 0.00477309457204 0.327570593999 0.923084637939 0.758681582921 0.335172171921 0.0 1.69413992943 2.62668170582 0.0 1.20870963139 231.0 219.0 255.0 0.32358200928 -0.215108220946 0.0234898180467 0.0664235831866 0.0698132 
0.894146639668 0.0 0.0 0.0 0.0715221527577 0.0 1.38301150158 0.255537977407 0.0 0.0 0.0 0.357791846484 230.0 237.0 255.0 0.333333333333 -0.148684637759 -0.0143257131052 -0.0552687801468 0.0 
1.58248965807 2.71206085944 0.109421636828 0.37199937004 0.0 0.0 0.540406402222 0.0 0.0 2.46127272964 0.0 2.08084837925 229.0 250.0 255.0 0.319007620228 -0.203953417906 0.177689770496 0.12619604933 0.0 
1.69715049798 0.784525885037 1.0372678914 0.304640231521 0.0 0.0 0.0 0.0 1.64111371538 3.58804113422 1.13166278701 1.25921127695 220.0 251.0 255.0 0.333333333333 -0.0777573685763 -0.0293126061799 0.101704078675 0.0 
1.57503235744 0.755406547769 0.316046108561 0.802386986866 0.0191899870557 0.0 0.0 0.0 0.881099572348 2.65366589497 0.0 1.70171367848 210.0 252.0 255.0 0.304020727153 0.0239467100983 0.0400177063364 -0.0826205524533 0.0 
1.97691987921 2.34766549234 0.66830117483 0.786135386277 0.543646758703 0.169520250323 0.0 0.0 1.20057833521 2.62373299116 0.0 0.871442042315 198.0 252.0 255.0 0.333333333333 -0.058673842355 0.151537342265 0.123898931028 0.0 
0.457763653701 0.522065337069 0.304148226157 0.441773917417 0.0 1.39894021814 0.591922153619 0.0 0.866578208708 0.0 0.0 0.470320285573 188.0 252.0 255.0 0.333333333333 0.0652250886732 -0.102314064613 -0.039159447733 -0.0349066 
1.19133132408 2.46455410363 1.04246020691 0.399402862644 0.399325960462 0.499276892963 0.0 0.0 0.949559792403 1.94243638604 0.0 0.707494844662 177.0 252.0 255.0 0.23101926872 0.0260656409402 0.104561945898 -0.183558451932 0.0349066 
1.16671969957 1.2263801913 0.189556175181 0.0 0.441274931827 0.711889703755 0.0 0.825910430494 1.30256758476 2.14173325822 0.0 0.760932384253 166.0 252.0 255.0 0.333333333333 -0.157492810992 -0.122220946236 -0.132132816786 0.0 
1.97725229242 0.898653720843 0.57372446142 0.207826680207 0.943645667596 1.28748348459 0.0 0.0 1.69918710967 2.21623355268 0.0 0.701523659292 155.0 252.0 255.0 0.211112387098 -0.289625627778 -0.0251343066232 0.0835581165246 0.0 
1.33999078617 0.815416864991 1.53496586568 0.795253727559 0.0 0.385638307049 0.0 0.0 0.473674707448 2.5953583828 0.0 1.13513327266 146.0 252.0 255.0 0.185978080474 -0.206067511253 0.0153202741373 -0.0245286197792 0.0 
1.31087954624 1.78478800044 1.17349244559 0.78472258523 0.31295360002 0.0 0.0 0.0 1.59213218069 2.74419827889 0.0 1.22735550003 136.0 252.0 255.0 0.201298354612 -0.230596131032 0.0276581291456 -0.183616007478 0.0 
0.0596902867754 1.00228516509 0.0 0.815413957309 0.0 0.0 0.764630920582 0.0 0.595494263654 1.21703466151 0.0 0.0 127.0 252.0 255.0 0.228956483757 -0.333333333333 -0.0334052348358 0.270568251373 0.0 
1.5515911704 2.07093802897 0.0 0.784567875687 1.29809896091 0.788900591656 0.0221683951939 0.0 1.31396705301 1.70005199683 0.0 1.58558160711 119.0 252.0 255.0 0.195551248922 -0.0627650819601 -0.0792811755719 0.0869813389579 0.0 
0.316457372103 2.509933551 0.427918964768 1.56437175202 1.14469660568 0.0 0.0 0.00282572460464 1.33593294177 1.99586417774 0.0 1.7093477149 114.0 252.0 255.0 0.11627007335 0.0242162569978 0.0980966496677 -0.119822207238 0.0 
0.965214207035 2.11657732189 0.576140008327 0.431923349642 0.170669623241 0.0 0.0 0.0 1.33613317431 2.5045438776 0.0 1.11895822158 113.0 253.0 255.0 0.214366723017 -0.0956059502398 -0.00477679642606 -0.0415057672954 0.0 
1.20394718865 1.88480310141 0.674270296499 1.05237225296 0.42128674842 0.0 0.0 0.00343093575941 0.835653414424 1.7385374534 0.0 1.63151444292 112.0 254.0 255.0 0.209589926591 -0.137111717535 -0.136126029583 -0.105268845748 0.0 
1.05451825524 2.78322488299 0.0519735539719 0.82147596791 0.554008756906 0.0 0.0 0.859311949043 1.1008936864 2.49531814678 0.0 1.83448732538 112.0 255.0 255.0 0.0734638970086 -0.242380563283 0.0228912449114 0.14937504939 -0.0349066 
0.864652814149 3.22735357606 0.687651419997 0.988095159781 0.0 0.292574022329 0.0 0.0446278243089 1.51942901196 2.60093093455 0.0 1.67856238803 111.0 255.0 255.0 0.09635514192 -0.0930055138932 0.0464723385904 0.0162147768117 0.0349066 
1.0799988946 2.5182383328 0.915252814433 1.40296200274 0.0 0.198743657175 0.0 0.783652839796 0.334046486009 2.61453202921 0.0596212322443 2.1305014494 110.0 255.0 255.0 0.14282748051 -0.0767907370815 -0.028460827855 -0.0740125073377 0.0 
1.09312698409 3.03587759726 2.36664849102 0.0 0.0129314765093 0.817889499901 0.0 0.392103871584 0.634887554249 2.1148158235 0.7160591181 2.22072322927 110.0 255.0 255.0 0.114366652655 -0.150803244419 0.0977901186804 -0.0218535279519 -0.0349066 
0.0 0.132258858774 0.0 0.0 0.0387654871415 0.0 1.1803208323 0.0 0.0 0.177095115348 0.0 1.47562806955 108.0 255.0 255.0 0.212156771336 -0.172656772371 0.183230445142 -0.0278450080093 0.0349066 
0.0 3.82337027827 1.74478208968 0.255799978381 0.0 0.0 0.0 1.39704763009 0.439731569736 2.77451215554 1.4445184391 2.11635349449 107.0 255.0 255.0 0.333333333333 -0.20050178038 -0.0760261787033 -0.0759499289048 -0.0349066 
0.0 2.9279181515 0.104904661477 0.231833969434 0.0 0.0 0.522828334041 0.93003581561 0.203859851909 0.0 3.11378940547 3.15575222239 105.0 255.0 255.0 0.25730715463 -0.276451709285 -0.171380651185 0.0403271936157 0.0 
0.0 3.49189914931 2.19252246107 0.0 0.0355649423347 0.409144520202 0.641945494046 0.0 0.0 2.18554617636 1.64391193513 4.71575609362 105.0 255.0 255.0 0.0859265034448 -0.23612451567 -0.197785077126 -0.11236975108 0.0 
0.0 4.9056549056 3.38171191206 0.241823964675 0.0424136659277 0.768380929142 0.0 0.634917266384 1.4126251027 3.52402518596 1.50009890301 4.25400453402 106.0 255.0 255.0 -0.111858573681 -0.333333333333 -0.103083181784 0.0980194378878 0.0 
0.0 4.02684843522 2.28849603242 0.295155634301 0.136357940978 0.0 0.492692603547 0.0 0.742583603686 3.51583410222 1.39013853181 3.34799542282 107.0 255.0 255.0 -0.214941755465 -0.235313895445 0.213019291264 0.164234333666 0.0 
0.0 0.0 0.0 0.4838098487 0.0 0.0 1.29624302044 0.0 0.0 0.0 1.198827867 0.412904052886 108.0 255.0 255.0 -0.00192246420046 -0.0710795617797 -0.166986500829 0.0608577433665 0.0 
1.4867415974 2.79800729841 1.83188121425 0.395601290198 0.0 0.0 0.0 0.0 0.663433258536 2.44578715748 0.223997146641 3.13302548512 109.0 255.0 255.0 -0.168908965029 -0.0102218184132 -0.0577926593528 -0.0332974242919 0.0 
0.0 3.77129791821 0.207892637787 1.26737707195 0.108583115133 0.0 0.11166896998 0.0 0.906189672466 2.60597071735 0.287178883864 2.15485081667 111.0 254.0 255.0 -0.226701624382 -0.0435192427051 0.164973408156 0.0651905207915 0.0 
0.761388464424 0.0 0.156962351331 0.0 0.0450349798273 0.0 1.09749112864 0.0 0.0 0.0 0.0 0.0 114.0 253.0 255.0 -0.061728216226 0.0216712780863 0.00665389227474 -0.15506310156 0.0349066 
0.789658035368 2.10226828525 1.99858958306 0.404691904902 0.917869642629 0.051848252607 0.0 0.316491797464 0.0 2.8483626489 0.0 1.44670773805 118.0 253.0 255.0 -0.0550743239512 -0.133391823474 0.00352611703135 0.109809056083 0.0 
1.57144145016 2.87266217807 0.211930645518 1.26703064366 0.0 0.0 0.0 0.0 1.51743430122 4.46025348552 0.0 0.0 122.0 253.0 255.0 -0.0515482069199 -0.0235827673909 -0.0569287209997 -0.112490748042 0.0 
1.68902517859 2.80227780323 1.12441839576 0.324903946147 0.0 0.670264475164 0.0 0.0 0.838353324502 2.57230164763 0.0446378293317 1.15873257756 128.0 253.0 255.0 -0.10847692792 -0.136073515433 0.254866126708 0.0290377870323 0.0 
1.69209365005 0.268255384715 1.84005293024 0.388884679862 0.890071399979 0.881654372077 0.0 0.0 1.59801343291 1.82504851406 0.0 2.09171490272 130.0 253.0 255.0 0.146389198788 -0.107035728401 0.0669213166097 0.0748680413465 0.0349066 
0.629444061753 1.93864899067 0.205727558688 1.26541726293 0.944412683469 0.887874501014 0.0 0.0 0.0 3.3635885573 0.0 2.12031338132 122.0 253.0 255.0 0.213310515398 -0.0321676870541 -0.17015518215 0.0273903657384 -0.0349066 
0.783363828181 1.11529474237 0.935770949973 0.417301254686 0.164408465116 0.887683203633 0.0 0.0 0.0 1.66102736246 0.0 0.0 114.0 254.0 255.0 0.0431553332481 -0.0047773213157 -0.02672050517 -0.0844468014448 0.0 
1.56907461384 1.87040736365 0.177030724877 1.17176474248 0.0 0.700033965966 0.460657338428 1.13217190134 1.56547854336 2.57594635153 0.0 0.379621232602 112.0 254.0 255.0 0.0164348280781 -0.0892241227605 -0.0176933063602 0.0640556029136 0.0 
0.624642192629 1.11220914431 1.12164162057 1.38203716299 0.0 0.694043422942 0.0 0.0 0.744627812967 1.72888111955 0.0 1.37840849291 112.0 254.0 255.0 -0.00125847828215 -0.0251685198469 0.0570436678815 -0.0302168754696 0.0 
0.688640560071 1.96298867256 0.182086606089 2.16908563258 1.85514228089 0.787358612453 0.0 1.34636715752 0.53148733703 1.60820433213 0.0 1.12809652095 112.0 254.0 255.0 0.0557851895993 -0.0553853953165 0.00941627797232 0.128681572029 0.0 
2.22150001095 1.83313075456 1.2151377737 0.755873715172 0.0 0.10276112305 0.0 0.433540882667 0.244019084271 2.1043309374 0.0 1.9949449239 112.0 254.0 255.0 0.0652014675717 0.0732961767122 0.0237287917444 -0.136749801362 0.0 
2.58112121323 2.07832358399 0.184571281077 1.2736728843 0.0321306591867 0.0 0.0 0.0 1.67208690052 2.49424734478 0.0 1.05304366544 112.0 254.0 255.0 0.088930259316 -0.0634536246493 -0.0198236568582 0.0466856242235 0.0 
1.31024818434 1.89796163924 0.152187080269 1.19565499192 0.916590843963 0.0 0.0 0.0 0.779047425052 2.50581598856 0.0 1.46059425514 112.0 254.0 255.0 0.0691066024578 -0.0167680004258 0.0977301041769 -0.0533386887436 0.0 
1.70771760248 2.48544823274 0.432291867538 0.0 0.0 1.06784735725 0.00172505609754 0.348708145032 2.06303734008 2.5992067973 0.0 0.629296684009 111.0 255.0 255.0 0.166836706635 -0.0701066891694 -0.0302440170459 -0.0400865609347 0.0 
0.406981013759 2.59673864106 1.94086626411 0.0 0.0 0.767406577124 0.0 0.0 1.35257391122 2.85125319004 0.657736227394 3.72789283645 109.0 255.0 255.0 0.136592689589 -0.110193250104 -0.0507331556744 -0.0722436600279 -0.0349066 
1.8348391227 2.97430750123 2.26840209374 0.177012758702 0.0 0.820477196916 0.0 0.376983355267 0.829888293444 2.6398055402 0.680850423687 3.69846412166 108.0 255.0 255.0 0.0858595339144 -0.182436910132 0.147080105716 -0.0403021936234 0.0349066 
0.316415690124 2.98515252692 2.15264869801 0.786040982235 0.0 1.7591647755 0.0 1.87204815431 0.0 2.69485683275 0.93150182415 1.47791657284 107.0 255.0 255.0 0.232939639631 -0.222739103755 0.160933978517 0.0965562007656 0.0 
0.956323010397 3.85945530273 1.67956477044 0.398399706232 0.0304642574891 0.413002996355 0.0 0.0 0.0950871935822 3.10209291029 1.25111203633 3.34539982457 105.0 255.0 255.0 0.333333333333 -0.12618290299 -0.115054519223 -0.0181605480354 -0.0349066 
0.694782729872 3.97926272292 3.78882569432 0.0 0.0 0.0 0.275680316844 0.484186895753 0.0 1.83275379348 2.07314436112 2.34032588917 104.0 255.0 255.0 0.21827881411 -0.144343451025 0.116482475292 0.131026944426 0.0 
0.21784024522 4.98173433758 4.54066541346 0.168314518842 0.0 1.82073736597 0.0 0.843230522772 1.65799529951 2.63591726874 2.28544138613 3.55795911242 103.0 255.0 255.0 0.333333333333 -0.0133165065988 -0.0695385039026 0.0971653996343 0.0 
1.17150013606 4.57384035095 5.15608993339 0.160271522405 0.0 1.66418804496 0.0 0.791796266182 1.30736983869 1.50414623119 3.54095873425 4.59490398989 102.0 255.0 255.0 0.263794829431 0.0838488930356 0.0398314568105 -0.0132445995272 0.0 
0.0 5.37217801803 6.01681268046 0.191340383443 0.414330100579 2.19010691066 0.0 3.13350410931 1.10848414136 2.87463057942 4.17248594223 5.68827176506 101.0 255.0 255.0 0.303626286241 0.0706042935084 -0.181073999257 -0.128206277699 0.0 
0.0 5.95777809945 6.66643161758 0.285932206568 0.80396332634 0.518369134635 0.0 3.11194286988 0.0 2.69783602267 5.15917279876 4.43949709225 100.0 255.0 255.0 0.122552286984 -0.0576019841908 -0.237839756491 0.229734229193 0.0 
# HEADER 4
1.15723896963 2.38758985051 0.977055086616 0.791317411896 0.0 0.0 0.0421459701954 0.0 0.0202556820097 2.58266695936 0.0 1.06179742433 133.0 248.0 255.0 0 0 0.1025195758 -0.0653546345921 -0.977384479838 
1.68444288653 1.08879723463 1.0221709521 0.824609912432 0.0355056080065 0.741651075381 0.0 0.0 0.0 2.56976219541 0.0 1.14947317452 133.0 251.0 255.0 0.1025195758 -0.0653546345921 -0.0724601649096 0.00498256473076 0.0349066 
1.15284834768 1.18605469802 0.0 0.301108773595 0.0489312770899 0.0 0.0 0.0 0.0 2.34988389803 0.0 1.71495606113 130.0 253.0 255.0 0.03005941089 -0.0603720698613 -0.0891863170368 0.0627773688149 0.0 
1.21446547046 0.0 0.0 0.0 0.36217715946 0.0 0.717623578907 0.788395128951 1.94148306377 0.49949156219 0.0 0.763223463393 123.0 253.0 255.0 -0.0591269061468 0.00240529895364 0.116953893908 -0.0331123021694 0.0 
1.12194221516 1.88443972679 0.214964471485 0.0284063505828 0.809282657507 0.717471880163 0.0 0.0 1.9329519113 2.28504842424 0.0 3.42056758481 118.0 253.0 255.0 0.0578269877612 -0.0307070032158 -0.0390105356558 0.0952577608314 0.0 
1.96262662926 1.1969993855 0.0299728665939 0.269533379271 0.822986802932 0.0 0.501014347416 0.0 0.0 2.55889864407 0.0 0.0658299573877 116.0 254.0 255.0 0.0188164521054 0.0645507576156 -0.0564212802887 -0.200631389983 0.0 
2.4257087933 1.92498907603 1.96118444434 1.02688204659 0.0 0.0 0.311412419861 0.0 0.684084816499 2.56673838835 0.0 1.3668541127 115.0 254.0 255.0 -0.0376048281834 -0.136080632367 0.0871837664648 0.0193068603007 -0.0349066 
0.720953652501 1.94711633524 1.05223697332 0.300267883612 0.0 0.737954178109 0.0 0.0 1.45532753851 1.59769233317 0.777082842516 1.40696479397 114.0 255.0 255.0 0.0495789382814 -0.116773772067 0.149942517832 0.0213797680134 0.0698133 
0.900795149328 2.82198619787 0.647990117105 0.386124848564 0.0 0.0666433809314 0.0 0.484804617641 1.21729737758 2.65974964044 0.0 3.52866214832 113.0 255.0 255.0 0.199521456114 -0.0953940040535 0.0636590275943 -0.0295588507668 -0.0698133 
1.26624861509 2.94213528265 0.510471160493 0.279651793978 0.303013833868 0.16986253917 0.0 0.12521423136 1.18975542221 2.94263312257 0.0 3.19120743279 111.0 255.0 255.0 0.263180483708 -0.12495285482 0.123872748139 -0.0713304654854 0.0698133 
0.777216130457 2.44494887001 1.28714564566 0.651062581974 0.057313539656 0.547944330028 0.0 1.23870335411 0.719824186779 1.70078850065 0.302709457825 2.42984567347 109.0 255.0 255.0 0.333333333333 -0.196283320306 -0.0469913796426 0.0438862493611 0.0 
0.667936680738 3.7098220049 1.40461695821 0.287464329616 0.0 1.05956967953 0.00864684358308 0.0 0.0 2.44271409955 0.385066039677 3.40500773022 107.0 255.0 255.0 0.286341953691 -0.152397070944 -0.0151199452238 0.0784283258204 -0.0349066 
0.289376238757 4.31052340746 3.28262659821 0.275966716865 0.0 1.29401599668 0.0 0.13011527274 0.696947181608 2.9338674459 1.79376371102 3.4657675543 106.0 255.0 255.0 0.271222008467 -0.0739687451241 -0.145339805413 0.116605519715 0.0 
0.215016299482 4.39035035216 3.55874026754 0.775472317499 0.0 0.332210756928 0.0 1.4573508806 0.735414064813 3.44821426453 4.18025237456 4.06013829078 104.0 255.0 255.0 0.125882203054 0.0426367745909 -0.0338095434359 0.0680517329045 -0.0349066 
0.0 3.39139426451 2.94067681358 0.322003930878 0.0 0.0 0.886105052233 0.498357764083 0.0 0.0 4.34705127225 1.14000595271 103.0 255.0 255.0 0.0920726596179 0.110688507495 -0.0241417929601 0.107517317456 0.0 
0.447056755165 7.04591749523 6.20091334432 0.213729933039 0.0 2.03510511045 0.0 1.84302909983 1.84244050417 4.02981779483 4.3192160687 5.26667922075 102.0 255.0 255.0 0.0679308666577 0.218205824952 0.0730322740366 0.144624897285 -0.0698133 
0.188765683502 6.3452979014 5.51912599298 0.241575535922 0.0 0.823225867199 0.0 0.57217194051 0.238888688399 1.66784671596 4.28538908891 5.1752668565 102.0 255.0 255.0 0.140963140694 0.333333333333 0.0494173200378 -0.0630454443737 0.0698133 
0.0 7.35263999656 7.33901160046 0.0 0.536076583125 1.28510078267 0.0153440131607 1.43841235001 0.657413918367 1.06234722536 4.71995364082 5.10819097688 101.0 255.0 255.0 0.190380460732 0.27028788896 -0.0157189539818 -0.0856128221122 -0.0698133 
0.0 6.28873377027 6.20608222346 0.290462224491 0.0 1.01832931984 0.0 1.99626563647 0.0 1.82496292977 4.73159206128 4.7611006147 101.0 255.0 255.0 0.17466150675 0.184675066847 0.0434866519155 0.0890164284444 0.0 
0.0 7.00315080314 5.63704952107 0.306369851295 0.50576527127 2.38451126275 0.0 3.41908240341 0.0 1.723035674 6.66734034576 6.56088153202 100.0 255.0 253.0 0.218148158666 0.273691495292 0.154514346014 -0.0590954600852 0.0 
0.0894470151456 7.74158616825 8.24299808861 0.712764095507 0.0336290100945 3.73863622565 0.0 3.93106632887 1.52997915745 4.75004212444 9.25625978822 6.61505115393 100.0 255.0 248.0 0.333333333333 0.214596035207 -0.0597035689122 0.087940499653 0.0 
0.0 6.41867076989 8.91552752187 0.287750416428 0.0 4.27972812893 0.0 4.50842189468 0.292549691282 1.78137763431 9.33505970498 6.73993994224 100.0 255.0 243.0 0.273629764421 0.30253653486 0.00959938346957 -0.0881284487586 0.0 
0.0 7.87524551342 12.3095592869 0.0 0.0 6.70125167421 0.0 4.96235049312 0.691180587442 2.53173031186 10.7104757953 6.74176251688 100.0 255.0 238.0 0.283229147891 0.214408086101 -0.11258930777 0.0567403712649 0.0 
0.0 5.44941273271 12.0405999097 0.0 0.0 6.80590849374 0.571017876456 6.38105345295 0.203379209871 0.991841362115 11.3159337548 4.70855714042 100.0 255.0 233.0 0.17063984012 0.271148457366 0.00844520541686 0.0388063680161 0.0 
0.555743349154 5.87212258352 13.8759449291 0.105454045119 0.0 9.58780678872 0.0711106843746 7.42322433085 0.0 1.44352310161 11.7411043161 4.64376093195 101.0 255.0 227.0 0.179085045537 0.309954825382 0.00449476403003 -0.1305097116 0.0 
0.0 5.94587381057 14.870799461 0.0 0.0 11.6417210891 0.0 8.92206447694 0.0 1.55095874398 13.1606408961 5.51494019246 101.0 255.0 223.0 0.183579809567 0.179445113782 0.133606398849 -0.00799663401551 -0.10472 
0.0 6.35239652293 15.0268886651 0.0 0.0 12.2683854955 0.0 10.3422920912 0.195688549215 0.67912679772 10.9550014142 6.07172206526 101.0 255.0 221.0 0.317186208417 0.171448479766 0.0366071777821 0.0421663427539 -0.0349066 
0.119428509557 6.36301955704 15.9692664527 0.246672867409 0.0554727990205 11.8192187581 0.0 9.63446040112 0.626182587702 2.90129221773 11.7610751804 5.6497397896 101.0 255.0 218.0 0.333333333333 0.21361482252 0.0902659942745 0.0975878636987 0.0349066 
0.0 5.48655171626 15.9987157586 0.0 0.522764067289 14.0239322976 0.0 10.9869439632 1.60805088714 2.56372746075 10.8800149856 4.60353835511 101.0 255.0 214.0 0.333333333333 0.311202686219 0.144210113001 -0.193296571252 0.0 
0.542456819692 5.89482576283 15.9996360494 0.0 0.0684847963498 13.8115795957 0.0130680447045 11.0292090746 1.70061304437 2.05246465224 12.1962318545 5.06945819576 101.0 255.0 212.0 0.333333333333 0.117906114966 -0.0180607273497 -0.10280660668 -0.0349066 
0.220791175053 5.90567312765 16.3746638808 0.0 0.554721017281 14.7124157035 0.00775684564464 11.5788743501 1.3280098849 1.5829837467 12.1412787356 4.2678616539 101.0 255.0 211.0 0.315272605984 0.0150995082869 0.00239978072594 0.0596999092235 0.0 
0.0 4.78014570648 15.5465405043 0.0 0.0 14.7649644765 1.59916683666 12.3692714912 0.281056391333 0.0 11.8797398037 3.16203888131 101.0 255.0 211.0 0.31767238671 0.0747994175104 0.0182686042149 -0.0394621972213 0.0349066 
0.0 3.76390237804 15.5680250822 0.0 0.0 13.1465330731 0.922582370789 11.2180711338 1.15011362976 0.614629198547 11.9720474372 4.02323309744 101.0 255.0 211.0 0.333333333333 0.0353372202892 -0.0535109623575 0.0723784139723 -0.0349066 
0.0 4.51128668577 13.8207106544 0.0 0.0 12.9442291477 0.462773323425 10.3234863471 0.00872911578971 0.0 11.7335858914 3.13051016108 101.0 255.0 211.0 0.279822370976 0.107715634261 -0.132916265464 0.113450872745 0.0 
0.0 5.06560981459 14.6134810436 0.0 0.0 15.2207063005 1.22235281639 10.5337395732 0.284420815599 0.0 11.0489117405 3.39411299618 101.0 255.0 210.0 0.146906105512 0.221166507007 0.0375525174245 -0.106581331157 0.0 
0.0 3.37497902873 14.3313474646 0.0 0.0 13.8489787833 2.31046125036 10.2320504404 0.314616972979 0.0 11.2312848755 2.74546742767 101.0 255.0 209.0 0.184458622937 0.11458517585 -0.0652164948692 0.257911567551 0.0 
0.0 5.13330995326 16.2287807902 0.0 0.808714659921 14.7436122984 0.406263568579 11.0659961024 0.565259835553 2.16067408583 11.174484036 3.41182290016 101.0 255.0 206.0 0.119242128067 0.333333333333 0.19515085495 -0.0237396057529 0.0 
0.0 2.28065287645 14.6318255816 0.0 0.0 14.8965695957 1.90896841493 11.0920569043 0.0 0.0 11.7664590097 2.6503979073 102.0 255.0 201.0 0.314392983017 0.30959372758 0.0338412711475 0.0838849222162 0.0 
0.0 1.15979110973 14.5194207314 0.0 0.0473726414202 15.3700995113 2.89236289201 12.4678713044 0.0 0.0 12.1287082277 2.65714568072 102.0 255.0 196.0 0.333333333333 0.333333333333 -0.0692735273648 -0.0688772947991 0.0 
0.0 0.0 13.7346580798 0.0 0.929988623969 15.6348973211 3.42189210087 14.8233655044 0.0 0.0 10.4212785157 1.87535361773 102.0 255.0 193.0 0.264059805969 0.264456038534 -0.106879288758 0.148856243494 0.0 
0.0 0.0 12.6163842469 0.0 0.175860662365 17.1744222527 3.65585918345 14.5844746981 0.0773988876271 0.0 10.6491713372 1.25663143335 102.0 255.0 190.0 0.15718051721 0.333333333333 0.0692898942397 -0.0497007941853 -0.0349066 
0.0 0.0 9.76893818966 0.0 1.43334231026 16.0975324068 4.50519182955 15.2332593604 0.589434468764 0.0 10.4053415218 0.518426429897 103.0 255.0 188.0 0.22647041145 0.283632539148 0.0572082149104 0.024496778886 0.0 
0.0 0.0 9.146670408 0.0 1.53402942037 17.0326295991 5.52987866954 14.3785338811 0.0 0.0 10.8659485458 0.713712820109 103.0 255.0 184.0 0.28367862636 0.308129318034 0.110232312222 0.0167122206191 -0.0698133 
0.0 0.0 8.31213645059 0.0 1.4425442579 15.9056013864 6.62197056823 14.5080737099 0.0 0.0 10.0043912055 0.0 104.0 255.0 180.0 0.333333333333 0.324841538653 -0.125487532419 0.12898264169 0.0 
0.0 0.0 8.0016132423 0.0 1.93881963184 15.7766317547 7.62200012713 15.0746218295 0.0 0.0 10.6331943303 0.0 104.0 255.0 176.0 0.207845800915 0.333333333333 0.158524336565 0.0356511090778 0.0 
0.0 0.0 5.11386403001 0.0 1.54687084498 14.6476014538 8.74385034398 14.2173264583 0.0 0.0 9.15209856558 0.0 104.0 255.0 172.0 0.333333333333 0.333333333333 0.0489868996101 -0.149433033028 0.0 
0.0 0.0 3.4283190626 0.0 1.06514646716 14.5810692568 10.465939248 14.8467859779 0.0 0.0 8.85445307701 0.0 105.0 255.0 171.0 0.333333333333 0.183900300306 -0.0464063572363 -0.0555681798042 -0.0349064 
0.0 0.0 3.49941370894 0.0 1.54946700713 14.7664901257 9.64475452625 14.1164565879 0.0 0.0 10.1542907121 0.0 105.0 255.0 170.0 0.286926976097 0.128332120501 -0.0122398006088 0.128746019747 0.0 
0.0 0.0 5.46888198956 0.0 1.65738462546 13.5222845278 9.52534250369 13.5936337945 0.0 0.0 9.09970510625 0.0 105.0 255.0 170.0 0.274687175488 0.257078140248 0.0749784371036 0.0270384563039 0.0 
0.0 0.0 4.80943069505 0.0 2.03462103157 12.3896531029 9.89661087799 14.9835455822 0.0 0.0 9.25071837879 0.0 105.0 255.0 168.0 0.333333333333 0.284116596552 0.0950633867114 -0.045470591691 0.0349064 
0.0 0.0 3.09949830474 0.0 1.17034360646 13.5417583709 10.2832130147 12.9332303255 0.0 0.0 8.00196189068 0.0 105.0 255.0 167.0 0.333333333333 0.238646004861 -0.0998879156526 -0.105210716084 -0.069813 
0.0 0.0 2.95121825521 0.0 2.54894632103 15.0777616605 10.0452943315 13.3691579738 0.0 0.0 9.61584996691 0.0 105.0 255.0 166.0 0.233445417681 0.133435288778 0.164569472089 -0.0233322488448 0.0349066 
0.0 0.0 2.91399129368 0.0 1.18445119993 14.7507617633 11.4441093726 13.2265307128 0.0 0.0 8.85222785477 0.0 105.0 255.0 166.0 0.333333333333 0.110103039933 -0.0178661071844 0.0766064970849 0.0349064 
0.0 0.0 4.38032420545 0.0 2.4219041413 14.7717930165 11.5190723426 14.3783236109 0.0 0.0 8.69993856037 0.0 105.0 255.0 166.0 0.315467226149 0.186709537018 -0.0522081720221 -0.0227931924119 -0.0349064 
0.0 0.0 2.64352706658 0.0 1.61577646289 14.7099502432 11.4589149355 13.4455671389 0.0 0.0 9.69166248857 0.0 105.0 255.0 166.0 0.263259054127 0.163916344606 -0.0459318907118 -0.0821096293232 0.0 
0.0 0.0 4.40046644532 0.0 1.08972591884 13.3017676565 11.9257850165 13.8851684992 0.0 0.0 8.7829277398 0.0 105.0 255.0 166.0 0.217327163415 0.0818067152826 0.040060142033 -0.0750552931304 0.0 
0.0 0.0 3.01615374729 0.0 1.54141285058 15.1640119507 11.9716247065 13.9301560417 0.0 0.0 8.68853624185 0.0 105.0 255.0 166.0 0.257387305448 0.00675142215219 0.00295505037415 0.12760332857 -0.139627 
0.0 0.0 3.62792807915 0.0 1.6483160964 14.8784570849 10.1605571968 13.9940619024 0.0 0.0 9.11964511399 0.0 105.0 255.0 166.0 0.260342355822 0.134354750722 -0.0807953875876 0.0658823836396 0.139627 
0.0 0.0 3.42685199199 0.0 2.02552622778 14.9007834953 9.54146133715 14.4023089605 0.0 0.0 10.0998168712 0.0 105.0 255.0 166.0 0.179546968235 0.200237134362 -0.00827713568868 -0.0283904164037 0.0 
0.0 0.0 3.41916302127 0.0 1.09886107603 15.3389811956 10.4596145915 13.9463166811 0.0 0.0 7.87771804325 0.0 105.0 255.0 166.0 0.171269832546 0.171846717958 0.117067448763 -0.106516911702 -0.0349066 
0.0 0.0 3.4175179692 0.0 2.03803105889 13.8839248738 11.8945568807 13.9945669224 0.0 0.0 9.14864330088 0.0 105.0 255.0 165.0 0.288337281309 0.0653298062561 -0.176731907845 0.0369588409765 0.0349066 
0.0 0.0 3.91606236061 0.0 2.06603203089 14.6509543637 11.5331488273 13.0273247424 0.0 0.0 8.71594473524 0.0 105.0 255.0 166.0 0.111605373464 0.102288647233 -0.0518877811895 -0.168426898852 0.0349064 
0.0 0.0 3.52400605254 0.0 2.5344405349 14.2999240353 11.0218548256 15.3720984243 0.0 0.0 9.23033786059 0.0 105.0 255.0 178.0 0.0597175922745 -0.0661382516198 0.0123600236015 -0.00175717488615 -0.069813 
0.0 1.63173384682 10.2597389017 0.0 1.14164334212 15.7577043375 5.7859559898 16.0078726019 0.0 0.0 12.1208645126 0.794556876974 103.0 255.0 197.0 0.072077615876 -0.067895426506 0.0672284974167 -0.179116373718 0.0349066 
1.25062265316 4.99413409739 15.344778272 0.0 1.97223403185 11.553259972 1.18322341707 8.3402405449 0.0 0.00848350545358 11.3674434704 4.47040717365 100.0 255.0 224.0 0.139306113293 -0.247011800224 0.00180074172907 0.0636917723305 0.139626 
0.0 6.12901051878 7.03373316274 0.0 0.0 4.67119320037 1.88258519595 6.00531324431 0.0 0.0 10.2501490629 5.64625082982 97.0 255.0 248.0 0.141106855022 -0.183320027893 -0.103405033741 -0.00451580051572 0.0349066 
# HEADER 5
1.84286099756 0.805686689153 0.70521803634 0.0 0.977172466396 1.77693030186 0.0 0.493861056003 1.54291322955 2.42102627803 0.0391477294047 0.340372223602 133.0 248.0 255.0 0 0 0.0529823456576 -0.0368901160972 -0.453785 
1.80292549076 1.70960645845 0.0 2.09783237817 0.0 0.996623161928 0.0 0.0 0.850441317333 2.60432909565 0.0 2.01269750016 133.0 251.0 255.0 0.0529823456576 -0.0368901160972 -0.242577413767 -0.136838590727 0.0 
0.0 0.0 0.0 0.0 1.77071633302 0.0 0.0 0.0 0.0 0.762907981247 0.0 0.0 141.0 252.0 255.0 -0.18959506811 -0.173728706824 -0.00331688528008 -0.131924030174 0.0 
1.64328672497 0.0 0.0 0.0 0.0 0.0 1.15902039626 0.27978992507 0.697998702274 0.0 0.0 1.07352751557 152.0 252.0 255.0 -0.19291195339 -0.305652736998 -0.013973186879 -0.0646452428695 0.244346 
1.76758881129 0.00259769192532 0.805003442697 0.685016004353 0.0192640973835 1.10839778514 0.0149978827171 0.880612031834 0.774085428436 2.00464835344 0.0 0.0 162.0 252.0 255.0 -0.206885140269 -0.333333333333 0.128011453405 0.048677761948 -0.244346 
2.17588571196 2.80842291734 0.329831055059 0.320000197659 0.451492893693 0.319753665697 0.0 1.37994680196 1.22884899233 2.14974874393 0.0 0.0 168.0 252.0 255.0 -0.0788736868636 -0.284655571385 0.00906497509329 -0.112043302468 0.0 
2.71922449801 0.989060830646 0.440028293105 1.24572727534 0.0586303091934 0.0 0.462089284601 1.45765874224 2.27389864213 1.6537221394 0.0 1.4336824518 174.0 252.0 255.0 -0.0698087117703 -0.333333333333 0.106260548378 -0.228794257461 0.0 
1.79781187384 0.838088485962 0.943162620848 0.367983376776 0.546325962536 0.0 0.0 0.116146914747 1.36835343484 2.98127514082 0.0 0.73709936587 179.0 253.0 255.0 0.0364518366078 -0.333333333333 -0.0503459552728 -0.113907527808 0.0 
2.64324617118 1.08304260243 0.021180546151 1.24643493887 0.467892949371 0.903067232127 0.0 0.0 1.71447559823 2.99055180024 0.0 2.0898887887 185.0 253.0 255.0 -0.0138941186649 -0.333333333333 0.130028021938 0.0890706928354 -0.349066 
3.26260779194 0.0 1.33578658953 0.36721408112 0.0 0.844293751762 0.0 0.937096300775 1.72465808964 2.61507746597 0.0 1.78802069612 187.0 253.0 255.0 0.116133903273 -0.244262640498 0.0246212821149 -0.122507531306 0.349066 
# HEADER 6
0.0 0.0 0.0 0.0 0.0 0.0 0.0 0.0 0.0 0.0 0.0 0.0 132.0 247.0 255.0 0 0 -0.0655305917256 0.0796192398289 -0.0349066 
0.0 0.0 0.0 0.0 0.0 0.0 0.0 0.0 0.0 0.15245980334 0.0 0.0 132.0 241.0 255.0 -0.0655305917256 0.0796192398289 0.0214550103386 -0.0956183744818 -0.0349066 
0.596863237255 1.70056696017 1.00795440735 0.0 0.0 1.07038238428 0.0 0.0 0.271634782976 1.54615539778 0.0 1.58236787171 132.0 239.0 255.0 -0.044075581387 -0.0159991346529 -0.149677051652 -0.0511180875272 0.0698133 
0.95372116968 1.9321768813 0.0 1.48464791577 0.0 0.619454193656 0.0 0.511568406052 1.47695171611 3.30841858491 0.0 0.464397749045 133.0 249.0 255.0 -0.193752633039 -0.0671172221801 0.0472332469771 0.0879588085034 0.174533 
0.60398326241 0.857579643193 0.0 0.0 0.0 0.0 0.0 0.0 0.0 1.95617594268 0.0 0.0 140.0 247.0 255.0 -0.146519386062 0.0208415863234 -0.0299173776789 -0.0133269545786 -0.20944 
2.43627763731 2.66720531001 0.951145804044 0.308612847375 1.24320286616 0.0 0.0 0.0 1.65963970952 3.31947472797 0.0 0.404742321593 148.0 239.0 255.0 -0.176436763741 0.00751463174481 -0.179984690643 0.282258333825 -0.453786 
2.27421686302 0.0 1.42898465941 0.320596661909 1.08144295173 0.0 0.0 1.35741664612 1.51258025389 2.61127073191 0.0 1.48045545651 157.0 218.0 255.0 -0.333333333333 0.28977296557 0.0535770482132 0.0531848394248 0.698132 
1.73720566628 1.88418757518 1.00597029053 0.102323155977 0.0 0.0221061132765 0.0 1.00108100537 1.28901258434 3.11978457415 0.0368029090979 1.20115864353 165.0 191.0 255.0 -0.27975628512 0.333333333333 0.103674689949 -0.168741614596 -0.174533 
0.532724112354 1.94815272699 0.242400981282 1.0640788803 0.0 1.0138754556 0.0 0.0 0.0 3.35360993001 0.382052979849 0.442096973257 170.0 172.0 251.0 -0.176081595172 0.164591718737 -3.55107189198e-05 -0.0852930844298 -0.0349064 
2.43208850949 1.73094766153 0.0 0.343830971402 0.818873638193 0.075863207913 0.0 0.0709145709007 0.158799153276 2.61011053233 0.298940805482 0.0 179.0 166.0 238.0 -0.17611710589 0.0792986343076 0.1487871287 0.00961370513101 0.0 
2.17784316549 1.94230984494 0.210727117223 0.539656717262 0.536258626386 0.796380991695 0.0 1.80486756292 0.715300331853 2.80475500725 0.0 2.12237276775 187.0 159.0 226.0 -0.0273299771907 0.0889123394387 0.048431363161 -0.187000184658 0.314159 
1.51317154443 1.72971128431 0.0 1.29527457992 0.526666661069 0.287243971125 0.322612849969 0.0460886161496 0.950977350726 2.05997575585 0.0 1.22006425122 195.0 153.0 234.0 0.0211013859703 -0.0980878452194 -0.0704944031325 0.0503074939357 -0.139626 
1.49200048782 1.72263676758 1.15568152559 0.568291349192 0.0887377855269 1.02097004761 0.128737712235 0.303694679285 0.739297047291 2.56729182903 0.0 1.941470565 203.0 154.0 243.0 -0.0493930171623 -0.0477803512837 0.0965157788888 -0.0406555313564 -0.0349066 
1.0538177669 1.81620903786 0.559026598955 1.07658133498 0.0 0.919091328965 0.778535762611 0.093179802177 0.0 0.739441547857 0.0 0.0264146361328 210.0 159.0 247.0 0.0471227617266 -0.0884358826401 -0.141951795454 0.111383778491 -0.20944 
3.19576213329 1.94350669712 0.227587274853 0.56065431562 0.818004342659 0.821865310761 0.0 0.0 0.0 2.74413294622 0.0 1.90380716092 216.0 161.0 246.0 -0.0948290337279 0.0229478958512 -0.050581685101 -0.0936963704288 -0.0349066 
2.51183397927 0.759733581855 0.966956371394 1.82548960204 0.316262285224 1.34994979258 0.50356633733 0.0 0.175814629781 1.61871418543 0.0 2.71195681397 222.0 161.0 249.0 -0.145410718829 -0.0707484745777 -0.105762205755 0.0907059261411 0.279253 
1.52118021983 2.22256375925 1.73963083161 0.583059591854 0.831684752424 0.0848977417885 0.0 0.0 0.0 3.30164663135 0.798021351089 1.98663349854 229.0 162.0 247.0 -0.251172924584 0.0199574515635 -0.192237403566 0.194728366198 0.174533 
2.67690736387 1.9551057407 1.98177106965 0.325293389361 0.629074463784 1.23235346927 0.0 0.718827906563 0.392090560682 2.38483123927 0.0 1.43209979196 229.0 154.0 241.0 -0.333333333333 0.214685817761 -0.0719447053455 0.000815130084534 -0.453786 
0.775004886454 1.72754489524 0.801511803545 1.28552285027 0.0 2.11175520171 0.0 0.0 0.0 2.57422879986 0.0 1.19563474069 229.0 141.0 232.0 -0.333333333333 0.215500947846 -0.0764822484149 -0.0150592619999 0.0 
0.808930989235 1.06366709885 0.983017090873 0.0 0.144794789314 2.42012783882 0.455553501072 1.03939096635 0.173797035608 2.79802792344 0.573521349122 0.219324933994 230.0 130.0 221.0 -0.333333333333 0.200441685846 -0.0165674140374 -0.0666165983088 0.0 
1.68450024501 1.82377820783 0.0197987155002 0.265579942858 0.0760921920441 0.0 0.0 0.772247039522 1.46502313199 2.80413250228 0.0 1.15731396612 230.0 122.0 210.0 -0.333333333333 0.133825087537 0.0551725572331 -0.0741759726171 -0.0698131 
0.836341027402 1.94066859027 0.864600944347 0.408220023955 0.0 0.670066517721 0.450103384615 0.0 0.942221027859 2.49118697842 0.0 2.06118316875 230.0 117.0 201.0 -0.2781607761 0.05964911492 0.0309691043557 -0.0178159081362 0.0698131 
2.4656370548 2.81861783989 0.890769219781 0.0 0.921653461442 0.0 0.0 0.0 3.36281131983 2.57444373794 0.244130207891 1.21396058466 230.0 114.0 196.0 -0.247191671744 0.0418332067838 -0.0130059673311 0.197149118095 0.0 
1.64096055856 1.97032363696 2.64115200632 1.13659148068 0.100236795019 0.87995438031 0.0 0.0 1.68771464998 2.5763248087 0.204301704889 1.18712129219 230.0 109.0 182.0 -0.260197639076 0.238982324879 0.0243219666533 -0.0185688456266 0.628319 
0.833428475711 2.81811134104 1.91385168083 1.30994575067 1.91774287197 0.130660570682 0.397525214056 0.0 1.82210432025 3.35694556729 0.0 0.217362827076 230.0 110.0 159.0 -0.235875672422 0.220413479252 -0.141580911523 -0.0621098528673 -0.244346 
0.0 0.0 0.0 0.0 0.0 0.0 3.38122426015 0.0 0.0 0.0 0.124559227891 0.0 230.0 112.0 139.0 -0.333333333333 0.158303626385 -0.0255548174723 0.0960811205247 -0.418879 
0.0 0.0 0.389259904843 0.0 0.0 0.237649985768 1.11737453681 0.0 0.0 0.0 0.0 0.500460857732 230.0 115.0 119.0 -0.333333333333 0.25438474691 0.104991612362 0.0780144290619 0.0 
0.0 0.0 0.094110694515 1.27077011142 0.0 0.0 0.558671495948 0.0 0.698839413396 0.0 0.0 0.0 230.0 114.0 92.0 -0.228341720971 0.332399175972 -0.188393658685 -0.00109055384015 -0.139626 
1.15296109033 1.34769813782 0.553461703003 1.40745717794 0.947931939598 3.60220294765 0.041069985317 0.115289547839 1.22896450895 2.00159539833 0.0 1.09562657384 230.0 108.0 71.0 -0.333333333333 0.331308622131 -0.0702366279724 0.0281507638831 -0.10472 
1.66122710022 1.82981202508 1.41106569483 0.411182052339 0.0 1.02780025537 0.0248242316999 0.682701332619 0.182537686994 2.99457849785 0.0 1.12031275113 230.0 90.0 64.0 -0.333333333333 0.333333333333 -0.0553185300732 -0.00548701236968 -0.698132 
1.70775059394 1.84419378853 0.0625863722438 0.3173879469 0.0 0.822077732512 0.0 0.606366827361 0.649798779323 2.08734401115 0.0 0.0 230.0 66.0 65.0 -0.333333333333 0.327846320964 -0.0476531828349 -0.0126197677778 0.349066 
1.20859255009 1.9065993007 0.0 0.314302778531 0.42825273208 2.12745878746 0.423759988812 0.10394585831 0.226637523638 2.08975579516 0.0 1.61020025087 229.0 58.0 54.0 -0.333333333333 0.315226553186 -0.131672235 0.202395136212 0.10472 
2.16127306507 1.00182169536 2.42676057349 0.751337258314 0.0846531618439 0.855331545965 0.131484910174 0.0882641789285 1.11937932075 2.99528562909 0.0 1.16686178144 229.0 41.0 53.0 -0.333333333333 0.333333333333 0.0153926007384 -0.00833594373469 0.0 
3.06482304852 2.19143433333 1.53094025728 1.20183152503 0.511110315491 1.19002986527 0.0 1.02515586394 2.99005833167 5.77220534412 0.0 2.52744474596 229.0 31.0 49.0 -0.317940732595 0.324997389599 0.154403888981 0.0761911932306 -0.10472 
0.811179488158 2.321698953 0.0966709721972 0.0 0.0 0.0 0.0 0.585391969645 1.26645708567 2.23281935318 0.0 0.756882676909 229.0 28.0 44.0 -0.163536843614 0.333333333333 -0.0287570669063 -0.0537338562873 -0.10472 
1.20924799337 1.51274314758 0.520514155675 0.0 0.560187735049 0.752390653896 0.0 0.540228755336 0.680854768465 3.02785120401 0.0 1.63880854451 229.0 28.0 43.0 -0.19229391052 0.279599477046 0.0779757774478 0.0127150854521 0.20944 
1.3152010929 1.92439563997 0.470934566005 0.0 1.11961658414 0.0 0.0 0.538648885064 0.693623166837 2.17699179105 0.728650336375 1.1031186694 229.0 28.0 41.0 -0.114318133072 0.292314562498 0.00588718685539 0.0591544891104 0.0 
0.474754357494 0.624561266891 0.000574880441198 0.0 0.0 0.315372619313 0.377129353996 0.0 0.0 0.369090805684 0.0 0.742675218727 229.0 28.0 39.0 -0.108430946217 0.333333333333 0.036603628283 -0.0288750664073 -0.20944 
1.32320773302 1.89597709235 1.48580057732 0.62603408058 0.0 0.0477394532257 0.0 0.0 0.886660633806 3.43697833046 0.0 3.63708349887 229.0 28.0 38.0 -0.0718273179339 0.304458266926 0.0470724352388 -0.0134077240453 0.0 
2.63024818007 1.56030443259 0.469069279763 0.509956729218 1.00411706089 0.0 0.0 0.0 1.69975895152 2.81313263105 0.0 0.0391596090518 228.0 28.0 38.0 -0.0247548826951 0.291050542881 -0.248167279889 0.0266875629623 -0.0349065 
1.76403431549 0.0 0.0 1.81854319605 1.25773414065 2.19642448985 0.0 1.22688979124 0.0 3.5115269866 0.848000689531 2.58282407189 228.0 28.0 38.0 -0.272922162584 0.317738105843 -0.17401010332 -0.0598890098177 0.244346 
1.51772296898 2.2738501183 0.0 1.17125210702 0.0 1.66849344544 0.0 0.591517121428 1.60432089644 1.87625784823 0.0 2.22402078774 228.0 27.0 38.0 -0.333333333333 0.257849096025 -0.0264929678285 0.12317979285 0.0 
1.50955916122 0.102661417573 1.23363660102 0.556710346439 0.0 0.495536804504 0.0 0.0 0.783680045857 2.51207356272 0.0 0.493554257687 228.0 27.0 38.0 -0.333333333333 0.333333333333 -0.0968230298113 -0.0396512613404 0.593412 
0.00891155598929 2.56576279853 0.617013350839 0.0 0.0232587812859 0.615017153617 0.332301703289 0.0 1.47647845616 1.99991238769 0.0 2.06412954516 228.0 27.0 38.0 -0.333333333333 0.293682071993 -0.114115636446 -0.10421422973 -0.20944 
1.39940110192 1.23574690944 1.12861644576 0.262237545099 0.0 0.0 0.0 1.03901778989 0.966308934193 2.70196555858 0.0 1.23768066178 228.0 27.0 38.0 -0.333333333333 0.189467842263 -0.184074175311 0.0676431841286 -0.279253 
1.69227219103 1.88122042777 0.987943759387 0.309159673815 0.762070491661 0.0 0.0 0.585534989477 0.731324132136 2.56692164188 0.0 0.242875413425 227.0 27.0 38.0 -0.333333333333 0.257111026391 -0.176762153486 0.0789039297443 -0.139626 
2.45077824608 0.994665796408 0.795792603653 0.49780922429 0.87507315094 0.0 0.0 0.0 0.16112971558 1.99941993598 0.0 2.80518057559 227.0 27.0 38.0 -0.333333333333 0.333333333333 0.163041524345 0.0638241362626 -0.139626 
1.75494707021 1.87277045629 0.41433466865 1.06597015516 0.878203823871 0.635036177353 0.0 0.0 0.861828600883 1.94977322301 0.0 0.166060606215 227.0 27.0 38.0 -0.170291808989 0.333333333333 0.0246773968276 -0.0961635207116 0.0349066 
1.32658157796 1.93084569825 0.746076929563 0.551918357758 0.315262808697 1.55697330364 0.299085867517 1.78892476226 1.4771505867 2.69753260298 0.0623663259123 1.11466306349 227.0 27.0 38.0 -0.145614412161 0.237169812622 -0.0230491869273 -0.188266325897 -0.10472 
0.93766976283 0.0 0.974834887491 0.0 0.0 1.80397001986 0.381886462807 1.01497554114 0.0272217495779 2.75132400849 0.0 0.425229703971 227.0 27.0 38.0 -0.168663599089 0.0489034867251 0.00123828017537 -0.0315650946211 0.10472 
0.89387040367 1.14517339834 0.23163744485 0.260685545874 0.0 1.99849344619 0.0 0.0 1.60666270435 2.75217734925 0.0 0.934827246795 227.0 27.0 38.0 -0.167425318913 0.0173383921039 0.0231643220995 -0.0764550461586 0.139626 
2.20465445449 1.68856980325 0.739601070817 0.120275996882 0.197206190225 0.129140511332 0.488868985949 0.0 3.03043982722 2.75137661441 0.0 0.419194887264 228.0 27.0 41.0 -0.144260996814 -0.0591166540546 0.0521258789416 -0.11214207628 0.0349066 
0.244932184364 0.986346634109 0.411274794166 0.490603729502 0.63861034146 0.570726008202 0.388498246557 0.0 1.63658730442 2.56311825276 0.0 1.12162104346 229.0 31.0 51.0 -0.092135117872 -0.171258730335 0.29298422191 0.130629619181 -0.244346 
0.464958958136 0.0 0.0 0.0 0.0 0.0 2.44729211198 0.0 0.0 0.0 0.0 0.0 229.0 40.0 55.0 0.200849104038 -0.0406291111536 0.0374840920301 -0.0651348068221 0.20944 
2.19028644716 1.63879919256 0.108926178135 0.248785326985 0.0 0.556694602837 0.0 0.0 1.2969345135 2.07261131545 0.0 1.29144593472 229.0 44.0 70.0 0.238333196068 -0.105763917976 -0.141222665671 0.0746121716267 -0.139626 
0.806102165809 0.796812800455 0.0 1.99435801798 1.8976771106 1.3652305137 0.0 1.22895587891 0.957045311222 2.54115991832 0.0 0.992081241251 230.0 46.0 82.0 0.0971105303969 -0.031151746349 0.16290890011 0.00292624711128 -1.57079628308 
0.700092289359 1.08268891122 0.0 0.423243522248 0.0 1.23403077883 0.516948776078 0.40428653912 0.164797843098 2.36768101557 0.0 1.16988553957 230.0 47.0 90.0 0.260019430507 -0.0282254992377 0.116138959213 0.0506725321876 0.0 
3.38354040108 0.0 1.70001923384 0.311488863884 0.376434164899 0.0733954438881 0.0 0.0 0.920916676812 4.26760745756 0.0 0.0 229.0 48.0 91.0 0.333333333333 0.0224470329498 0.0153201141945 -0.00502396297131 0.0 
0.0 0.287758990611 0.0 0.307989256071 0.0 0.0 0.658582272825 0.0 0.0 0.0 0.0 0.880183236569 224.0 48.0 90.0 0.333333333333 0.0174230699785 0.00730566362225 0.138478547079 -1.43117 
2.0769216475 1.07712445475 0.280566916724 0.494989254808 0.588958655217 0.0 0.396050106314 0.0 2.4779124645 1.76400242898 0.0 0.0316578806582 214.0 48.0 86.0 0.333333333333 0.155901617058 -0.040859447654 -0.129700145179 -0.174533 
2.65596778249 2.25085886973 0.186942864949 2.00626906926 0.0 2.21946370132 0.0 0.0 1.57871954325 2.31688948565 0.0 0.166099324334 201.0 47.0 86.0 0.292473885679 0.0262014718786 0.0374818610202 -0.0682326884498 -0.0698131 
0.973933515515 1.93852523455 0.955633761059 0.359661532292 0.98931066427 0.854041837408 0.0 0.0 1.49524257426 2.76426462423 0.0 0.393317389991 196.0 44.0 93.0 0.3299557467 -0.0420312165711 0.144931802761 0.0479255280393 0.0349065 
0.920906742818 1.70956778496 0.760727604529 0.308054776218 0.632183392854 0.0 0.0 0.0 0.0 2.77736337866 0.0 2.21290984426 185.0 37.0 112.0 0.333333333333 0.00589431146819 -0.0942420432842 0.0220442997443 0.139626 
1.66874966573 0.952021634869 0.535945390156 0.837750606395 0.0895955243068 2.69998307085 0.10913458611 0.0 0.0 2.77689125061 0.0 1.73815424021 171.0 34.0 124.0 0.239091290049 0.0279386112125 0.075340214934 0.144262625106 -0.0698131 
1.47295311479 0.0 0.0 0.0 1.35403893466 0.117916589274 0.0 0.0 1.64227823697 1.58882005739 0.0 0.0 158.0 34.0 125.0 0.314431504983 0.172201236319 0.108971388851 -0.15865215238 -0.0698133 
1.46644338743 2.39699304025 0.192722394881 0.697051737197 0.111948313861 0.0 0.0 0.821389820221 0.746652209489 2.51983241076 1.77410818932 2.5742345741 150.0 35.0 123.0 0.333333333333 0.0135490839388 0.0132448767528 0.0492802880045 0.0 
0.934446579988 0.441292769919 0.0 0.0 0.604593927908 1.49779005528 0.0 2.26725452577 0.718400263199 1.57964028902 7.66893088667 2.4046201145 139.0 35.0 126.0 0.333333333333 0.0628293719433 -0.0823351580003 -0.0270481072775 -0.0698131 
0.0 0.0 0.0 0.0 0.0 0.0 1.81621071533 2.52206407594 0.0 0.0 9.95572479575 1.24988133894 131.0 37.0 125.0 0.250998175333 0.0357812646658 -0.0470558588545 0.0588173196238 -0.0349066 
0.0 2.43621033411 0.0 1.00763899772 0.788744453409 0.529890347547 0.47098699279 6.8493985257 0.646742883472 2.02971491348 11.2234583046 3.98990819614 123.0 39.0 122.0 0.203942316479 0.0945985842896 -0.0793472097083 0.0217943565006 -0.0349065 
2.05825180291 0.457746030874 0.0 0.537095193025 0.116427608988 1.72821656247 0.0 9.93070221805 0.149864729795 1.01618971591 24.0526916489 1.72284402047 112.0 42.0 120.0 0.12459510677 0.11639294079 -0.168231041395 0.143011405348 -0.0349066 
0.589141951704 0.334258745804 0.0 1.25732978872 1.01161325121 0.0 0.0 4.30995073604 2.18111549077 2.26504517594 31.6045187329 3.64314523027 100.0 47.0 110.0 -0.0436359346253 0.259404346138 0.026650276309 -0.112148540046 -0.0349066 
0.0 0.602031445141 0.0 0.799281596742 0.188621509669 0.229400371683 0.0 8.38112117464 2.14929806071 1.01279017582 37.7200419795 4.85443064013 87.0 53.0 100.0 -0.0169856583162 0.147255806093 0.109285855694 0.0326983200191 -0.0698131 
0.874195808593 0.0 0.0 0.0 0.0 1.00844734385 1.31210847263 6.58966982884 0.0 0.0 38.8208510002 4.09620503826 75.0 57.0 91.0 0.0923001973775 0.179954126112 -0.143626141283 -0.028765221473 -0.0349066 
0.0 0.0 0.0 0.0 0.0 0.0 2.32178380123 6.31305937773 0.0 0.0 31.6677512821 2.44648430784 66.0 60.0 86.0 -0.0513259439057 0.151188904639 0.014347888525 0.115399101027 -0.139626 
0.0 0.0 0.0 0.0 0.0 0.0 3.31315874565 5.20224584003 0.0 0.0 35.64295996 4.80905075786 62.0 64.0 77.0 -0.0369780553807 0.266588005665 0.0396981039608 0.0599150596265 -0.0349066 
0.0 0.0 0.0 0.634915471261 0.0 0.0 0.686865891342 11.0065377676 0.28206253763 0.0 48.1414105024 5.64300135202 59.0 67.0 68.0 0.00272004858012 0.326503065292 0.122605374777 -0.00194205426601 0.0 
0.322204859767 0.0 0.0 1.22193593502 0.133650784998 0.876492099757 0.216988926099 14.7115590824 0.538041112045 0.0 62.4121534507 5.47386425376 54.0 73.0 56.0 0.125325423357 0.324561011026 0.124876280905 0.0221396722903 -0.0349066 
0.0 0.0 0.0 1.17464904262 0.0 0.37523451386 0.618393645227 18.2256244371 0.0 0.0 67.0644850955 3.24480534992 49.0 76.0 53.0 0.250201704262 0.333333333333 -0.245238947226 0.0429271011283 -0.0698132 
0.0 0.0 0.0 0.538289769059 0.0 0.75422119749 2.08323614992 20.3639449161 0.0 0.0 69.1525377748 2.17269796162 46.0 78.0 50.0 0.0049627570364 0.333333333333 -0.0665505998307 -0.0336650908547 0.977384 
1.50463664586 0.0 0.0 0.333651301135 0.0 2.30138585138 0.0 21.631234976 0.0 0.0 67.5385443597 3.16320682901 44.0 80.0 47.0 -0.0615878427943 0.299668242479 0.152265089865 0.0505735273445 -0.139626 
1.1181431337 2.93250807543 0.0 1.05608289053 0.0 1.83843712364 0.0 23.5956041804 0.442491192802 0.0 65.6348845273 3.34860472065 42.0 81.0 46.0 0.0906772470707 0.333333333333 -0.0480510334571 0.156787142081 0.0698131 
# HEADER 7
0.918895336189 1.90714730555 0.00157609749631 1.06743687504 0.0 0.0123204071084 0.0 1.10231124978 0.0 2.52559434362 0.05465577347 0.91379466426 133.0 251.0 255.0 0 0 0.0267299708207 0.0497777740308 0.977384 
0.297358269986 2.40753412514 0.0 1.28206148856 0.0 0.0 0.186661590236 0.509861034441 0.0600563519187 2.78225695787 0.887431894905 1.72895872131 133.0 251.0 255.0 0.0267299708207 0.0497777740308 0.0382822108587 -0.0287846746846 -0.20944 
1.4064735429 1.51611426453 0.49535132682 0.0349763494773 0.562821523594 0.802369671039 0.0 0.0 1.2814067136 2.82071109627 0.596503602598 1.65674843421 133.0 250.0 255.0 0.0650121816793 0.0209930993461 -0.0248497582093 -0.0906303952496 0.0349065 
1.06570022286 0.925405932871 0.990752622526 0.0 0.183529854001 0.392319009926 0.0 0.0 0.319093527608 1.66499451118 0.0 1.74771715689 131.0 251.0 255.0 0.04016242347 -0.0696372959035 -0.0316470897651 -0.00256838273982 0.174533 
1.17976124825 0.781574328853 1.0058374731 0.0503809709433 0.0778671970943 0.0 0.0 0.0 0.601462829281 2.03469301946 1.26214798328 1.2500274833 129.0 251.0 255.0 0.00851533370495 -0.0722056786433 -0.0208003992361 0.0239820275212 -0.20944 
0.909071817248 0.0 0.0 0.234525882899 0.0 0.548784327234 1.27716804943 0.444028917184 0.0 0.0 0.217859954675 0.388565149426 128.0 252.0 255.0 -0.0122850655312 -0.0482236511221 -0.0652435753997 0.0121186008493 -0.0349066 
0.861363192309 0.0 0.00226200939873 0.470688592341 0.0 0.0 1.39179209185 0.0 0.0 0.0 1.0439209888 0.0 128.0 252.0 255.0 -0.0775286409309 -0.0361050502728 -0.0276019248445 0.0135379729558 0.349066 
0.85949057099 1.55447976289 0.0 0.29039746506 0.525607379603 1.32401303735 0.0 0.0 0.590345942371 1.2575044025 0.0 0.215317887153 134.0 252.0 255.0 -0.105130565775 -0.022567077317 0.0235314157344 -0.10995791663 -0.10472 
1.42163361575 1.89422294475 0.144773447105 1.03457325122 0.308234424304 0.0 0.0 0.0 1.64090158834 1.89603677996 0.0 1.26410596471 141.0 252.0 255.0 -0.0815991500409 -0.132524993947 0.0185193847185 -0.0308436872711 0.0 
2.40734276265 0.966871481122 0.760373786105 0.526034525682 0.0 0.0 0.0 0.820727732191 0.954394744814 1.54052709514 0.0 0.952867330062 148.0 252.0 255.0 -0.0630797653224 -0.163368681218 -0.070885696372 0.0483535674017 -0.174533 
0.968661569049 3.34364458153 0.997993073229 0.478554302933 0.0 0.504304178404 0.230349336166 0.323441672213 1.46386794635 1.90380216256 0.245665695376 0.942915499442 156.0 252.0 255.0 -0.133965461694 -0.115015113816 -0.123383091525 -0.0714771985548 -0.0698131 
0.860817183789 2.01074929051 0.255063315137 1.03934935123 0.0209726480023 0.976654222645 0.203574656854 0.495264971311 2.44790047456 2.28966212752 0.0 0.379807786344 166.0 252.0 255.0 -0.25734855322 -0.186492312371 -0.0507427609246 0.105341855657 0.872665 
1.04488957912 1.90637993721 0.763026078009 0.0 0.0 0.0 0.0 0.500477804226 0.634379380833 2.51978315585 0.241520057487 0.330794507948 179.0 252.0 255.0 -0.308091314144 -0.0811504567139 -0.150515494211 0.000205006172931 -0.837758 
2.39383086579 1.18371928462 0.0599547890564 0.235691285856 0.0 0.447096305269 0.0 0.0 1.45242896845 1.77629656694 0.857025889493 0.329098709732 191.0 252.0 255.0 -0.333333333333 -0.080945450541 -0.0147372684665 -0.150993571366 0.20944 
1.7164643593 0.348248972707 0.0 1.78109709414 0.0 0.974673836522 0.0 0.0 0.0 2.2838370029 1.84464118177 1.82881836938 203.0 251.0 255.0 -0.333333333333 -0.231939021907 0.207550673901 -0.0725791506231 0.0349065 
2.41341227225 1.04063124885 0.839183987554 0.578607361391 0.957796953597 0.803381355594 0.369830169087 0.0 0.0 1.39297759646 0.0 1.93765687757 211.0 251.0 255.0 -0.125782659433 -0.30451817253 0.0183882273488 0.0557760893936 0.0 
2.43445382033 1.87425964019 0.781035547767 0.727834798536 0.103896880587 0.0 0.0 0.333611405788 1.30586631898 2.64576133764 1.17585061051 0.253192628028 217.0 251.0 255.0 -0.107394432084 -0.248742083136 -0.0229017888977 0.0271258121058 -0.20944 
1.52821134875 2.27448887875 0.8102327273 0.482126351594 0.0 0.126173826174 0.0 0.870946588456 0.191230065988 1.77796737156 0.541223239336 1.07537357358 225.0 250.0 255.0 -0.130296220981 -0.22161627103 0.0209038492935 0.0899329259274 0.174533 
1.46818779848 1.16138077603 0.0609476688204 0.474114291832 0.0 1.71422577598 0.0 0.543718548332 0.0937079383473 1.71905890271 0.0 1.88193956446 229.0 249.0 255.0 -0.109392371688 -0.131683345103 0.0321194959499 -0.0506831393142 0.0 
1.65324095673 1.87608411328 0.974779200234 1.03614427263 0.0 0.0 0.0 1.03346716579 1.21564605976 2.27924501892 0.260248630979 0.625325968724 230.0 249.0 255.0 -0.077272875738 -0.182366484417 -0.102106331231 -0.0324063044974 -0.174533 
2.18983231714 1.89781193303 0.0 0.303424948898 0.577769265268 0.0 0.0 0.0 0.719115317706 1.54624190066 0.0 0.0 231.0 249.0 255.0 -0.179379206969 -0.214772788914 0.147374688661 0.05676546299 0.0349066 
1.1432737028 0.492174443923 0.0 0.280390315618 0.0 0.702987700853 0.0 1.71242425419 1.98470896398 1.52290975391 0.0 0.866831535621 232.0 249.0 255.0 -0.0320045183082 -0.158007325924 -0.112499698206 0.0382402650505 -0.0698131 
