0.0 0.0 12.2548486328 2 400.0
0.0 0.0 12.2548486328 2 400.0
0.0 0.0 12.2548486328 2 400.0
0.0 0.0 12.2548486328 2 400.0
0.0 0.0 12.2548486328 2 400.0
0.0 0.411987304688 12.2548486328 2 317.602539062
0.0 0.823974609375 12.2548486328 2 235.205078125
0.0 1.23596191406 12.2548486328 2 152.807617188
0.0 2.05444335938 12.2548486328 2 -10.888671875
0.0 2.46643066406 12.2548486328 2 -93.2861328125
0.1 2.87841796875 14.7212792969 4 317.602539062
0.1 3.29040527344 14.7212792969 4 235.205078125
0.1 3.69689941406 14.7212792969 4 153.90625
0.1 3.69689941406 14.7212792969 4 153.90625
0.1 3.69689941406 14.7212792969 4 153.90625
0.1 4.10888671875 14.7212792969 4 71.5087890625
0.1 4.10888671875 14.7212792969 4 71.5087890625
0.1 4.52087402344 14.7212792969 4 -10.888671875
0.1 4.93286132812 14.7212792969 4 -93.2861328125
0.1 4.93286132812 14.7212792969 4 -93.2861328125
0.2 4.93286132812 17.1877099609 6 400.0
0.2 4.93286132812 17.1877099609 6 400.0
0.2 4.93286132812 17.1877099609 6 400.0
0.2 5.34484863281 17.1877099609 6 317.602539062
0.2 5.34484863281 17.1877099609 6 317.602539062
0.2 5.75134277344 17.1877099609 6 236.303710938
0.2 6.57531738281 17.1877099609 6 71.5087890625
0.2 7.81127929688 17.1877099609 6 -175.68359375
0.2 8.62976074219 17.1877099609 6 -339.379882812
0.2 9.04174804688 17.1877099609 6 -400
0.3 9.45373535156 21.2965966797 8 317.602539062
0.3 9.45373535156 21.2965966797 8 317.602539062
0.3 9.45373535156 21.2965966797 8 317.602539062
0.3 9.45373535156 21.2965966797 8 317.602539062
0.3 9.45373535156 21.2965966797 8 317.602539062
0.3 9.45373535156 21.2965966797 8 317.602539062
0.3 9.45373535156 21.2965966797 8 317.602539062
0.3 9.45373535156 21.2965966797 8 317.602539062
0.3 9.86572265625 21.2965966797 8 235.205078125
0.3 11.0961914062 21.2965966797 8 -10.888671875
0.4 11.9201660156 23.3510400391 10 235.205078125
0.4 12.7386474609 23.3510400391 10 71.5087890625
0.4 13.1506347656 23.3510400391 10 -10.888671875
0.4 13.5626220703 23.3510400391 10 -93.2861328125
0.4 13.5626220703 23.3510400391 10 -93.2861328125
0.4 13.5626220703 23.3510400391 10 -93.2861328125
0.4 13.5626220703 23.3510400391 10 -93.2861328125
0.4 13.5626220703 23.3510400391 10 -93.2861328125
0.4 13.5626220703 23.3510400391 10 -93.2861328125
0.4 13.5626220703 23.3510400391 10 -93.2861328125
0.5 13.5626220703 25.8174707031 12 400.0
0.5 13.5626220703 25.8174707031 12 400.0
0.5 13.974609375 25.8174707031 12 317.602539062
0.5 13.5626220703 25.8174707031 12 400.0
0.5 13.974609375 25.8174707031 12 317.602539062
0.5 14.7930908203 25.8174707031 12 153.90625
0.5 15.6170654297 25.8174707031 12 -10.888671875
0.5 16.8475341797 25.8174707031 12 -256.982421875
0.5 17.2595214844 25.8174707031 12 -339.379882812
0.5 17.6715087891 25.8174707031 12 -400
0.6 17.2595214844 29.9263574219 14 400
0.6 17.2595214844 29.9263574219 14 400
0.6 17.6715087891 29.9263574219 14 400.0
0.6 17.2595214844 29.9263574219 14 400
0.6 17.2595214844 29.9263574219 14 400
0.6 17.6715087891 29.9263574219 14 400.0
0.6 17.6715087891 29.9263574219 14 400.0
0.6 17.6715087891 29.9263574219 14 400.0
0.6 19.7259521484 29.9263574219 14 -10.888671875
0.6 20.5499267578 29.9263574219 14 -175.68359375
