0.0 0.0 3.0 3 200
0.0 0.0 3.0 3 200
0.0 0.0 3.0 3 200
0.0 0.0 3.0 3 200
0.0 0.0 3.0 3 200
0.0 0.0 3.0 3 200
0.0 0.0 3.0 3 200
0.0 0.0 3.0 3 200
0.0 0.0 3.0 3 200
0.0 0.411987304688 3.0 3 200
0.0 0.823974609375 3.0 3 200
0.0 1.23046875 3.0 3 176.953125
0.0 1.64245605469 3.0 3 135.754394531
0.0 2.05444335938 3.0 3 94.5556640625
0.0 2.05444335938 3.0 3 94.5556640625
0.0 2.46643066406 3.0 3 53.3569335938
0.0 2.46643066406 3.0 3 53.3569335938
0.0 2.46643066406 3.0 3 53.3569335938
0.0 2.87841796875 3.0 3 12.158203125
0.0 2.87841796875 3.0 3 12.158203125
0.1 2.87841796875 5.87841796875 6 200
0.1 2.87841796875 5.87841796875 6 200
0.1 2.87841796875 5.87841796875 6 200
0.1 2.87841796875 5.87841796875 6 200
0.1 3.28491210938 5.87841796875 6 200
0.1 3.69689941406 5.87841796875 6 200
0.1 4.10888671875 5.87841796875 6 176.953125
0.1 4.52087402344 5.87841796875 6 135.754394531
0.1 4.52087402344 5.87841796875 6 135.754394531
0.1 4.93286132812 5.87841796875 6 94.5556640625
0.1 5.33935546875 5.87841796875 6 53.90625
0.1 5.75134277344 5.87841796875 6 12.7075195312
0.1 5.75134277344 5.87841796875 6 12.7075195312
0.1 5.75134277344 5.87841796875 6 12.7075195312
0.1 5.75134277344 5.87841796875 6 12.7075195312
0.1 5.75134277344 5.87841796875 6 12.7075195312
0.1 5.75134277344 5.87841796875 6 12.7075195312
0.1 5.75134277344 5.87841796875 6 12.7075195312
0.1 6.16333007812 5.87841796875 6 -28.4912109375
0.1 5.75134277344 5.87841796875 6 12.7075195312
0.2 5.75134277344 8.75134277344 9 200
0.2 5.75134277344 8.75134277344 9 200
0.2 6.16333007812 8.75134277344 9 200
0.2 6.16333007812 8.75134277344 9 200
0.2 6.16333007812 8.75134277344 9 200
0.2 6.57531738281 8.75134277344 9 200
0.2 6.9873046875 8.75134277344 9 176.403808594
0.2 7.39929199219 8.75134277344 9 135.205078125
0.2 7.80578613281 8.75134277344 9 94.5556640625
0.2 8.2177734375 8.75134277344 9 53.3569335938
0.2 8.62976074219 8.75134277344 9 12.158203125
0.2 8.62976074219 8.75134277344 9 12.158203125
0.2 8.62976074219 8.75134277344 9 12.158203125
0.2 9.04174804688 8.75134277344 9 -29.0405273438
0.2 8.62976074219 8.75134277344 9 12.158203125
0.2 8.62976074219 8.75134277344 9 12.158203125
0.2 9.04174804688 8.75134277344 9 -29.0405273438
0.2 9.04174804688 8.75134277344 9 -29.0405273438
0.2 9.04174804688 8.75134277344 9 -29.0405273438
0.2 9.04174804688 8.75134277344 9 -29.0405273438
0.3 9.04174804688 12.0417480469 12 200
0.3 9.04174804688 12.0417480469 12 200
0.3 9.04174804688 12.0417480469 12 200
0.3 9.04174804688 12.0417480469 12 200
0.3 9.04174804688 12.0417480469 12 200
0.3 9.45373535156 12.0417480469 12 200
0.3 9.86022949219 12.0417480469 12 200
0.3 10.2722167969 12.0417480469 12 176.953125
0.3 10.6842041016 12.0417480469 12 135.754394531
0.3 11.0961914062 12.0417480469 12 94.5556640625
0.3 11.0961914062 12.0417480469 12 94.5556640625
0.3 11.5081787109 12.0417480469 12 53.3569335938
0.3 11.9146728516 12.0417480469 12 12.7075195312
0.3 11.9146728516 12.0417480469 12 12.7075195312
0.3 12.3266601562 12.0417480469 12 -28.4912109375
0.3 12.3266601562 12.0417480469 12 -28.4912109375
0.3 12.3266601562 12.0417480469 12 -28.4912109375
0.3 12.3266601562 12.0417480469 12 -28.4912109375
0.3 12.3266601562 12.0417480469 12 -28.4912109375
0.3 12.3266601562 12.0417480469 12 -28.4912109375
0.4 12.3266601562 15.3266601562 15 200
0.4 12.3266601562 15.3266601562 15 200
0.4 12.3266601562 15.3266601562 15 200
0.4 12.3266601562 15.3266601562 15 200
0.4 12.7386474609 15.3266601562 15 200
0.4 13.1506347656 15.3266601562 15 200
0.4 13.5626220703 15.3266601562 15 176.403808594
0.4 13.974609375 15.3266601562 15 135.205078125
0.4 14.3811035156 15.3266601562 15 94.5556640625
0.4 14.3811035156 15.3266601562 15 94.5556640625
0.4 14.7930908203 15.3266601562 15 53.3569335938
0.4 15.205078125 15.3266601562 15 12.158203125
0.4 15.205078125 15.3266601562 15 12.158203125
0.4 15.205078125 15.3266601562 15 12.158203125
0.4 15.205078125 15.3266601562 15 12.158203125
0.4 15.205078125 15.3266601562 15 12.158203125
0.4 15.205078125 15.3266601562 15 12.158203125
0.4 15.205078125 15.3266601562 15 12.158203125
0.4 15.205078125 15.3266601562 15 12.158203125
0.4 15.205078125 15.3266601562 15 12.158203125
0.5 15.205078125 12.205078125 12 -200
0.5 15.205078125 12.205078125 12 -200
0.5 15.205078125 12.205078125 12 -200
0.5 15.205078125 12.205078125 12 -200
0.5 15.205078125 12.205078125 12 -200
0.5 15.205078125 12.205078125 12 -200
0.5 15.205078125 12.205078125 12 -200
0.5 15.205078125 12.205078125 12 -200
0.5 15.205078125 12.205078125 12 -200
0.5 15.205078125 12.205078125 12 -200
0.5 14.7930908203 12.205078125 12 -200
0.5 14.7930908203 12.205078125 12 -200
0.5 14.3811035156 12.205078125 12 -200
0.5 13.974609375 12.205078125 12 -176.953125
0.5 13.5626220703 12.205078125 12 -135.754394531
0.5 13.1506347656 12.205078125 12 -94.5556640625
0.5 13.1506347656 12.205078125 12 -94.5556640625
0.5 12.7386474609 12.205078125 12 -53.3569335938
0.5 12.3266601562 12.205078125 12 -12.158203125
0.5 12.3266601562 12.205078125 12 -12.158203125
0.6 12.3266601562 9.32666015625 9 -200
0.6 12.3266601562 9.32666015625 9 -200
0.6 12.3266601562 9.32666015625 9 -200
0.6 12.3266601562 9.32666015625 9 -200
0.6 12.3266601562 9.32666015625 9 -200
0.6 11.9146728516 9.32666015625 9 -200
0.6 11.5081787109 9.32666015625 9 -200
0.6 11.0961914062 9.32666015625 9 -176.953125
0.6 10.6842041016 9.32666015625 9 -135.754394531
0.6 10.6842041016 9.32666015625 9 -135.754394531
0.6 10.2722167969 9.32666015625 9 -94.5556640625
0.6 9.86022949219 9.32666015625 9 -53.3569335938
0.6 9.45373535156 9.32666015625 9 -12.7075195312
0.6 9.45373535156 9.32666015625 9 -12.7075195312
0.6 9.45373535156 9.32666015625 9 -12.7075195312
0.6 9.45373535156 9.32666015625 9 -12.7075195312
0.6 9.04174804688 9.32666015625 9 28.4912109375
0.6 9.04174804688 9.32666015625 9 28.4912109375
0.6 9.04174804688 9.32666015625 9 28.4912109375
0.6 9.04174804688 9.32666015625 9 28.4912109375
0.7 9.04174804688 6.04174804688 6 -200
0.7 9.04174804688 6.04174804688 6 -200
0.7 9.04174804688 6.04174804688 6 -200
0.7 9.04174804688 6.04174804688 6 -200
0.7 9.04174804688 6.04174804688 6 -200
0.7 8.62976074219 6.04174804688 6 -200
0.7 8.2177734375 6.04174804688 6 -200
0.7 7.39929199219 6.04174804688 6 -135.754394531
0.7 6.9873046875 6.04174804688 6 -94.5556640625
0.7 6.9873046875 6.04174804688 6 -94.5556640625
0.7 6.9873046875 6.04174804688 6 -94.5556640625
0.7 6.57531738281 6.04174804688 6 -53.3569335938
0.7 6.57531738281 6.04174804688 6 -53.3569335938
0.7 6.16333007812 6.04174804688 6 -12.158203125
0.7 6.16333007812 6.04174804688 6 -12.158203125
0.7 6.16333007812 6.04174804688 6 -12.158203125
0.7 6.16333007812 6.04174804688 6 -12.158203125
0.7 6.16333007812 6.04174804688 6 -12.158203125
0.7 6.16333007812 6.04174804688 6 -12.158203125
0.7 6.16333007812 6.04174804688 6 -12.158203125
0.8 6.16333007812 3.16333007812 3 -200
0.8 6.16333007812 3.16333007812 3 -200
0.8 6.16333007812 3.16333007812 3 -200
0.8 6.16333007812 3.16333007812 3 -200
0.8 5.75134277344 3.16333007812 3 -200
0.8 5.33935546875 3.16333007812 3 -200
0.8 4.93286132812 3.16333007812 3 -176.953125
0.8 4.52087402344 3.16333007812 3 -135.754394531
0.8 4.10888671875 3.16333007812 3 -94.5556640625
0.8 4.10888671875 3.16333007812 3 -94.5556640625
0.8 3.69689941406 3.16333007812 3 -53.3569335938
0.8 3.28491210938 3.16333007812 3 -12.158203125
0.8 3.28491210938 3.16333007812 3 -12.158203125
0.8 3.28491210938 3.16333007812 3 -12.158203125
0.8 3.28491210938 3.16333007812 3 -12.158203125
0.8 3.28491210938 3.16333007812 3 -12.158203125
0.8 3.28491210938 3.16333007812 3 -12.158203125
0.8 3.28491210938 3.16333007812 3 -12.158203125
0.8 3.28491210938 3.16333007812 3 -12.158203125
0.8 3.28491210938 3.16333007812 3 -12.158203125
0.9 3.28491210938 0.284912109375 0 -200
0.9 3.28491210938 0.284912109375 0 -200
0.9 3.28491210938 0.284912109375 0 -200
0.9 3.28491210938 0.284912109375 0 -200
0.9 2.87841796875 0.284912109375 0 -200
0.9 2.46643066406 0.284912109375 0 -200
0.9 2.05444335938 0.284912109375 0 -176.953125
0.9 1.64245605469 0.284912109375 0 -135.754394531
0.9 1.23046875 0.284912109375 0 -94.5556640625
0.9 0.823974609375 0.284912109375 0 -53.90625
0.9 0.823974609375 0.284912109375 0 -53.90625
0.9 0.411987304688 0.284912109375 0 -12.7075195312
0.9 0.411987304688 0.284912109375 0 -12.7075195312
0.9 0.411987304688 0.284912109375 0 -12.7075195312
0.9 0.411987304688 0.284912109375 0 -12.7075195312
0.9 0.411987304688 0.284912109375 0 -12.7075195312
0.9 0.411987304688 0.284912109375 0 -12.7075195312
0.9 0.411987304688 0.284912109375 0 -12.7075195312
0.9 0.411987304688 0.284912109375 0 -12.7075195312
0.9 0.411987304688 0.284912109375 0 -12.7075195312
1.0 0.411987304688 3.41198730469 3 200
1.0 0.411987304688 3.41198730469 3 200
1.0 0.411987304688 3.41198730469 3 200
1.0 0.411987304688 3.41198730469 3 200
1.0 0.411987304688 3.41198730469 3 200
1.0 0.411987304688 3.41198730469 3 200
1.0 0.411987304688 3.41198730469 3 200
1.0 0.411987304688 3.41198730469 3 200
1.0 0.411987304688 3.41198730469 3 200
1.0 0.411987304688 3.41198730469 3 200
1.0 0.823974609375 3.41198730469 3 200
1.0 1.23046875 3.41198730469 3 200
1.0 1.64245605469 3.41198730469 3 176.953125
1.0 2.05444335938 3.41198730469 3 135.754394531
1.0 2.46643066406 3.41198730469 3 94.5556640625
1.0 2.87841796875 3.41198730469 3 53.3569335938
1.0 2.87841796875 3.41198730469 3 53.3569335938
1.0 3.28491210938 3.41198730469 3 12.7075195312
1.0 3.28491210938 3.41198730469 3 12.7075195312
1.0 3.28491210938 3.41198730469 3 12.7075195312
1.1 3.28491210938 6.28491210938 6 200
1.1 3.28491210938 6.28491210938 6 200
1.1 3.28491210938 6.28491210938 6 200
1.1 3.28491210938 6.28491210938 6 200
1.1 3.69689941406 6.28491210938 6 200
1.1 4.10888671875 6.28491210938 6 200
1.1 4.10888671875 6.28491210938 6 200
1.1 4.52087402344 6.28491210938 6 176.403808594
1.1 4.93286132812 6.28491210938 6 135.205078125
1.1 5.33935546875 6.28491210938 6 94.5556640625
1.1 5.75134277344 6.28491210938 6 53.3569335938
1.1 6.16333007812 6.28491210938 6 12.158203125
1.1 6.57531738281 6.28491210938 6 -29.0405273438
1.1 6.57531738281 6.28491210938 6 -29.0405273438
1.1 6.57531738281 6.28491210938 6 -29.0405273438
1.1 6.57531738281 6.28491210938 6 -29.0405273438
1.1 6.57531738281 6.28491210938 6 -29.0405273438
1.1 6.57531738281 6.28491210938 6 -29.0405273438
1.1 6.57531738281 6.28491210938 6 -29.0405273438
1.1 6.57531738281 6.28491210938 6 -29.0405273438
1.2 6.57531738281 9.57531738281 9 200
1.2 6.57531738281 9.57531738281 9 200
1.2 6.57531738281 9.57531738281 9 200
1.2 6.9873046875 9.57531738281 9 200
1.2 6.9873046875 9.57531738281 9 200
1.2 7.39929199219 9.57531738281 9 200
1.2 7.39929199219 9.57531738281 9 200
1.2 8.2177734375 9.57531738281 9 135.754394531
1.2 9.04174804688 9.57531738281 9 53.3569335938
1.2 9.45373535156 9.57531738281 9 12.158203125
1.2 9.45373535156 9.57531738281 9 12.158203125
1.2 9.45373535156 9.57531738281 9 12.158203125
1.2 9.45373535156 9.57531738281 9 12.158203125
1.2 9.45373535156 9.57531738281 9 12.158203125
1.2 9.45373535156 9.57531738281 9 12.158203125
1.2 9.45373535156 9.57531738281 9 12.158203125
1.2 9.45373535156 9.57531738281 9 12.158203125
1.2 9.86022949219 9.57531738281 9 -28.4912109375
1.2 9.86022949219 9.57531738281 9 -28.4912109375
1.2 9.86022949219 9.57531738281 9 -28.4912109375
1.3 9.86022949219 12.8602294922 12 200
1.3 9.86022949219 12.8602294922 12 200
1.3 9.86022949219 12.8602294922 12 200
1.3 9.86022949219 12.8602294922 12 200
1.3 10.2722167969 12.8602294922 12 200
1.3 10.6842041016 12.8602294922 12 200
1.3 11.0961914062 12.8602294922 12 176.403808594
1.3 11.5081787109 12.8602294922 12 135.205078125
1.3 11.9146728516 12.8602294922 12 94.5556640625
1.3 11.9146728516 12.8602294922 12 94.5556640625
1.3 12.3266601562 12.8602294922 12 53.3569335938
1.3 12.3266601562 12.8602294922 12 53.3569335938
1.3 12.7386474609 12.8602294922 12 12.158203125
1.3 12.7386474609 12.8602294922 12 12.158203125
1.3 12.7386474609 12.8602294922 12 12.158203125
1.3 12.7386474609 12.8602294922 12 12.158203125
1.3 12.7386474609 12.8602294922 12 12.158203125
1.3 12.7386474609 12.8602294922 12 12.158203125
1.3 12.7386474609 12.8602294922 12 12.158203125
1.3 12.7386474609 12.8602294922 12 12.158203125
1.4 12.7386474609 15.7386474609 15 200
1.4 12.7386474609 15.7386474609 15 200
1.4 12.7386474609 15.7386474609 15 200
1.4 12.7386474609 15.7386474609 15 200
1.4 13.1506347656 15.7386474609 15 200
1.4 13.5626220703 15.7386474609 15 200
1.4 13.974609375 15.7386474609 15 176.403808594
1.4 14.3811035156 15.7386474609 15 135.754394531
1.4 14.7930908203 15.7386474609 15 94.5556640625
1.4 14.7930908203 15.7386474609 15 94.5556640625
1.4 15.205078125 15.7386474609 15 53.3569335938
1.4 15.205078125 15.7386474609 15 53.3569335938
1.4 15.6170654297 15.7386474609 15 12.158203125
1.4 15.6170654297 15.7386474609 15 12.158203125
1.4 15.6170654297 15.7386474609 15 12.158203125
1.4 15.6170654297 15.7386474609 15 12.158203125
1.4 15.6170654297 15.7386474609 15 12.158203125
1.4 15.6170654297 15.7386474609 15 12.158203125
1.4 15.6170654297 15.7386474609 15 12.158203125
1.4 15.6170654297 15.7386474609 15 12.158203125
