0.0 0.0 3.0 3 250
0.0 0.0 3.0 3 250
0.0 0.0 3.0 3 250
0.0 0.0 3.0 3 250
0.0 0.0 3.0 3 250
0.0 0.0 3.0 3 250
0.0 0.0 3.0 3 250
0.0 0.411987304688 3.0 3 250
0.0 0.411987304688 3.0 3 250
0.0 1.23596191406 3.0 3 176.403808594
0.0 1.23596191406 3.0 3 176.403808594
0.0 2.05444335938 3.0 3 94.5556640625
0.0 2.46643066406 3.0 3 53.3569335938
0.0 2.87841796875 3.0 3 12.158203125
0.0 2.87841796875 3.0 3 12.158203125
0.1 2.87841796875 5.87841796875 6 250
0.1 2.87841796875 5.87841796875 6 250
0.1 2.87841796875 5.87841796875 6 250
0.1 3.29040527344 5.87841796875 6 250
0.1 3.69689941406 5.87841796875 6 218.151855469
0.1 3.69689941406 5.87841796875 6 218.151855469
0.1 4.52087402344 5.87841796875 6 135.754394531
0.1 4.52087402344 5.87841796875 6 135.754394531
0.1 5.34484863281 5.87841796875 6 53.3569335938
0.1 5.75134277344 5.87841796875 6 12.7075195312
0.1 5.75134277344 5.87841796875 6 12.7075195312
0.1 6.16333007812 5.87841796875 6 -28.4912109375
0.1 6.16333007812 5.87841796875 6 -28.4912109375
0.1 6.16333007812 5.87841796875 6 -28.4912109375
0.1 6.16333007812 5.87841796875 6 -28.4912109375
0.2 6.16333007812 9.16333007812 9 250
0.2 6.16333007812 9.16333007812 9 250
0.2 6.16333007812 9.16333007812 9 250
0.2 6.16333007812 9.16333007812 9 250
0.2 6.57531738281 9.16333007812 9 250
0.2 6.9873046875 9.16333007812 9 217.602539062
0.2 7.81127929688 9.16333007812 9 135.205078125
0.2 8.2177734375 9.16333007812 9 94.5556640625
0.2 8.62976074219 9.16333007812 9 53.3569335938
0.2 9.04174804688 9.16333007812 9 12.158203125
0.2 9.04174804688 9.16333007812 9 12.158203125
0.2 9.04174804688 9.16333007812 9 12.158203125
0.2 9.04174804688 9.16333007812 9 12.158203125
0.2 9.04174804688 9.16333007812 9 12.158203125
0.2 9.04174804688 9.16333007812 9 12.158203125
0.3 9.04174804688 12.0417480469 12 250
0.3 9.45373535156 12.0417480469 12 250
0.3 9.45373535156 12.0417480469 12 250
0.3 9.45373535156 12.0417480469 12 250
0.3 9.45373535156 12.0417480469 12 250
0.3 10.2722167969 12.0417480469 12 176.953125
0.3 10.6842041016 12.0417480469 12 135.754394531
0.3 11.5081787109 12.0417480469 12 53.3569335938
0.3 11.5081787109 12.0417480469 12 53.3569335938
0.3 11.9201660156 12.0417480469 12 12.158203125
0.3 11.9201660156 12.0417480469 12 12.158203125
0.3 11.9201660156 12.0417480469 12 12.158203125
0.3 12.3266601562 12.0417480469 12 -28.4912109375
0.3 11.9201660156 12.0417480469 12 12.158203125
0.3 12.3266601562 12.0417480469 12 -28.4912109375
0.4 12.3266601562 15.3266601562 15 250
0.4 12.3266601562 15.3266601562 15 250
0.4 12.3266601562 15.3266601562 15 250
0.4 12.3266601562 15.3266601562 15 250
0.4 12.3266601562 15.3266601562 15 250
0.4 13.1506347656 15.3266601562 15 217.602539062
0.4 13.5626220703 15.3266601562 15 176.403808594
0.4 14.3865966797 15.3266601562 15 94.0063476562
0.4 14.7930908203 15.3266601562 15 53.3569335938
0.4 15.205078125 15.3266601562 15 12.158203125
0.4 15.205078125 15.3266601562 15 12.158203125
0.4 15.6170654297 15.3266601562 15 -29.0405273438
0.4 15.6170654297 15.3266601562 15 -29.0405273438
0.4 15.6170654297 15.3266601562 15 -29.0405273438
0.4 15.6170654297 15.3266601562 15 -29.0405273438
0.5 15.6170654297 12.6170654297 12 -250
0.5 15.6170654297 12.6170654297 12 -250
0.5 15.6170654297 12.6170654297 12 -250
0.5 15.6170654297 12.6170654297 12 -250
0.5 15.6170654297 12.6170654297 12 -250
0.5 15.6170654297 12.6170654297 12 -250
0.5 15.6170654297 12.6170654297 12 -250
0.5 15.6170654297 12.6170654297 12 -250
0.5 15.6170654297 12.6170654297 12 -250
0.5 15.205078125 12.6170654297 12 -250
0.5 14.7930908203 12.6170654297 12 -217.602539062
0.5 14.3865966797 12.6170654297 12 -176.953125
0.5 13.974609375 12.6170654297 12 -135.754394531
0.5 13.5626220703 12.6170654297 12 -94.5556640625
0.5 13.1506347656 12.6170654297 12 -53.3569335938
0.6 12.7386474609 10.1506347656 9 -250
0.6 12.7386474609 10.1506347656 9 -250
0.6 12.3266601562 10.1506347656 9 -217.602539062
0.6 12.3266601562 10.1506347656 9 -217.602539062
0.6 12.3266601562 10.1506347656 9 -217.602539062
0.6 11.9201660156 10.1506347656 9 -176.953125
0.6 10.6842041016 10.1506347656 9 -53.3569335938
0.6 10.6842041016 10.1506347656 9 -53.3569335938
0.6 10.2722167969 10.1506347656 9 -12.158203125
0.6 10.2722167969 10.1506347656 9 -12.158203125
0.6 9.86572265625 10.1506347656 9 28.4912109375
0.6 9.86572265625 10.1506347656 9 28.4912109375
0.6 9.86572265625 10.1506347656 9 28.4912109375
0.6 9.86572265625 10.1506347656 9 28.4912109375
0.6 9.86572265625 10.1506347656 9 28.4912109375
0.7 9.86572265625 6.86572265625 6 -250
0.7 9.86572265625 6.86572265625 6 -250
0.7 9.86572265625 6.86572265625 6 -250
0.7 9.86572265625 6.86572265625 6 -250
0.7 9.45373535156 6.86572265625 6 -250
0.7 9.04174804688 6.86572265625 6 -217.602539062
0.7 8.2177734375 6.86572265625 6 -135.205078125
0.7 7.81127929688 6.86572265625 6 -94.5556640625
0.7 7.39929199219 6.86572265625 6 -53.3569335938
0.7 6.9873046875 6.86572265625 6 -12.158203125
0.7 6.9873046875 6.86572265625 6 -12.158203125
0.7 6.57531738281 6.86572265625 6 29.0405273438
0.7 6.57531738281 6.86572265625 6 29.0405273438
0.7 6.57531738281 6.86572265625 6 29.0405273438
0.7 6.57531738281 6.86572265625 6 29.0405273438
0.8 6.57531738281 3.57531738281 3 -250
0.8 6.57531738281 3.57531738281 3 -250
0.8 6.57531738281 3.57531738281 3 -250
0.8 6.57531738281 3.57531738281 3 -250
0.8 6.16333007812 3.57531738281 3 -250
0.8 5.75134277344 3.57531738281 3 -217.602539062
0.8 5.34484863281 3.57531738281 3 -176.953125
0.8 4.93286132812 3.57531738281 3 -135.754394531
0.8 4.52087402344 3.57531738281 3 -94.5556640625
0.8 4.10888671875 3.57531738281 3 -53.3569335938
0.8 3.69689941406 3.57531738281 3 -12.158203125
0.8 3.69689941406 3.57531738281 3 -12.158203125
0.8 3.29040527344 3.57531738281 3 28.4912109375
0.8 3.29040527344 3.57531738281 3 28.4912109375
0.8 3.29040527344 3.57531738281 3 28.4912109375
0.9 3.29040527344 0.290405273438 0 -250
0.9 3.29040527344 0.290405273438 0 -250
0.9 3.29040527344 0.290405273438 0 -250
0.9 3.29040527344 0.290405273438 0 -250
0.9 2.87841796875 0.290405273438 0 -250
0.9 2.05444335938 0.290405273438 0 -176.403808594
0.9 1.64245605469 0.290405273438 0 -135.205078125
0.9 1.23596191406 0.290405273438 0 -94.5556640625
0.9 0.823974609375 0.290405273438 0 -53.3569335938
0.9 0.823974609375 0.290405273438 0 -53.3569335938
0.9 0.823974609375 0.290405273438 0 -53.3569335938
0.9 0.823974609375 0.290405273438 0 -53.3569335938
0.9 0.823974609375 0.290405273438 0 -53.3569335938
0.9 0.823974609375 0.290405273438 0 -53.3569335938
0.9 0.823974609375 0.290405273438 0 -53.3569335938
1.0 0.823974609375 3.82397460938 3 250
1.0 0.823974609375 3.82397460938 3 250
1.0 0.823974609375 3.82397460938 3 250
1.0 0.823974609375 3.82397460938 3 250
1.0 0.823974609375 3.82397460938 3 250
1.0 0.823974609375 3.82397460938 3 250
1.0 0.823974609375 3.82397460938 3 250
1.0 1.23596191406 3.82397460938 3 250
1.0 1.23596191406 3.82397460938 3 250
1.0 1.64245605469 3.82397460938 3 218.151855469
1.0 2.46643066406 3.82397460938 3 135.754394531
1.0 2.87841796875 3.82397460938 3 94.5556640625
1.0 3.29040527344 3.82397460938 3 53.3569335938
1.0 3.29040527344 3.82397460938 3 53.3569335938
1.0 3.69689941406 3.82397460938 3 12.7075195312
1.1 3.69689941406 6.69689941406 6 250
1.1 3.69689941406 6.69689941406 6 250
1.1 3.69689941406 6.69689941406 6 250
1.1 3.69689941406 6.69689941406 6 250
1.1 4.10888671875 6.69689941406 6 250
1.1 4.93286132812 6.69689941406 6 176.403808594
1.1 5.34484863281 6.69689941406 6 135.205078125
1.1 5.75134277344 6.69689941406 6 94.5556640625
1.1 6.16333007812 6.69689941406 6 53.3569335938
1.1 6.57531738281 6.69689941406 6 12.158203125
1.1 6.57531738281 6.69689941406 6 12.158203125
1.1 6.57531738281 6.69689941406 6 12.158203125
1.1 6.57531738281 6.69689941406 6 12.158203125
1.1 6.57531738281 6.69689941406 6 12.158203125
1.1 6.57531738281 6.69689941406 6 12.158203125
1.2 6.57531738281 9.57531738281 9 250
1.2 6.57531738281 9.57531738281 9 250
1.2 6.57531738281 9.57531738281 9 250
1.2 6.57531738281 9.57531738281 9 250
1.2 6.9873046875 9.57531738281 9 250
1.2 7.81127929688 9.57531738281 9 176.403808594
1.2 8.2177734375 9.57531738281 9 135.754394531
1.2 8.62976074219 9.57531738281 9 94.5556640625
1.2 9.04174804688 9.57531738281 9 53.3569335938
1.2 9.45373535156 9.57531738281 9 12.158203125
1.2 9.45373535156 9.57531738281 9 12.158203125
1.2 9.86572265625 9.57531738281 9 -29.0405273438
1.2 9.86572265625 9.57531738281 9 -29.0405273438
1.2 9.86572265625 9.57531738281 9 -29.0405273438
1.2 9.86572265625 9.57531738281 9 -29.0405273438
1.3 9.86572265625 12.8657226562 12 250
1.3 9.86572265625 12.8657226562 12 250
1.3 9.86572265625 12.8657226562 12 250
1.3 9.86572265625 12.8657226562 12 250
1.3 10.2722167969 12.8657226562 12 250
1.3 10.6842041016 12.8657226562 12 218.151855469
1.3 11.5081787109 12.8657226562 12 135.754394531
1.3 11.9201660156 12.8657226562 12 94.5556640625
1.3 12.3266601562 12.8657226562 12 53.90625
1.3 12.7386474609 12.8657226562 12 12.7075195312
1.3 12.7386474609 12.8657226562 12 12.7075195312
1.3 13.1506347656 12.8657226562 12 -28.4912109375
1.3 13.1506347656 12.8657226562 12 -28.4912109375
1.3 13.1506347656 12.8657226562 12 -28.4912109375
1.3 13.1506347656 12.8657226562 12 -28.4912109375
1.4 13.1506347656 16.1506347656 15 250
1.4 13.1506347656 16.1506347656 15 250
1.4 13.1506347656 16.1506347656 15 250
1.4 13.1506347656 16.1506347656 15 250
1.4 13.5626220703 16.1506347656 15 250
1.4 13.974609375 16.1506347656 15 217.602539062
1.4 14.7930908203 16.1506347656 15 135.754394531
1.4 15.205078125 16.1506347656 15 94.5556640625
1.4 15.6170654297 16.1506347656 15 53.3569335938
1.4 16.0290527344 16.1506347656 15 12.158203125
1.4 16.0290527344 16.1506347656 15 12.158203125
1.4 16.4410400391 16.1506347656 15 -29.0405273438
1.4 16.4410400391 16.1506347656 15 -29.0405273438
1.4 16.4410400391 16.1506347656 15 -29.0405273438
1.4 16.4410400391 16.1506347656 15 -29.0405273438
