0.0 0.0 2.0 2 200.0
0.0 0.0 2.0 2 200.0
0.0 0.0 2.0 2 200.0
0.0 0.0 2.0 2 200.0
0.0 0.0 2.0 2 200.0
0.0 0.0 2.0 2 200.0
0.0 0.0 2.0 2 200.0
0.0 0.0 2.0 2 200.0
0.0 0.0 2.0 2 200.0
0.0 0.0 2.0 2 200.0
0.0 0.411987304688 2.0 2 158.801269531
0.0 0.823974609375 2.0 2 117.602539062
0.0 0.823974609375 2.0 2 117.602539062
0.0 1.23596191406 2.0 2 76.4038085938
0.0 1.64245605469 2.0 2 35.7543945312
0.0 1.64245605469 2.0 2 35.7543945312
0.0 2.05444335938 2.0 2 -5.4443359375
0.0 2.05444335938 2.0 2 -5.4443359375
0.0 2.05444335938 2.0 2 -5.4443359375
0.0 2.05444335938 2.0 2 -5.4443359375
0.1 2.05444335938 4.05444335938 4 200.0
0.1 2.05444335938 4.05444335938 4 200.0
0.1 2.05444335938 4.05444335938 4 200.0
0.1 2.05444335938 4.05444335938 4 200.0
0.1 2.05444335938 4.05444335938 4 200.0
0.1 2.46643066406 4.05444335938 4 158.801269531
0.1 2.87841796875 4.05444335938 4 117.602539062
0.1 3.29040527344 4.05444335938 4 76.4038085938
0.1 3.69689941406 4.05444335938 4 35.7543945312
0.1 4.10888671875 4.05444335938 4 -5.4443359375
0.1 4.10888671875 4.05444335938 4 -5.4443359375
0.1 4.10888671875 4.05444335938 4 -5.4443359375
0.1 4.10888671875 4.05444335938 4 -5.4443359375
0.1 4.10888671875 4.05444335938 4 -5.4443359375
0.1 4.10888671875 4.05444335938 4 -5.4443359375
0.1 4.10888671875 4.05444335938 4 -5.4443359375
0.1 4.10888671875 4.05444335938 4 -5.4443359375
0.1 4.10888671875 4.05444335938 4 -5.4443359375
0.1 4.10888671875 4.05444335938 4 -5.4443359375
0.1 4.10888671875 4.05444335938 4 -5.4443359375
0.2 4.10888671875 6.10888671875 6 200.0
0.2 4.10888671875 6.10888671875 6 200.0
0.2 4.52087402344 6.10888671875 6 158.801269531
0.2 4.52087402344 6.10888671875 6 158.801269531
0.2 4.52087402344 6.10888671875 6 158.801269531
0.2 4.93286132812 6.10888671875 6 117.602539062
0.2 5.34484863281 6.10888671875 6 76.4038085938
0.2 5.75134277344 6.10888671875 6 35.7543945312
0.2 5.75134277344 6.10888671875 6 35.7543945312
0.2 5.75134277344 6.10888671875 6 35.7543945312
0.2 6.16333007812 6.10888671875 6 -5.4443359375
0.2 5.75134277344 6.10888671875 6 35.7543945312
0.2 5.75134277344 6.10888671875 6 35.7543945312
0.2 6.16333007812 6.10888671875 6 -5.4443359375
0.2 6.16333007812 6.10888671875 6 -5.4443359375
0.2 6.16333007812 6.10888671875 6 -5.4443359375
0.2 6.16333007812 6.10888671875 6 -5.4443359375
0.2 6.16333007812 6.10888671875 6 -5.4443359375
0.2 6.16333007812 6.10888671875 6 -5.4443359375
0.2 6.16333007812 6.10888671875 6 -5.4443359375
0.3 6.16333007812 8.16333007812 8 200.0
0.3 6.16333007812 8.16333007812 8 200.0
0.3 6.16333007812 8.16333007812 8 200.0
0.3 6.16333007812 8.16333007812 8 200.0
0.3 6.16333007812 8.16333007812 8 200.0
0.3 6.57531738281 8.16333007812 8 158.801269531
0.3 6.9873046875 8.16333007812 8 117.602539062
0.3 7.39929199219 8.16333007812 8 76.4038085938
0.3 7.81127929688 8.16333007812 8 35.205078125
0.3 8.2177734375 8.16333007812 8 -5.4443359375
0.3 8.2177734375 8.16333007812 8 -5.4443359375
0.3 8.2177734375 8.16333007812 8 -5.4443359375
0.3 8.2177734375 8.16333007812 8 -5.4443359375
0.3 8.2177734375 8.16333007812 8 -5.4443359375
0.3 8.2177734375 8.16333007812 8 -5.4443359375
0.3 8.2177734375 8.16333007812 8 -5.4443359375
0.3 8.2177734375 8.16333007812 8 -5.4443359375
0.3 8.2177734375 8.16333007812 8 -5.4443359375
0.3 8.2177734375 8.16333007812 8 -5.4443359375
0.3 8.2177734375 8.16333007812 8 -5.4443359375
0.4 8.62976074219 10.2177734375 10 158.801269531
0.4 8.62976074219 10.2177734375 10 158.801269531
0.4 8.62976074219 10.2177734375 10 158.801269531
0.4 8.62976074219 10.2177734375 10 158.801269531
0.4 8.62976074219 10.2177734375 10 158.801269531
0.4 8.62976074219 10.2177734375 10 158.801269531
0.4 9.04174804688 10.2177734375 10 117.602539062
0.4 9.45373535156 10.2177734375 10 76.4038085938
0.4 9.45373535156 10.2177734375 10 76.4038085938
0.4 9.86572265625 10.2177734375 10 35.205078125
0.4 9.86572265625 10.2177734375 10 35.205078125
0.4 10.2722167969 10.2177734375 10 -5.4443359375
0.4 10.2722167969 10.2177734375 10 -5.4443359375
0.4 10.2722167969 10.2177734375 10 -5.4443359375
0.4 10.2722167969 10.2177734375 10 -5.4443359375
0.4 10.2722167969 10.2177734375 10 -5.4443359375
0.4 10.2722167969 10.2177734375 10 -5.4443359375
0.4 10.2722167969 10.2177734375 10 -5.4443359375
0.4 10.2722167969 10.2177734375 10 -5.4443359375
0.4 10.2722167969 10.2177734375 10 -5.4443359375
0.5 10.2722167969 8.27221679688 8 -200.0
0.5 10.2722167969 8.27221679688 8 -200.0
0.5 10.2722167969 8.27221679688 8 -200.0
0.5 10.2722167969 8.27221679688 8 -200.0
0.5 10.2722167969 8.27221679688 8 -200.0
0.5 10.2722167969 8.27221679688 8 -200.0
0.5 10.2722167969 8.27221679688 8 -200.0
0.5 10.2722167969 8.27221679688 8 -200.0
0.5 10.2722167969 8.27221679688 8 -200.0
0.5 10.2722167969 8.27221679688 8 -200.0
0.5 10.2722167969 8.27221679688 8 -200.0
0.5 9.86572265625 8.27221679688 8 -159.350585938
0.5 9.45373535156 8.27221679688 8 -118.151855469
0.5 9.04174804688 8.27221679688 8 -76.953125
0.5 8.62976074219 8.27221679688 8 -35.7543945312
0.5 8.62976074219 8.27221679688 8 -35.7543945312
0.5 8.2177734375 8.27221679688 8 5.4443359375
0.5 8.2177734375 8.27221679688 8 5.4443359375
0.5 8.2177734375 8.27221679688 8 5.4443359375
0.5 8.2177734375 8.27221679688 8 5.4443359375
0.6 8.2177734375 6.2177734375 6 -200.0
0.6 8.2177734375 6.2177734375 6 -200.0
0.6 8.2177734375 6.2177734375 6 -200.0
0.6 7.81127929688 6.2177734375 6 -159.350585938
0.6 7.81127929688 6.2177734375 6 -159.350585938
0.6 7.39929199219 6.2177734375 6 -118.151855469
0.6 7.39929199219 6.2177734375 6 -118.151855469
0.6 6.57531738281 6.2177734375 6 -35.7543945312
0.6 6.57531738281 6.2177734375 6 -35.7543945312
0.6 6.57531738281 6.2177734375 6 -35.7543945312
0.6 6.57531738281 6.2177734375 6 -35.7543945312
0.6 6.57531738281 6.2177734375 6 -35.7543945312
0.6 6.57531738281 6.2177734375 6 -35.7543945312
0.6 6.57531738281 6.2177734375 6 -35.7543945312
0.6 6.57531738281 6.2177734375 6 -35.7543945312
0.6 6.57531738281 6.2177734375 6 -35.7543945312
0.6 6.57531738281 6.2177734375 6 -35.7543945312
0.6 6.57531738281 6.2177734375 6 -35.7543945312
0.6 6.57531738281 6.2177734375 6 -35.7543945312
0.6 6.16333007812 6.2177734375 6 5.4443359375
0.7 6.16333007812 4.16333007812 4 -200.0
0.7 6.16333007812 4.16333007812 4 -200.0
0.7 6.16333007812 4.16333007812 4 -200.0
0.7 6.16333007812 4.16333007812 4 -200.0
0.7 6.16333007812 4.16333007812 4 -200.0
0.7 5.75134277344 4.16333007812 4 -158.801269531
0.7 4.93286132812 4.16333007812 4 -76.953125
0.7 4.93286132812 4.16333007812 4 -76.953125
0.7 4.52087402344 4.16333007812 4 -35.7543945312
0.7 4.52087402344 4.16333007812 4 -35.7543945312
0.7 4.52087402344 4.16333007812 4 -35.7543945312
0.7 4.52087402344 4.16333007812 4 -35.7543945312
0.7 4.52087402344 4.16333007812 4 -35.7543945312
0.7 4.52087402344 4.16333007812 4 -35.7543945312
0.7 4.52087402344 4.16333007812 4 -35.7543945312
0.7 4.10888671875 4.16333007812 4 5.4443359375
0.7 4.10888671875 4.16333007812 4 5.4443359375
0.7 4.10888671875 4.16333007812 4 5.4443359375
0.7 4.10888671875 4.16333007812 4 5.4443359375
0.7 4.10888671875 4.16333007812 4 5.4443359375
0.8 4.10888671875 2.10888671875 2 -200.0
0.8 4.10888671875 2.10888671875 2 -200.0
0.8 4.10888671875 2.10888671875 2 -200.0
0.8 4.10888671875 2.10888671875 2 -200.0
0.8 3.69689941406 2.10888671875 2 -158.801269531
0.8 3.29040527344 2.10888671875 2 -118.151855469
0.8 3.29040527344 2.10888671875 2 -118.151855469
0.8 2.87841796875 2.10888671875 2 -76.953125
0.8 2.87841796875 2.10888671875 2 -76.953125
0.8 2.46643066406 2.10888671875 2 -35.7543945312
0.8 2.46643066406 2.10888671875 2 -35.7543945312
0.8 2.46643066406 2.10888671875 2 -35.7543945312
0.8 2.46643066406 2.10888671875 2 -35.7543945312
0.8 2.46643066406 2.10888671875 2 -35.7543945312
0.8 2.46643066406 2.10888671875 2 -35.7543945312
0.8 2.46643066406 2.10888671875 2 -35.7543945312
0.8 2.46643066406 2.10888671875 2 -35.7543945312
0.8 2.46643066406 2.10888671875 2 -35.7543945312
0.8 2.46643066406 2.10888671875 2 -35.7543945312
0.8 2.46643066406 2.10888671875 2 -35.7543945312
0.9 2.46643066406 0.466430664062 0 -200.0
0.9 2.46643066406 0.466430664062 0 -200.0
0.9 2.46643066406 0.466430664062 0 -200.0
0.9 2.46643066406 0.466430664062 0 -200.0
0.9 2.05444335938 0.466430664062 0 -158.801269531
0.9 1.64245605469 0.466430664062 0 -117.602539062
0.9 1.23596191406 0.466430664062 0 -76.953125
0.9 1.23596191406 0.466430664062 0 -76.953125
0.9 0.823974609375 0.466430664062 0 -35.7543945312
0.9 0.823974609375 0.466430664062 0 -35.7543945312
0.9 0.823974609375 0.466430664062 0 -35.7543945312
0.9 0.823974609375 0.466430664062 0 -35.7543945312
0.9 0.823974609375 0.466430664062 0 -35.7543945312
0.9 0.823974609375 0.466430664062 0 -35.7543945312
0.9 0.823974609375 0.466430664062 0 -35.7543945312
0.9 0.823974609375 0.466430664062 0 -35.7543945312
0.9 0.823974609375 0.466430664062 0 -35.7543945312
0.9 0.823974609375 0.466430664062 0 -35.7543945312
0.9 0.823974609375 0.466430664062 0 -35.7543945312
0.9 0.823974609375 0.466430664062 0 -35.7543945312
1.0 0.823974609375 2.82397460938 2 200.0
1.0 0.823974609375 2.82397460938 2 200.0
1.0 0.823974609375 2.82397460938 2 200.0
1.0 0.823974609375 2.82397460938 2 200.0
1.0 0.823974609375 2.82397460938 2 200.0
1.0 0.823974609375 2.82397460938 2 200.0
1.0 0.823974609375 2.82397460938 2 200.0
1.0 0.823974609375 2.82397460938 2 200.0
1.0 0.823974609375 2.82397460938 2 200.0
1.0 0.823974609375 2.82397460938 2 200.0
1.0 1.23596191406 2.82397460938 2 158.801269531
1.0 1.64245605469 2.82397460938 2 118.151855469
1.0 2.05444335938 2.82397460938 2 76.953125
1.0 2.05444335938 2.82397460938 2 76.953125
1.0 2.46643066406 2.82397460938 2 35.7543945312
1.0 2.46643066406 2.82397460938 2 35.7543945312
1.0 2.46643066406 2.82397460938 2 35.7543945312
1.0 2.87841796875 2.82397460938 2 -5.4443359375
1.0 2.87841796875 2.82397460938 2 -5.4443359375
1.0 2.87841796875 2.82397460938 2 -5.4443359375
1.1 2.87841796875 4.87841796875 4 200.0
1.1 2.87841796875 4.87841796875 4 200.0
1.1 2.87841796875 4.87841796875 4 200.0
1.1 2.87841796875 4.87841796875 4 200.0
1.1 2.87841796875 4.87841796875 4 200.0
1.1 3.29040527344 4.87841796875 4 158.801269531
1.1 3.69689941406 4.87841796875 4 118.151855469
1.1 4.10888671875 4.87841796875 4 76.953125
1.1 4.52087402344 4.87841796875 4 35.7543945312
1.1 4.52087402344 4.87841796875 4 35.7543945312
1.1 4.93286132812 4.87841796875 4 -5.4443359375
1.1 4.93286132812 4.87841796875 4 -5.4443359375
1.1 4.93286132812 4.87841796875 4 -5.4443359375
1.1 4.93286132812 4.87841796875 4 -5.4443359375
1.1 4.93286132812 4.87841796875 4 -5.4443359375
1.1 4.93286132812 4.87841796875 4 -5.4443359375
1.1 4.93286132812 4.87841796875 4 -5.4443359375
1.1 4.93286132812 4.87841796875 4 -5.4443359375
1.1 4.93286132812 4.87841796875 4 -5.4443359375
1.1 4.93286132812 4.87841796875 4 -5.4443359375
1.2 4.93286132812 6.93286132812 6 200.0
1.2 4.93286132812 6.93286132812 6 200.0
1.2 4.93286132812 6.93286132812 6 200.0
1.2 5.34484863281 6.93286132812 6 158.801269531
1.2 5.34484863281 6.93286132812 6 158.801269531
1.2 5.75134277344 6.93286132812 6 118.151855469
1.2 6.16333007812 6.93286132812 6 76.953125
1.2 6.57531738281 6.93286132812 6 35.7543945312
1.2 6.57531738281 6.93286132812 6 35.7543945312
1.2 6.57531738281 6.93286132812 6 35.7543945312
1.2 6.57531738281 6.93286132812 6 35.7543945312
1.2 6.9873046875 6.93286132812 6 -5.4443359375
1.2 6.9873046875 6.93286132812 6 -5.4443359375
1.2 6.9873046875 6.93286132812 6 -5.4443359375
1.2 6.9873046875 6.93286132812 6 -5.4443359375
1.2 6.9873046875 6.93286132812 6 -5.4443359375
1.2 6.9873046875 6.93286132812 6 -5.4443359375
1.2 6.9873046875 6.93286132812 6 -5.4443359375
1.2 6.9873046875 6.93286132812 6 -5.4443359375
1.2 6.9873046875 6.93286132812 6 -5.4443359375
1.3 6.9873046875 8.9873046875 8 200.0
1.3 6.9873046875 8.9873046875 8 200.0
1.3 6.9873046875 8.9873046875 8 200.0
1.3 6.9873046875 8.9873046875 8 200.0
1.3 7.39929199219 8.9873046875 8 158.801269531
1.3 7.39929199219 8.9873046875 8 158.801269531
1.3 8.2177734375 8.9873046875 8 76.953125
1.3 8.2177734375 8.9873046875 8 76.953125
1.3 8.62976074219 8.9873046875 8 35.7543945312
1.3 8.62976074219 8.9873046875 8 35.7543945312
1.3 9.04174804688 8.9873046875 8 -5.4443359375
1.3 9.04174804688 8.9873046875 8 -5.4443359375
1.3 9.04174804688 8.9873046875 8 -5.4443359375
1.3 9.04174804688 8.9873046875 8 -5.4443359375
1.3 9.04174804688 8.9873046875 8 -5.4443359375
1.3 9.04174804688 8.9873046875 8 -5.4443359375
1.3 9.04174804688 8.9873046875 8 -5.4443359375
1.3 9.04174804688 8.9873046875 8 -5.4443359375
1.3 9.04174804688 8.9873046875 8 -5.4443359375
1.3 9.04174804688 8.9873046875 8 -5.4443359375
1.4 9.04174804688 11.0417480469 10 200.0
1.4 9.04174804688 11.0417480469 10 200.0
1.4 9.04174804688 11.0417480469 10 200.0
1.4 9.04174804688 11.0417480469 10 200.0
1.4 9.45373535156 11.0417480469 10 158.801269531
1.4 9.86572265625 11.0417480469 10 117.602539062
1.4 10.2722167969 11.0417480469 10 76.953125
1.4 10.2722167969 11.0417480469 10 76.953125
1.4 10.6842041016 11.0417480469 10 35.7543945312
1.4 10.6842041016 11.0417480469 10 35.7543945312
1.4 11.0961914062 11.0417480469 10 -5.4443359375
1.4 11.0961914062 11.0417480469 10 -5.4443359375
1.4 11.0961914062 11.0417480469 10 -5.4443359375
1.4 11.0961914062 11.0417480469 10 -5.4443359375
1.4 11.0961914062 11.0417480469 10 -5.4443359375
1.4 11.0961914062 11.0417480469 10 -5.4443359375
1.4 11.0961914062 11.0417480469 10 -5.4443359375
1.4 11.0961914062 11.0417480469 10 -5.4443359375
1.4 11.0961914062 11.0417480469 10 -5.4443359375
1.4 11.0961914062 11.0417480469 10 -5.4443359375
