0.0 0.0 3.0 3 250
0.0 0.0 3.0 3 250
0.0 0.0 3.0 3 250
0.0 0.0 3.0 3 250
0.0 0.0 3.0 3 250
0.0 0.0 3.0 3 250
0.0 0.0 3.0 3 250
0.0 0.0 3.0 3 250
0.0 0.0 3.0 3 250
0.0 0.411987304688 3.0 3 250
0.0 1.64794921875 3.0 3 135.205078125
0.0 2.05444335938 3.0 3 94.5556640625
0.0 2.46643066406 3.0 3 53.3569335938
0.0 2.46643066406 3.0 3 53.3569335938
0.0 2.87841796875 3.0 3 12.158203125
0.0 2.87841796875 3.0 3 12.158203125
0.0 2.87841796875 3.0 3 12.158203125
0.0 2.87841796875 3.0 3 12.158203125
0.0 2.87841796875 3.0 3 12.158203125
0.0 2.87841796875 3.0 3 12.158203125
0.1 2.87841796875 5.87841796875 6 250
0.1 2.87841796875 5.87841796875 6 250
0.1 2.87841796875 5.87841796875 6 250
0.1 2.87841796875 5.87841796875 6 250
0.1 3.29040527344 5.87841796875 6 250
0.1 3.70239257812 5.87841796875 6 217.602539062
0.1 4.52087402344 5.87841796875 6 135.754394531
0.1 4.93286132812 5.87841796875 6 94.5556640625
0.1 5.34484863281 5.87841796875 6 53.3569335938
0.1 5.7568359375 5.87841796875 6 12.158203125
0.1 5.7568359375 5.87841796875 6 12.158203125
0.1 5.7568359375 5.87841796875 6 12.158203125
0.1 6.16333007812 5.87841796875 6 -28.4912109375
0.1 6.16333007812 5.87841796875 6 -28.4912109375
0.1 6.16333007812 5.87841796875 6 -28.4912109375
0.1 6.16333007812 5.87841796875 6 -28.4912109375
0.1 6.16333007812 5.87841796875 6 -28.4912109375
0.1 6.16333007812 5.87841796875 6 -28.4912109375
0.1 5.7568359375 5.87841796875 6 12.158203125
0.1 6.16333007812 5.87841796875 6 -28.4912109375
0.2 6.16333007812 9.16333007812 9 250
0.2 6.16333007812 9.16333007812 9 250
0.2 6.16333007812 9.16333007812 9 250
0.2 6.16333007812 9.16333007812 9 250
0.2 6.57531738281 9.16333007812 9 250
0.2 7.39929199219 9.16333007812 9 176.403808594
0.2 7.81127929688 9.16333007812 9 135.205078125
0.2 8.22326660156 9.16333007812 9 94.0063476562
0.2 8.62976074219 9.16333007812 9 53.3569335938
0.2 8.62976074219 9.16333007812 9 53.3569335938
0.2 9.04174804688 9.16333007812 9 12.158203125
0.2 9.04174804688 9.16333007812 9 12.158203125
0.2 9.04174804688 9.16333007812 9 12.158203125
0.2 9.04174804688 9.16333007812 9 12.158203125
0.2 9.04174804688 9.16333007812 9 12.158203125
0.2 9.04174804688 9.16333007812 9 12.158203125
0.2 9.04174804688 9.16333007812 9 12.158203125
0.2 9.04174804688 9.16333007812 9 12.158203125
0.2 9.04174804688 9.16333007812 9 12.158203125
0.2 9.04174804688 9.16333007812 9 12.158203125
0.3 9.04174804688 12.0417480469 12 250
0.3 9.04174804688 12.0417480469 12 250
0.3 9.04174804688 12.0417480469 12 250
0.3 9.04174804688 12.0417480469 12 250
0.3 9.45373535156 12.0417480469 12 250
0.3 9.45373535156 12.0417480469 12 250
0.3 10.2777099609 12.0417480469 12 176.403808594
0.3 11.5081787109 12.0417480469 12 53.3569335938
0.3 11.9201660156 12.0417480469 12 12.158203125
0.3 12.3321533203 12.0417480469 12 -29.0405273438
0.3 12.7386474609 12.0417480469 12 -69.6899414062
0.3 12.7386474609 12.0417480469 12 -69.6899414062
0.3 12.3321533203 12.0417480469 12 -29.0405273438
0.3 12.3321533203 12.0417480469 12 -29.0405273438
0.3 12.3321533203 12.0417480469 12 -29.0405273438
0.3 12.3321533203 12.0417480469 12 -29.0405273438
0.3 12.7386474609 12.0417480469 12 -69.6899414062
0.3 12.7386474609 12.0417480469 12 -69.6899414062
0.3 12.7386474609 12.0417480469 12 -69.6899414062
0.3 12.7386474609 12.0417480469 12 -69.6899414062
0.4 12.7386474609 15.7386474609 15 250
0.4 12.7386474609 15.7386474609 15 250
0.4 12.7386474609 15.7386474609 15 250
0.4 12.7386474609 15.7386474609 15 250
0.4 12.7386474609 15.7386474609 15 250
0.4 13.1506347656 15.7386474609 15 250
0.4 13.974609375 15.7386474609 15 176.403808594
0.4 14.3865966797 15.7386474609 15 135.205078125
0.4 15.205078125 15.7386474609 15 53.3569335938
0.4 15.6170654297 15.7386474609 15 12.158203125
0.4 16.0290527344 15.7386474609 15 -29.0405273438
0.4 16.0290527344 15.7386474609 15 -29.0405273438
0.4 16.4410400391 15.7386474609 15 -70.2392578125
0.4 16.4410400391 15.7386474609 15 -70.2392578125
0.4 16.4410400391 15.7386474609 15 -70.2392578125
0.4 16.4410400391 15.7386474609 15 -70.2392578125
0.4 16.4410400391 15.7386474609 15 -70.2392578125
0.4 16.4410400391 15.7386474609 15 -70.2392578125
0.4 16.4410400391 15.7386474609 15 -70.2392578125
0.4 16.4410400391 15.7386474609 15 -70.2392578125
0.5 16.4410400391 19.4410400391 18 250
0.5 16.4410400391 19.4410400391 18 250
0.5 16.4410400391 19.4410400391 18 250
0.5 16.4410400391 19.4410400391 18 250
0.5 16.4410400391 19.4410400391 18 250
0.5 17.2595214844 19.4410400391 18 218.151855469
0.5 17.6715087891 19.4410400391 18 176.953125
0.5 18.0834960938 19.4410400391 18 135.754394531
0.5 18.9074707031 19.4410400391 18 53.3569335938
0.5 19.3139648438 19.4410400391 18 12.7075195312
0.5 19.3139648438 19.4410400391 18 12.7075195312
0.5 19.7259521484 19.4410400391 18 -28.4912109375
0.5 19.7259521484 19.4410400391 18 -28.4912109375
0.5 19.7259521484 19.4410400391 18 -28.4912109375
0.5 19.7259521484 19.4410400391 18 -28.4912109375
0.5 19.7259521484 19.4410400391 18 -28.4912109375
0.5 19.7259521484 19.4410400391 18 -28.4912109375
0.5 19.7259521484 19.4410400391 18 -28.4912109375
0.5 19.7259521484 19.4410400391 18 -28.4912109375
0.5 19.7259521484 19.4410400391 18 -28.4912109375
0.6 19.7259521484 22.7259521484 21 250
0.6 19.7259521484 22.7259521484 21 250
0.6 19.7259521484 22.7259521484 21 250
0.6 20.1379394531 22.7259521484 21 250
0.6 20.5499267578 22.7259521484 21 217.602539062
0.6 20.9619140625 22.7259521484 21 176.403808594
0.6 21.3739013672 22.7259521484 21 135.205078125
0.6 21.7803955078 22.7259521484 21 94.5556640625
0.6 21.7803955078 22.7259521484 21 94.5556640625
0.6 22.6043701172 22.7259521484 21 12.158203125
0.6 22.6043701172 22.7259521484 21 12.158203125
0.6 22.6043701172 22.7259521484 21 12.158203125
0.6 22.6043701172 22.7259521484 21 12.158203125
0.6 22.6043701172 22.7259521484 21 12.158203125
0.6 22.6043701172 22.7259521484 21 12.158203125
0.6 22.6043701172 22.7259521484 21 12.158203125
0.6 22.6043701172 22.7259521484 21 12.158203125
0.6 22.6043701172 22.7259521484 21 12.158203125
0.6 22.6043701172 22.7259521484 21 12.158203125
0.6 23.0163574219 22.7259521484 21 -29.0405273438
