0.0 0.0 4.0 4 400.0
0.0 0.0 4.0 4 400.0
0.0 0.0 4.0 4 400.0
0.0 0.0 4.0 4 400.0
0.0 0.0 4.0 4 400.0
0.0 0.411987304688 4.0 4 358.801269531
0.0 0.411987304688 4.0 4 358.801269531
0.0 0.411987304688 4.0 4 358.801269531
0.0 2.87841796875 4.0 4 112.158203125
0.0 3.70239257812 4.0 4 29.7607421875
0.0 4.10888671875 4.0 4 -10.888671875
0.0 4.10888671875 4.0 4 -10.888671875
0.0 4.10888671875 4.0 4 -10.888671875
0.0 4.10888671875 4.0 4 -10.888671875
0.0 4.10888671875 4.0 4 -10.888671875
0.0 4.10888671875 4.0 4 -10.888671875
0.0 4.10888671875 4.0 4 -10.888671875
0.0 4.10888671875 4.0 4 -10.888671875
0.0 4.10888671875 4.0 4 -10.888671875
0.0 4.52087402344 4.0 4 -52.0874023438
0.1 4.52087402344 8.52087402344 8 400.0
0.1 4.52087402344 8.52087402344 8 400.0
0.1 4.52087402344 8.52087402344 8 400.0
0.1 4.52087402344 8.52087402344 8 400.0
0.1 5.34484863281 8.52087402344 8 317.602539062
0.1 6.57531738281 8.52087402344 8 194.555664062
0.1 6.57531738281 8.52087402344 8 194.555664062
0.1 8.22326660156 8.52087402344 8 29.7607421875
0.1 8.62976074219 8.52087402344 8 -10.888671875
0.1 9.04174804688 8.52087402344 8 -52.0874023438
0.1 9.04174804688 8.52087402344 8 -52.0874023438
0.1 9.04174804688 8.52087402344 8 -52.0874023438
0.1 9.04174804688 8.52087402344 8 -52.0874023438
0.1 9.04174804688 8.52087402344 8 -52.0874023438
0.1 9.04174804688 8.52087402344 8 -52.0874023438
0.1 9.04174804688 8.52087402344 8 -52.0874023438
0.1 9.04174804688 8.52087402344 8 -52.0874023438
0.1 9.04174804688 8.52087402344 8 -52.0874023438
0.1 9.45373535156 8.52087402344 8 -93.2861328125
0.1 9.45373535156 8.52087402344 8 -93.2861328125
0.2 9.45373535156 13.4537353516 12 400.0
0.2 9.45373535156 13.4537353516 12 400.0
0.2 9.45373535156 13.4537353516 12 400.0
0.2 9.45373535156 13.4537353516 12 400.0
0.2 9.86572265625 13.4537353516 12 358.801269531
0.2 10.6842041016 13.4537353516 12 276.953125
0.2 11.9201660156 13.4537353516 12 153.356933594
0.2 12.7386474609 13.4537353516 12 71.5087890625
0.2 13.5626220703 13.4537353516 12 -10.888671875
0.2 13.974609375 13.4537353516 12 -52.0874023438
0.2 14.3865966797 13.4537353516 12 -93.2861328125
0.2 14.3865966797 13.4537353516 12 -93.2861328125
0.2 14.3865966797 13.4537353516 12 -93.2861328125
0.2 14.3865966797 13.4537353516 12 -93.2861328125
0.2 14.3865966797 13.4537353516 12 -93.2861328125
0.2 14.3865966797 13.4537353516 12 -93.2861328125
0.2 14.3865966797 13.4537353516 12 -93.2861328125
0.2 14.3865966797 13.4537353516 12 -93.2861328125
0.2 14.3865966797 13.4537353516 12 -93.2861328125
0.2 14.3865966797 13.4537353516 12 -93.2861328125
0.3 14.3865966797 18.3865966797 16 400.0
0.3 14.3865966797 18.3865966797 16 400.0
0.3 14.3865966797 18.3865966797 16 400.0
0.3 14.3865966797 18.3865966797 16 400.0
0.3 14.3865966797 18.3865966797 16 400.0
0.3 14.7985839844 18.3865966797 16 358.801269531
0.3 15.6170654297 18.3865966797 16 276.953125
0.3 16.8530273438 18.3865966797 16 153.356933594
0.3 17.6715087891 18.3865966797 16 71.5087890625
0.3 18.4954833984 18.3865966797 16 -10.888671875
0.3 18.9074707031 18.3865966797 16 -52.0874023438
0.3 19.3139648438 18.3865966797 16 -92.7368164062
0.3 19.7259521484 18.3865966797 16 -133.935546875
0.3 19.7259521484 18.3865966797 16 -133.935546875
0.3 19.7259521484 18.3865966797 16 -133.935546875
0.3 19.7259521484 18.3865966797 16 -133.935546875
0.3 19.7259521484 18.3865966797 16 -133.935546875
0.3 19.7259521484 18.3865966797 16 -133.935546875
0.3 19.7259521484 18.3865966797 16 -133.935546875
0.3 19.7259521484 18.3865966797 16 -133.935546875
0.4 19.7259521484 23.7259521484 20 400.0
0.4 19.7259521484 23.7259521484 20 400.0
0.4 19.7259521484 23.7259521484 20 400.0
0.4 19.7259521484 23.7259521484 20 400.0
0.4 19.7259521484 23.7259521484 20 400.0
0.4 19.7259521484 23.7259521484 20 400.0
0.4 19.7259521484 23.7259521484 20 400.0
0.4 22.6043701172 23.7259521484 20 112.158203125
0.4 23.4283447266 23.7259521484 20 29.7607421875
0.4 23.8348388672 23.7259521484 20 -10.888671875
0.4 24.2468261719 23.7259521484 20 -52.0874023438
0.4 24.2468261719 23.7259521484 20 -52.0874023438
0.4 24.2468261719 23.7259521484 20 -52.0874023438
0.4 24.2468261719 23.7259521484 20 -52.0874023438
0.4 24.2468261719 23.7259521484 20 -52.0874023438
0.4 24.2468261719 23.7259521484 20 -52.0874023438
0.4 24.2468261719 23.7259521484 20 -52.0874023438
0.4 24.2468261719 23.7259521484 20 -52.0874023438
0.4 24.2468261719 23.7259521484 20 -52.0874023438
0.4 24.2468261719 23.7259521484 20 -52.0874023438
