0.0 0.0 3.0 3 300.0
0.0 0.0 3.0 3 300.0
0.0 0.0 3.0 3 300.0
0.0 0.0 3.0 3 300.0
0.0 0.0 3.0 3 300.0
0.0 0.0 3.0 3 300.0
0.0 0.0 3.0 3 300.0
0.0 0.411987304688 3.0 3 258.801269531
0.0 0.823974609375 3.0 3 217.602539062
0.0 1.23596191406 3.0 3 176.403808594
0.0 2.05444335938 3.0 3 94.5556640625
0.0 2.46643066406 3.0 3 53.3569335938
0.0 2.87841796875 3.0 3 12.158203125
0.0 2.87841796875 3.0 3 12.158203125
0.0 2.87841796875 3.0 3 12.158203125
0.0 2.87841796875 3.0 3 12.158203125
0.0 2.87841796875 3.0 3 12.158203125
0.0 3.29040527344 3.0 3 -29.0405273438
0.0 3.29040527344 3.0 3 -29.0405273438
0.0 3.29040527344 3.0 3 -29.0405273438
0.1 3.29040527344 6.29040527344 6 300.0
0.1 3.29040527344 6.29040527344 6 300.0
0.1 3.29040527344 6.29040527344 6 300.0
0.1 3.29040527344 6.29040527344 6 300.0
0.1 3.29040527344 6.29040527344 6 300.0
0.1 4.10888671875 6.29040527344 6 218.151855469
0.1 4.93286132812 6.29040527344 6 135.754394531
0.1 5.34484863281 6.29040527344 6 94.5556640625
0.1 6.16333007812 6.29040527344 6 12.7075195312
0.1 6.57531738281 6.29040527344 6 -28.4912109375
0.1 6.57531738281 6.29040527344 6 -28.4912109375
0.1 6.57531738281 6.29040527344 6 -28.4912109375
0.1 6.57531738281 6.29040527344 6 -28.4912109375
0.1 6.57531738281 6.29040527344 6 -28.4912109375
0.1 6.57531738281 6.29040527344 6 -28.4912109375
0.1 6.57531738281 6.29040527344 6 -28.4912109375
0.1 6.9873046875 6.29040527344 6 -69.6899414062
0.1 6.57531738281 6.29040527344 6 -28.4912109375
0.1 6.57531738281 6.29040527344 6 -28.4912109375
0.1 6.57531738281 6.29040527344 6 -28.4912109375
0.2 6.57531738281 9.57531738281 9 300.0
0.2 6.57531738281 9.57531738281 9 300.0
0.2 6.57531738281 9.57531738281 9 300.0
0.2 6.57531738281 9.57531738281 9 300.0
0.2 7.39929199219 9.57531738281 9 217.602539062
0.2 8.2177734375 9.57531738281 9 135.754394531
0.2 8.2177734375 9.57531738281 9 135.754394531
0.2 9.04174804688 9.57531738281 9 53.3569335938
0.2 9.45373535156 9.57531738281 9 12.158203125
0.2 9.86572265625 9.57531738281 9 -29.0405273438
0.2 9.86572265625 9.57531738281 9 -29.0405273438
0.2 9.86572265625 9.57531738281 9 -29.0405273438
0.2 9.86572265625 9.57531738281 9 -29.0405273438
0.2 9.86572265625 9.57531738281 9 -29.0405273438
0.2 9.86572265625 9.57531738281 9 -29.0405273438
0.2 10.2722167969 9.57531738281 9 -69.6899414062
0.2 10.2722167969 9.57531738281 9 -69.6899414062
0.2 10.2722167969 9.57531738281 9 -69.6899414062
0.2 10.2722167969 9.57531738281 9 -69.6899414062
0.2 10.2722167969 9.57531738281 9 -69.6899414062
0.3 10.2722167969 13.2722167969 12 300.0
0.3 10.2722167969 13.2722167969 12 300.0
0.3 10.2722167969 13.2722167969 12 300.0
0.3 10.2722167969 13.2722167969 12 300.0
0.3 10.6842041016 13.2722167969 12 258.801269531
0.3 11.0961914062 13.2722167969 12 217.602539062
0.3 11.9201660156 13.2722167969 12 135.205078125
0.3 12.7386474609 13.2722167969 12 53.3569335938
0.3 13.1506347656 13.2722167969 12 12.158203125
0.3 13.5626220703 13.2722167969 12 -29.0405273438
0.3 13.974609375 13.2722167969 12 -70.2392578125
0.3 13.974609375 13.2722167969 12 -70.2392578125
0.3 13.974609375 13.2722167969 12 -70.2392578125
0.3 13.974609375 13.2722167969 12 -70.2392578125
0.3 13.974609375 13.2722167969 12 -70.2392578125
0.3 13.974609375 13.2722167969 12 -70.2392578125
0.3 13.974609375 13.2722167969 12 -70.2392578125
0.3 13.974609375 13.2722167969 12 -70.2392578125
0.3 13.974609375 13.2722167969 12 -70.2392578125
0.3 13.974609375 13.2722167969 12 -70.2392578125
0.4 13.974609375 16.974609375 15 300.0
0.4 13.974609375 16.974609375 15 300.0
0.4 13.974609375 16.974609375 15 300.0
0.4 13.974609375 16.974609375 15 300.0
0.4 13.974609375 16.974609375 15 300.0
0.4 14.7930908203 16.974609375 15 218.151855469
0.4 15.6170654297 16.974609375 15 135.754394531
0.4 16.8475341797 16.974609375 15 12.7075195312
0.4 17.2595214844 16.974609375 15 -28.4912109375
0.4 17.6715087891 16.974609375 15 -69.6899414062
0.4 17.6715087891 16.974609375 15 -69.6899414062
0.4 17.6715087891 16.974609375 15 -69.6899414062
0.4 17.6715087891 16.974609375 15 -69.6899414062
0.4 17.6715087891 16.974609375 15 -69.6899414062
0.4 17.6715087891 16.974609375 15 -69.6899414062
0.4 17.6715087891 16.974609375 15 -69.6899414062
0.4 17.6715087891 16.974609375 15 -69.6899414062
0.4 17.6715087891 16.974609375 15 -69.6899414062
0.4 17.6715087891 16.974609375 15 -69.6899414062
0.4 17.6715087891 16.974609375 15 -69.6899414062
0.5 17.6715087891 20.6715087891 18 300.0
0.5 17.6715087891 20.6715087891 18 300.0
0.5 17.6715087891 20.6715087891 18 300.0
0.5 17.6715087891 20.6715087891 18 300.0
0.5 18.0834960938 20.6715087891 18 258.801269531
0.5 18.9019775391 20.6715087891 18 176.953125
0.5 19.7259521484 20.6715087891 18 94.5556640625
0.5 20.1379394531 20.6715087891 18 53.3569335938
0.5 20.5499267578 20.6715087891 18 12.158203125
0.5 20.9619140625 20.6715087891 18 -29.0405273438
0.5 20.9619140625 20.6715087891 18 -29.0405273438
0.5 20.9619140625 20.6715087891 18 -29.0405273438
0.5 20.9619140625 20.6715087891 18 -29.0405273438
0.5 20.9619140625 20.6715087891 18 -29.0405273438
0.5 20.9619140625 20.6715087891 18 -29.0405273438
0.5 20.9619140625 20.6715087891 18 -29.0405273438
0.5 20.9619140625 20.6715087891 18 -29.0405273438
0.5 20.9619140625 20.6715087891 18 -29.0405273438
0.5 20.9619140625 20.6715087891 18 -29.0405273438
0.5 20.9619140625 20.6715087891 18 -29.0405273438
