0.0 0.0 1.0 1 100.0
0.0 0.0 1.0 1 100.0
0.0 0.0 1.0 1 100.0
0.0 0.0 1.0 1 100.0
0.0 0.0 1.0 1 100.0
0.0 0.0 1.0 1 100.0
0.0 0.0 1.0 1 100.0
0.0 0.0 1.0 1 100.0
0.0 0.0 1.0 1 100.0
0.0 0.0 1.0 1 100.0
0.0 0.0 1.0 1 100.0
0.0 0.0 1.0 1 100.0
0.0 0.0 1.0 1 100.0
0.0 0.0 1.0 1 100.0
0.0 0.0 1.0 1 100.0
0.0 0.0 1.0 1 100.0
0.0 0.0 1.0 1 100.0
0.0 0.0 1.0 1 100.0
0.0 0.0 1.0 1 100.0
0.0 0.0 1.0 1 100.0
0.1 0.0 1.0 2 100.0
0.1 0.0 1.0 2 100.0
0.1 0.0 1.0 2 100.0
0.1 0.0 1.0 2 100.0
0.1 0.0 1.0 2 100.0
0.1 0.411987304688 1.0 2 58.8012695312
0.1 0.0 1.0 2 100.0
0.1 0.0 1.0 2 100.0
0.1 0.411987304688 1.0 2 58.8012695312
0.1 0.411987304688 1.0 2 58.8012695312
0.1 0.411987304688 1.0 2 58.8012695312
0.1 0.411987304688 1.0 2 58.8012695312
0.1 0.411987304688 1.0 2 58.8012695312
0.1 0.411987304688 1.0 2 58.8012695312
0.1 0.411987304688 1.0 2 58.8012695312
0.1 0.411987304688 1.0 2 58.8012695312
0.1 0.411987304688 1.0 2 58.8012695312
0.1 0.411987304688 1.0 2 58.8012695312
0.1 0.411987304688 1.0 2 58.8012695312
0.1 0.411987304688 1.0 2 58.8012695312
0.2 0.411987304688 1.41198730469 3 100.0
0.2 0.411987304688 1.41198730469 3 100.0
0.2 0.411987304688 1.41198730469 3 100.0
0.2 0.411987304688 1.41198730469 3 100.0
0.2 0.411987304688 1.41198730469 3 100.0
0.2 0.411987304688 1.41198730469 3 100.0
0.2 0.411987304688 1.41198730469 3 100.0
0.2 0.823974609375 1.41198730469 3 58.8012695312
0.2 0.823974609375 1.41198730469 3 58.8012695312
0.2 0.823974609375 1.41198730469 3 58.8012695312
0.2 0.823974609375 1.41198730469 3 58.8012695312
0.2 0.823974609375 1.41198730469 3 58.8012695312
0.2 0.823974609375 1.41198730469 3 58.8012695312
0.2 1.23596191406 1.41198730469 3 17.6025390625
0.2 1.23596191406 1.41198730469 3 17.6025390625
0.2 0.823974609375 1.41198730469 3 58.8012695312
0.2 1.23596191406 1.41198730469 3 17.6025390625
0.2 1.23596191406 1.41198730469 3 17.6025390625
0.2 1.23596191406 1.41198730469 3 17.6025390625
0.2 1.23596191406 1.41198730469 3 17.6025390625
0.3 1.23596191406 2.23596191406 4 100.0
0.3 1.23596191406 2.23596191406 4 100.0
0.3 1.23596191406 2.23596191406 4 100.0
0.3 1.23596191406 2.23596191406 4 100.0
0.3 1.23596191406 2.23596191406 4 100.0
0.3 1.23596191406 2.23596191406 4 100.0
0.3 1.23596191406 2.23596191406 4 100.0
0.3 1.23596191406 2.23596191406 4 100.0
0.3 1.64245605469 2.23596191406 4 59.3505859375
0.3 1.64245605469 2.23596191406 4 59.3505859375
0.3 1.64245605469 2.23596191406 4 59.3505859375
0.3 1.64245605469 2.23596191406 4 59.3505859375
0.3 1.64245605469 2.23596191406 4 59.3505859375
0.3 1.64245605469 2.23596191406 4 59.3505859375
0.3 1.64245605469 2.23596191406 4 59.3505859375
0.3 1.64245605469 2.23596191406 4 59.3505859375
0.3 1.64245605469 2.23596191406 4 59.3505859375
0.3 1.64245605469 2.23596191406 4 59.3505859375
0.3 1.64245605469 2.23596191406 4 59.3505859375
0.3 1.64245605469 2.23596191406 4 59.3505859375
0.4 1.64245605469 2.64245605469 5 100.0
0.4 1.64245605469 2.64245605469 5 100.0
0.4 1.64245605469 2.64245605469 5 100.0
0.4 1.64245605469 2.64245605469 5 100.0
0.4 1.64245605469 2.64245605469 5 100.0
0.4 2.05444335938 2.64245605469 5 58.8012695312
0.4 2.05444335938 2.64245605469 5 58.8012695312
0.4 2.05444335938 2.64245605469 5 58.8012695312
0.4 2.05444335938 2.64245605469 5 58.8012695312
0.4 2.05444335938 2.64245605469 5 58.8012695312
0.4 2.05444335938 2.64245605469 5 58.8012695312
0.4 2.05444335938 2.64245605469 5 58.8012695312
0.4 2.05444335938 2.64245605469 5 58.8012695312
0.4 2.05444335938 2.64245605469 5 58.8012695312
0.4 2.05444335938 2.64245605469 5 58.8012695312
0.4 2.05444335938 2.64245605469 5 58.8012695312
0.4 2.05444335938 2.64245605469 5 58.8012695312
0.4 2.05444335938 2.64245605469 5 58.8012695312
0.4 2.05444335938 2.64245605469 5 58.8012695312
0.4 2.05444335938 2.64245605469 5 58.8012695312
0.5 2.05444335938 1.05444335938 4 -100.0
0.5 2.05444335938 1.05444335938 4 -100.0
0.5 2.05444335938 1.05444335938 4 -100.0
0.5 2.05444335938 1.05444335938 4 -100.0
0.5 2.05444335938 1.05444335938 4 -100.0
0.5 2.05444335938 1.05444335938 4 -100.0
0.5 2.05444335938 1.05444335938 4 -100.0
0.5 2.05444335938 1.05444335938 4 -100.0
0.5 2.05444335938 1.05444335938 4 -100.0
0.5 2.05444335938 1.05444335938 4 -100.0
0.5 2.05444335938 1.05444335938 4 -100.0
0.5 2.05444335938 1.05444335938 4 -100.0
0.5 2.05444335938 1.05444335938 4 -100.0
0.5 2.05444335938 1.05444335938 4 -100.0
0.5 2.05444335938 1.05444335938 4 -100.0
0.5 2.05444335938 1.05444335938 4 -100.0
0.5 2.05444335938 1.05444335938 4 -100.0
0.5 2.05444335938 1.05444335938 4 -100.0
0.5 2.05444335938 1.05444335938 4 -100.0
0.5 2.05444335938 1.05444335938 4 -100.0
0.6 2.05444335938 1.05444335938 3 -100.0
0.6 2.05444335938 1.05444335938 3 -100.0
0.6 2.05444335938 1.05444335938 3 -100.0
0.6 2.05444335938 1.05444335938 3 -100.0
0.6 2.05444335938 1.05444335938 3 -100.0
0.6 2.05444335938 1.05444335938 3 -100.0
0.6 2.05444335938 1.05444335938 3 -100.0
0.6 2.05444335938 1.05444335938 3 -100.0
0.6 2.05444335938 1.05444335938 3 -100.0
0.6 2.05444335938 1.05444335938 3 -100.0
0.6 2.05444335938 1.05444335938 3 -100.0
0.6 1.64245605469 1.05444335938 3 -58.8012695312
0.6 1.64245605469 1.05444335938 3 -58.8012695312
0.6 1.64245605469 1.05444335938 3 -58.8012695312
0.6 1.64245605469 1.05444335938 3 -58.8012695312
0.6 1.64245605469 1.05444335938 3 -58.8012695312
0.6 1.64245605469 1.05444335938 3 -58.8012695312
0.6 1.64245605469 1.05444335938 3 -58.8012695312
0.6 1.64245605469 1.05444335938 3 -58.8012695312
0.6 1.64245605469 1.05444335938 3 -58.8012695312
0.7 1.64245605469 0.642456054688 2 -100.0
0.7 1.64245605469 0.642456054688 2 -100.0
0.7 1.64245605469 0.642456054688 2 -100.0
0.7 1.64245605469 0.642456054688 2 -100.0
0.7 1.64245605469 0.642456054688 2 -100.0
0.7 1.64245605469 0.642456054688 2 -100.0
0.7 1.64245605469 0.642456054688 2 -100.0
0.7 1.64245605469 0.642456054688 2 -100.0
0.7 1.23596191406 0.642456054688 2 -59.3505859375
0.7 1.23596191406 0.642456054688 2 -59.3505859375
0.7 1.23596191406 0.642456054688 2 -59.3505859375
0.7 1.23596191406 0.642456054688 2 -59.3505859375
0.7 1.23596191406 0.642456054688 2 -59.3505859375
0.7 1.23596191406 0.642456054688 2 -59.3505859375
0.7 1.23596191406 0.642456054688 2 -59.3505859375
0.7 1.23596191406 0.642456054688 2 -59.3505859375
0.7 1.23596191406 0.642456054688 2 -59.3505859375
0.7 1.23596191406 0.642456054688 2 -59.3505859375
0.7 1.23596191406 0.642456054688 2 -59.3505859375
0.7 1.23596191406 0.642456054688 2 -59.3505859375
0.8 1.23596191406 0.235961914062 1 -100.0
0.8 1.23596191406 0.235961914062 1 -100.0
0.8 1.23596191406 0.235961914062 1 -100.0
0.8 1.23596191406 0.235961914062 1 -100.0
0.8 1.23596191406 0.235961914062 1 -100.0
0.8 1.23596191406 0.235961914062 1 -100.0
0.8 1.23596191406 0.235961914062 1 -100.0
0.8 1.23596191406 0.235961914062 1 -100.0
0.8 0.823974609375 0.235961914062 1 -58.8012695312
0.8 0.823974609375 0.235961914062 1 -58.8012695312
0.8 0.823974609375 0.235961914062 1 -58.8012695312
0.8 0.823974609375 0.235961914062 1 -58.8012695312
0.8 0.823974609375 0.235961914062 1 -58.8012695312
0.8 0.823974609375 0.235961914062 1 -58.8012695312
0.8 0.823974609375 0.235961914062 1 -58.8012695312
0.8 0.823974609375 0.235961914062 1 -58.8012695312
0.8 0.823974609375 0.235961914062 1 -58.8012695312
0.8 0.823974609375 0.235961914062 1 -58.8012695312
0.8 0.823974609375 0.235961914062 1 -58.8012695312
0.8 0.823974609375 0.235961914062 1 -58.8012695312
0.9 0.823974609375 -0.176025390625 0 -100.0
0.9 0.823974609375 -0.176025390625 0 -100.0
0.9 0.823974609375 -0.176025390625 0 -100.0
0.9 0.823974609375 -0.176025390625 0 -100.0
0.9 0.823974609375 -0.176025390625 0 -100.0
0.9 0.823974609375 -0.176025390625 0 -100.0
0.9 0.823974609375 -0.176025390625 0 -100.0
0.9 0.823974609375 -0.176025390625 0 -100.0
0.9 0.411987304688 -0.176025390625 0 -58.8012695312
0.9 0.411987304688 -0.176025390625 0 -58.8012695312
0.9 0.411987304688 -0.176025390625 0 -58.8012695312
0.9 0.411987304688 -0.176025390625 0 -58.8012695312
0.9 0.411987304688 -0.176025390625 0 -58.8012695312
0.9 0.411987304688 -0.176025390625 0 -58.8012695312
0.9 0.411987304688 -0.176025390625 0 -58.8012695312
0.9 0.411987304688 -0.176025390625 0 -58.8012695312
0.9 0.411987304688 -0.176025390625 0 -58.8012695312
0.9 0.411987304688 -0.176025390625 0 -58.8012695312
0.9 0.411987304688 -0.176025390625 0 -58.8012695312
0.9 0.411987304688 -0.176025390625 0 -58.8012695312
1.0 0.411987304688 1.41198730469 1 100.0
1.0 0.411987304688 1.41198730469 1 100.0
1.0 0.411987304688 1.41198730469 1 100.0
1.0 0.411987304688 1.41198730469 1 100.0
1.0 0.411987304688 1.41198730469 1 100.0
1.0 0.411987304688 1.41198730469 1 100.0
1.0 0.411987304688 1.41198730469 1 100.0
1.0 0.411987304688 1.41198730469 1 100.0
1.0 0.411987304688 1.41198730469 1 100.0
1.0 0.411987304688 1.41198730469 1 100.0
1.0 0.411987304688 1.41198730469 1 100.0
1.0 0.411987304688 1.41198730469 1 100.0
1.0 0.411987304688 1.41198730469 1 100.0
1.0 0.411987304688 1.41198730469 1 100.0
1.0 0.411987304688 1.41198730469 1 100.0
1.0 0.411987304688 1.41198730469 1 100.0
1.0 0.411987304688 1.41198730469 1 100.0
1.0 0.411987304688 1.41198730469 1 100.0
1.0 0.823974609375 1.41198730469 1 58.8012695312
1.0 0.823974609375 1.41198730469 1 58.8012695312
1.1 0.823974609375 1.82397460938 2 100.0
1.1 0.823974609375 1.82397460938 2 100.0
1.1 0.823974609375 1.82397460938 2 100.0
1.1 0.411987304688 1.82397460938 2 141.198730469
1.1 0.411987304688 1.82397460938 2 141.198730469
1.1 0.411987304688 1.82397460938 2 141.198730469
1.1 0.411987304688 1.82397460938 2 141.198730469
1.1 0.411987304688 1.82397460938 2 141.198730469
1.1 0.823974609375 1.82397460938 2 100.0
1.1 0.823974609375 1.82397460938 2 100.0
1.1 0.823974609375 1.82397460938 2 100.0
1.1 1.23596191406 1.82397460938 2 58.8012695312
1.1 1.23596191406 1.82397460938 2 58.8012695312
1.1 1.23596191406 1.82397460938 2 58.8012695312
1.1 1.64245605469 1.82397460938 2 18.1518554688
1.1 1.64245605469 1.82397460938 2 18.1518554688
1.1 1.64245605469 1.82397460938 2 18.1518554688
1.1 1.64245605469 1.82397460938 2 18.1518554688
1.1 1.64245605469 1.82397460938 2 18.1518554688
1.1 1.64245605469 1.82397460938 2 18.1518554688
1.2 1.64245605469 2.64245605469 3 100.0
1.2 1.64245605469 2.64245605469 3 100.0
1.2 1.64245605469 2.64245605469 3 100.0
1.2 1.64245605469 2.64245605469 3 100.0
1.2 1.64245605469 2.64245605469 3 100.0
1.2 1.64245605469 2.64245605469 3 100.0
1.2 1.64245605469 2.64245605469 3 100.0
1.2 1.64245605469 2.64245605469 3 100.0
1.2 1.64245605469 2.64245605469 3 100.0
1.2 2.05444335938 2.64245605469 3 58.8012695312
1.2 2.05444335938 2.64245605469 3 58.8012695312
1.2 2.05444335938 2.64245605469 3 58.8012695312
1.2 2.05444335938 2.64245605469 3 58.8012695312
1.2 2.05444335938 2.64245605469 3 58.8012695312
1.2 2.05444335938 2.64245605469 3 58.8012695312
1.2 2.05444335938 2.64245605469 3 58.8012695312
1.2 2.05444335938 2.64245605469 3 58.8012695312
1.2 2.46643066406 2.64245605469 3 17.6025390625
1.2 2.05444335938 2.64245605469 3 58.8012695312
1.2 2.05444335938 2.64245605469 3 58.8012695312
1.3 2.46643066406 3.05444335938 4 58.8012695312
1.3 2.05444335938 3.05444335938 4 100.0
1.3 2.46643066406 3.05444335938 4 58.8012695312
1.3 2.46643066406 3.05444335938 4 58.8012695312
1.3 2.05444335938 3.05444335938 4 100.0
1.3 2.46643066406 3.05444335938 4 58.8012695312
1.3 2.46643066406 3.05444335938 4 58.8012695312
1.3 2.46643066406 3.05444335938 4 58.8012695312
1.3 2.46643066406 3.05444335938 4 58.8012695312
1.3 2.46643066406 3.05444335938 4 58.8012695312
1.3 2.46643066406 3.05444335938 4 58.8012695312
1.3 2.46643066406 3.05444335938 4 58.8012695312
1.3 2.46643066406 3.05444335938 4 58.8012695312
1.3 2.46643066406 3.05444335938 4 58.8012695312
1.3 2.46643066406 3.05444335938 4 58.8012695312
1.3 2.46643066406 3.05444335938 4 58.8012695312
1.3 2.46643066406 3.05444335938 4 58.8012695312
1.3 2.46643066406 3.05444335938 4 58.8012695312
1.3 2.46643066406 3.05444335938 4 58.8012695312
1.3 2.46643066406 3.05444335938 4 58.8012695312
1.4 2.46643066406 3.46643066406 5 100.0
1.4 2.46643066406 3.46643066406 5 100.0
1.4 2.46643066406 3.46643066406 5 100.0
1.4 2.46643066406 3.46643066406 5 100.0
1.4 2.46643066406 3.46643066406 5 100.0
1.4 2.46643066406 3.46643066406 5 100.0
1.4 2.46643066406 3.46643066406 5 100.0
1.4 2.87841796875 3.46643066406 5 58.8012695312
1.4 2.87841796875 3.46643066406 5 58.8012695312
1.4 2.87841796875 3.46643066406 5 58.8012695312
1.4 2.87841796875 3.46643066406 5 58.8012695312
1.4 2.87841796875 3.46643066406 5 58.8012695312
1.4 2.87841796875 3.46643066406 5 58.8012695312
1.4 2.87841796875 3.46643066406 5 58.8012695312
1.4 2.87841796875 3.46643066406 5 58.8012695312
1.4 2.87841796875 3.46643066406 5 58.8012695312
1.4 2.87841796875 3.46643066406 5 58.8012695312
1.4 2.87841796875 3.46643066406 5 58.8012695312
1.4 2.87841796875 3.46643066406 5 58.8012695312
1.4 2.87841796875 3.46643066406 5 58.8012695312
