0.0 0.0 4.0 4 250
0.0 0.0 4.0 4 250
0.0 0.0 4.0 4 250
0.0 0.0 4.0 4 250
0.0 0.0 4.0 4 250
0.0 0.0 4.0 4 250
0.0 0.0 4.0 4 250
0.0 0.0 4.0 4 250
0.0 0.411987304688 4.0 4 250
0.0 0.823974609375 4.0 4 250
0.0 1.23596191406 4.0 4 250
0.0 1.64245605469 4.0 4 235.754394531
0.0 2.46643066406 4.0 4 153.356933594
0.0 2.87841796875 4.0 4 112.158203125
0.0 2.87841796875 4.0 4 112.158203125
0.0 3.69689941406 4.0 4 30.3100585938
0.0 3.69689941406 4.0 4 30.3100585938
0.0 4.10888671875 4.0 4 -10.888671875
0.0 4.10888671875 4.0 4 -10.888671875
0.0 4.10888671875 4.0 4 -10.888671875
0.1 4.10888671875 8.10888671875 8 250
0.1 4.10888671875 8.10888671875 8 250
0.1 4.10888671875 8.10888671875 8 250
0.1 4.10888671875 8.10888671875 8 250
0.1 4.10888671875 8.10888671875 8 250
0.1 4.52087402344 8.10888671875 8 250
0.1 5.34484863281 8.10888671875 8 250
0.1 6.16333007812 8.10888671875 8 194.555664062
0.1 6.57531738281 8.10888671875 8 153.356933594
0.1 6.9873046875 8.10888671875 8 112.158203125
0.1 7.39929199219 8.10888671875 8 70.9594726562
0.1 7.81127929688 8.10888671875 8 29.7607421875
0.1 8.2177734375 8.10888671875 8 -10.888671875
0.1 8.2177734375 8.10888671875 8 -10.888671875
0.1 8.2177734375 8.10888671875 8 -10.888671875
0.1 8.2177734375 8.10888671875 8 -10.888671875
0.1 8.2177734375 8.10888671875 8 -10.888671875
0.1 8.2177734375 8.10888671875 8 -10.888671875
0.1 8.2177734375 8.10888671875 8 -10.888671875
0.1 8.2177734375 8.10888671875 8 -10.888671875
0.2 8.2177734375 12.2177734375 12 250
0.2 8.2177734375 12.2177734375 12 250
0.2 8.2177734375 12.2177734375 12 250
0.2 8.2177734375 12.2177734375 12 250
0.2 8.62976074219 12.2177734375 12 250
0.2 9.45373535156 12.2177734375 12 250
0.2 9.86572265625 12.2177734375 12 235.205078125
0.2 10.6842041016 12.2177734375 12 153.356933594
0.2 11.0961914062 12.2177734375 12 112.158203125
0.2 11.5081787109 12.2177734375 12 70.9594726562
0.2 11.9201660156 12.2177734375 12 29.7607421875
0.2 11.9201660156 12.2177734375 12 29.7607421875
0.2 11.9201660156 12.2177734375 12 29.7607421875
0.2 12.3266601562 12.2177734375 12 -10.888671875
0.2 12.3266601562 12.2177734375 12 -10.888671875
0.2 12.3266601562 12.2177734375 12 -10.888671875
0.2 12.3266601562 12.2177734375 12 -10.888671875
0.2 12.3266601562 12.2177734375 12 -10.888671875
0.2 12.3266601562 12.2177734375 12 -10.888671875
0.2 12.3266601562 12.2177734375 12 -10.888671875
0.3 12.3266601562 16.3266601562 16 250
0.3 12.3266601562 16.3266601562 16 250
0.3 12.3266601562 16.3266601562 16 250
0.3 12.3266601562 16.3266601562 16 250
0.3 12.7386474609 16.3266601562 16 250
0.3 13.5626220703 16.3266601562 16 250
0.3 13.974609375 16.3266601562 16 235.205078125
0.3 14.3865966797 16.3266601562 16 194.006347656
0.3 14.7930908203 16.3266601562 16 153.356933594
0.3 15.205078125 16.3266601562 16 112.158203125
0.3 15.205078125 16.3266601562 16 112.158203125
0.3 16.0290527344 16.3266601562 16 29.7607421875
0.3 16.4410400391 16.3266601562 16 -11.4379882812
0.3 16.4410400391 16.3266601562 16 -11.4379882812
0.3 16.8475341797 16.3266601562 16 -52.0874023438
0.3 16.8475341797 16.3266601562 16 -52.0874023438
0.3 16.8475341797 16.3266601562 16 -52.0874023438
0.3 16.8475341797 16.3266601562 16 -52.0874023438
0.3 16.8475341797 16.3266601562 16 -52.0874023438
0.3 16.8475341797 16.3266601562 16 -52.0874023438
0.4 16.8475341797 20.8475341797 20 250
0.4 16.8475341797 20.8475341797 20 250
0.4 16.8475341797 20.8475341797 20 250
0.4 16.8475341797 20.8475341797 20 250
0.4 17.2595214844 20.8475341797 20 250
0.4 17.6715087891 20.8475341797 20 250
0.4 18.4954833984 20.8475341797 20 235.205078125
0.4 18.9019775391 20.8475341797 20 194.555664062
0.4 19.3139648438 20.8475341797 20 153.356933594
0.4 19.7259521484 20.8475341797 20 112.158203125
0.4 20.1379394531 20.8475341797 20 70.9594726562
0.4 20.5499267578 20.8475341797 20 29.7607421875
0.4 20.9619140625 20.8475341797 20 -11.4379882812
0.4 20.9619140625 20.8475341797 20 -11.4379882812
0.4 20.9619140625 20.8475341797 20 -11.4379882812
0.4 20.9619140625 20.8475341797 20 -11.4379882812
0.4 20.9619140625 20.8475341797 20 -11.4379882812
0.4 20.9619140625 20.8475341797 20 -11.4379882812
0.4 21.3684082031 20.8475341797 20 -52.0874023438
0.4 21.3684082031 20.8475341797 20 -52.0874023438
0.5 21.3684082031 17.3684082031 16 -250
0.5 21.3684082031 17.3684082031 16 -250
0.5 21.3684082031 17.3684082031 16 -250
0.5 21.3684082031 17.3684082031 16 -250
0.5 21.3684082031 17.3684082031 16 -250
0.5 21.3684082031 17.3684082031 16 -250
0.5 21.3684082031 17.3684082031 16 -250
0.5 21.3684082031 17.3684082031 16 -250
0.5 21.3684082031 17.3684082031 16 -250
0.5 20.5499267578 17.3684082031 16 -250
0.5 19.7259521484 17.3684082031 16 -235.754394531
0.5 19.7259521484 17.3684082031 16 -235.754394531
0.5 19.3139648438 17.3684082031 16 -194.555664062
0.5 18.9019775391 17.3684082031 16 -153.356933594
0.5 18.4954833984 17.3684082031 16 -112.707519531
0.5 18.0834960938 17.3684082031 16 -71.5087890625
0.5 17.6715087891 17.3684082031 16 -30.3100585938
0.5 17.2595214844 17.3684082031 16 10.888671875
0.5 17.2595214844 17.3684082031 16 10.888671875
0.5 17.2595214844 17.3684082031 16 10.888671875
0.6 17.2595214844 13.2595214844 12 -250
0.6 17.2595214844 13.2595214844 12 -250
0.6 17.2595214844 13.2595214844 12 -250
0.6 17.2595214844 13.2595214844 12 -250
0.6 17.2595214844 13.2595214844 12 -250
0.6 16.8475341797 13.2595214844 12 -250
0.6 16.4410400391 13.2595214844 12 -250
0.6 16.0290527344 13.2595214844 12 -250
0.6 15.205078125 13.2595214844 12 -194.555664062
0.6 14.7930908203 13.2595214844 12 -153.356933594
0.6 14.3865966797 13.2595214844 12 -112.707519531
0.6 13.974609375 13.2595214844 12 -71.5087890625
0.6 13.5626220703 13.2595214844 12 -30.3100585938
0.6 13.1506347656 13.2595214844 12 10.888671875
0.6 12.7386474609 13.2595214844 12 52.0874023438
0.6 12.7386474609 13.2595214844 12 52.0874023438
0.6 12.7386474609 13.2595214844 12 52.0874023438
0.6 12.7386474609 13.2595214844 12 52.0874023438
0.6 12.7386474609 13.2595214844 12 52.0874023438
0.6 12.7386474609 13.2595214844 12 52.0874023438
0.7 12.7386474609 8.73864746094 8 -250
0.7 12.7386474609 8.73864746094 8 -250
0.7 12.7386474609 8.73864746094 8 -250
0.7 12.7386474609 8.73864746094 8 -250
0.7 12.7386474609 8.73864746094 8 -250
0.7 12.3266601562 8.73864746094 8 -250
0.7 11.5081787109 8.73864746094 8 -250
0.7 11.0961914062 8.73864746094 8 -235.754394531
0.7 10.6842041016 8.73864746094 8 -194.555664062
0.7 10.2722167969 8.73864746094 8 -153.356933594
0.7 9.45373535156 8.73864746094 8 -71.5087890625
0.7 9.04174804688 8.73864746094 8 -30.3100585938
0.7 8.62976074219 8.73864746094 8 10.888671875
0.7 8.2177734375 8.73864746094 8 52.0874023438
0.7 8.2177734375 8.73864746094 8 52.0874023438
0.7 7.81127929688 8.73864746094 8 92.7368164062
0.7 7.81127929688 8.73864746094 8 92.7368164062
0.7 8.2177734375 8.73864746094 8 52.0874023438
0.7 8.2177734375 8.73864746094 8 52.0874023438
0.7 8.2177734375 8.73864746094 8 52.0874023438
0.8 7.81127929688 4.2177734375 4 -250
0.8 8.2177734375 4.2177734375 4 -250
0.8 7.81127929688 4.2177734375 4 -250
0.8 7.81127929688 4.2177734375 4 -250
0.8 7.81127929688 4.2177734375 4 -250
0.8 7.81127929688 4.2177734375 4 -250
0.8 7.39929199219 4.2177734375 4 -250
0.8 6.16333007812 4.2177734375 4 -194.555664062
0.8 5.75134277344 4.2177734375 4 -153.356933594
0.8 5.75134277344 4.2177734375 4 -153.356933594
0.8 4.93286132812 4.2177734375 4 -71.5087890625
0.8 4.10888671875 4.2177734375 4 10.888671875
0.8 4.10888671875 4.2177734375 4 10.888671875
0.8 4.10888671875 4.2177734375 4 10.888671875
0.8 4.10888671875 4.2177734375 4 10.888671875
0.8 4.10888671875 4.2177734375 4 10.888671875
0.8 4.10888671875 4.2177734375 4 10.888671875
0.8 4.10888671875 4.2177734375 4 10.888671875
0.8 4.10888671875 4.2177734375 4 10.888671875
0.8 4.10888671875 4.2177734375 4 10.888671875
0.9 4.10888671875 0.10888671875 0 -250
0.9 3.69689941406 0.10888671875 0 -250
0.9 4.10888671875 0.10888671875 0 -250
0.9 3.69689941406 0.10888671875 0 -250
0.9 3.29040527344 0.10888671875 0 -250
0.9 2.87841796875 0.10888671875 0 -250
0.9 2.46643066406 0.10888671875 0 -235.754394531
0.9 1.64245605469 0.10888671875 0 -153.356933594
0.9 1.23596191406 0.10888671875 0 -112.707519531
0.9 0.823974609375 0.10888671875 0 -71.5087890625
0.9 0.823974609375 0.10888671875 0 -71.5087890625
0.9 0.411987304688 0.10888671875 0 -30.3100585938
0.9 0.411987304688 0.10888671875 0 -30.3100585938
0.9 0.411987304688 0.10888671875 0 -30.3100585938
0.9 0.411987304688 0.10888671875 0 -30.3100585938
0.9 0.411987304688 0.10888671875 0 -30.3100585938
0.9 0.411987304688 0.10888671875 0 -30.3100585938
0.9 0.411987304688 0.10888671875 0 -30.3100585938
0.9 0.411987304688 0.10888671875 0 -30.3100585938
0.9 0.411987304688 0.10888671875 0 -30.3100585938
1.0 0.411987304688 4.41198730469 4 250
1.0 0.411987304688 4.41198730469 4 250
1.0 0.411987304688 4.41198730469 4 250
1.0 0.411987304688 4.41198730469 4 250
1.0 0.411987304688 4.41198730469 4 250
1.0 0.411987304688 4.41198730469 4 250
1.0 0.411987304688 4.41198730469 4 250
1.0 0.411987304688 4.41198730469 4 250
1.0 0.823974609375 4.41198730469 4 250
1.0 1.23596191406 4.41198730469 4 250
1.0 1.64245605469 4.41198730469 4 250
1.0 2.46643066406 4.41198730469 4 194.555664062
1.0 2.87841796875 4.41198730469 4 153.356933594
1.0 3.29040527344 4.41198730469 4 112.158203125
1.0 3.69689941406 4.41198730469 4 71.5087890625
1.0 3.69689941406 4.41198730469 4 71.5087890625
1.0 4.10888671875 4.41198730469 4 30.3100585938
1.0 4.10888671875 4.41198730469 4 30.3100585938
1.0 4.10888671875 4.41198730469 4 30.3100585938
1.0 4.10888671875 4.41198730469 4 30.3100585938
1.1 4.10888671875 8.10888671875 8 250
1.1 4.10888671875 8.10888671875 8 250
1.1 4.10888671875 8.10888671875 8 250
1.1 4.10888671875 8.10888671875 8 250
1.1 4.52087402344 8.10888671875 8 250
1.1 4.93286132812 8.10888671875 8 250
1.1 5.75134277344 8.10888671875 8 235.754394531
1.1 6.16333007812 8.10888671875 8 194.555664062
1.1 6.57531738281 8.10888671875 8 153.356933594
1.1 6.9873046875 8.10888671875 8 112.158203125
1.1 7.39929199219 8.10888671875 8 70.9594726562
1.1 7.81127929688 8.10888671875 8 29.7607421875
1.1 8.2177734375 8.10888671875 8 -10.888671875
1.1 8.2177734375 8.10888671875 8 -10.888671875
1.1 8.2177734375 8.10888671875 8 -10.888671875
1.1 8.2177734375 8.10888671875 8 -10.888671875
1.1 8.2177734375 8.10888671875 8 -10.888671875
1.1 8.2177734375 8.10888671875 8 -10.888671875
1.1 8.2177734375 8.10888671875 8 -10.888671875
1.1 8.2177734375 8.10888671875 8 -10.888671875
1.2 8.2177734375 12.2177734375 12 250
1.2 8.2177734375 12.2177734375 12 250
1.2 8.62976074219 12.2177734375 12 250
1.2 8.62976074219 12.2177734375 12 250
1.2 9.04174804688 12.2177734375 12 250
1.2 9.45373535156 12.2177734375 12 250
1.2 9.86572265625 12.2177734375 12 235.205078125
1.2 10.6842041016 12.2177734375 12 153.356933594
1.2 11.0961914062 12.2177734375 12 112.158203125
1.2 11.5081787109 12.2177734375 12 70.9594726562
1.2 11.9201660156 12.2177734375 12 29.7607421875
1.2 12.3266601562 12.2177734375 12 -10.888671875
1.2 12.3266601562 12.2177734375 12 -10.888671875
1.2 12.3266601562 12.2177734375 12 -10.888671875
1.2 12.3266601562 12.2177734375 12 -10.888671875
1.2 12.3266601562 12.2177734375 12 -10.888671875
1.2 12.3266601562 12.2177734375 12 -10.888671875
1.2 12.3266601562 12.2177734375 12 -10.888671875
1.2 12.7386474609 12.2177734375 12 -52.0874023438
1.2 12.7386474609 12.2177734375 12 -52.0874023438
1.3 12.3266601562 16.7386474609 16 250
1.3 12.3266601562 16.7386474609 16 250
1.3 12.3266601562 16.7386474609 16 250
1.3 12.7386474609 16.7386474609 16 250
1.3 12.7386474609 16.7386474609 16 250
1.3 13.1506347656 16.7386474609 16 250
1.3 13.974609375 16.7386474609 16 250
1.3 14.3865966797 16.7386474609 16 235.205078125
1.3 14.7930908203 16.7386474609 16 194.555664062
1.3 15.6170654297 16.7386474609 16 112.158203125
1.3 15.6170654297 16.7386474609 16 112.158203125
1.3 16.4410400391 16.7386474609 16 29.7607421875
1.3 16.8475341797 16.7386474609 16 -10.888671875
1.3 17.2595214844 16.7386474609 16 -52.0874023438
1.3 17.2595214844 16.7386474609 16 -52.0874023438
1.3 17.2595214844 16.7386474609 16 -52.0874023438
1.3 17.2595214844 16.7386474609 16 -52.0874023438
1.3 17.2595214844 16.7386474609 16 -52.0874023438
1.3 17.2595214844 16.7386474609 16 -52.0874023438
1.3 17.2595214844 16.7386474609 16 -52.0874023438
1.4 17.2595214844 21.2595214844 20 250
1.4 17.2595214844 21.2595214844 20 250
1.4 17.2595214844 21.2595214844 20 250
1.4 17.2595214844 21.2595214844 20 250
1.4 17.6715087891 21.2595214844 20 250
1.4 18.0834960938 21.2595214844 20 250
1.4 18.4954833984 21.2595214844 20 250
1.4 19.7259521484 21.2595214844 20 153.356933594
1.4 19.7259521484 21.2595214844 20 153.356933594
1.4 20.1379394531 21.2595214844 20 112.158203125
1.4 20.5499267578 21.2595214844 20 70.9594726562
1.4 21.3684082031 21.2595214844 20 -10.888671875
1.4 21.3684082031 21.2595214844 20 -10.888671875
1.4 21.7803955078 21.2595214844 20 -52.0874023438
1.4 21.7803955078 21.2595214844 20 -52.0874023438
1.4 21.7803955078 21.2595214844 20 -52.0874023438
1.4 21.7803955078 21.2595214844 20 -52.0874023438
1.4 21.7803955078 21.2595214844 20 -52.0874023438
1.4 21.7803955078 21.2595214844 20 -52.0874023438
1.4 21.7803955078 21.2595214844 20 -52.0874023438
