nrollouts: 2
# HEADER 1
0.0 0.0 0.0 0.0 0.0 0.0 0.0 0.0 0.0 0.0 0.0 0.0 230.0 247.0 255.0 0 0 0.0516042783743 0.0435380061342 
0.0 0.0 0.0 0.0 0.0 0.0 0.0 0.0 0.0 0.0 0.0 0.0 230.0 247.0 255.0 0.0516042783743 0.0435380061342 -0.000667395164061 0.00859663060968 
0.0 0.0 0.0 0.0 0.0 0.0 0.0 0.0 0.0 0.0 0.0 0.0 230.0 247.0 255.0 0.0509368832102 0.0521346367439 -0.0350803415904 0.006254432263 
0.0 0.0 0.0 0.0 0.0 0.0 0.0 0.0 0.0 0.0 0.0 0.0 230.0 247.0 255.0 0.0158565416198 0.0583890690069 -0.0549708484714 -0.0552553608135 
0.0 0.0 0.0 0.0 0.0 0.0 0.0 0.0 0.0 0.0 0.0 0.0 230.0 247.0 255.0 -0.0391143068516 0.00313370819338 0.0354555242135 -0.0321155489824 
0.0 0.0 0.0 0.0 0.0 0.0 0.0 0.0 0.0 0.0 0.0 0.0 230.0 247.0 255.0 -0.00365878263814 -0.028981840789 -0.00955623701468 0.0562868611223 
0.0 0.0 0.0 0.0 0.0 0.0 0.0 0.0 0.0 0.0 0.0 0.0 230.0 247.0 255.0 -0.0132150196528 0.0273050203332 -0.0321086118803 -0.0892319494798 
0.0 0.0 0.0 0.0 0.0 0.0 0.0 0.0 0.0 0.0 0.0 0.0 230.0 247.0 255.0 -0.0453236315331 -0.0619269291465 -0.00718701438435 0.0325992385888 
0.0 0.0 0.0 0.0 0.0 0.0 0.0 0.0 0.0 0.0 0.0 0.0 230.0 247.0 255.0 -0.0525106459175 -0.0293276905577 -0.0573798899614 0.0890118159053 
0.0 0.0 0.0 0.0 0.0 0.0 0.0 0.0 0.0 0.0 0.0 0.0 230.0 247.0 255.0 -0.109890535879 0.0596841253476 -0.000693800948435 0.00501919922672 
0.0 0.0 0.0 0.0 0.0 0.0 0.0 0.0 0.0 0.0 0.0 0.0 230.0 247.0 255.0 -0.110584336827 0.0647033245744 0.0463023410345 0.0361125359027 
0.0 0.0 0.0 0.0 0.0 0.0 0.0 0.0 0.0 0.0 0.0 0.0 230.0 247.0 255.0 -0.0642819957927 0.100815860477 -0.0155393748329 0.0034030261654 
0.0 0.0 0.0 0.0 0.0 0.0 0.0 0.0 0.0 0.0 0.0 0.0 230.0 247.0 255.0 -0.0798213706256 0.104218886643 -0.0648766303578 0.104913523858 
0.0 0.0 0.0 0.0 0.0 0.0 0.0 0.0 0.0 0.0 0.0 0.0 230.0 247.0 255.0 -0.144698000983 0.2091324105 -0.0199583156341 -0.0457099763332 
0.0 0.0 0.0 0.0 0.0 0.0 0.0 0.0 0.0 0.0 0.0 0.0 230.0 247.0 255.0 -0.164656316618 0.163422434167 0.0124957550008 0.0337067962831 
0.0 0.0 0.0 0.0 0.0 0.0 0.0 0.0 0.0 0.0 0.0 0.0 230.0 247.0 255.0 -0.152160561617 0.19712923045 -0.0529583552782 -0.0031165238606 
0.0 0.0 0.0 0.0 0.0 0.0 0.0 0.0 0.0 0.0 0.0 0.0 230.0 247.0 255.0 -0.205118916895 0.19401270659 0.0794895621684 -0.0690815805689 
0.0 0.0 0.0 0.0 0.0 0.0 0.0 0.0 0.0 0.0 0.0 0.0 230.0 247.0 255.0 -0.125629354726 0.124931126021 -0.0180182366443 0.0483935044136 
0.0 0.0 0.0 0.0 0.0 0.0 0.0 0.0 0.0 0.0 0.0 0.0 230.0 247.0 255.0 -0.143647591371 0.173324630434 0.0137206476678 -0.0413654081786 
0.0 0.0 0.0 0.0 0.0 0.0 0.0 0.0 0.0 0.0 0.0 0.0 230.0 247.0 255.0 -0.129926943703 0.131959222256 0.0826661089479 0.051813271438 
0.0 0.0 0.0 0.0 0.0 0.0 0.0 0.0 0.0 0.0 0.0 0.0 230.0 247.0 255.0 -0.0472608347551 0.183772493694 0.0356518812774 -0.00023121037417 
0.0 0.0 0.0 0.0 0.0 0.0 0.0 0.0 0.0 0.0 0.0 0.0 230.0 247.0 255.0 -0.0116089534776 0.18354128332 -0.0796193188041 0.00861958992987 
0.0 0.0 0.0 0.0 0.0 0.0 0.0 0.0 0.0 0.0 0.0 0.0 230.0 247.0 255.0 -0.0912282722817 0.192160873249 0.0495088078469 0.0392958293083 
0.0 0.0 0.0 0.0 0.0 0.0 0.0 0.0 0.0 0.0 0.0 0.0 230.0 247.0 255.0 -0.0417194644348 0.231456702558 0.0159328467011 0.0154104344886 
0.0 0.0 0.0 0.0 0.0 0.0 0.0 0.0 0.0 0.0 0.0 0.0 230.0 247.0 255.0 -0.0257866177337 0.246867137046 0.0392236073842 0.0232788236292 
0.0 0.0 0.0 0.0 0.0 0.0 0.0 0.0 0.0 0.0 0.0 0.0 230.0 247.0 255.0 0.0134369896505 0.270145960675 -0.0353915084735 -0.0806197071274 
0.0 0.0 0.0 0.0 0.0 0.0 0.0 0.0 0.0 0.0 0.0 0.0 230.0 247.0 255.0 -0.0219545188229 0.189526253548 -0.027641933883 0.00366905605023 
0.0 0.0 0.0 0.0 0.0 0.0 0.0 0.0 0.0 0.0 0.0 0.0 230.0 247.0 255.0 -0.0495964527059 0.193195309598 0.0965054325829 0.0362102217898 
0.0 0.0 0.0 0.0 0.0 0.0 0.0 0.0 0.0 0.0 0.0 0.0 230.0 247.0 255.0 0.046908979877 0.229405531388 -0.0172657390457 -0.000187387380077 
0.0 0.0 0.0 0.0 0.0 0.0 0.0 0.0 0.0 0.0 0.0 0.0 230.0 247.0 255.0 0.0296432408313 0.229218144008 0.0517828338893 0.0172296962266 
0.0 0.0 0.0 0.0 0.0 0.0 0.0 0.0 0.0 0.0 0.0 0.0 230.0 247.0 255.0 0.0814260747205 0.246447840235 -0.0222940543785 -0.00293090551345 
0.0 0.0 0.0 0.0 0.0 0.0 0.0 0.0 0.0 0.0 0.0 0.0 230.0 247.0 255.0 0.059132020342 0.243516934721 0.00867762272473 -0.00908453289801 
0.0 0.0 0.0 0.0 0.0 0.0 0.0 0.0 0.0 0.0 0.0 0.0 230.0 247.0 255.0 0.0678096430667 0.234432401823 -0.011078399436 -0.0457713899778 
0.0 0.0 0.0 0.0 0.0 0.0 0.0 0.0 0.0 0.0 0.0 0.0 230.0 247.0 255.0 0.0567312436307 0.188661011845 -0.0290328346938 -0.039594316964 
0.0 0.0 0.0 0.0 0.0 0.0 0.0 0.0 0.0 0.0 0.0 0.0 230.0 247.0 255.0 0.0276984089369 0.149066694881 -0.0713179558452 0.0407584678812 
0.0 0.0 0.0 0.0 0.0 0.0 0.0 0.0 0.0 0.0 0.0 0.0 230.0 247.0 255.0 -0.0436195469083 0.189825162763 0.0141771308883 0.0196287043415 
0.0 0.0 0.0 0.0 0.0 0.0 0.0 0.0 0.0 0.0 0.0 0.0 230.0 247.0 255.0 -0.02944241602 0.209453867104 0.0123286392346 -0.0150241990805 
0.0 0.0 0.0 0.0 0.0 0.0 0.0 0.0 0.0 0.0 0.0 0.0 230.0 247.0 255.0 -0.0171137767854 0.194429668024 -0.0817406317545 -0.0388543357934 
0.0 0.0 0.0 0.0 0.0 0.0 0.0 0.0 0.0 0.0 0.0 0.0 230.0 247.0 255.0 -0.0988544085399 0.15557533223 0.00335585229056 -0.00574899613619 
0.0 0.0 0.0 0.0 0.0 0.0 0.0 0.0 0.0 0.0 0.0 0.0 230.0 247.0 255.0 -0.0954985562493 0.149826336094 -0.0643166334988 -0.00514457517808 
0.0 0.0 0.0 0.0 0.0 0.0 0.0 0.0 0.0 0.0 0.0 0.0 230.0 247.0 255.0 -0.159815189748 0.144681760916 -0.0417042087322 0.044802604129 
0.0 0.0 0.0 0.0 0.0 0.0 0.0 0.0 0.0 0.0 0.0 0.0 230.0 247.0 255.0 -0.20151939848 0.189484365045 0.00236314304063 -0.0028090927261 
0.0 0.0 0.0 0.0 0.0 0.0 0.0 0.0 0.0 0.0 0.0 0.0 230.0 247.0 255.0 -0.19915625544 0.186675272319 -0.00857793116985 -0.0258791210816 
0.0 0.0 0.0 0.0 0.0 0.0 0.0 0.0 0.0 0.0 0.0 0.0 230.0 247.0 255.0 -0.20773418661 0.160796151237 0.0228298651218 0.0612331055566 
0.0 0.0 0.0 0.0 0.0 0.0 0.0 0.0 0.0 0.0 0.0 0.0 230.0 247.0 255.0 -0.184904321488 0.222029256794 -0.0301663000561 -0.0112653116716 
0.0 0.0 0.0 0.0 0.0 0.0 0.0 0.0 0.0 0.0 0.0 0.0 230.0 247.0 255.0 -0.215070621544 0.210763945122 -0.0129730426398 -0.03464573573 
0.0 0.0 0.0 0.0 0.0 0.0 0.0 0.0 0.0 0.0 0.0 0.0 230.0 247.0 255.0 -0.228043664184 0.176118209392 0.0801648124108 -0.00784028587088 
0.0 0.0 0.0 0.0 0.0 0.0 0.0 0.0 0.0 0.0 0.0 0.0 230.0 247.0 255.0 -0.147878851773 0.168277923521 0.0476534666436 -0.0902532322387 
0.0 0.0 0.0 0.0 0.0 0.0 0.0 0.0 0.0 0.0 0.0 0.0 230.0 247.0 255.0 -0.100225385129 0.0780246912825 0.00343230240049 0.0817334256948 
0.0 0.0 0.0 0.0 0.0 0.0 0.0 0.0 0.0 0.0 0.0 0.0 230.0 247.0 255.0 -0.0967930827289 0.159758116977 0.0100810556765 0.0213444597196 
0.0 0.0 0.0 0.0 0.0 0.0 0.0 0.0 0.0 0.0 0.0 0.0 230.0 247.0 255.0 -0.0867120270524 0.181102576697 0.0211088577016 -0.00509309122606 
0.0 0.0 0.0 0.0 0.0 0.0 0.0 0.0 0.0 0.0 0.0 0.0 230.0 247.0 255.0 -0.0656031693508 0.176009485471 0.0118881957289 -0.00713729345341 
0.0 0.0 0.0 0.0 0.0 0.0 0.0 0.0 0.0 0.0 0.0 0.0 230.0 247.0 255.0 -0.0537149736219 0.168872192017 0.0274621027718 -0.0233568495835 
0.0 0.0 0.0 0.0 0.0 0.0 0.0 0.0 0.0 0.0 0.0 0.0 230.0 247.0 255.0 -0.0262528708501 0.145515342434 -0.0127990856131 -0.0185437137221 
0.0 0.0 0.0 0.0 0.0 0.0 0.0 0.0 0.0 0.0 0.0 0.0 230.0 247.0 255.0 -0.0390519564632 0.126971628712 -0.0751984046217 0.0251257818141 
0.0 0.0 0.0 0.0 0.0 0.0 0.0 0.0 0.0 0.0 0.0 0.0 230.0 247.0 255.0 -0.114250361085 0.152097410526 -0.0213718342446 0.00839776963804 
0.0 0.0 0.0 0.0 0.0 0.0 0.0 0.0 0.0 0.0 0.0 0.0 230.0 247.0 255.0 -0.135622195329 0.160495180164 0.0402794681767 -0.0440709023078 
0.0 0.0 0.0 0.0 0.0 0.0 0.0 0.0 0.0 0.0 0.0 0.0 230.0 247.0 255.0 -0.0953427271528 0.116424277856 -0.053249852877 0.0327250934373 
0.0 0.0 0.0 0.0 0.0 0.0 0.0 0.0 0.0 0.0 0.0 0.0 230.0 247.0 255.0 -0.14859258003 0.149149371294 -0.0629679526688 -0.0151740775351 
0.0 0.0 0.0 0.0 0.0 0.0 0.0 0.0 0.0 0.0 0.0 0.0 230.0 247.0 255.0 -0.211560532699 0.133975293758 0.0576606134919 -0.0607716362912 
0.0 0.0 0.0 0.0 0.0 0.0 0.0 0.0 0.0 0.0 0.0 0.0 230.0 247.0 255.0 -0.153899919207 0.0732036574672 0.0432048408593 0.0506263203786 
0.0 0.0 0.0 0.0 0.0 0.0 0.0 0.0 0.0 0.0 0.0 0.0 230.0 247.0 255.0 -0.110695078347 0.123829977846 -0.0197354656312 0.056060637615 
0.0 0.0 0.0 0.0 0.0 0.0 0.0 0.0 0.0 0.0 0.0 0.0 230.0 247.0 255.0 -0.130430543979 0.179890615461 -0.0256072543902 0.017434336912 
0.0 0.0 0.0 0.0 0.0 0.0 0.0 0.0 0.0 0.0 0.0 0.0 230.0 247.0 255.0 -0.156037798369 0.197324952373 -0.0655886800106 -0.0338344950029 
0.0 0.0 0.0 0.0 0.0 0.0 0.0 0.0 0.0 0.0 0.0 0.0 230.0 247.0 255.0 -0.22162647838 0.16349045737 -0.0183771730145 -0.00802783431006 
0.0 0.0 0.0 0.0 0.0 0.0 0.0 0.0 0.0 0.0 0.0 0.0 230.0 247.0 255.0 -0.240003651394 0.15546262306 0.00755770242027 -0.0381554289872 
0.0 0.0 0.0 0.0 0.0 0.0 0.0 0.0 0.0 0.0 0.0 0.0 230.0 247.0 255.0 -0.232445948974 0.117307194073 -0.0538563149616 0.0262887027076 
0.0 0.0 0.0 0.0 0.0 0.0 0.0 0.0 0.0 0.0 0.0 0.0 230.0 247.0 255.0 -0.286302263935 0.14359589678 -0.0525923690502 0.0442061402231 
0.0 0.0 0.0 0.0 0.0 0.0 0.0 0.0 0.0 0.0 0.0 0.0 230.0 247.0 255.0 -0.333333333333 0.187802037003 0.00010056115755 -0.0130573348118 
0.0 0.0 0.0 0.0 0.0 0.0 0.0 0.0 0.0 0.0 0.0 0.0 230.0 247.0 255.0 -0.333232772176 0.174744702192 0.0309330315789 -0.0251338011951 
0.0 0.0 0.0 0.0 0.0 0.0 0.0 0.0 0.0 0.0 0.0 0.0 230.0 247.0 255.0 -0.302299740597 0.149610900997 0.00466176822503 -0.00457716913458 
0.0 0.0 0.0 0.0 0.0 0.0 0.0 0.0 0.0 0.0 0.0 0.0 230.0 247.0 255.0 -0.297637972372 0.145033731862 -0.0145130945747 -0.0784416676739 
0.0 0.0 0.0 0.0 0.0 0.0 0.0 0.0 0.0 0.0 0.0 0.0 230.0 247.0 255.0 -0.312151066947 0.066592064188 -0.0123093619287 0.020429237522 
0.0 0.0 0.0 0.0 0.0 0.0 0.0 0.0 0.0 0.0 0.0 0.0 230.0 247.0 255.0 -0.324460428875 0.08702130171 0.00416084170977 0.0777489710356 
0.0 0.0 0.0 0.0 0.0 0.0 0.0 0.0 0.0 0.0 0.0 0.0 230.0 247.0 255.0 -0.320299587166 0.164770272746 -0.00182451746299 0.013476981587 
0.0 0.0 0.0 0.0 0.0 0.0 0.0 0.0 0.0 0.0 0.0 0.0 230.0 247.0 255.0 -0.322124104629 0.178247254333 -0.0135722744195 -0.0502101725993 
0.0 0.0 0.0 0.0 0.0 0.0 0.0 0.0 0.0 0.0 0.0 0.0 230.0 247.0 255.0 -0.333333333333 0.128037081733 -0.141974696777 0.0487409326937 
0.0 0.0 0.0 0.0 0.0 0.0 0.0 0.0 0.0 0.0 0.0 0.0 230.0 247.0 255.0 -0.333333333333 0.176778014427 0.0335629949019 -0.0532929103204 
0.0 0.0 0.0 0.0 0.0 0.0 0.0 0.0 0.0 0.0 0.0 0.0 230.0 247.0 255.0 -0.299770338431 0.123485104107 -0.0849370812442 -0.0176383009819 
0.0 0.0 0.0 0.0 0.0 0.0 0.0 0.0 0.0 0.0 0.0 0.0 230.0 247.0 255.0 -0.333333333333 0.105846803125 0.0410743669084 -0.0384355917528 
0.0 0.0 0.0 0.0 0.0 0.0 0.0 0.0 0.0 0.0 0.0 0.0 230.0 247.0 255.0 -0.292258966425 0.0674112113719 0.0281997606241 0.0114280068178 
0.0 0.0 0.0 0.0 0.0 0.0 0.0 0.0 0.0 0.0 0.0 0.0 230.0 247.0 255.0 -0.264059205801 0.0788392181897 0.109363348396 -0.0662684732325 
0.0 0.0 0.0 0.0 0.0 0.0 0.0 0.0 0.0 0.0 0.0 0.0 230.0 247.0 255.0 -0.154695857405 0.0125707449572 0.0727529627696 0.0475585461771 
0.0 0.0 0.0 0.0 0.0 0.0 0.0 0.0 0.0 0.0 0.0 0.0 230.0 247.0 255.0 -0.0819428946357 0.0601292911343 -0.0142764200889 0.136223660868 
# HEADER 2
0.0 0.0 0.0 0.0 0.0 0.0 0.0 0.0 0.0 0.0 0.0 0.0 230.0 247.0 255.0 0 0 0.0123268804445 -0.022787574414 
0.0 0.0 0.0 0.0 0.0 0.0 0.0 0.0 0.0 0.0 0.0 0.0 230.0 247.0 255.0 0.0123268804445 -0.022787574414 0.0324303077382 0.0942597033353 
0.0 0.0 0.0 0.0 0.0 0.0 0.0 0.0 0.0 0.0 0.0 0.0 230.0 247.0 255.0 0.0447571881827 0.0714721289212 0.100315701186 0.0369208345544 
0.0 0.0 0.0 0.0 0.0 0.0 0.0 0.0 0.0 0.0 0.0 0.0 230.0 247.0 255.0 0.145072889369 0.108392963476 -0.0844972839236 -0.0467778181003 
0.0 0.0 0.0 0.0 0.0 0.0 0.0 0.0 0.0 0.0 0.0 0.0 230.0 247.0 255.0 0.0605756054449 0.0616151453754 -0.0577636552666 0.0105166743516 
0.0 0.0 0.0 0.0 0.0 0.0 0.0 0.0 0.0 0.0 0.0 0.0 230.0 247.0 255.0 0.00281195017835 0.072131819727 -0.0061833333096 -0.0185883357793 
0.0 0.0 0.0 0.0 0.0 0.0 0.0 0.0 0.0 0.0 0.0 0.0 230.0 247.0 255.0 -0.00337138313125 0.0535434839477 -0.0615744549073 -0.0371981756979 
0.0 0.0 0.0 0.0 0.0 0.0 0.0 0.0 0.0 0.0 0.0 0.0 230.0 247.0 255.0 -0.0649458380385 0.0163453082498 -0.016638050651 -0.0478886423654 
0.0 0.0 0.0 0.0 0.0 0.0 0.0 0.0 0.0 0.0 0.0 0.0 230.0 247.0 255.0 -0.0815838886895 -0.0315433341156 0.00908455687332 0.00192525359404 
0.0 0.0 0.0 0.0 0.0 0.0 0.0 0.0 0.0 0.0 0.0 0.0 230.0 247.0 255.0 -0.0724993318161 -0.0296180805216 0.126767793603 0.00914035836711 
0.0 0.0 0.0 0.0 0.0 0.0 0.0 0.0 0.0 0.0 0.0 0.0 230.0 247.0 255.0 0.0542684617864 -0.0204777221545 0.0149261330798 0.0394653731109 
0.0 0.0 0.0 0.0 0.0 0.0 0.0 0.0 0.0 0.0 0.0 0.0 230.0 247.0 255.0 0.0691945948662 0.0189876509564 -0.0279603993829 -0.0431128274743 
0.0 0.0 0.0 0.0 0.0 0.0 0.0 0.0 0.0 0.0 0.0 0.0 230.0 247.0 255.0 0.0412341954833 -0.0241251765179 -0.0353365108479 0.0285572001945 
0.0 0.0 0.0 0.0 0.0 0.0 0.0 0.0 0.0 0.0 0.0 0.0 230.0 247.0 255.0 0.00589768463538 0.00443202367654 -0.0315792397722 -0.0211056730758 
0.0 0.0 0.0 0.0 0.0 0.0 0.0 0.0 0.0 0.0 0.0 0.0 230.0 247.0 255.0 -0.0256815551368 -0.0166736493992 0.0542630406848 -0.00783062062408 
0.0 0.0 0.0 0.0 0.0 0.0 0.0 0.0 0.0 0.0 0.0 0.0 230.0 247.0 255.0 0.0285814855479 -0.0245042700233 0.0283775870703 0.0369883085286 
0.0 0.0 0.0 0.0 0.0 0.0 0.0 0.0 0.0 0.0 0.0 0.0 230.0 247.0 255.0 0.0569590726182 0.0124840385053 -0.0637612903813 -0.0963810267907 
0.0 0.0 0.0 0.0 0.0 0.0 0.0 0.0 0.0 0.0 0.0 0.0 230.0 247.0 255.0 -0.00680221776304 -0.0838969882853 -0.09199936702 0.0419666478087 
0.0 0.0 0.0 0.0 0.0 0.0 0.0 0.0 0.0 0.0 0.0 0.0 230.0 247.0 255.0 -0.0988015847831 -0.0419303404766 -0.03322113268 0.0702330412202 
0.0 0.0 0.0 0.0 0.0 0.0 0.0 0.0 0.0 0.0 0.0 0.0 230.0 247.0 255.0 -0.132022717463 0.0283027007437 0.0705971809023 0.0713954001295 
0.0 0.0 0.0 0.0 0.0 0.0 0.0 0.0 0.0 0.0 0.0 0.0 230.0 247.0 255.0 -0.0614255365607 0.0996981008732 0.0984822984065 0.0472058687512 
0.0 0.0 0.0 0.0 0.0 0.0 0.0 0.0 0.0 0.0 0.0 0.0 230.0 247.0 255.0 0.0370567618459 0.146903969624 -0.0573800441311 0.0102259067164 
0.0 0.0 0.0 0.0 0.0 0.0 0.0 0.0 0.0 0.0 0.0 0.0 230.0 247.0 255.0 -0.0203232822852 0.157129876341 -0.0466776978621 0.108682775504 
0.0 0.0 0.0 0.0 0.0 0.0 0.0 0.0 0.0 0.0 0.0 0.0 230.0 247.0 255.0 -0.0670009801474 0.265812651844 0.00131488070976 0.0838548480758 
0.0 0.0 0.0 0.0 0.0 0.0 0.0 0.0 0.0 0.0 0.0 0.0 230.0 247.0 255.0 -0.0656860994376 0.333333333333 0.000871658395724 -0.0495373815214 
0.0 0.0 0.0 0.0 0.0 0.0 0.0 0.0 0.0 0.0 0.0 0.0 230.0 247.0 255.0 -0.0648144410419 0.283795951812 -0.0235099100465 0.0797988237763 
0.0 0.0 0.0 0.0 0.0 0.0 0.0 0.0 0.0 0.0 0.0 0.0 230.0 247.0 255.0 -0.0883243510884 0.333333333333 0.0433997839564 -0.0604977218093 
0.0 0.0 0.0 0.0 0.0 0.0 0.0 0.0 0.0 0.0 0.0 0.0 230.0 247.0 255.0 -0.044924567132 0.272835611524 0.0752263868109 -0.0210417771446 
0.0 0.0 0.0 0.0 0.0 0.0 0.0 0.0 0.0 0.0 0.0 0.0 230.0 247.0 255.0 0.030301819679 0.25179383438 -0.153222870981 -0.0128811778346 
0.0 0.0 0.0 0.0 0.0 0.0 0.0 0.0 0.0 0.0 0.0 0.0 230.0 247.0 255.0 -0.122921051302 0.238912656545 0.0693625675625 -0.0779359338886 
0.0 0.0 0.0 0.0 0.0 0.0 0.0 0.0 0.0 0.0 0.0 0.0 230.0 247.0 255.0 -0.0535584837391 0.160976722656 0.089967627378 -0.0188569917035 
0.0 0.0 0.0 0.0 0.0 0.0 0.0 0.0 0.0 0.0 0.0 0.0 230.0 247.0 255.0 0.0364091436388 0.142119730953 -0.0609525025034 0.0636899379537 
0.0 0.0 0.0 0.0 0.0 0.0 0.0 0.0 0.0 0.0 0.0 0.0 230.0 247.0 255.0 -0.0245433588646 0.205809668907 0.0288261281945 0.0762046213648 
0.0 0.0 0.0 0.0 0.0 0.0 0.0 0.0 0.0 0.0 0.0 0.0 230.0 247.0 255.0 0.00428276932993 0.282014290271 0.00461710343712 0.0308069375781 
0.0 0.0 0.0 0.0 0.0 0.0 0.0 0.0 0.0 0.0 0.0 0.0 230.0 247.0 255.0 0.00889987276705 0.312821227849 -0.0435298344636 0.00417767258234 
0.0 0.0 0.0 0.0 0.0 0.0 0.0 0.0 0.0 0.0 0.0 0.0 230.0 247.0 255.0 -0.0346299616965 0.316998900432 -0.0533694536138 -0.118451968965 
0.0 0.0 0.0 0.0 0.0 0.0 0.0 0.0 0.0 0.0 0.0 0.0 230.0 247.0 255.0 -0.0879994153103 0.198546931466 -0.0646210681947 -0.0024867094948 
0.0 0.0 0.0 0.0 0.0 0.0 0.0 0.0 0.0 0.0 0.0 0.0 230.0 247.0 255.0 -0.152620483505 0.196060221972 0.00293207750791 -0.0808352760099 
0.0 0.0 0.0 0.0 0.0 0.0 0.0 0.0 0.0 0.0 0.0 0.0 230.0 247.0 255.0 -0.149688405997 0.115224945962 -0.0516487554852 0.0226267716949 
0.0 0.0 0.0 0.0 0.0 0.0 0.0 0.0 0.0 0.0 0.0 0.0 230.0 247.0 255.0 -0.201337161482 0.137851717657 0.0250619895122 -0.0864667635371 
0.0 0.0 0.0 0.0 0.0 0.0 0.0 0.0 0.0 0.0 0.0 0.0 230.0 247.0 255.0 -0.17627517197 0.0513849541195 -0.0663296408103 -0.00902148492461 
0.0 0.0 0.0 0.0 0.0 0.0 0.0 0.0 0.0 0.0 0.0 0.0 230.0 247.0 255.0 -0.24260481278 0.0423634691949 0.0403212443603 -0.0722474816522 
0.0 0.0 0.0 0.0 0.0 0.0 0.0 0.0 0.0 0.0 0.0 0.0 230.0 247.0 255.0 -0.20228356842 -0.0298840124573 0.0286393152183 0.00235925010267 
0.0 0.0 0.0 0.0 0.0 0.0 0.0 0.0 0.0 0.0 0.0 0.0 230.0 247.0 255.0 -0.173644253202 -0.0275247623547 0.0569564124547 -0.0409232637521 
0.0 0.0 0.0 0.0 0.0 0.0 0.0 0.0 0.0 0.0 0.0 0.0 230.0 247.0 255.0 -0.116687840747 -0.0684480261068 -0.0897583735651 0.0382331231361 
0.0 0.0 0.0 0.0 0.0 0.0 0.0 0.0 0.0 0.0 0.0 0.0 230.0 247.0 255.0 -0.206446214312 -0.0302149029707 -0.0285577238913 0.0554673305892 
0.0 0.0 0.0 0.0 0.0 0.0 0.0 0.0 0.0 0.0 0.0 0.0 230.0 247.0 255.0 -0.235003938204 0.0252524276185 -0.04099422504 -0.00609518781608 
0.0 0.0 0.0 0.0 0.0 0.0 0.0 0.0 0.0 0.0 0.0 0.0 230.0 247.0 255.0 -0.275998163244 0.0191572398024 0.0181381522538 0.00663048471218 
0.0 0.0 0.0 0.0 0.0 0.0 0.0 0.0 0.0 0.0 0.0 0.0 230.0 247.0 255.0 -0.25786001099 0.0257877245146 0.00658308518848 -0.0366594838777 
0.0 0.0 0.0 0.0 0.0 0.0 0.0 0.0 0.0 0.0 0.0 0.0 230.0 247.0 255.0 -0.251276925801 -0.0108717593632 0.0559473656773 -0.0660542680557 
0.0 0.0 0.0 0.0 0.0 0.0 0.0 0.0 0.0 0.0 0.0 0.0 230.0 247.0 255.0 -0.195329560124 -0.0769260274189 -0.0129641027102 -0.0283095015176 
0.0 0.0 0.0 0.0 0.0 0.0 0.0 0.0 0.0 0.0 0.0 0.0 230.0 247.0 255.0 -0.208293662834 -0.105235528936 0.0582247970857 0.0432800931901 
0.0 0.0 0.0 0.0 0.0 0.0 0.0 0.0 0.0 0.0 0.0 0.0 230.0 247.0 255.0 -0.150068865748 -0.0619554357464 -0.0258820383649 0.0278123882861 
0.0 0.0 0.0 0.0 0.0 0.0 0.0 0.0 0.0 0.0 0.0 0.0 230.0 247.0 255.0 -0.175950904113 -0.0341430474602 -0.0018770547376 0.0285094073572 
0.0 0.0 0.0 0.0 0.0 0.0 0.0 0.0 0.0 0.0 0.0 0.0 230.0 247.0 255.0 -0.177827958851 -0.00563364010301 -0.0300625645502 0.0382054189913 
0.0 0.0 0.0 0.0 0.0 0.0 0.0 0.0 0.0 0.0 0.0 0.0 230.0 247.0 255.0 -0.207890523401 0.0325717788883 -0.0888379218686 0.021462681696 
0.0 0.0 0.0 0.0 0.0 0.0 0.0 0.0 0.0 0.0 0.0 0.0 230.0 247.0 255.0 -0.29672844527 0.0540344605843 -0.0568626400451 0.0209565098342 
0.0 0.0 0.0 0.0 0.0 0.0 0.0 0.0 0.0 0.0 0.0 0.0 230.0 247.0 255.0 -0.333333333333 0.0749909704184 -0.00752826210639 -0.00165420046727 
0.0 0.0 0.0 0.0 0.0 0.0 0.0 0.0 0.0 0.0 0.0 0.0 230.0 247.0 255.0 -0.333333333333 0.0733367699512 -0.00130231042499 -0.0911203856098 
0.0 0.0 0.0 0.0 0.0 0.0 0.0 0.0 0.0 0.0 0.0 0.0 230.0 247.0 255.0 -0.333333333333 -0.0177836156587 0.00924609077306 -0.0377703968391 
0.0 0.0 0.0 0.0 0.0 0.0 0.0 0.0 0.0 0.0 0.0 0.0 230.0 247.0 255.0 -0.32408724256 -0.0555540124977 0.0588732603579 0.0228000184307 
0.0 0.0 0.0 0.0 0.0 0.0 0.0 0.0 0.0 0.0 0.0 0.0 230.0 247.0 255.0 -0.265213982202 -0.032753994067 -0.0939511027359 0.0240222872634 
0.0 0.0 0.0 0.0 0.0 0.0 0.0 0.0 0.0 0.0 0.0 0.0 230.0 247.0 255.0 -0.333333333333 -0.00873170680361 0.0240662223709 -0.115775722683 
0.0 0.0 0.0 0.0 0.0 0.0 0.0 0.0 0.0 0.0 0.0 0.0 230.0 247.0 255.0 -0.309267110962 -0.124507429486 -0.0018459541153 -0.0360600498366 
0.0 0.0 0.0 0.0 0.0 0.0 0.0 0.0 0.0 0.0 0.0 0.0 230.0 247.0 255.0 -0.311113065078 -0.160567479323 -0.0172600596331 -0.0581465343883 
0.0 0.0 0.0 0.0 0.0 0.0 0.0 0.0 0.0 0.0 0.0 0.0 230.0 247.0 255.0 -0.328373124711 -0.218714013711 -0.0654036413892 0.0444425509575 
0.0 0.0 0.0 0.0 0.0 0.0 0.0 0.0 0.0 0.0 0.0 0.0 230.0 247.0 255.0 -0.333333333333 -0.174271462754 0.0110584612385 -0.0371647324063 
0.0 0.0 0.0 0.0 0.0 0.0 0.0 0.0 0.0 0.0 0.0 0.0 230.0 247.0 255.0 -0.322274872095 -0.21143619516 0.0324231764866 0.0420019741102 
0.0 0.0 0.0 0.0 0.0 0.0 0.0 0.0 0.0 0.0 0.0 0.0 230.0 247.0 255.0 -0.289851695608 -0.16943422105 0.103156104336 0.0364869389199 
0.0 0.0 0.0 0.0 0.0 0.0 0.0 0.0 0.0 0.0 0.0 0.0 230.0 247.0 255.0 -0.186695591272 -0.13294728213 -0.0910165564864 -0.0375280599509 
0.0 0.0 0.0 0.0 0.0 0.0 0.0 0.0 0.0 0.0 0.0 0.0 230.0 247.0 255.0 -0.277712147758 -0.170475342081 0.110794241677 -0.00287797930132 
0.0 0.0 0.0 0.0 0.0 0.0 0.0 0.0 0.0 0.0 0.0 0.0 230.0 247.0 255.0 -0.166917906082 -0.173353321382 0.0245140907304 -0.0617257428957 
0.0 0.0 0.0 0.0 0.0 0.0 0.0 0.0 0.0 0.0 0.0 0.0 230.0 247.0 255.0 -0.142403815351 -0.235079064278 0.0684764988664 0.0324578034649 
0.0 0.0 0.0 0.0 0.0 0.0 0.0 0.0 0.0 0.0 0.0 0.0 230.0 247.0 255.0 -0.0739273164847 -0.202621260813 -0.0610306840367 -0.0235467582879 
0.0 0.0 0.0 0.0 0.0 0.0 0.0 0.0 0.0 0.0 0.0 0.0 230.0 247.0 255.0 -0.134958000521 -0.226168019101 0.0339602164033 -0.0234241617476 
0.0 0.0 0.0 0.0 0.0 0.0 0.0 0.0 0.0 0.0 0.0 0.0 230.0 247.0 255.0 -0.100997784118 -0.249592180848 -0.0164373860101 -0.0214697412259 
0.0 0.0 0.0 0.0 0.0 0.0 0.0 0.0 0.0 0.0 0.0 0.0 230.0 247.0 255.0 -0.117435170128 -0.271061922074 0.00871345764212 0.0614707692701 
0.0 0.0 0.0 0.0 0.0 0.0 0.0 0.0 0.0 0.0 0.0 0.0 230.0 247.0 255.0 -0.108721712486 -0.209591152804 0.131708507981 -0.0648642068907 
0.0 0.0 0.0 0.0 0.0 0.0 0.0 0.0 0.0 0.0 0.0 0.0 230.0 247.0 255.0 0.0229867954952 -0.274455359695 -0.0506007882938 -0.080992987339 
0.0 0.0 0.0 0.0 0.0 0.0 0.0 0.0 0.0 0.0 0.0 0.0 230.0 247.0 255.0 -0.0276139927986 -0.333333333333 0.0607542970668 -0.00429972051804 
0.0 0.0 0.0 0.0 0.0 0.0 0.0 0.0 0.0 0.0 0.0 0.0 230.0 247.0 255.0 0.0331403042682 -0.333333333333 0.00176034549443 0.0666472792705 
0.0 0.0 0.0 0.0 0.0 0.0 0.0 0.0 0.0 0.0 0.0 0.0 230.0 247.0 255.0 0.0349006497627 -0.266686054063 -0.0302169337779 0.0625671923544 
0.0 0.0 0.0 0.0 0.0 0.0 0.0 0.0 0.0 0.0 0.0 0.0 230.0 247.0 255.0 0.00468371598481 -0.204118861708 -0.0232412494893 -0.0969273475932 
0.0 0.0 0.0 0.0 0.0 0.0 0.0 0.0 0.0 0.0 0.0 0.0 230.0 247.0 255.0 -0.0185575335045 -0.301046209302 -0.0558633633587 -0.0384618924078 
0.0 0.0 0.0 0.0 0.0 0.0 0.0 0.0 0.0 0.0 0.0 0.0 230.0 247.0 255.0 -0.0744208968633 -0.333333333333 -0.0193599295037 -0.00464935925712 
0.0 0.0 0.0 0.0 0.0 0.0 0.0 0.0 0.0 0.0 0.0 0.0 230.0 247.0 255.0 -0.093780826367 -0.333333333333 -0.00718901269603 -0.0381764349343 
0.0 0.0 0.0 0.0 0.0 0.0 0.0 0.0 0.0 0.0 0.0 0.0 230.0 247.0 255.0 -0.100969839063 -0.333333333333 -0.0307405110674 -0.0499346196632 
0.0 0.0 0.0 0.0 0.0 0.0 0.0 0.0 0.0 0.0 0.0 0.0 230.0 247.0 255.0 -0.13171035013 -0.333333333333 -0.077335872175 -0.0574084248153 
0.0 0.0 0.0 0.0 0.0 0.0 0.0 0.0 0.0 0.0 0.0 0.0 230.0 247.0 255.0 -0.209046222305 -0.333333333333 -0.0247906010684 -0.00728579979433 
0.0 0.0 0.0 0.0 0.0 0.0 0.0 0.0 0.0 0.0 0.0 0.0 230.0 247.0 255.0 -0.233836823374 -0.333333333333 0.0431647657105 0.028673260785 
0.0 0.0 0.0 0.0 0.0 0.0 0.0 0.0 0.0 0.0 0.0 0.0 230.0 247.0 255.0 -0.190672057663 -0.304660072548 0.0547712733585 -0.000887389480414 
0.0 0.0 0.0 0.0 0.0 0.0 0.0 0.0 0.0 0.0 0.0 0.0 230.0 247.0 255.0 -0.135900784305 -0.305547462029 -0.018163611633 -0.0361860650416 
0.0 0.0 0.0 0.0 0.0 0.0 0.0 0.0 0.0 0.0 0.0 0.0 230.0 247.0 255.0 -0.154064395938 -0.333333333333 -0.0451676647508 -0.00759424318012 
0.0 0.0 0.0 0.0 0.0 0.0 0.0 0.0 0.0 0.0 0.0 0.0 230.0 247.0 255.0 -0.199232060689 -0.333333333333 0.091888435968 -0.0453888277304 
0.0 0.0 0.0 0.0 0.0 0.0 0.0 0.0 0.0 0.0 0.0 0.0 230.0 247.0 255.0 -0.107343624721 -0.333333333333 -0.0401295175784 -0.00106790198269 
0.0 0.0 0.0 0.0 0.0 0.0 0.0 0.0 0.0 0.0 0.0 0.0 230.0 247.0 255.0 -0.147473142299 -0.333333333333 -0.0683765235819 -0.087822487177 
0.0 0.0 0.0 0.0 0.0 0.0 0.0 0.0 0.0 0.0 0.0 0.0 230.0 247.0 255.0 -0.215849665881 -0.333333333333 -0.0989299864997 0.020437974589 
0.0 0.0 0.0 0.0 0.0 0.0 0.0 0.0 0.0 0.0 0.0 0.0 230.0 247.0 255.0 -0.314779652381 -0.312895358744 -0.0958852290197 -0.0457380507607 
0.0 0.0 0.0 0.0 0.0 0.0 0.0 0.0 0.0 0.0 0.0 0.0 230.0 247.0 255.0 -0.333333333333 -0.333333333333 0.0177582030636 0.030576830596 
0.0 0.0 0.0 0.0 0.0 0.0 0.0 0.0 0.0 0.0 0.0 0.0 230.0 247.0 255.0 -0.31557513027 -0.302756502737 -0.0104507179134 0.038611503637 
0.0 0.0 0.0 0.0 0.0 0.0 0.0 0.0 0.0 0.0 0.0 0.0 230.0 247.0 255.0 -0.326025848183 -0.2641449991 0.179237726562 0.0570960841285 
0.0 0.0 0.0 0.0 0.0 0.0 0.0 0.0 0.0 0.0 0.0 0.0 230.0 247.0 255.0 -0.146788121621 -0.207048914972 0.100446502037 0.0633152548697 
0.0 0.0 0.0 0.0 0.0 0.0 0.0 0.0 0.0 0.0 0.0 0.0 230.0 247.0 255.0 -0.0463416195841 -0.143733660102 0.0499531226926 -0.0286466392798 
0.0 0.0 0.0 0.0 0.0 0.0 0.0 0.0 0.0 0.0 0.0 0.0 230.0 247.0 255.0 0.00361150310851 -0.172380299382 -0.00179177349473 0.0372293957774 
0.0 0.0 0.0 0.0 0.0 0.0 0.0 0.0 0.0 0.0 0.0 0.0 230.0 247.0 255.0 0.00181972961378 -0.135150903604 0.0566792861875 -0.0153674555374 
0.0 0.0 0.0 0.0 0.0 0.0 0.0 0.0 0.0 0.0 0.0 0.0 230.0 247.0 255.0 0.0584990158013 -0.150518359142 -0.0260862439975 -0.00846766272038 
0.0 0.0 0.0 0.0 0.0 0.0 0.0 0.0 0.0 0.0 0.0 0.0 230.0 247.0 255.0 0.0324127718038 -0.158986021862 0.0887632178936 -0.00562834798927 
0.0 0.0 0.0 0.0 0.0 0.0 0.0 0.0 0.0 0.0 0.0 0.0 230.0 247.0 255.0 0.121175989697 -0.164614369851 -0.0383865959242 0.00340279237371 
0.0 0.0 0.0 0.0 0.0 0.0 0.0 0.0 0.0 0.0 0.0 0.0 230.0 247.0 255.0 0.0827893937733 -0.161211577478 -0.032072009473 -0.05431417199 
0.0 0.0 0.0 0.0 0.0 0.0 0.0 0.0 0.0 0.0 0.0 0.0 230.0 247.0 255.0 0.0507173843003 -0.215525749468 0.1173182064 -0.0441335419623 
0.0 0.0 0.0 0.0 0.0 0.0 0.0 0.0 0.0 0.0 0.0 0.0 230.0 247.0 255.0 0.1680355907 -0.25965929143 0.0124188335048 -0.00548251457918 
0.0 0.0 0.0 0.0 0.0 0.0 0.0 0.0 0.0 0.0 0.0 0.0 230.0 247.0 255.0 0.180454424205 -0.265141806009 -0.0197774011935 0.00834673345899 
0.0 0.0 0.0 0.0 0.0 0.0 0.0 0.0 0.0 0.0 0.0 0.0 230.0 247.0 255.0 0.160677023011 -0.25679507255 0.0651312673005 -0.0466864138972 
0.0 0.0 0.0 0.0 0.0 0.0 0.0 0.0 0.0 0.0 0.0 0.0 230.0 247.0 255.0 0.225808290312 -0.303481486447 -0.0732366542397 0.0438992128434 
0.0 0.0 0.0 0.0 0.0 0.0 0.0 0.0 0.0 0.0 0.0 0.0 230.0 247.0 255.0 0.152571636072 -0.259582273604 -0.13328191656 0.0534709238432 
0.0 0.0 0.0 0.0 0.0 0.0 0.0 0.0 0.0 0.0 0.0 0.0 230.0 247.0 255.0 0.0192897195124 -0.206111349761 0.0587308325501 -0.0252283857143 
0.0 0.0 0.0 0.0 0.0 0.0 0.0 0.0 0.0 0.0 0.0 0.0 230.0 247.0 255.0 0.0780205520624 -0.231339735475 0.0677189294113 0.0046104751298 
0.0 0.0 0.0 0.0 0.0 0.0 0.0 0.0 0.0 0.0 0.0 0.0 230.0 247.0 255.0 0.145739481474 -0.226729260345 0.0344607461266 0.0421224701351 
0.0 0.0 0.0 0.0 0.0 0.0 0.0 0.0 0.0 0.0 0.0 0.0 230.0 247.0 255.0 0.1802002276 -0.18460679021 0.0399344932412 0.0518277836984 
0.0 0.0 0.0 0.0 0.0 0.0 0.0 0.0 0.0 0.0 0.0 0.0 230.0 247.0 255.0 0.220134720842 -0.132779006512 -0.00397022975972 0.103649475406 
0.0 0.0 0.0 0.0 0.0 0.0 0.0 0.0 0.0 0.0 0.0 0.0 230.0 247.0 255.0 0.216164491082 -0.0291295311059 -0.0428674996043 -0.0258439234097 
0.0 0.0 0.0 0.0 0.0 0.0 0.0 0.0 0.0 0.0 0.0 0.0 230.0 247.0 255.0 0.173296991478 -0.0549734545156 0.0248967574073 0.0746383496911 
0.0 0.0 0.0 0.0 0.0 0.0 0.0 0.0 0.0 0.0 0.0 0.0 230.0 247.0 255.0 0.198193748885 0.0196648951756 0.0108197896573 -0.101081017526 
0.0 0.0 0.0 0.0 0.0 0.0 0.0 0.0 0.0 0.0 0.0 0.0 230.0 247.0 255.0 0.209013538542 -0.0814161223504 0.0289966435358 -0.0484937877 
0.0 0.0 0.0 0.0 0.0 0.0 0.0 0.0 0.0 0.0 0.0 0.0 230.0 247.0 255.0 0.238010182078 -0.12990991005 0.0767843037726 -0.0213853371672 
0.0 0.0 0.0 0.0 0.0 0.0 0.0 0.0 0.0 0.0 0.0 0.0 230.0 247.0 255.0 0.314794485851 -0.151295247218 -0.0526486017539 0.046713024614 
0.0 0.0 0.0 0.0 0.0 0.0 0.0 0.0 0.0 0.0 0.0 0.0 230.0 247.0 255.0 0.262145884097 -0.104582222604 0.0295889482201 -0.0373158226896 
0.0 0.0 0.0 0.0 0.0 0.0 0.0 0.0 0.0 0.0 0.0 0.0 230.0 247.0 255.0 0.291734832317 -0.141898045293 0.0308829279032 -0.0609842865004 
0.0 0.0 0.0 0.0 0.0 0.0 0.0 0.0 0.0 0.0 0.0 0.0 230.0 247.0 255.0 0.32261776022 -0.202882331794 0.00557138096347 -0.0131208082866 
0.0 0.0 0.0 0.0 0.0 0.0 0.0 0.0 0.0 0.0 0.0 0.0 230.0 247.0 255.0 0.328189141183 -0.21600314008 0.00530434543451 0.0388954014981 
0.0 0.0 0.0 0.0 0.0 0.0 0.0 0.0 0.0 0.0 0.0 0.0 230.0 247.0 255.0 0.333333333333 -0.177107738582 -0.0194285327471 0.0269718434539 
0.0 0.0 0.0 0.0 0.0 0.0 0.0 0.0 0.0 0.0 0.0 0.0 230.0 247.0 255.0 0.313904800586 -0.150135895128 -0.0217434681748 -0.0700372060026 
0.0 0.0 0.0 0.0 0.0 0.0 0.0 0.0 0.0 0.0 0.0 0.0 230.0 247.0 255.0 0.292161332411 -0.220173101131 0.0426420862683 0.0315319351969 
0.0 0.0 0.0 0.0 0.0 0.0 0.0 0.0 0.0 0.0 0.0 0.0 230.0 247.0 255.0 0.333333333333 -0.188641165934 -0.010601508987 0.045393167354 
0.0 0.0 0.0 0.0 0.0 0.0 0.0 0.0 0.0 0.0 0.0 0.0 230.0 247.0 255.0 0.322731824346 -0.14324799858 -0.0708474495055 -0.00060871607059 
0.0 0.0 0.0 0.0 0.0 0.0 0.0 0.0 0.0 0.0 0.0 0.0 230.0 247.0 255.0 0.251884374841 -0.143856714651 0.0438447692619 -0.038299048814 
0.0 0.0 0.0 0.0 0.0 0.0 0.0 0.0 0.0 0.0 0.0 0.0 230.0 247.0 255.0 0.295729144103 -0.182155763465 -0.0643143582651 -0.0591939163867 
0.0 0.0 0.0 0.0 0.0 0.0 0.0 0.0 0.0 0.0 0.0 0.0 230.0 247.0 255.0 0.231414785838 -0.241349679851 -0.0127277906017 -0.0526872492592 
0.0 0.0 0.0 0.0 0.0 0.0 0.0 0.0 0.0 0.0 0.0 0.0 230.0 247.0 255.0 0.218686995236 -0.29403692911 -0.000683674856788 -0.036213853763 
0.0 0.0 0.0 0.0 0.0 0.0 0.0 0.0 0.0 0.0 0.0 0.0 230.0 247.0 255.0 0.218003320379 -0.330250782873 0.0510622711606 -0.0247512262357 
0.0 0.0 0.0 0.0 0.0 0.0 0.0 0.0 0.0 0.0 0.0 0.0 230.0 247.0 255.0 0.26906559154 -0.333333333333 -0.0683517352972 -0.00629935572834 
0.0 0.0 0.0 0.0 0.0 0.0 0.0 0.0 0.0 0.0 0.0 0.0 230.0 247.0 255.0 0.200713856243 -0.333333333333 -0.0129385027098 0.0239443152229 
0.0 0.0 0.0 0.0 0.0 0.0 0.0 0.0 0.0 0.0 0.0 0.0 230.0 247.0 255.0 0.187775353533 -0.30938901811 -0.0350248325177 -0.0736122651608 
0.0 0.0 0.0 0.0 0.0 0.0 0.0 0.0 0.0 0.0 0.0 0.0 230.0 247.0 255.0 0.152750521015 -0.333333333333 0.0293453262387 -0.0217898003005 
0.0 0.0 0.0 0.0 0.0 0.0 0.0 0.0 0.0 0.0 0.0 0.0 230.0 247.0 255.0 0.182095847254 -0.333333333333 -0.0413186542155 -0.0678264286462 
0.0 0.0 0.0 0.0 0.0 0.0 0.0 0.0 0.0 0.0 0.0 0.0 230.0 247.0 255.0 0.140777193038 -0.333333333333 0.0532245299437 -0.0389721679381 
0.0 0.0 0.0 0.0 0.0 0.0 0.0 0.0 0.0 0.0 0.0 0.0 230.0 247.0 255.0 0.194001722982 -0.333333333333 0.0180271916347 -0.0200965174347 
0.0 0.0 0.0 0.0 0.0 0.0 0.0 0.0 0.0 0.0 0.0 0.0 230.0 247.0 255.0 0.212028914617 -0.333333333333 0.0637979604307 0.0168033762736 
0.0 0.0 0.0 0.0 0.0 0.0 0.0 0.0 0.0 0.0 0.0 0.0 230.0 247.0 255.0 0.275826875047 -0.31652995706 -0.00323110126713 0.0718358933882 
0.0 0.0 0.0 0.0 0.0 0.0 0.0 0.0 0.0 0.0 0.0 0.0 230.0 247.0 255.0 0.27259577378 -0.244694063671 0.0273225880048 0.0717054611449 
0.0 0.0 0.0 0.0 0.0 0.0 0.0 0.0 0.0 0.0 0.0 0.0 230.0 247.0 255.0 0.299918361785 -0.172988602527 0.0949560336932 -0.0189785066921 
0.0 0.0 0.0 0.0 0.0 0.0 0.0 0.0 0.0 0.0 0.0 0.0 230.0 247.0 255.0 0.333333333333 -0.191967109219 0.0775782542484 0.0389493721319 
0.0 0.0 0.0 0.0 0.0 0.0 0.0 0.0 0.0 0.0 0.0 0.0 230.0 247.0 255.0 0.333333333333 -0.153017737087 -0.0427631348604 -0.0202221223265 
0.0 0.0 0.0 0.0 0.0 0.0 0.0 0.0 0.0 0.0 0.0 0.0 230.0 247.0 255.0 0.290570198473 -0.173239859413 -0.00786442549231 0.0632999083781 
0.0 0.0 0.0 0.0 0.0 0.0 0.0 0.0 0.0 0.0 0.0 0.0 230.0 247.0 255.0 0.282705772981 -0.109939951035 -0.0515825440392 0.0150562862651 
0.0 0.0 0.0 0.0 0.0 0.0 0.0 0.0 0.0 0.0 0.0 0.0 230.0 247.0 255.0 0.231123228941 -0.0948836647701 0.0534703650343 0.0361406206383 
0.0 0.0 0.0 0.0 0.0 0.0 0.0 0.0 0.0 0.0 0.0 0.0 230.0 247.0 255.0 0.284593593976 -0.0587430441319 -0.0376845249324 0.0117312517702 
0.0 0.0 0.0 0.0 0.0 0.0 0.0 0.0 0.0 0.0 0.0 0.0 230.0 247.0 255.0 0.246909069043 -0.0470117923616 0.0789645893365 -0.0731091615813 
0.0 0.0 0.0 0.0 0.0 0.0 0.0 0.0 0.0 0.0 0.0 0.0 230.0 247.0 255.0 0.32587365838 -0.120120953943 -0.04175024856 0.00884011112848 
0.0 0.0 0.0 0.0 0.0 0.0 0.0 0.0 0.0 0.0 0.0 0.0 230.0 247.0 255.0 0.28412340982 -0.111280842814 -0.00100136310292 0.0175851836442 
0.0 0.0 0.0 0.0 0.0 0.0 0.0 0.0 0.0 0.0 0.0 0.0 230.0 247.0 255.0 0.283122046717 -0.0936956591702 0.0251222101324 0.0169598271533 
0.0 0.0 0.0 0.0 0.0 0.0 0.0 0.0 0.0 0.0 0.0 0.0 230.0 247.0 255.0 0.308244256849 -0.0767358320169 0.014697113374 -0.00790166053059 
0.0 0.0 0.0 0.0 0.0 0.0 0.0 0.0 0.0 0.0 0.0 0.0 230.0 247.0 255.0 0.322941370223 -0.0846374925475 -0.0365801546922 -0.00889446597603 
0.0 0.0 0.0 0.0 0.0 0.0 0.0 0.0 0.0 0.0 0.0 0.0 230.0 247.0 255.0 0.286361215531 -0.0935319585235 -0.0627801267063 0.00346951955838 
0.0 0.0 0.0 0.0 0.0 0.0 0.0 0.0 0.0 0.0 0.0 0.0 230.0 247.0 255.0 0.223581088825 -0.0900624389652 0.0252987263538 0.075175200695 
0.0 0.0 0.0 0.0 0.0 0.0 0.0 0.0 0.0 0.0 0.0 0.0 230.0 247.0 255.0 0.248879815179 -0.0148872382701 0.00313444359406 -0.0285958611311 
0.0 0.0 0.0 0.0 0.0 0.0 0.0 0.0 0.0 0.0 0.0 0.0 230.0 247.0 255.0 0.252014258773 -0.0434830994013 0.10702914837 -0.055091434761 
0.0 0.0 0.0 0.0 0.0 0.0 0.0 0.0 0.0 0.0 0.0 0.0 230.0 247.0 255.0 0.333333333333 -0.0985745341622 -0.0277353628212 -0.00693707027874 
0.0 0.0 0.0 0.0 0.0 0.0 0.0 0.0 0.0 0.0 0.0 0.0 230.0 247.0 255.0 0.305597970512 -0.105511604441 -0.0282842923321 -0.0515872291134 
0.0 0.0 0.0 0.0 0.0 0.0 0.0 0.0 0.0 0.0 0.0 0.0 230.0 247.0 255.0 0.27731367818 -0.157098833554 0.070819905938 -0.051058523368 
0.0 0.0 0.0 0.0 0.0 0.0 0.0 0.0 0.0 0.0 0.0 0.0 230.0 247.0 255.0 0.333333333333 -0.208157356922 -0.00552661992929 -0.0238577121225 
0.0 0.0 0.0 0.0 0.0 0.0 0.0 0.0 0.0 0.0 0.0 0.0 230.0 247.0 255.0 0.327806713404 -0.232015069045 -0.0782868929345 0.0388070736581 
0.0 0.0 0.0 0.0 0.0 0.0 0.0 0.0 0.0 0.0 0.0 0.0 230.0 247.0 255.0 0.24951982047 -0.193207995387 -0.00381124378747 0.0153858101836 
0.0 0.0 0.0 0.0 0.0 0.0 0.0 0.0 0.0 0.0 0.0 0.0 230.0 247.0 255.0 0.245708576682 -0.177822185203 -0.0259635538369 -0.164957376352 
0.0 0.0 0.0 0.0 0.0 0.0 0.0 0.0 0.0 0.0 0.0 0.0 230.0 247.0 255.0 0.219745022845 -0.333333333333 -0.0362673749126 -0.0323322685728 
0.0 0.0 0.0 0.0 0.0 0.0 0.0 0.0 0.0 0.0 0.0 0.0 230.0 247.0 255.0 0.183477647933 -0.333333333333 0.137528637957 -0.0351644524374 
0.0 0.0 0.0 0.0 0.0 0.0 0.0 0.0 0.0 0.0 0.0 0.0 230.0 247.0 255.0 0.32100628589 -0.333333333333 -0.0811492251139 -0.0635015394755 
0.0 0.0 0.0 0.0 0.0 0.0 0.0 0.0 0.0 0.0 0.0 0.0 230.0 247.0 255.0 0.239857060776 -0.333333333333 0.00635607572563 0.0849386265023 
0.0 0.0 0.0 0.0 0.0 0.0 0.0 0.0 0.0 0.0 0.0 0.0 230.0 247.0 255.0 0.246213136502 -0.248394706831 -0.0897718182035 -0.0190457862197 
0.0 0.0 0.0 0.0 0.0 0.0 0.0 0.0 0.0 0.0 0.0 0.0 230.0 247.0 255.0 0.156441318298 -0.267440493051 0.0234323137266 -0.0472607990278 
0.0 0.0 0.0 0.0 0.0 0.0 0.0 0.0 0.0 0.0 0.0 0.0 230.0 247.0 255.0 0.179873632025 -0.314701292079 -0.0468623400803 0.00150335487771 
0.0 0.0 0.0 0.0 0.0 0.0 0.0 0.0 0.0 0.0 0.0 0.0 230.0 247.0 255.0 0.133011291945 -0.313197937201 -0.0536838900599 -0.00972465866425 
0.0 0.0 0.0 0.0 0.0 0.0 0.0 0.0 0.0 0.0 0.0 0.0 230.0 247.0 255.0 0.0793274018847 -0.322922595865 0.0802502878271 -0.0392413758781 
0.0 0.0 0.0 0.0 0.0 0.0 0.0 0.0 0.0 0.0 0.0 0.0 230.0 247.0 255.0 0.159577689712 -0.333333333333 0.023390622998 0.0100843427483 
0.0 0.0 0.0 0.0 0.0 0.0 0.0 0.0 0.0 0.0 0.0 0.0 230.0 247.0 255.0 0.18296831271 -0.323248990585 -0.0143564894963 -0.0032909687753 
0.0 0.0 0.0 0.0 0.0 0.0 0.0 0.0 0.0 0.0 0.0 0.0 230.0 247.0 255.0 0.168611823214 -0.32653995936 0.0160559261942 -0.0568125455741 
0.0 0.0 0.0 0.0 0.0 0.0 0.0 0.0 0.0 0.0 0.0 0.0 230.0 247.0 255.0 0.184667749408 -0.333333333333 0.0205622045732 0.0213710937257 
0.0 0.0 0.0 0.0 0.0 0.0 0.0 0.0 0.0 0.0 0.0 0.0 230.0 247.0 255.0 0.205229953981 -0.311962239608 0.0385455055041 0.0551889918141 
0.0 0.0 0.0 0.0 0.0 0.0 0.0 0.0 0.0 0.0 0.0 0.0 230.0 247.0 255.0 0.243775459485 -0.256773247793 -0.0179238373012 -0.0307123758715 
0.0 0.0 0.0 0.0 0.0 0.0 0.0 0.0 0.0 0.0 0.0 0.0 230.0 247.0 255.0 0.225851622184 -0.287485623665 0.0787317813077 -0.0351251972118 
0.0 0.0 0.0 0.0 0.0 0.0 0.0 0.0 0.0 0.0 0.0 0.0 230.0 247.0 255.0 0.304583403491 -0.322610820877 0.0249726787901 -0.045576677601 
0.0 0.0 0.0 0.0 0.0 0.0 0.0 0.0 0.0 0.0 0.0 0.0 230.0 247.0 255.0 0.329556082282 -0.333333333333 0.0454640747901 0.0149699367938 
0.0 0.0 0.0 0.0 0.0 0.0 0.0 0.0 0.0 0.0 0.0 0.0 230.0 247.0 255.0 0.333333333333 -0.31836339654 0.0468113202339 -0.095856909692 
0.0 0.0 0.0 0.0 0.0 0.0 0.0 0.0 0.0 0.0 0.0 0.0 230.0 247.0 255.0 0.333333333333 -0.333333333333 0.0369936558155 0.0657550747588 
0.0 0.0 0.0 0.0 0.0 0.0 0.0 0.0 0.0 0.0 0.0 0.0 230.0 247.0 255.0 0.333333333333 -0.267578258574 -0.0668343355566 -0.00738711286008 
0.0 0.0 0.0 0.0 0.0 0.0 0.0 0.0 0.0 0.0 0.0 0.0 230.0 247.0 255.0 0.266498997777 -0.274965371435 -0.0207845464273 -0.0761987314142 
0.0 0.0 0.0 0.0 0.0 0.0 0.0 0.0 0.0 0.0 0.0 0.0 230.0 247.0 255.0 0.245714451349 -0.333333333333 0.00617553174917 -0.036280206271 
0.0 0.0 0.0 0.0 0.0 0.0 0.0 0.0 0.0 0.0 0.0 0.0 230.0 247.0 255.0 0.251889983099 -0.333333333333 0.12382610818 -0.0315233138112 
0.0 0.0 0.0 0.0 0.0 0.0 0.0 0.0 0.0 0.0 0.0 0.0 230.0 247.0 255.0 0.333333333333 -0.333333333333 0.0887323265566 0.00278179138473 
0.0 0.0 0.0 0.0 0.0 0.0 0.0 0.0 0.0 0.0 0.0 0.0 230.0 247.0 255.0 0.333333333333 -0.330551541949 -0.00889396570583 -0.000210825849899 
0.0 0.0 0.0 0.0 0.0 0.0 0.0 0.0 0.0 0.0 0.0 0.0 230.0 247.0 255.0 0.324439367628 -0.330762367799 -0.0689792369053 -0.0641103898525 
0.0 0.0 0.0 0.0 0.0 0.0 0.0 0.0 0.0 0.0 0.0 0.0 230.0 247.0 255.0 0.255460130722 -0.333333333333 -0.029708830431 -0.00685784141405 
0.0 0.0 0.0 0.0 0.0 0.0 0.0 0.0 0.0 0.0 0.0 0.0 230.0 247.0 255.0 0.225751300291 -0.333333333333 0.0160957389726 -0.057989806981 
0.0 0.0 0.0 0.0 0.0 0.0 0.0 0.0 0.0 0.0 0.0 0.0 230.0 247.0 255.0 0.241847039264 -0.333333333333 0.0241227744601 -0.035001880325 
0.0 0.0 0.0 0.0 0.0 0.0 0.0 0.0 0.0 0.0 0.0 0.0 230.0 247.0 255.0 0.265969813724 -0.333333333333 0.0859387266978 -0.0498389022501 
0.0 0.0 0.0 0.0 0.0 0.0 0.0 0.0 0.0 0.0 0.0 0.0 230.0 247.0 255.0 0.333333333333 -0.333333333333 -0.00840587386432 0.0211470682894 
0.0 0.0 0.0 0.0 0.0 0.0 0.0 0.0 0.0 0.0 0.0 0.0 230.0 247.0 255.0 0.324927459469 -0.312186265044 0.0551562507172 -0.044382877404 
