nrollouts: 2
# HEADER 1
0.0 0.0 0.0 0.0 0.0 0.0 0.0 0.0 0.0 0.0 0.0 0.0 230.0 247.0 255.0 0 0 -0.751274485743 -0.15666658835 
0.0 0.0 0.0 0.0 0.0 0.0 0.0 0.0 0.0 0.0 0.0 0.0 230.0 247.0 255.0 -0.333333333333 -0.15666658835 0.718961826953 -0.408357975181 
0.0 0.0 0.0 0.0 0.0 0.0 0.0 0.0 0.0 0.0 0.0 0.0 230.0 247.0 255.0 0.333333333333 -0.333333333333 -0.483990155463 0.359911200562 
0.0 0.0 0.0 0.0 0.0 0.0 0.0 0.0 0.0 0.0 0.0 0.0 230.0 247.0 255.0 -0.15065682213 0.0265778672287 0.890231197153 0.445700302955 
0.0 0.0 0.0 0.0 0.0 0.0 0.0 0.0 0.0 0.0 0.0 0.0 230.0 247.0 255.0 0.333333333333 0.333333333333 0.272302185403 0.371752698657 
0.0 0.0 0.0 0.0 0.0 0.0 0.0 0.0 0.0 0.0 0.0 0.0 230.0 247.0 255.0 0.333333333333 0.333333333333 0.652293697906 1.00699635431 
0.0 0.0 0.0 0.0 0.0 0.0 0.0 0.0 0.0 0.0 0.0 0.0 230.0 247.0 255.0 0.333333333333 0.333333333333 0.592699337116 -0.727573368634 
0.0 0.0 0.0 0.0 0.0 0.0 0.0 0.0 0.0 0.0 0.0 0.0 230.0 247.0 255.0 0.333333333333 -0.333333333333 0.859884856113 0.0420215428204 
0.0 0.0 0.0 0.0 0.0 0.0 0.0 0.0 0.0 0.0 0.0 0.0 230.0 247.0 255.0 0.333333333333 -0.291311790513 0.604658796813 0.63744021762 
0.0 0.0 0.0 0.0 0.0 0.0 0.0 0.0 0.0 0.0 0.0 0.0 230.0 247.0 255.0 0.333333333333 0.333333333333 -0.791074220077 0.295255507815 
0.0 0.0 0.0 0.0 0.0 0.0 0.0 0.0 0.0 0.0 0.0 0.0 230.0 247.0 255.0 -0.333333333333 0.333333333333 -0.353157879228 -0.0867584033629 
0.0 0.0 0.0 0.0 0.0 0.0 0.0 0.0 0.0 0.0 0.0 0.0 230.0 247.0 255.0 -0.333333333333 0.24657492997 0.242813923 0.171300953242 
0.0 0.0 0.0 0.0 0.0 0.0 0.0 0.0 0.0 0.0 0.0 0.0 230.0 247.0 255.0 -0.090519410333 0.333333333333 0.556467328987 -0.80667181006 
0.0 0.0 0.0 0.0 0.0 0.0 0.0 0.0 0.0 0.0 0.0 0.0 230.0 247.0 255.0 0.333333333333 -0.333333333333 0.250523716635 0.583246430016 
0.0 0.0 0.0 0.0 0.0 0.0 0.0 0.0 0.0 0.0 0.0 0.0 230.0 247.0 255.0 0.333333333333 0.249913096682 -0.133561492123 -0.137572664401 
0.0 0.0 0.0 0.0 0.0 0.0 0.0 0.0 0.0 0.0 0.0 0.0 230.0 247.0 255.0 0.199771841211 0.112340432281 0.198527129956 0.0829344293491 
0.0 0.0 0.0 0.0 0.0 0.0 0.0 0.0 0.0 0.0 0.0 0.0 230.0 247.0 255.0 0.333333333333 0.19527486163 0.402193996006 -0.88598686518 
0.0 0.0 0.0 0.0 0.0 0.0 0.0 0.0 0.0 0.0 0.0 0.0 230.0 247.0 255.0 0.333333333333 -0.333333333333 -0.174649887337 0.703792936685 
0.0 0.0 0.0 0.0 0.0 0.0 0.0 0.0 0.0 0.0 0.0 0.0 230.0 247.0 255.0 0.158683445996 0.333333333333 0.286940244779 0.842113487187 
0.0 0.0 0.0 0.0 0.0 0.0 0.0 0.0 0.0 0.0 0.0 0.0 230.0 247.0 255.0 0.333333333333 0.333333333333 0.915131575885 -0.531192273196 
0.0 0.0 0.0 0.0 0.0 0.0 0.0 0.0 0.0 0.0 0.0 0.0 230.0 247.0 255.0 0.333333333333 -0.197858939862 0.293811037936 0.127401055377 
0.0 0.0 0.0 0.0 0.0 0.0 0.0 0.0 0.0 0.0 0.0 0.0 230.0 247.0 255.0 0.333333333333 -0.070457884485 0.549152290069 0.381539752735 
0.0 0.0 0.0 0.0 0.0 0.0 0.0 0.0 0.0 0.0 0.0 0.0 230.0 247.0 255.0 0.333333333333 0.31108186825 0.147610774064 0.0394991499068 
0.0 0.0 0.0 0.0 0.0 0.0 0.0 0.0 0.0 0.0 0.0 0.0 230.0 247.0 255.0 0.333333333333 0.333333333333 -0.443351150337 -0.327474672728 
0.0 0.0 0.0 0.0 0.0 0.0 0.0 0.0 0.0 0.0 0.0 0.0 230.0 247.0 255.0 -0.110017817004 0.00585866060489 -1.05286656057 0.190863893636 
0.0 0.0 0.0 0.0 0.0 0.0 0.0 0.0 0.0 0.0 0.0 0.0 230.0 247.0 255.0 -0.333333333333 0.196722554241 0.242789963321 0.247218802082 
0.0 0.0 0.0 0.0 0.0 0.0 0.0 0.0 0.0 0.0 0.0 0.0 230.0 247.0 255.0 -0.0905433700119 0.333333333333 0.285299343963 -0.271368083861 
0.0 0.0 0.0 0.0 0.0 0.0 0.0 0.0 0.0 0.0 0.0 0.0 230.0 247.0 255.0 0.194755973951 0.0619652494722 -0.886039084394 0.58702941788 
0.0 0.0 0.0 0.0 0.0 0.0 0.0 0.0 0.0 0.0 0.0 0.0 230.0 247.0 255.0 -0.333333333333 0.333333333333 0.184982300593 0.529352097162 
0.0 0.0 0.0 0.0 0.0 0.0 0.0 0.0 0.0 0.0 0.0 0.0 230.0 247.0 255.0 -0.14835103274 0.333333333333 -0.769242078271 0.020030835691 
0.0 0.0 0.0 0.0 0.0 0.0 0.0 0.0 0.0 0.0 0.0 0.0 230.0 247.0 255.0 -0.333333333333 0.333333333333 0.911309268867 0.301144471348 
0.0 0.0 0.0 0.0 0.0 0.0 0.0 0.0 0.0 0.0 0.0 0.0 230.0 247.0 255.0 0.333333333333 0.333333333333 0.346215977463 -0.367667263939 
0.0 0.0 0.0 0.0 0.0 0.0 0.0 0.0 0.0 0.0 0.0 0.0 230.0 247.0 255.0 0.333333333333 -0.0343339306061 -0.153314336588 -0.540999021409 
0.0 0.0 0.0 0.0 0.0 0.0 0.0 0.0 0.0 0.0 0.0 0.0 230.0 247.0 255.0 0.180018996746 -0.333333333333 0.164038657284 0.282268673486 
0.0 0.0 0.0 0.0 0.0 0.0 0.0 0.0 0.0 0.0 0.0 0.0 230.0 247.0 255.0 0.333333333333 -0.0510646598477 0.704637402142 -1.42192043052 
0.0 0.0 0.0 0.0 0.0 0.0 0.0 0.0 0.0 0.0 0.0 0.0 230.0 247.0 255.0 0.333333333333 -0.333333333333 0.212044165397 -0.000842564680137 
0.0 0.0 0.0 0.0 0.0 0.0 0.0 0.0 0.0 0.0 0.0 0.0 230.0 247.0 255.0 0.333333333333 -0.333333333333 0.107770804486 0.703457075608 
0.0 0.0 0.0 0.0 0.0 0.0 0.0 0.0 0.0 0.0 0.0 0.0 230.0 247.0 255.0 0.333333333333 0.333333333333 0.465129555303 -0.651986165248 
0.0 0.0 0.0 0.0 0.0 0.0 0.0 0.0 0.0 0.0 0.0 0.0 230.0 247.0 255.0 0.333333333333 -0.318652831915 -0.592736504042 -0.534436928738 
0.0 0.0 0.0 0.0 0.0 0.0 0.0 0.0 0.0 0.0 0.0 0.0 230.0 247.0 255.0 -0.259403170709 -0.333333333333 0.208404844602 -0.575709418667 
0.0 0.0 0.0 0.0 0.0 0.0 0.0 0.0 0.0 0.0 0.0 0.0 230.0 247.0 255.0 -0.0509983261074 -0.333333333333 -0.25374666686 0.372769198329 
0.0 0.0 0.0 0.0 0.0 0.0 0.0 0.0 0.0 0.0 0.0 0.0 230.0 247.0 255.0 -0.304744992967 0.0394358649961 0.161735457655 0.127079526482 
0.0 0.0 0.0 0.0 0.0 0.0 0.0 0.0 0.0 0.0 0.0 0.0 230.0 247.0 255.0 -0.143009535312 0.166515391478 -0.713524749746 0.600078600799 
0.0 0.0 0.0 0.0 0.0 0.0 0.0 0.0 0.0 0.0 0.0 0.0 230.0 247.0 255.0 -0.333333333333 0.333333333333 0.517594769176 0.815706072436 
0.0 0.0 0.0 0.0 0.0 0.0 0.0 0.0 0.0 0.0 0.0 0.0 230.0 247.0 255.0 0.184261435843 0.333333333333 0.853487424605 0.372481189343 
0.0 0.0 0.0 0.0 0.0 0.0 0.0 0.0 0.0 0.0 0.0 0.0 230.0 247.0 255.0 0.333333333333 0.333333333333 0.327774289032 0.0849633253566 
0.0 0.0 0.0 0.0 0.0 0.0 0.0 0.0 0.0 0.0 0.0 0.0 230.0 247.0 255.0 0.333333333333 0.333333333333 -1.05123127405 0.513354373803 
# HEADER 2
0.0 0.0 0.0 0.0 0.0 0.0 0.0 0.0 0.0 0.0 0.0 0.0 230.0 247.0 255.0 0 0 0.265505623499 -0.305349786965 
0.0 0.0 0.0 0.0 0.0 0.0 0.0 0.0 0.0 0.0 0.0 0.0 230.0 247.0 255.0 0.265505623499 -0.305349786965 -0.620052567856 -0.721221474852 
0.0 0.0 0.0 0.0 0.0 0.0 0.0 0.0 0.0 0.0 0.0 0.0 230.0 247.0 255.0 -0.333333333333 -0.333333333333 -0.115367927252 0.37448189528 
0.0 0.0 0.0 0.0 0.0 0.0 0.0 0.0 0.0 0.0 0.0 0.0 230.0 247.0 255.0 -0.333333333333 0.0411485619471 -0.097408393791 -0.317891686873 
0.0 0.0 0.0 0.0 0.0 0.0 0.0 0.0 0.0 0.0 0.0 0.0 230.0 247.0 255.0 -0.333333333333 -0.276743124926 -0.0362135459797 0.238657365222 
0.0 0.0 0.0 0.0 0.0 0.0 0.0 0.0 0.0 0.0 0.0 0.0 230.0 247.0 255.0 -0.333333333333 -0.0380857597042 -0.416385292541 -0.645121462688 
0.0 0.0 0.0 0.0 0.0 0.0 0.0 0.0 0.0 0.0 0.0 0.0 230.0 247.0 255.0 -0.333333333333 -0.333333333333 0.31650632158 0.474489338167 
0.0 0.0 0.0 0.0 0.0 0.0 0.0 0.0 0.0 0.0 0.0 0.0 230.0 247.0 255.0 -0.0168270117535 0.141156004834 -0.0315347862769 -0.241821743036 
0.0 0.0 0.0 0.0 0.0 0.0 0.0 0.0 0.0 0.0 0.0 0.0 230.0 247.0 255.0 -0.0483617980304 -0.100665738202 -0.732236240511 0.547109497068 
0.0 0.0 0.0 0.0 0.0 0.0 0.0 0.0 0.0 0.0 0.0 0.0 230.0 247.0 255.0 -0.333333333333 0.333333333333 -0.230158351391 0.573497797256 
0.0 0.0 0.0 0.0 0.0 0.0 0.0 0.0 0.0 0.0 0.0 0.0 230.0 247.0 255.0 -0.333333333333 0.333333333333 -0.569206196831 -0.0903481224221 
0.0 0.0 0.0 0.0 0.0 0.0 0.0 0.0 0.0 0.0 0.0 0.0 230.0 247.0 255.0 -0.333333333333 0.242985210911 -0.401289795882 -0.581967055159 
0.0 0.0 0.0 0.0 0.0 0.0 0.0 0.0 0.0 0.0 0.0 0.0 230.0 247.0 255.0 -0.333333333333 -0.333333333333 -0.438625305002 1.01235131145 
0.0 0.0 0.0 0.0 0.0 0.0 0.0 0.0 0.0 0.0 0.0 0.0 230.0 247.0 255.0 -0.333333333333 0.333333333333 0.197194487912 0.635063738369 
0.0 0.0 0.0 0.0 0.0 0.0 0.0 0.0 0.0 0.0 0.0 0.0 230.0 247.0 255.0 -0.136138845421 0.333333333333 0.437873323009 0.330171179946 
0.0 0.0 0.0 0.0 0.0 0.0 0.0 0.0 0.0 0.0 0.0 0.0 230.0 247.0 255.0 0.301734477588 0.333333333333 -0.958043160878 0.529096005956 
0.0 0.0 0.0 0.0 0.0 0.0 0.0 0.0 0.0 0.0 0.0 0.0 230.0 247.0 255.0 -0.333333333333 0.333333333333 0.0710800448195 0.362011682203 
0.0 0.0 0.0 0.0 0.0 0.0 0.0 0.0 0.0 0.0 0.0 0.0 230.0 247.0 255.0 -0.262253288514 0.333333333333 -0.316417022066 0.357395550006 
0.0 0.0 0.0 0.0 0.0 0.0 0.0 0.0 0.0 0.0 0.0 0.0 230.0 247.0 255.0 -0.333333333333 0.333333333333 0.146639669479 -0.00121328995362 
0.0 0.0 0.0 0.0 0.0 0.0 0.0 0.0 0.0 0.0 0.0 0.0 230.0 247.0 255.0 -0.186693663854 0.33212004338 -1.16767744385 -0.123427547876 
0.0 0.0 0.0 0.0 0.0 0.0 0.0 0.0 0.0 0.0 0.0 0.0 230.0 247.0 255.0 -0.333333333333 0.208692495504 -0.944907291151 -0.0562919241279 
0.0 0.0 0.0 0.0 0.0 0.0 0.0 0.0 0.0 0.0 0.0 0.0 230.0 247.0 255.0 -0.333333333333 0.152400571376 -0.0431572816944 -0.11726080337 
0.0 0.0 0.0 0.0 0.0 0.0 0.0 0.0 0.0 0.0 0.0 0.0 230.0 247.0 255.0 -0.333333333333 0.0351397680064 0.72777495024 0.614075768289 
0.0 0.0 0.0 0.0 0.0 0.0 0.0 0.0 0.0 0.0 0.0 0.0 230.0 247.0 255.0 0.333333333333 0.333333333333 0.200079759606 0.791437388019 
0.0 0.0 0.0 0.0 0.0 0.0 0.0 0.0 0.0 0.0 0.0 0.0 230.0 247.0 255.0 0.333333333333 0.333333333333 0.179706073405 -0.001422575449 
0.0 0.0 0.0 0.0 0.0 0.0 0.0 0.0 0.0 0.0 0.0 0.0 230.0 247.0 255.0 0.333333333333 0.331910757884 0.0458074249219 -0.116549916752 
0.0 0.0 0.0 0.0 0.0 0.0 0.0 0.0 0.0 0.0 0.0 0.0 230.0 247.0 255.0 0.333333333333 0.215360841133 -0.427570443551 0.342578785886 
0.0 0.0 0.0 0.0 0.0 0.0 0.0 0.0 0.0 0.0 0.0 0.0 230.0 247.0 255.0 -0.0942371102173 0.333333333333 -0.213523050482 -0.47508645802 
0.0 0.0 0.0 0.0 0.0 0.0 0.0 0.0 0.0 0.0 0.0 0.0 230.0 247.0 255.0 -0.307760160699 -0.141753124687 0.306029865508 0.420305207435 
0.0 0.0 0.0 0.0 0.0 0.0 0.0 0.0 0.0 0.0 0.0 0.0 230.0 247.0 255.0 -0.00173029519069 0.278552082748 0.00219067404137 0.309825387921 
0.0 0.0 0.0 0.0 0.0 0.0 0.0 0.0 0.0 0.0 0.0 0.0 230.0 247.0 255.0 0.00046037885068 0.333333333333 -0.932123115421 -0.299813393094 
0.0 0.0 0.0 0.0 0.0 0.0 0.0 0.0 0.0 0.0 0.0 0.0 230.0 247.0 255.0 -0.333333333333 0.033519940239 0.29321530128 -0.477149104666 
0.0 0.0 0.0 0.0 0.0 0.0 0.0 0.0 0.0 0.0 0.0 0.0 230.0 247.0 255.0 -0.0401180320537 -0.333333333333 0.362029644805 -0.680241999138 
0.0 0.0 0.0 0.0 0.0 0.0 0.0 0.0 0.0 0.0 0.0 0.0 230.0 247.0 255.0 0.321911612751 -0.333333333333 -0.0786331332207 1.14970102588 
0.0 0.0 0.0 0.0 0.0 0.0 0.0 0.0 0.0 0.0 0.0 0.0 230.0 247.0 255.0 0.24327847953 0.333333333333 0.125931026137 0.0588068936645 
0.0 0.0 0.0 0.0 0.0 0.0 0.0 0.0 0.0 0.0 0.0 0.0 230.0 247.0 255.0 0.333333333333 0.333333333333 -0.710688076083 -0.225852826271 
0.0 0.0 0.0 0.0 0.0 0.0 0.0 0.0 0.0 0.0 0.0 0.0 230.0 247.0 255.0 -0.333333333333 0.107480507062 0.318997665664 0.226718999116 
0.0 0.0 0.0 0.0 0.0 0.0 0.0 0.0 0.0 0.0 0.0 0.0 230.0 247.0 255.0 -0.014335667669 0.333333333333 -0.121977453803 -0.178905055675 
0.0 0.0 0.0 0.0 0.0 0.0 0.0 0.0 0.0 0.0 0.0 0.0 230.0 247.0 255.0 -0.136313121472 0.154428277659 0.208160706174 -0.120760039719 
0.0 0.0 0.0 0.0 0.0 0.0 0.0 0.0 0.0 0.0 0.0 0.0 230.0 247.0 255.0 0.071847584702 0.0336682379392 -0.228822469185 -0.993683665651 
0.0 0.0 0.0 0.0 0.0 0.0 0.0 0.0 0.0 0.0 0.0 0.0 230.0 247.0 255.0 -0.156974884483 -0.333333333333 -0.545437610814 -0.321860411823 
0.0 0.0 0.0 0.0 0.0 0.0 0.0 0.0 0.0 0.0 0.0 0.0 230.0 247.0 255.0 -0.333333333333 -0.333333333333 -0.436686024622 -0.633030550772 
0.0 0.0 0.0 0.0 0.0 0.0 0.0 0.0 0.0 0.0 0.0 0.0 230.0 247.0 255.0 -0.333333333333 -0.333333333333 -0.297599591615 -0.423545102817 
0.0 0.0 0.0 0.0 0.0 0.0 0.0 0.0 0.0 0.0 0.0 0.0 230.0 247.0 255.0 -0.333333333333 -0.333333333333 -0.497804761265 1.06738224978 
0.0 0.0 0.0 0.0 0.0 0.0 0.0 0.0 0.0 0.0 0.0 0.0 230.0 247.0 255.0 -0.333333333333 0.333333333333 0.614034874262 -0.128969313105 
0.0 0.0 0.0 0.0 0.0 0.0 0.0 0.0 0.0 0.0 0.0 0.0 230.0 247.0 255.0 0.280701540929 0.204364020228 0.611717261881 -0.4091562239 
0.0 0.0 0.0 0.0 0.0 0.0 0.0 0.0 0.0 0.0 0.0 0.0 230.0 247.0 255.0 0.333333333333 -0.204792203672 -0.120475670194 -0.0892268890192 
0.0 0.0 0.0 0.0 0.0 0.0 0.0 0.0 0.0 0.0 0.0 0.0 230.0 247.0 255.0 0.212857663139 -0.294019092691 0.558478660552 0.0782689995053 
0.0 0.0 0.0 0.0 0.0 0.0 0.0 0.0 0.0 0.0 0.0 0.0 230.0 247.0 255.0 0.333333333333 -0.215750093186 0.496029231486 0.407343692804 
0.0 0.0 0.0 0.0 0.0 0.0 0.0 0.0 0.0 0.0 0.0 0.0 230.0 247.0 255.0 0.333333333333 0.191593599618 0.203047382687 0.284296115857 
0.0 0.0 0.0 0.0 0.0 0.0 0.0 0.0 0.0 0.0 0.0 0.0 230.0 247.0 255.0 0.333333333333 0.333333333333 -1.10939012723 -0.108745482224 
0.0 0.0 0.0 0.0 0.0 0.0 0.0 0.0 0.0 0.0 0.0 0.0 230.0 247.0 255.0 -0.333333333333 0.22458785111 0.403578234236 0.200193322056 
0.0 0.0 0.0 0.0 0.0 0.0 0.0 0.0 0.0 0.0 0.0 0.0 230.0 247.0 255.0 0.0702449009031 0.333333333333 0.0325166113766 0.316517475619 
0.0 0.0 0.0 0.0 0.0 0.0 0.0 0.0 0.0 0.0 0.0 0.0 230.0 247.0 255.0 0.10276151228 0.333333333333 0.600934845523 1.16029618712 
0.0 0.0 0.0 0.0 0.0 0.0 0.0 0.0 0.0 0.0 0.0 0.0 230.0 247.0 255.0 0.333333333333 0.333333333333 -0.194360111244 0.168423549026 
0.0 0.0 0.0 0.0 0.0 0.0 0.0 0.0 0.0 0.0 0.0 0.0 230.0 247.0 255.0 0.138973222089 0.333333333333 0.421848740099 -0.503458652639 
0.0 0.0 0.0 0.0 0.0 0.0 0.0 0.0 0.0 0.0 0.0 0.0 230.0 247.0 255.0 0.333333333333 -0.170125319306 0.703346852193 0.0931910047355 
0.0 0.0 0.0 0.0 0.0 0.0 0.0 0.0 0.0 0.0 0.0 0.0 230.0 247.0 255.0 0.333333333333 -0.0769343145702 0.0993260209782 -1.03042867123 
0.0 0.0 0.0 0.0 0.0 0.0 0.0 0.0 0.0 0.0 0.0 0.0 230.0 247.0 255.0 0.333333333333 -0.333333333333 -0.0930771269938 0.743385494757 
0.0 0.0 0.0 0.0 0.0 0.0 0.0 0.0 0.0 0.0 0.0 0.0 230.0 247.0 255.0 0.24025620634 0.333333333333 0.599985387854 0.681105867439 
0.0 0.0 0.0 0.0 0.0 0.0 0.0 0.0 0.0 0.0 0.0 0.0 230.0 247.0 255.0 0.333333333333 0.333333333333 -0.300321833701 -0.364765378423 
0.0 0.0 0.0 0.0 0.0 0.0 0.0 0.0 0.0 0.0 0.0 0.0 230.0 247.0 255.0 0.0330114996322 -0.0314320450901 0.52214905568 -0.13257489492 
0.0 0.0 0.0 0.0 0.0 0.0 0.0 0.0 0.0 0.0 0.0 0.0 230.0 247.0 255.0 0.333333333333 -0.16400694001 -0.33537886134 -0.0551229456028 
0.0 0.0 0.0 0.0 0.0 0.0 0.0 0.0 0.0 0.0 0.0 0.0 230.0 247.0 255.0 -0.00204552800653 -0.219129885613 -0.0939333633766 0.196323035023 
0.0 0.0 0.0 0.0 0.0 0.0 0.0 0.0 0.0 0.0 0.0 0.0 230.0 247.0 255.0 -0.0959788913831 -0.0228068505902 0.505189627966 0.714531664821 
0.0 0.0 0.0 0.0 0.0 0.0 0.0 0.0 0.0 0.0 0.0 0.0 230.0 247.0 255.0 0.333333333333 0.333333333333 0.317673792481 -0.254414234919 
0.0 0.0 0.0 0.0 0.0 0.0 0.0 0.0 0.0 0.0 0.0 0.0 230.0 247.0 255.0 0.333333333333 0.0789190984142 0.219121313998 -0.657860328843 
0.0 0.0 0.0 0.0 0.0 0.0 0.0 0.0 0.0 0.0 0.0 0.0 230.0 247.0 255.0 0.333333333333 -0.333333333333 0.463793373407 -0.380698258988 
0.0 0.0 0.0 0.0 0.0 0.0 0.0 0.0 0.0 0.0 0.0 0.0 230.0 247.0 255.0 0.333333333333 -0.333333333333 0.232374745168 0.223334205184 
0.0 0.0 0.0 0.0 0.0 0.0 0.0 0.0 0.0 0.0 0.0 0.0 230.0 247.0 255.0 0.333333333333 -0.109999128149 -0.150252432873 -0.20949177258 
0.0 0.0 0.0 0.0 0.0 0.0 0.0 0.0 0.0 0.0 0.0 0.0 230.0 247.0 255.0 0.18308090046 -0.319490900729 -0.64162872998 0.617216697878 
0.0 0.0 0.0 0.0 0.0 0.0 0.0 0.0 0.0 0.0 0.0 0.0 230.0 247.0 255.0 -0.333333333333 0.297725797149 -0.336270727617 0.148936652193 
0.0 0.0 0.0 0.0 0.0 0.0 0.0 0.0 0.0 0.0 0.0 0.0 230.0 247.0 255.0 -0.333333333333 0.333333333333 -0.699727807299 0.5456327403 
0.0 0.0 0.0 0.0 0.0 0.0 0.0 0.0 0.0 0.0 0.0 0.0 230.0 247.0 255.0 -0.333333333333 0.333333333333 0.610594749424 -0.175108111449 
0.0 0.0 0.0 0.0 0.0 0.0 0.0 0.0 0.0 0.0 0.0 0.0 230.0 247.0 255.0 0.277261416091 0.158225221884 0.182858151861 0.0200288661543 
0.0 0.0 0.0 0.0 0.0 0.0 0.0 0.0 0.0 0.0 0.0 0.0 230.0 247.0 255.0 0.333333333333 0.178254088039 0.00361913921622 -0.227089965161 
0.0 0.0 0.0 0.0 0.0 0.0 0.0 0.0 0.0 0.0 0.0 0.0 230.0 247.0 255.0 0.333333333333 -0.048835877122 0.90170020254 -0.195512232844 
0.0 0.0 0.0 0.0 0.0 0.0 0.0 0.0 0.0 0.0 0.0 0.0 230.0 247.0 255.0 0.333333333333 -0.244348109966 0.324487291581 0.463781743549 
0.0 0.0 0.0 0.0 0.0 0.0 0.0 0.0 0.0 0.0 0.0 0.0 230.0 247.0 255.0 0.333333333333 0.219433633583 0.769860705696 0.70924975568 
0.0 0.0 0.0 0.0 0.0 0.0 0.0 0.0 0.0 0.0 0.0 0.0 230.0 247.0 255.0 0.333333333333 0.333333333333 -0.741687559435 -0.358131401981 
0.0 0.0 0.0 0.0 0.0 0.0 0.0 0.0 0.0 0.0 0.0 0.0 230.0 247.0 255.0 -0.333333333333 -0.0247980686477 0.405936098402 0.474323149698 
0.0 0.0 0.0 0.0 0.0 0.0 0.0 0.0 0.0 0.0 0.0 0.0 230.0 247.0 255.0 0.0726027650684 0.333333333333 -0.545278647731 -0.0713356550078 
0.0 0.0 0.0 0.0 0.0 0.0 0.0 0.0 0.0 0.0 0.0 0.0 230.0 247.0 255.0 -0.333333333333 0.261997678326 0.692334694335 -0.549897296755 
0.0 0.0 0.0 0.0 0.0 0.0 0.0 0.0 0.0 0.0 0.0 0.0 230.0 247.0 255.0 0.333333333333 -0.287899618429 -0.628690354952 0.0537030517776 
0.0 0.0 0.0 0.0 0.0 0.0 0.0 0.0 0.0 0.0 0.0 0.0 230.0 247.0 255.0 -0.295357021618 -0.234196566652 0.430474147999 -0.403627887041 
0.0 0.0 0.0 0.0 0.0 0.0 0.0 0.0 0.0 0.0 0.0 0.0 230.0 247.0 255.0 0.135117126381 -0.333333333333 -0.263206678367 -0.277183675801 
0.0 0.0 0.0 0.0 0.0 0.0 0.0 0.0 0.0 0.0 0.0 0.0 230.0 247.0 255.0 -0.128089551986 -0.333333333333 0.219776411378 -0.379195045225 
0.0 0.0 0.0 0.0 0.0 0.0 0.0 0.0 0.0 0.0 0.0 0.0 230.0 247.0 255.0 0.0916868593921 -0.333333333333 -0.136218777703 0.355195718356 
0.0 0.0 0.0 0.0 0.0 0.0 0.0 0.0 0.0 0.0 0.0 0.0 230.0 247.0 255.0 -0.0445319183111 0.0218623850226 0.608699933253 0.0569269314579 
0.0 0.0 0.0 0.0 0.0 0.0 0.0 0.0 0.0 0.0 0.0 0.0 230.0 247.0 255.0 0.333333333333 0.0787893164805 -0.807674915598 0.167452424816 
0.0 0.0 0.0 0.0 0.0 0.0 0.0 0.0 0.0 0.0 0.0 0.0 230.0 247.0 255.0 -0.333333333333 0.246241741297 0.968434643199 -0.369187992194 
0.0 0.0 0.0 0.0 0.0 0.0 0.0 0.0 0.0 0.0 0.0 0.0 230.0 247.0 255.0 0.333333333333 -0.122946250897 1.27241595544 -0.03207890355 
0.0 0.0 0.0 0.0 0.0 0.0 0.0 0.0 0.0 0.0 0.0 0.0 230.0 247.0 255.0 0.333333333333 -0.155025154447 0.0195845630658 -0.0164294752957 
0.0 0.0 0.0 0.0 0.0 0.0 0.0 0.0 0.0 0.0 0.0 0.0 230.0 247.0 255.0 0.333333333333 -0.171454629743 -0.679289480682 0.51210510383 
0.0 0.0 0.0 0.0 0.0 0.0 0.0 0.0 0.0 0.0 0.0 0.0 230.0 247.0 255.0 -0.333333333333 0.333333333333 -0.94728517928 0.323358036512 
0.0 0.0 0.0 0.0 0.0 0.0 0.0 0.0 0.0 0.0 0.0 0.0 230.0 247.0 255.0 -0.333333333333 0.333333333333 0.451301433822 -0.156627894904 
0.0 0.0 0.0 0.0 0.0 0.0 0.0 0.0 0.0 0.0 0.0 0.0 230.0 247.0 255.0 0.117968100489 0.176705438429 -0.266135018965 0.790568260848 
0.0 0.0 0.0 0.0 0.0 0.0 0.0 0.0 0.0 0.0 0.0 0.0 230.0 247.0 255.0 -0.148166918476 0.333333333333 -0.545625462414 0.0778659068438 
0.0 0.0 0.0 0.0 0.0 0.0 0.0 0.0 0.0 0.0 0.0 0.0 230.0 247.0 255.0 -0.333333333333 0.333333333333 0.257338109925 -0.00658114475677 
0.0 0.0 0.0 0.0 0.0 0.0 0.0 0.0 0.0 0.0 0.0 0.0 230.0 247.0 255.0 -0.0759952234086 0.326752188577 0.592803464967 -0.287543726808 
0.0 0.0 0.0 0.0 0.0 0.0 0.0 0.0 0.0 0.0 0.0 0.0 230.0 247.0 255.0 0.333333333333 0.0392084617684 -0.0374825363341 0.673147398379 
0.0 0.0 0.0 0.0 0.0 0.0 0.0 0.0 0.0 0.0 0.0 0.0 230.0 247.0 255.0 0.295850796999 0.333333333333 -0.924625201304 -0.108260868381 
0.0 0.0 0.0 0.0 0.0 0.0 0.0 0.0 0.0 0.0 0.0 0.0 230.0 247.0 255.0 -0.333333333333 0.225072464953 -0.142723950582 -0.116554775165 
0.0 0.0 0.0 0.0 0.0 0.0 0.0 0.0 0.0 0.0 0.0 0.0 230.0 247.0 255.0 -0.333333333333 0.108517689787 -0.0403615035759 0.21154448165 
0.0 0.0 0.0 0.0 0.0 0.0 0.0 0.0 0.0 0.0 0.0 0.0 230.0 247.0 255.0 -0.333333333333 0.320062171437 0.935508185878 -0.116776163306 
0.0 0.0 0.0 0.0 0.0 0.0 0.0 0.0 0.0 0.0 0.0 0.0 230.0 247.0 255.0 0.333333333333 0.203286008132 0.518932949162 0.245697432144 
0.0 0.0 0.0 0.0 0.0 0.0 0.0 0.0 0.0 0.0 0.0 0.0 230.0 247.0 255.0 0.333333333333 0.333333333333 -0.680052089045 0.39282173098 
0.0 0.0 0.0 0.0 0.0 0.0 0.0 0.0 0.0 0.0 0.0 0.0 230.0 247.0 255.0 -0.333333333333 0.333333333333 -0.29380137892 -0.349511188585 
0.0 0.0 0.0 0.0 0.0 0.0 0.0 0.0 0.0 0.0 0.0 0.0 230.0 247.0 255.0 -0.333333333333 -0.0161778552518 -0.51942944547 0.643505929244 
0.0 0.0 0.0 0.0 0.0 0.0 0.0 0.0 0.0 0.0 0.0 0.0 230.0 247.0 255.0 -0.333333333333 0.333333333333 -0.786761270804 -0.522906467435 
0.0 0.0 0.0 0.0 0.0 0.0 0.0 0.0 0.0 0.0 0.0 0.0 230.0 247.0 255.0 -0.333333333333 -0.189573134102 -0.11260135571 -0.0102298172071 
0.0 0.0 0.0 0.0 0.0 0.0 0.0 0.0 0.0 0.0 0.0 0.0 230.0 247.0 255.0 -0.333333333333 -0.199802951309 -0.844650565415 0.968343023431 
0.0 0.0 0.0 0.0 0.0 0.0 0.0 0.0 0.0 0.0 0.0 0.0 230.0 247.0 255.0 -0.333333333333 0.333333333333 -0.932955549542 -0.0359295811899 
0.0 0.0 0.0 0.0 0.0 0.0 0.0 0.0 0.0 0.0 0.0 0.0 230.0 247.0 255.0 -0.333333333333 0.297403752143 0.0140068452317 -0.180330881772 
0.0 0.0 0.0 0.0 0.0 0.0 0.0 0.0 0.0 0.0 0.0 0.0 230.0 247.0 255.0 -0.319326488102 0.117072870371 -1.22300606662 -0.754831446734 
0.0 0.0 0.0 0.0 0.0 0.0 0.0 0.0 0.0 0.0 0.0 0.0 230.0 247.0 255.0 -0.333333333333 -0.333333333333 -0.0071407995773 0.162750203198 
0.0 0.0 0.0 0.0 0.0 0.0 0.0 0.0 0.0 0.0 0.0 0.0 230.0 247.0 255.0 -0.333333333333 -0.170583130136 -0.143840307621 -0.641639858798 
0.0 0.0 0.0 0.0 0.0 0.0 0.0 0.0 0.0 0.0 0.0 0.0 230.0 247.0 255.0 -0.333333333333 -0.333333333333 0.366275642238 0.619956060934 
0.0 0.0 0.0 0.0 0.0 0.0 0.0 0.0 0.0 0.0 0.0 0.0 230.0 247.0 255.0 0.0329423089044 0.286622727601 -0.859632178112 -0.0356295287673 
0.0 0.0 0.0 0.0 0.0 0.0 0.0 0.0 0.0 0.0 0.0 0.0 230.0 247.0 255.0 -0.333333333333 0.250993198834 0.523956308421 -0.936650976217 
0.0 0.0 0.0 0.0 0.0 0.0 0.0 0.0 0.0 0.0 0.0 0.0 230.0 247.0 255.0 0.190622975087 -0.333333333333 -0.115956471856 0.244768403932 
0.0 0.0 0.0 0.0 0.0 0.0 0.0 0.0 0.0 0.0 0.0 0.0 230.0 247.0 255.0 0.0746665032311 -0.0885649294018 0.581651230863 -0.267058408901 
0.0 0.0 0.0 0.0 0.0 0.0 0.0 0.0 0.0 0.0 0.0 0.0 230.0 247.0 255.0 0.333333333333 -0.333333333333 0.334035340341 0.747082094431 
0.0 0.0 0.0 0.0 0.0 0.0 0.0 0.0 0.0 0.0 0.0 0.0 230.0 247.0 255.0 0.333333333333 0.333333333333 0.972881854713 -0.237830298008 
0.0 0.0 0.0 0.0 0.0 0.0 0.0 0.0 0.0 0.0 0.0 0.0 230.0 247.0 255.0 0.333333333333 0.0955030353254 -0.251276239609 0.0800549524778 
0.0 0.0 0.0 0.0 0.0 0.0 0.0 0.0 0.0 0.0 0.0 0.0 230.0 247.0 255.0 0.0820570937244 0.175557987803 -0.37585941342 -0.317815170788 
0.0 0.0 0.0 0.0 0.0 0.0 0.0 0.0 0.0 0.0 0.0 0.0 230.0 247.0 255.0 -0.293802319696 -0.142257182985 0.0220234958013 0.591172490696 
0.0 0.0 0.0 0.0 0.0 0.0 0.0 0.0 0.0 0.0 0.0 0.0 230.0 247.0 255.0 -0.271778823894 0.333333333333 0.0516130271943 -0.376788752333 
0.0 0.0 0.0 0.0 0.0 0.0 0.0 0.0 0.0 0.0 0.0 0.0 230.0 247.0 255.0 -0.2201657967 -0.0434554189997 -0.370758655658 0.69325634838 
0.0 0.0 0.0 0.0 0.0 0.0 0.0 0.0 0.0 0.0 0.0 0.0 230.0 247.0 255.0 -0.333333333333 0.333333333333 -0.18842387851 -0.479914134303 
0.0 0.0 0.0 0.0 0.0 0.0 0.0 0.0 0.0 0.0 0.0 0.0 230.0 247.0 255.0 -0.333333333333 -0.14658080097 0.575646536224 -0.696101784693 
0.0 0.0 0.0 0.0 0.0 0.0 0.0 0.0 0.0 0.0 0.0 0.0 230.0 247.0 255.0 0.242313202891 -0.333333333333 -0.112606518829 -0.72716041716 
0.0 0.0 0.0 0.0 0.0 0.0 0.0 0.0 0.0 0.0 0.0 0.0 230.0 247.0 255.0 0.129706684062 -0.333333333333 0.619863847958 0.173645636869 
0.0 0.0 0.0 0.0 0.0 0.0 0.0 0.0 0.0 0.0 0.0 0.0 230.0 247.0 255.0 0.333333333333 -0.159687696464 -0.356418146436 -0.309723769935 
0.0 0.0 0.0 0.0 0.0 0.0 0.0 0.0 0.0 0.0 0.0 0.0 230.0 247.0 255.0 -0.0230848131027 -0.333333333333 0.527326317553 -0.68593693708 
0.0 0.0 0.0 0.0 0.0 0.0 0.0 0.0 0.0 0.0 0.0 0.0 230.0 247.0 255.0 0.333333333333 -0.333333333333 0.311999665925 -0.895623269592 
0.0 0.0 0.0 0.0 0.0 0.0 0.0 0.0 0.0 0.0 0.0 0.0 230.0 247.0 255.0 0.333333333333 -0.333333333333 0.359209595417 -0.0902668081932 
0.0 0.0 0.0 0.0 0.0 0.0 0.0 0.0 0.0 0.0 0.0 0.0 230.0 247.0 255.0 0.333333333333 -0.333333333333 -0.231233894961 0.750642205218 
0.0 0.0 0.0 0.0 0.0 0.0 0.0 0.0 0.0 0.0 0.0 0.0 230.0 247.0 255.0 0.102099438373 0.333333333333 0.293779642007 -0.195533230967 
0.0 0.0 0.0 0.0 0.0 0.0 0.0 0.0 0.0 0.0 0.0 0.0 230.0 247.0 255.0 0.333333333333 0.137800102366 -0.0709801504104 1.82408771662 
0.0 0.0 0.0 0.0 0.0 0.0 0.0 0.0 0.0 0.0 0.0 0.0 230.0 247.0 255.0 0.262353182923 0.333333333333 -0.394839502746 -0.16634023783 
0.0 0.0 0.0 0.0 0.0 0.0 0.0 0.0 0.0 0.0 0.0 0.0 230.0 247.0 255.0 -0.132486319823 0.166993095503 0.742649561897 -0.472444282645 
0.0 0.0 0.0 0.0 0.0 0.0 0.0 0.0 0.0 0.0 0.0 0.0 230.0 247.0 255.0 0.333333333333 -0.305451187141 -0.0395303404679 -0.147939596709 
0.0 0.0 0.0 0.0 0.0 0.0 0.0 0.0 0.0 0.0 0.0 0.0 230.0 247.0 255.0 0.293802992865 -0.333333333333 0.378107274363 -0.229462603356 
0.0 0.0 0.0 0.0 0.0 0.0 0.0 0.0 0.0 0.0 0.0 0.0 230.0 247.0 255.0 0.333333333333 -0.333333333333 -0.312028373402 0.302427742854 
0.0 0.0 0.0 0.0 0.0 0.0 0.0 0.0 0.0 0.0 0.0 0.0 230.0 247.0 255.0 0.0213049599314 -0.030905590479 0.432851686992 -0.119450254138 
0.0 0.0 0.0 0.0 0.0 0.0 0.0 0.0 0.0 0.0 0.0 0.0 230.0 247.0 255.0 0.333333333333 -0.150355844617 0.351604046601 -0.295320290098 
0.0 0.0 0.0 0.0 0.0 0.0 0.0 0.0 0.0 0.0 0.0 0.0 230.0 247.0 255.0 0.333333333333 -0.333333333333 -0.233130205586 0.647769643507 
0.0 0.0 0.0 0.0 0.0 0.0 0.0 0.0 0.0 0.0 0.0 0.0 230.0 247.0 255.0 0.100203127747 0.314436310174 0.410018452835 0.417745233798 
0.0 0.0 0.0 0.0 0.0 0.0 0.0 0.0 0.0 0.0 0.0 0.0 230.0 247.0 255.0 0.333333333333 0.333333333333 0.384648014562 -0.438766806779 
0.0 0.0 0.0 0.0 0.0 0.0 0.0 0.0 0.0 0.0 0.0 0.0 230.0 247.0 255.0 0.333333333333 -0.105433473445 1.69941243213 -0.250306765932 
0.0 0.0 0.0 0.0 0.0 0.0 0.0 0.0 0.0 0.0 0.0 0.0 230.0 247.0 255.0 0.333333333333 -0.333333333333 -0.360430094148 -0.00300410517088 
0.0 0.0 0.0 0.0 0.0 0.0 0.0 0.0 0.0 0.0 0.0 0.0 230.0 247.0 255.0 -0.0270967608149 -0.333333333333 -0.344381651621 0.203897408408 
0.0 0.0 0.0 0.0 0.0 0.0 0.0 0.0 0.0 0.0 0.0 0.0 230.0 247.0 255.0 -0.333333333333 -0.129435924926 -0.736845944413 -0.399040641825 
0.0 0.0 0.0 0.0 0.0 0.0 0.0 0.0 0.0 0.0 0.0 0.0 230.0 247.0 255.0 -0.333333333333 -0.333333333333 -0.332263265506 -0.0666386658113 
0.0 0.0 0.0 0.0 0.0 0.0 0.0 0.0 0.0 0.0 0.0 0.0 230.0 247.0 255.0 -0.333333333333 -0.333333333333 -0.0306254855889 -0.557489894997 
0.0 0.0 0.0 0.0 0.0 0.0 0.0 0.0 0.0 0.0 0.0 0.0 230.0 247.0 255.0 -0.333333333333 -0.333333333333 0.273025074183 -1.07894252076 
0.0 0.0 0.0 0.0 0.0 0.0 0.0 0.0 0.0 0.0 0.0 0.0 230.0 247.0 255.0 -0.06030825915 -0.333333333333 0.458256894548 -0.036711680655 
0.0 0.0 0.0 0.0 0.0 0.0 0.0 0.0 0.0 0.0 0.0 0.0 230.0 247.0 255.0 0.333333333333 -0.333333333333 0.186943065443 0.287149493691 
0.0 0.0 0.0 0.0 0.0 0.0 0.0 0.0 0.0 0.0 0.0 0.0 230.0 247.0 255.0 0.333333333333 -0.0461838396422 -0.60576388006 -0.898585268751 
0.0 0.0 0.0 0.0 0.0 0.0 0.0 0.0 0.0 0.0 0.0 0.0 230.0 247.0 255.0 -0.272430546726 -0.333333333333 -0.375566842295 -0.695432174592 
0.0 0.0 0.0 0.0 0.0 0.0 0.0 0.0 0.0 0.0 0.0 0.0 230.0 247.0 255.0 -0.333333333333 -0.333333333333 0.155474128418 0.137767192768 
0.0 0.0 0.0 0.0 0.0 0.0 0.0 0.0 0.0 0.0 0.0 0.0 230.0 247.0 255.0 -0.177859204915 -0.195566140565 -0.114411270387 0.44771922574 
0.0 0.0 0.0 0.0 0.0 0.0 0.0 0.0 0.0 0.0 0.0 0.0 230.0 247.0 255.0 -0.292270475302 0.252153085175 0.20364576376 0.260377262914 
0.0 0.0 0.0 0.0 0.0 0.0 0.0 0.0 0.0 0.0 0.0 0.0 230.0 247.0 255.0 -0.0886247115419 0.333333333333 -0.568839092346 -0.238037593795 
0.0 0.0 0.0 0.0 0.0 0.0 0.0 0.0 0.0 0.0 0.0 0.0 230.0 247.0 255.0 -0.333333333333 0.0952957395386 0.210121646793 -0.00236235002699 
0.0 0.0 0.0 0.0 0.0 0.0 0.0 0.0 0.0 0.0 0.0 0.0 230.0 247.0 255.0 -0.12321168654 0.0929333895117 0.16125903211 -0.451590207211 
0.0 0.0 0.0 0.0 0.0 0.0 0.0 0.0 0.0 0.0 0.0 0.0 230.0 247.0 255.0 0.0380473455698 -0.333333333333 0.283054582742 -0.199429954647 
0.0 0.0 0.0 0.0 0.0 0.0 0.0 0.0 0.0 0.0 0.0 0.0 230.0 247.0 255.0 0.321101928312 -0.333333333333 0.772892087917 0.938695271155 
0.0 0.0 0.0 0.0 0.0 0.0 0.0 0.0 0.0 0.0 0.0 0.0 230.0 247.0 255.0 0.333333333333 0.333333333333 0.433174314553 0.713110471899 
0.0 0.0 0.0 0.0 0.0 0.0 0.0 0.0 0.0 0.0 0.0 0.0 230.0 247.0 255.0 0.333333333333 0.333333333333 -0.142637368043 -0.218409626563 
0.0 0.0 0.0 0.0 0.0 0.0 0.0 0.0 0.0 0.0 0.0 0.0 230.0 247.0 255.0 0.19069596529 0.11492370677 0.0629448132947 -0.124671058411 
0.0 0.0 0.0 0.0 0.0 0.0 0.0 0.0 0.0 0.0 0.0 0.0 230.0 247.0 255.0 0.253640778585 -0.00974735164074 -0.517689848608 0.849466326231 
0.0 0.0 0.0 0.0 0.0 0.0 0.0 0.0 0.0 0.0 0.0 0.0 230.0 247.0 255.0 -0.264049070023 0.333333333333 0.502333498518 0.349475556223 
0.0 0.0 0.0 0.0 0.0 0.0 0.0 0.0 0.0 0.0 0.0 0.0 230.0 247.0 255.0 0.238284428495 0.333333333333 -0.623449724673 0.0360230338424 
0.0 0.0 0.0 0.0 0.0 0.0 0.0 0.0 0.0 0.0 0.0 0.0 230.0 247.0 255.0 -0.333333333333 0.333333333333 0.421274347868 0.701329324538 
0.0 0.0 0.0 0.0 0.0 0.0 0.0 0.0 0.0 0.0 0.0 0.0 230.0 247.0 255.0 0.0879410145348 0.333333333333 0.301332571666 0.901009206905 
0.0 0.0 0.0 0.0 0.0 0.0 0.0 0.0 0.0 0.0 0.0 0.0 230.0 247.0 255.0 0.333333333333 0.333333333333 0.757415015679 0.150541377452 
0.0 0.0 0.0 0.0 0.0 0.0 0.0 0.0 0.0 0.0 0.0 0.0 230.0 247.0 255.0 0.333333333333 0.333333333333 -0.374198026548 0.333988570141 
0.0 0.0 0.0 0.0 0.0 0.0 0.0 0.0 0.0 0.0 0.0 0.0 230.0 247.0 255.0 -0.0408646932146 0.333333333333 -0.632384360611 1.17965363373 
0.0 0.0 0.0 0.0 0.0 0.0 0.0 0.0 0.0 0.0 0.0 0.0 230.0 247.0 255.0 -0.333333333333 0.333333333333 -0.0652498642272 0.65284372897 
0.0 0.0 0.0 0.0 0.0 0.0 0.0 0.0 0.0 0.0 0.0 0.0 230.0 247.0 255.0 -0.333333333333 0.333333333333 0.0650461430922 -0.279149974956 
0.0 0.0 0.0 0.0 0.0 0.0 0.0 0.0 0.0 0.0 0.0 0.0 230.0 247.0 255.0 -0.268287190241 0.0541833583778 0.271424269702 -0.11670196487 
0.0 0.0 0.0 0.0 0.0 0.0 0.0 0.0 0.0 0.0 0.0 0.0 230.0 247.0 255.0 0.00313707946128 -0.0625186064924 -0.117931398479 -0.50100286445 
0.0 0.0 0.0 0.0 0.0 0.0 0.0 0.0 0.0 0.0 0.0 0.0 230.0 247.0 255.0 -0.114794319017 -0.333333333333 1.27638857277 -0.794659763341 
