nrollouts: 2
# HEADER 1
1.20574391332 1.77573608353 2.1179641151 1.08736475743 0.0 1.78633610502 0.0 1.51488100959 1.96507097191 4.49302778687 0.0 2.08098453913 133.0 248.0 255.0 0 0 -0.0735841109854 0.0678900414381 
0.0 0.0 2.52578874898 0.44526778952 1.55383721941 0.0 0.666816016206 1.27540868785 0.0 0.350728315213 1.47200578941 0.0109412511603 133.0 245.0 255.0 -0.0735841109854 0.0678900414381 0.000816434624598 -0.098344456413 
0.0 0.0 0.0 0.0 0.342053952644 0.0 0.513647534601 0.0 0.0 0.0 0.555766896509 0.0 137.0 244.0 255.0 -0.0727676763608 -0.0304544149749 -0.161115249424 -0.171674074637 
0.40921864009 0.0 0.376873151029 0.391503438107 0.303839724606 0.312607980103 0.0 0.0 0.0 0.725870347893 0.0 0.341693372561 147.0 249.0 255.0 -0.233882925785 -0.202128489612 -0.177818057047 -0.0294513727853 
0.0 0.0 1.06554371286 0.0 1.05224695728 0.0 0.0 0.0 0.0 0.0 0.0 0.0 158.0 252.0 255.0 -0.333333333333 -0.231579862397 0.012555866781 -0.0541127411505 
0.0 0.0 0.0245418636889 0.0 0.0 0.0 0.259426918655 2.23468563173 0.0 0.0 0.0 0.0 171.0 252.0 255.0 -0.320777466552 -0.285692603548 0.0518003540651 0.0592868876433 
0.0 0.0 0.0 0.0 0.0 1.63748538312 0.0 0.331515863846 0.0 0.0 1.02731930589 0.889618673848 183.0 252.0 255.0 -0.268977112487 -0.226405715904 -0.0505787700166 -0.142288741656 
1.51355298608 0.0 0.802118818421 1.11286545212 0.991651016333 1.70458725482 0.0 1.24059551414 1.45586764309 3.73640728931 0.0 0.0 196.0 251.0 255.0 -0.319555882504 -0.333333333333 -0.0970338611049 0.00633816643863 
0.0 0.0 0.578368909069 0.135553451057 0.855104808585 0.0 0.24339544973 0.0 0.475356108058 0.0 0.0 0.679735882078 206.0 251.0 255.0 -0.333333333333 -0.326995166895 0.0611054439943 -0.150991811578 
0.0 0.0588883461736 0.0 0.10474107929 0.0 0.325086624423 0.501205525853 0.240911864173 0.006999322053 0.0 0.0 0.0 217.0 251.0 255.0 -0.272227889339 -0.333333333333 -0.0583540111564 0.0575469756103 
0.0 0.362335307014 0.0 0.0 0.820457426043 0.163779681137 0.508981546646 0.0 0.305113167284 0.411903887496 0.0 0.0 227.0 251.0 255.0 -0.330581900495 -0.275786357723 -0.0751845302226 -0.0114970155469 
0.507094818612 0.0 0.41015620256 0.0 1.81796243912 0.0 0.727402860011 1.17555189267 0.0 0.0 0.70464220043 0.0 230.0 251.0 255.0 -0.333333333333 -0.28728337327 -0.0208626339862 -0.0253906854373 
0.312219903462 0.0 1.40957472573 0.0 0.0 1.41994982312 2.01504569956 0.517054691779 0.0 0.0 0.0 0.0 235.0 251.0 255.0 -0.333333333333 -0.312674058707 0.110425660076 0.0706882198491 
0.0 0.0 1.75301928102 0.0 0.595644395689 0.0 0.554677959786 0.0 1.24917783263 2.3513533009 1.4726549423 0.0 235.0 251.0 255.0 -0.222907673257 -0.241985838858 0.203674316151 -0.121546899345 
2.71117756774 1.80164673518 3.79473626547 0.776852111388 1.81082035389 1.08233227443 0.0 0.0 2.06234134645 4.47258738226 1.96198236381 3.35011452711 235.0 251.0 255.0 -0.0192333571057 -0.333333333333 -0.129121284389 0.0797964612759 
0.0 0.948367138519 0.0 0.126668799642 1.19260150597 0.625283854373 0.655859940284 0.42482341796 0.0 0.0 0.57073162578 0.0 236.0 251.0 255.0 -0.148354641495 -0.253536872057 0.0201983834109 0.0411686347638 
0.0 0.0 0.0 1.07446945325 0.0 1.14211695037 1.04317994526 1.24363642942 0.0 0.175769356218 1.27714245219 0.0 236.0 251.0 255.0 -0.128156258084 -0.212368237294 -0.0913346404652 0.074099073377 
1.1661574839 0.911182832091 0.0 0.134857634395 0.0469061989216 2.12667794329 0.618197126269 0.300376395025 0.0 0.778972452769 0.0 0.0533082085461 236.0 251.0 255.0 -0.219490898549 -0.138269163917 0.0241901848657 -0.0511507393711 
0.0 0.0 0.0 1.38665613311 1.48052923673 2.37564029847 0.0 0.0 0.0 1.76567373659 0.721456001265 0.0 236.0 251.0 255.0 -0.195300713683 -0.189419903288 0.150551763345 -0.117436771917 
1.02929566701 0.476349524208 0.624932096535 0.0 0.0 0.758380951687 0.269257850092 1.07126771039 1.2560337295 0.265267629263 0.531432579508 0.0 236.0 251.0 255.0 -0.0447489503388 -0.306856675205 0.10851004039 0.114975755432 
0.0 0.0 0.0 0.0 0.267768124677 0.0 0.0 0.0 0.0 0.0 0.0 0.334885191217 236.0 251.0 255.0 0.0637610900516 -0.191880919773 0.039397970602 0.0838344994435 
0.0 0.0 0.612006144915 1.55047440951 0.0 0.0 0.265976512041 0.974581960355 0.736077271557 2.13770472508 0.0 0.0 236.0 251.0 255.0 0.103159060654 -0.108046420329 -0.192454758922 0.0582062237865 
0.227673571301 0.353052882249 3.75770516633 2.61721643517 0.0 1.69547779991 0.0 0.605461949744 2.79595375784 1.77667260532 0.0 1.09306280492 236.0 251.0 255.0 -0.0892956982687 -0.0498401965426 -0.0939582874857 -0.10290064384 
1.30320256195 0.0 0.0 0.930927213001 0.0 0.0 0.454710416928 0.0 0.828401940014 0.0 0.0 0.0 236.0 251.0 255.0 -0.183253985754 -0.152740840383 0.0430755921141 0.0549236443097 
0.461655155641 1.63084883578 0.0 1.65904916801 0.744079029322 0.0 0.0 3.9390837006 0.579408924252 3.019161407 4.22109094615 0.0 236.0 251.0 255.0 -0.14017839364 -0.0978171960729 -0.11851007449 0.0111164913324 
0.435313065249 0.0 0.472092659541 0.0 1.84609117211 0.0 1.4224234044 0.0 0.0 0.0 0.0 0.0537084879805 235.0 251.0 255.0 -0.25868846813 -0.0867007047405 -0.140609743915 -0.0357553627138 
1.30936017772 1.13613455171 1.09597370557 2.32489978252 1.09856817975 2.19957577744 0.536486154667 0.0 0.0 0.0 0.0314962604246 0.0 236.0 251.0 255.0 -0.333333333333 -0.122456067454 0.0382685615607 0.0570769377299 
0.461516576583 0.0 0.0 0.0 0.199790974962 1.31555030127 0.508520960445 0.272182711515 0.0 0.0 0.632593915065 0.0 236.0 251.0 255.0 -0.295064771773 -0.0653791297244 -0.0392853532484 0.0873645553813 
0.434977843927 1.1274387742 0.0 0.911065681756 0.0 0.0 0.0 0.0 0.0 0.0 0.0 0.0 236.0 251.0 255.0 -0.333333333333 0.021985425657 -0.0408267483242 -0.231228704771 
0.0 0.425700742581 0.0856120133588 0.0 0.047023263058 2.013463862 0.391905426335 0.0 0.0 0.0 1.28521852561 0.0 236.0 251.0 255.0 -0.333333333333 -0.209243279114 0.0293519148662 0.0041991385249 
3.22167815469 1.65329106888 2.92779865438 0.909595398178 2.01021380394 2.37152448989 0.0 1.40690171192 1.70485632242 4.51326676769 0.0 0.304181809107 236.0 251.0 255.0 -0.303981418467 -0.205044140589 0.116245738676 0.0506123459751 
0.135502282205 0.0 0.0 0.0 1.13146678213 0.694528549833 0.332077500534 0.0 0.0736454074466 0.0 1.56095775525 0.0 236.0 251.0 255.0 -0.187735679791 -0.154431794614 -0.0774176069353 0.0177610079762 
0.480446765474 0.0 0.0 0.0 1.07989339116 0.0 0.48594475569 0.0 0.0 0.0 0.350478637882 0.0 236.0 251.0 255.0 -0.265153286726 -0.136670786638 -0.0206000701261 0.113194392828 
0.0 0.0 0.0 0.0 0.0 0.0751461163115 0.505026584844 1.11216196153 0.0 0.0 1.94911483445 0.0 236.0 251.0 255.0 -0.285753356852 -0.0234763938099 0.00192221808624 0.192237133447 
0.0 4.75110496601 0.0 0.0 1.89640683083 2.93545345142 0.445002216755 0.54713479117 0.0 0.0 0.0 0.0 236.0 250.0 255.0 -0.283831138766 0.168760739637 0.0328018976742 -0.0323297618938 
0.0 0.0 0.0 0.0 0.0 0.0 0.0 0.0 0.320948811986 0.168641415397 0.0 0.0479963115237 236.0 244.0 255.0 -0.251029241092 0.136430977743 -0.00694717125408 0.0523259403203 
0.0 0.0 0.0 0.0 0.0 0.0 0.0 0.0 0.0 0.0 0.0 0.0 236.0 235.0 255.0 -0.257976412346 0.188756918064 0.0191108268103 -0.0516468396106 
0.0 2.26189040982 0.705084283082 0.0 0.980499747847 2.39700418716 0.0 0.0 1.86421917057 4.4069970521 0.0 2.18805099152 236.0 226.0 255.0 -0.238865585536 0.137110078453 -0.0262444757935 0.0283479364316 
2.53828484854 1.45091911521 1.18432074398 0.964249683972 0.129844928324 0.134449861433 0.0 0.0 2.89629448376 4.08910851719 0.0 0.861247060516 236.0 216.0 255.0 -0.265110061329 0.165458014885 -0.0876320920315 -0.0432615381409 
1.59423578821 0.0 0.839182736569 0.320415430065 1.76387313021 2.43051848157 0.0 1.95677525105 2.58501073298 4.06857281414 1.24982876337 0.0 236.0 207.0 255.0 -0.333333333333 0.122196476744 0.0740764353001 0.0958807372524 
3.97209704083 2.49502301835 0.817486912898 3.15476093741 0.0 2.573468397 0.0 2.90140977848 0.0 3.87910074242 0.0 0.0 236.0 196.0 255.0 -0.259256898033 0.218077213996 0.00693728935052 -0.0598233868727 
1.5122755436 1.15597425018 0.265875001668 1.04064802079 0.774968244315 0.888724773948 0.0 0.0 0.0 2.76626186826 0.263574951824 0.76132886593 236.0 188.0 255.0 -0.252319608683 0.158253827124 0.0262020215149 -0.0600054172148 
0.0 2.14501047326 2.84239906414 0.880324117583 0.0 2.49215106206 0.0 1.26457831724 1.01515723824 2.69978042771 0.0 0.0351613065731 236.0 181.0 255.0 -0.226117587168 0.0982484099088 -0.0511258419113 -0.073216478563 
0.0 2.58178950187 2.48474085233 1.8120684227 0.0 0.0 0.586169983686 0.177673736869 0.0 0.0 0.0 0.0 236.0 178.0 255.0 -0.277243429079 0.0250319313458 0.0149361241353 -0.0641555918165 
1.99690281963 1.87584518515 0.379264505118 1.12143407977 0.0 5.47322697383 0.0 0.0 1.45493648904 1.7582262848 0.0 0.0 236.0 179.0 255.0 -0.262307304944 -0.0391236604707 0.0865383273949 0.0930936993454 
0.0 0.0 2.84472641759 1.63050733196 0.0 0.946652078271 0.166159132843 0.0 0.25396269169 0.0 0.0 0.0 236.0 179.0 255.0 -0.175768977549 0.0539700388747 -0.0853470494321 -0.180031206118 
0.0 0.0 0.0 0.0 0.0 0.836074851866 1.25071672013 1.43466478548 0.0 0.0 1.47364643584 0.0 236.0 184.0 255.0 -0.261116026981 -0.126061167244 0.147418300742 0.002165975444 
0.0 0.0 1.44476058944 0.0 0.0564784126484 2.550813383 0.0 0.308829039742 0.0 0.0 2.05246894772 0.0 236.0 200.0 255.0 -0.113697726239 -0.1238951918 -0.0420892217249 0.000589718931136 
0.458588239756 0.533817742708 0.565674374572 0.0 0.0 0.760593315165 0.0 0.0 0.0 5.21137471672 0.0 1.43058179419 236.0 213.0 255.0 -0.155786947963 -0.123305472869 -0.0351002192922 0.0183392504993 
0.0 0.0 0.0 0.0 0.285513559893 0.0 0.0 0.0 0.0 0.0 0.0 0.0 236.0 225.0 255.0 -0.190887167256 -0.104966222369 -0.0514238192702 0.0805929745948 
0.476643229456 0.0 0.0 0.0 0.0 0.0 0.0493761101266 0.0 0.0 0.515703609276 0.0 0.0 236.0 232.0 255.0 -0.242310986526 -0.0243732477744 0.129361047139 -0.0201595676941 
0.434323979706 0.0 2.64843799961 1.7767132496 0.817127116845 0.583677285589 0.0 0.219103522684 0.620202606443 0.035188275306 0.0 0.602655642435 236.0 237.0 255.0 -0.112949939387 -0.0445328154686 -0.173616188313 -0.0554923819108 
0.0 0.0 1.03915002821 0.0 1.59669014599 0.0 0.0 0.0 0.0 0.0 1.42162607769 0.0 236.0 245.0 255.0 -0.2865661277 -0.100025197379 0.0889319765815 -0.0465456538206 
0.0 1.0943845273 0.675836745522 0.369290433477 1.08913765016 0.367520129121 0.0 0.0 0.0 0.853406580986 0.0 0.0 236.0 250.0 255.0 -0.197634151118 -0.1465708512 -0.00854701004102 -0.0810687601831 
0.0 4.04759722324 0.0 0.0 1.8226757524 0.91183202732 0.0 0.302179923512 0.0 3.23388376645 1.30903234028 2.82326257189 236.0 251.0 255.0 -0.206181161159 -0.227639611383 0.0990587143747 -0.133106331557 
0.921413485397 0.0 1.89470473669 0.0 0.0 0.0 0.0 0.0 1.17454566077 1.40112594848 0.0 0.0 236.0 251.0 255.0 -0.107122446784 -0.333333333333 0.0298267891179 0.0447456560205 
0.0 0.0 0.796271463205 0.0 0.0 0.77853277915 0.0 2.29205532616 0.0 0.0 1.47324265553 0.0 236.0 251.0 255.0 -0.0772956576665 -0.288587677313 0.160710043961 -0.0654901652765 
0.0 0.0 0.0 0.0 1.1109170909 0.0 2.64488843931 0.464330755365 0.0 0.0 0.0 0.0 236.0 251.0 255.0 0.083414386295 -0.333333333333 -0.0119828103274 0.0726696780087 
0.714956999218 0.0 0.13304195509 1.5777501446 2.7915337136 0.0 1.32908418784 5.3433840555 0.909779583441 0.0 0.0 0.129328269177 236.0 251.0 255.0 0.0714315759675 -0.260663655325 0.0716491279155 0.0478290392778 
0.537266068908 0.0 0.52376711033 1.95994619218 0.374468738646 0.85801036844 0.0 1.18264337748 0.333465289767 3.60366090481 0.0 0.924029863397 234.0 252.0 255.0 0.143080703883 -0.212834616047 -0.0323228992707 -0.0923734221269 
0.0 0.0 0.0 1.12708658161 0.0 0.0 1.96595673359 0.0 0.534164911264 0.0 0.500396962683 0.0 230.0 252.0 255.0 0.110757804612 -0.305208038174 -0.131380866348 0.0388908523176 
0.0 0.235000529606 0.177331472826 0.0 0.0 0.0 0.0 0.0 0.0 0.0 0.742122331474 0.152688585454 230.0 252.0 255.0 -0.0206230617352 -0.266317185856 0.00973851112982 0.0655533142816 
2.76361376958 1.86574019343 1.71285021287 0.0 0.0 0.0 0.0 2.69552756774 1.04865374595 3.1309925064 0.0 3.29891574176 230.0 252.0 255.0 -0.0108845506054 -0.200763871574 -0.114160336284 0.0227574368777 
0.381871479468 0.729314002431 0.0 0.0 0.0 0.0 0.434227329812 0.255188921283 0.0 0.306750913158 0.679461360934 0.0 231.0 252.0 255.0 -0.125044886889 -0.178006434697 -0.0556943183588 -0.0106123690627 
0.0 0.599840224996 0.0 0.377150422217 0.0568580582128 0.0 0.0 0.272747025729 0.0 0.0 0.965770843217 0.0 234.0 251.0 255.0 -0.180739205248 -0.188618803759 0.0821729871563 0.078065590228 
0.0 0.0 0.415505372022 2.04727691054 0.602801527259 0.475875695837 0.8012337934 0.0 0.0 0.0 0.755605740944 1.01793969301 235.0 251.0 255.0 -0.0985662180919 -0.110553213531 0.133853334475 0.00784014290216 
0.0 1.52386717445 0.0 0.161281341544 0.0 0.0 0.302464654846 0.0 0.0 0.0 0.0 0.0 235.0 251.0 255.0 0.0352871163834 -0.102713070629 -0.166812358613 -0.0197723865355 
0.0 0.0 0.0 0.0 0.840617412314 0.0 3.12995882837 0.0 0.0 0.0 0.0 0.0 235.0 251.0 255.0 -0.13152524223 -0.122485457165 0.0112715573146 0.00531445356221 
0.376379104547 0.0 0.0 0.0 0.0 0.0 0.686015625115 0.0 0.0 0.0 0.0 0.0 235.0 251.0 255.0 -0.120253684915 -0.117171003603 0.11965925186 -0.218395540261 
0.526648018622 2.188274999 0.247850430103 1.52969877214 1.79845531825 1.98013529951 0.0 1.53033297385 2.36668431981 4.07412006503 3.41329281443 5.2687410932 235.0 251.0 255.0 -0.000594433054921 -0.333333333333 -0.0292307323677 0.11227258569 
0.0 0.0 0.0 0.0 0.0 0.0 3.05624041314 0.0 0.0 0.0 0.0 0.0 235.0 251.0 255.0 -0.0298251654226 -0.221060747644 0.0338923533358 0.13893940495 
0.0 4.11755275379 0.0 0.0 0.211855698111 0.0431335001835 1.37019847946 0.427788597541 0.0 0.0 0.719752390508 0.0 235.0 251.0 255.0 0.00406718791326 -0.0821213426937 -0.0699909333432 -0.112253995524 
0.0 1.29894594087 0.533783927944 0.0 0.76356824785 0.0 0.816437071572 0.403975536842 0.375717125382 0.697428533456 0.245675377288 0.521811837515 235.0 251.0 255.0 -0.0659237454299 -0.194375338218 0.184898354054 -0.0690039779724 
0.408129289338 2.27305436949 1.88367510584 0.966978610202 0.780874826933 0.0 0.0 0.0 2.59875661642 2.14083346509 0.0 2.71762064182 235.0 251.0 255.0 0.118974608624 -0.26337931619 -0.0611623322917 -0.0117370740047 
1.31004115883 2.20942926713 0.676105174395 1.66047976611 2.62477622826 0.0 0.0 1.4137997462 0.0 4.02926475235 0.0 1.03592577462 235.0 251.0 255.0 0.0578122763322 -0.275116390195 -0.0311629733226 0.145426396858 
1.93201981645 4.51877813034 5.2942080149 0.0 0.0 8.13368201311 0.0 1.2157471447 1.3474239203 3.40002658056 0.0 0.983261630333 231.0 252.0 255.0 0.0266493030096 -0.129689993337 0.0764336566076 -0.00448537261708 
2.51316449857 0.0 1.43744833723 0.0 2.19177924079 0.218403908358 0.0 0.0 0.191080695099 0.0 0.0 3.79355356323 230.0 252.0 255.0 0.103082959617 -0.134175365954 0.133611329883 0.101391744407 
0.0 0.266655290168 0.0 0.0 0.0 0.189940390691 0.0 0.0 0.0 0.0 0.0 0.0 225.0 252.0 255.0 0.2366942895 -0.0327836215465 -0.0224625499283 -0.0828884518231 
0.569783821002 0.175806344229 0.446559298396 0.939726755193 1.2002075011 0.0 0.0 0.542640735919 0.0 0.0 0.0 0.241202027756 216.0 252.0 255.0 0.214231739572 -0.11567207337 -0.0866901546814 0.123890040792 
0.719968600063 0.704946805661 0.0 0.0 0.0 0.360672755391 0.474975055411 1.37537449202 0.0 0.0 0.625324999573 0.0 207.0 252.0 255.0 0.127541584891 0.00821796742228 0.178356464126 0.0334766897176 
0.0 0.408988615634 0.0 0.0 1.01141637842 0.0 0.0 0.432473980325 0.0 0.0 0.556112234737 0.16571878634 196.0 252.0 255.0 0.305898049017 0.0416946571399 0.127730050168 -0.0102609110927 
1.370467069 3.30546672325 1.43260797264 1.75888185301 0.692321877901 0.327741138821 0.0 0.0 2.55275809148 5.38592990525 0.0 2.89252718252 186.0 253.0 255.0 0.333333333333 0.0314337460471 -0.0434811458868 -0.066630761777 
0.650966779437 0.0 0.0 0.0 0.776180229428 0.0 1.23003254997 1.43702109858 0.0 0.0 0.0 0.758993834369 173.0 253.0 255.0 0.289852187446 -0.0351970157299 0.0431825819302 0.0330822648679 
0.0 0.0 0.0 0.0 0.872426435475 0.0 3.15973121858 0.0 0.0 0.0 0.0 0.0 161.0 253.0 255.0 0.333034769377 -0.00211475086194 -0.12472264677 -0.061377656199 
2.00630051396 0.0 0.0 0.0 0.187546131171 2.66809288121 0.0 0.875954327657 1.50290611618 3.45206196315 0.90105948651 2.40963353737 149.0 252.0 255.0 0.208312122607 -0.063492407061 -0.0683547348045 -0.063728704451 
0.0 0.0 0.0 0.744148018092 0.0 0.0 0.36617063744 0.0 1.29163974914 0.0 1.53349157344 0.0 140.0 252.0 255.0 0.139957387802 -0.127221111512 0.123799894719 0.00496822529204 
0.319938612471 0.0953231825856 2.15457531766 1.2479827117 0.0 0.337545555963 0.0394861842847 2.10493394135 0.0 0.530045190452 0.0 1.42267694506 130.0 252.0 255.0 0.263757282521 -0.12225288622 -0.0330049208676 -0.110597874033 
0.0 0.0 0.0 0.0 1.14656123402 0.0 0.0 0.0 1.31433273646 0.0 0.0 0.0 120.0 252.0 255.0 0.230752361654 -0.232850760253 0.140337380813 0.00323074390743 
0.200502471047 1.67991611331 0.0 0.119259563081 0.853170316843 0.0 0.0 0.101998083032 0.753996821551 0.0 0.602292930006 0.0 109.0 252.0 255.0 0.333333333333 -0.229620016346 0.168838315079 -0.0330862430712 
1.14635899668 0.0 1.4681967379 0.415915598803 2.46868942993 0.770369707902 0.0 0.361236922533 1.67383273413 1.20994700401 0.0 0.0 98.0 252.0 255.0 0.333333333333 -0.262706259417 0.159664805747 -0.0858977731073 
0.0 0.0 2.06891227492 0.0 1.39276116277 0.113765608605 0.0 0.0 0.0 0.0 0.0 0.0 85.0 252.0 255.0 0.333333333333 -0.333333333333 0.102254883383 -0.00274982905309 
0.722096714916 1.19828396742 0.274462200417 0.0 0.0 0.0 0.0 0.0 1.55532704286 1.06842860689 0.681207048564 0.877865284388 77.0 252.0 255.0 0.333333333333 -0.333333333333 -0.0411074838607 -0.0269612402269 
0.037774235871 0.893406078829 0.0 0.36222022225 0.0 2.79668919873 0.0 0.0 0.978669982746 0.372782335356 0.558206024442 0.0 73.0 253.0 255.0 0.292225849473 -0.333333333333 -0.0845953157752 0.112794054188 
0.547739245645 0.477341092368 1.7049171786 0.0 0.0 1.55165440958 0.398149595085 0.388529079027 0.0 0.0 0.241571828777 1.88204308102 71.0 254.0 255.0 0.207630533697 -0.220539279145 -0.0183156687378 -0.010869499416 
0.0 0.120619216993 1.66877842865 0.0 0.0 2.98106154937 0.510128453997 1.24520864718 0.0 0.0 0.887622443492 0.103885505353 71.0 254.0 255.0 0.18931486496 -0.231408778561 -0.112040694723 0.0190702934379 
0.0386881455392 0.95332971825 4.54167954615 1.90188241803 2.21643840621 1.83754118926 0.0 2.89620952426 0.0 0.908040851925 0.782735140954 0.579655611443 72.0 255.0 255.0 0.0772741702368 -0.212338485124 0.148726496927 0.0150581436088 
0.0 0.0 1.69262698319 0.15904938298 1.79080408099 1.98910011128 0.919618666788 2.16550755222 0.0 0.0 2.8414478759 0.157038314125 72.0 255.0 255.0 0.226000667164 -0.197280341515 0.0240435941494 -0.0718436922198 
0.0 0.0 3.10306870927 0.104564139983 0.0 5.77408596572 0.0 2.29832612387 0.0 0.0 1.18567700018 0.73723125106 70.0 255.0 255.0 0.250044261313 -0.269124033734 0.0234467732503 0.00148376920741 
0.0 0.524190070762 1.92728227667 0.0 0.0 5.48468778713 0.401331340607 0.73926008581 0.0 0.0 1.25855942175 0.0 68.0 255.0 255.0 0.273491034563 -0.267640264527 -0.143487517224 0.193292394465 
0.867920628282 0.0 2.98363929998 0.0 0.0 5.38059706999 0.384332999174 0.0 0.262893797331 0.0 1.35400439763 0.04328555319 67.0 255.0 255.0 0.130003517339 -0.074347870062 -0.0371482069758 -0.0894152358653 
0.167598540329 0.0 3.32818252439 0.0 1.31419584225 6.12592984709 0.0 2.2963978244 0.0 0.0 0.481507328597 0.0 67.0 255.0 255.0 0.0928553103634 -0.163763105927 0.0578882751403 0.0175236956586 
0.0 1.3193346163 8.30614000227 0.112611782643 0.450611719473 7.52267739658 0.0 1.98823265413 0.0 1.92647283567 0.0 0.956919192872 68.0 255.0 255.0 0.150743585504 -0.146239410269 -0.0914144878377 0.153704945245 
0.910670499816 1.77182040312 10.1346592453 0.197679732409 0.0 9.37703431502 0.0 2.88413889148 1.16723645879 1.6526903329 0.708198938237 0.512416763394 68.0 255.0 255.0 0.059329097666 0.00746553497622 0.27325168881 -0.0698892472472 
0.762083900914 0.472871526181 9.30339890554 0.0 0.0 9.7983327409 0.0 1.2236013829 0.467628863661 1.73715435798 1.24217180094 0.529427747667 68.0 255.0 255.0 0.332580786476 -0.062423712271 0.114398435296 -0.0174822192413 
0.0 0.0 9.80533655335 0.0 1.06114745396 8.40129155798 0.0 2.76500318415 0.0 0.0 0.852026521732 0.0 68.0 255.0 255.0 0.333333333333 -0.0799059315123 0.066341345782 -0.0409234851392 
0.0 0.258603900006 8.49665160671 0.0 1.16093269546 9.60550469156 0.525885674948 3.59330165896 0.0226431541053 0.180168879707 1.1206310328 0.0 67.0 255.0 255.0 0.333333333333 -0.120829416651 0.0816110102469 0.0822644735195 
0.0 0.582116174377 9.41770011806 0.265869189565 1.56974242568 11.6066773814 0.108235386412 3.21157394086 0.150958112989 0.0 2.12852039171 0.0 66.0 255.0 255.0 0.333333333333 -0.038564943132 -0.133461759632 -0.0324261504305 
0.0 0.217122379699 11.1602155389 0.484017891813 1.17542927532 12.5643266161 0.0 4.35454538707 0.280006204167 1.6395953915 0.096733404011 0.801314206498 66.0 255.0 255.0 0.199871573701 -0.0709910935625 -0.0476413979309 -0.0943884487177 
0.0 0.955496928518 13.5709089564 0.0 0.319062927674 12.0173252249 0.694859706915 4.10745084406 0.00275324039647 0.0 0.501842316523 0.0 66.0 255.0 255.0 0.15223017577 -0.16537954228 0.053553330919 0.0723401890871 
0.0 0.603343833777 12.4680045521 0.0 1.66703389939 11.8301373736 0.0 4.84801866242 0.74388350571 0.0 1.88914910392 0.0 67.0 255.0 255.0 0.205783506689 -0.093039353193 -0.0209411247557 0.0195132649336 
0.0 1.34199594788 12.6937947224 0.0 0.0 14.7772368123 0.0214346203908 2.99444201797 0.0 0.0 2.24419381375 0.0629520464302 67.0 255.0 255.0 0.184842381933 -0.0735260882594 -0.147221657796 0.124584617518 
0.0 0.739887676196 14.9288383385 0.0 1.08777295476 16.5387929913 0.123975064029 5.27895414878 0.014206555812 0.0 0.223358994618 0.0 67.0 255.0 255.0 0.0376207241369 0.0510585292589 0.196966997563 0.173407415305 
0.0 1.50178909727 16.940522197 0.0 1.09697527534 16.1666092703 0.0 4.44213716446 0.0 1.98922509378 1.15979033827 0.491997264011 67.0 255.0 255.0 0.2345877217 0.224465944564 0.0479170820492 -0.218723434465 
0.0 0.619063708722 16.5062457383 0.783293946673 0.190913756458 15.6672844349 0.440177254476 3.57098430683 0.672553749231 0.0 1.68846262513 0.0 67.0 255.0 255.0 0.282504803749 0.00574251009853 0.183516295879 -0.0903159860755 
0.021195696009 0.0286598467709 16.9337270227 0.375522984196 1.03722001711 16.1009215438 0.0749114440053 3.44846878931 0.0 0.0 0.298162691548 1.05207001804 67.0 255.0 255.0 0.333333333333 -0.084573475977 -0.10023555536 -0.164665787488 
0.0 0.0728565649786 14.07650403 0.0 0.0 15.6578131172 0.00080226254287 3.38076900306 0.69373632894 0.0 0.192061169415 0.0 67.0 255.0 255.0 0.233097777973 -0.249239263465 -0.000811846087331 -0.0147158684467 
0.569387967308 1.01147300139 15.2753488915 0.0 0.0 15.7510762886 0.0 4.37728752878 0.0 0.0 1.1259028125 0.0 67.0 255.0 255.0 0.232285931886 -0.263955131912 0.0673667814766 0.0111993645653 
1.44152064333 1.04043627788 15.7862186172 0.282860762606 1.66793971931 18.4829341494 0.140946328239 4.96927091555 0.303179192431 1.39229284992 2.18574777711 1.31878040948 67.0 255.0 255.0 0.299652713363 -0.252755767347 0.046980389596 -0.181837856708 
0.999591083021 3.54097301089 16.4650395549 0.0 0.0 16.1400960936 0.0 4.51721217825 1.25330917337 0.917348002836 1.28043011698 0.0 67.0 255.0 255.0 0.333333333333 -0.333333333333 0.232145057091 0.173800115542 
2.42275694254 2.08647980306 18.2054442143 0.0 0.0 16.8589981675 0.0 3.9701716636 0.251071319149 1.62046243855 0.0 0.493825668432 66.0 255.0 255.0 0.333333333333 -0.159533217792 -0.0488229679623 0.0140556279595 
1.09153745548 2.54062113753 17.3559275953 0.0 0.0973504367215 20.2656676505 0.0 2.98297529462 1.31381122455 2.23608873228 2.42401387606 1.2487645169 66.0 255.0 255.0 0.284510365371 -0.145477589832 0.185685234829 0.0221703479012 
0.0 0.741717686933 14.8951791649 0.284533125454 2.12967482235 19.4405763557 1.43629458932 5.85707009763 0.0 0.0 2.28620702983 0.0 66.0 255.0 255.0 0.333333333333 -0.123307241931 -0.000681911045686 0.00215153759037 
0.0 0.0 18.9153328625 0.0 0.0 18.8599841001 0.169250346973 2.85169419527 0.0 0.0 0.812111350598 0.0 66.0 255.0 255.0 0.332651422288 -0.12115570434 -0.00289779537368 -0.0318543056443 
2.4037121284 0.0 17.7914646415 0.0 0.0 19.4445809863 0.0671946698752 3.4752627135 0.0 1.01908709567 2.14062263087 0.0 66.0 255.0 255.0 0.329753626914 -0.153010009985 -0.00277003973174 -0.0614349044506 
0.0 0.927304119128 18.1955383031 0.349833655003 0.425300233526 19.4072857 0.00131037898293 3.39954681781 0.0 0.0 1.77495549772 0.116345197611 66.0 255.0 255.0 0.326983587182 -0.214444914435 0.00812770207837 -0.163234905163 
0.0 3.03467819147 22.9563393052 1.42853766709 0.0 19.4459231024 0.0 4.9272305968 0.752695061616 1.63152364344 3.10612338227 2.14352857172 67.0 255.0 255.0 0.333333333333 -0.333333333333 0.0265826765754 -0.00218223504478 
0.0 1.72467889443 23.1913422025 0.0 0.620516724785 18.9233934412 0.406835549913 4.53558538719 0.361490696618 0.298318328084 0.865585855696 0.0 67.0 255.0 255.0 0.333333333333 -0.333333333333 -0.149549315788 -0.114934689264 
0.0 0.152130329197 22.6290532868 0.0 0.0 17.3846181662 0.0 3.52184788202 0.0 0.0 2.60735383408 0.607251528074 67.0 255.0 255.0 0.183784017545 -0.333333333333 -0.124029767921 0.00694205622628 
0.547426576428 0.540426823105 24.9161184152 0.430596582256 2.39555839526 22.1267130633 0.0 3.08295763347 0.819076131587 0.333904849487 1.28577857091 0.283794667826 67.0 255.0 255.0 0.059754249624 -0.326391277107 0.0127515588913 -0.00751489494662 
0.501883174517 0.208903577618 23.1030303677 0.462014845529 1.16893539277 20.9984656412 0.0 3.41151860527 0.0 0.0 1.24408127783 0.0 67.0 255.0 255.0 0.0725058085153 -0.333333333333 -0.0890523934726 -0.0678365082927 
0.0630038749538 0.604590282753 23.0405502254 0.0 0.0675527481654 20.3444068072 0.0 1.54591242811 0.0 0.0 4.46006444209 0.101366481158 67.0 255.0 255.0 -0.0165465849572 -0.333333333333 0.0496581090545 -0.115356929498 
0.0 1.522886502 23.310421771 0.0 1.40776869624 19.3312189508 0.0 2.39315664902 0.0 0.146873371701 1.87166933295 0.0 68.0 255.0 255.0 0.0331115240973 -0.333333333333 0.0493752728571 0.0709203058934 
0.799708331119 3.76916539243 25.5589072119 1.18197830363 0.0740310359634 20.1819847558 0.0 3.82464784111 0.205848436171 1.90843851128 0.352902535771 0.989861026905 68.0 255.0 255.0 0.0824867969544 -0.26241302744 0.154605944305 -0.105921316327 
0.946885972831 1.71375749232 21.9954804857 0.0 0.96971059548 19.8414237354 0.00364348085442 3.89912872004 0.0 0.24460463543 0.0 0.0 68.0 255.0 255.0 0.237092741259 -0.333333333333 -0.0531963861586 0.0397437152319 
0.0 3.11771398989 21.8170110654 0.713791746836 0.247836531558 22.7125170453 0.0 2.0879403509 0.222222724145 0.0 2.40754084563 1.05416636509 68.0 255.0 255.0 0.1838963551 -0.293589618101 -0.128898098809 -0.0308095596581 
0.442689297982 1.66059435053 23.9903701769 0.439444149803 1.13125501169 21.8374460759 0.422598947536 3.81141210291 0.0 0.0 2.74286132725 0.734883178492 69.0 255.0 255.0 0.0549982562918 -0.32439917776 0.152812116757 0.0698608278353 
0.123200142733 0.0 20.7704588982 0.0 0.15842093349 22.2530614777 0.326316546069 3.2703065226 0.0 0.0 1.06477767759 0.0 69.0 255.0 255.0 0.207810373049 -0.254538349924 -0.0139894598116 -0.067640243983 
0.144557461041 1.78544411686 22.4458190368 0.0 1.00275714494 19.4586483201 0.510558708874 2.12755260427 0.0 0.0 0.0 0.0 68.0 255.0 255.0 0.193820913237 -0.322178593907 0.0403077182998 -0.0272599676363 
0.0 0.0 21.5876886524 0.0 1.05985319093 22.4090731122 0.0 4.12202686914 0.0 0.0 0.0 0.0 68.0 255.0 255.0 0.234128631537 -0.333333333333 -0.18404732277 -0.106318010258 
1.16691415022 1.72130858162 21.1479514913 0.630046232285 0.123819156566 20.3495278761 0.0 3.87060536041 0.0 0.0 0.609036776187 0.864362732164 68.0 255.0 255.0 0.0500813087673 -0.333333333333 -0.000912218479575 0.0252940977388 
4.5204859581 0.491354494941 18.037598059 0.0 0.250612010338 23.5416229215 0.0 4.42366919437 0.821729087534 5.05087155522 0.341257021789 0.416446792002 68.0 255.0 255.0 0.0491690902877 -0.308039235595 0.00350041145727 -0.0752113455239 
0.0 0.358796858665 20.2539890133 0.713808332604 0.629628758927 19.6465246562 1.13880294397 3.31458961261 0.0 0.0 0.301229780018 0.0 68.0 255.0 255.0 0.052669501745 -0.333333333333 -0.0663553241501 -0.0133479535538 
0.29183294902 0.916860883921 21.725878241 0.0 0.0 23.843310642 0.0 3.43492403824 0.329366411648 0.0 2.92468682192 0.0 69.0 255.0 255.0 -0.0136858224051 -0.333333333333 0.121842966443 0.0478034186957 
0.0 1.71509313712 22.1430758553 1.19253645611 0.0 19.9787128161 0.452639088959 2.12485861006 0.538142551879 0.0 0.130751025793 0.0 70.0 255.0 255.0 0.108157144038 -0.285529914638 -0.00631367998109 -0.178834362177 
0.464601879248 2.33324890649 21.7758150813 0.549680341967 0.0 17.9909365845 0.0 4.0829437084 0.0131635362994 0.0 2.35559197254 0.0 71.0 255.0 255.0 0.101843464057 -0.333333333333 0.0226240609507 0.0248349404676 
0.0 0.0 23.194784329 0.0 0.7446673198 19.7183291285 1.39409142304 3.11167877468 0.0 0.307321003156 1.01794426853 0.0 70.0 255.0 255.0 0.124467525008 -0.308498392866 0.0275892980083 0.0857423261382 
0.283220955919 1.65259949636 23.6068494776 0.0 0.0 19.6234363787 1.13788867166 3.04909507107 0.0 0.289206552681 0.725791997499 0.0 70.0 255.0 255.0 0.152056823016 -0.222756066728 0.0341341247912 0.0302908787769 
0.0 1.42421285104 23.2359555839 0.0 1.88407566539 20.3465647818 0.566859845699 2.48357411485 0.0 0.0 0.716345810807 0.0 70.0 255.0 255.0 0.186190947807 -0.192465187951 -0.105699953137 -0.0420626132626 
0.85145975837 4.01015536587 25.9661251437 0.583951372197 0.930900975454 19.2518768155 0.0 5.0588409039 0.144842265636 2.47867171753 2.02829132447 0.122084820426 70.0 255.0 255.0 0.0804909946704 -0.234527801213 -0.0542760856197 0.0992921737708 
1.32231750308 3.99577286285 23.1345593324 0.0 0.86889004529 18.9750625986 0.426219300665 0.762598995159 1.31425381868 2.54405663828 0.818568819718 0.0 70.0 255.0 255.0 0.0262149090508 -0.135235627443 0.0487411354252 0.0269999985203 
0.0 2.27576789936 22.8845525314 0.956266376169 0.0 15.5394868233 0.358653578671 0.971629350551 0.0 0.201874579334 1.46789785152 0.0 70.0 255.0 255.0 0.0749560444759 -0.108235628922 -0.076365949365 -0.0784584748509 
0.368805958559 2.00243649178 21.9323541934 0.0 0.987001968787 17.568103516 2.19974059643 2.32135614024 0.542877357636 0.0 0.0189527535118 0.0 70.0 255.0 255.0 -0.00140990488907 -0.186694103773 -0.0147494516185 0.0669751747702 
0.0 1.77451165437 23.6768657828 0.0 0.870263714342 20.6717935315 1.38135753606 5.98756992538 0.0 0.0 1.22367408251 0.868995257467 72.0 255.0 255.0 -0.0161593565076 -0.119718929003 -0.056339400544 -0.210868052839 
0.0 1.76677794498 22.8171191934 0.0 1.05360697366 18.8081948045 0.573971767411 3.44406125133 0.0 0.0 0.0 0.0 75.0 255.0 255.0 -0.0724987570516 -0.330586981842 -0.22161843915 -0.200473537429 
0.061363827399 0.0 23.2835974887 0.0 0.30884784358 12.3555962014 0.0 2.45730259416 0.0 0.0 0.119797450953 0.0 83.0 255.0 255.0 -0.294117196202 -0.333333333333 -0.0943535431704 0.0769534567295 
2.54826952006 1.95606161753 15.3259453669 0.0 1.34817252503 9.33474770238 0.928847578497 2.20701163763 0.528007230555 0.0 0.47671987753 2.63738648834 92.0 255.0 255.0 -0.333333333333 -0.256379876604 -0.0996957549084 0.194451393733 
0.0 2.33350068939 9.77473229349 0.0906899781544 0.412092125603 4.61376103491 0.52728564567 1.13569545725 0.0 0.0 1.45629404183 0.472378529147 95.0 255.0 255.0 -0.333333333333 -0.0619284828713 -0.105580731852 0.259100776807 
0.261235533706 2.34468526825 3.25352960524 0.0 0.0 4.77779882514 1.26439679344 3.13272194126 0.0 0.0 0.0 0.0 94.0 255.0 255.0 -0.333333333333 0.197172293935 0.090561280953 -0.0530445026656 
0.0 0.0 1.51783843703 0.83183617615 1.54270080306 2.0006788379 1.50538698319 0.725641664188 0.0 0.0 0.0 0.0 100.0 254.0 255.0 -0.24277205238 0.14412779127 0.0441006391882 -0.00682722434681 
1.75262441454 1.15097966237 2.96304155044 1.94709784718 1.91787289435 2.00727189475 0.0 2.36851719539 2.24702786339 2.42223046131 0.0 0.0 108.0 255.0 255.0 -0.198671413192 0.137300566923 -0.0389292026749 0.0911897188364 
1.10137039119 0.807574824802 1.72609221024 0.0 0.0 2.10119207624 1.22985276538 1.13758729851 0.0 0.0 0.0 0.0 118.0 255.0 255.0 -0.237600615867 0.228490285759 -0.0264920517547 -0.168809857171 
0.0 0.140722360388 0.0 0.402733366327 0.0 2.54131717478 0.31560931715 4.19244354404 0.0 0.956328258763 0.0 0.0 129.0 254.0 255.0 -0.264092667622 0.0596804285882 0.0467547467605 0.0171565690944 
0.0 0.557250427446 0.0 0.0 0.0109686340619 2.24199803249 0.724005108226 1.06860856737 0.0 0.0 0.683246544444 0.0 138.0 253.0 255.0 -0.217337920861 0.0768369976826 -0.0389535256666 0.0799499579387 
0.476922754422 0.0 2.43609664907 1.3762361614 1.24442124078 1.79486249472 0.51769684544 2.47083044628 0.0 0.0 0.181621070759 0.0 144.0 249.0 255.0 -0.256291446528 0.156786955621 -0.0272426266204 0.097480528807 
0.0 0.0 0.0 0.0 0.0 0.0 0.605535389991 0.0 0.0 0.508587421321 0.0 0.0 153.0 233.0 255.0 -0.283534073148 0.254267484428 0.00913107944569 0.100497583422 
0.0 0.518847981261 0.0 0.0 0.0 0.613401166482 0.0 0.0 0.0 2.83014031362 0.0 0.0 162.0 214.0 255.0 -0.274402993703 0.333333333333 0.126155653273 -0.177476033107 
0.0 0.0 1.54127017664 0.0 1.42462121428 0.0 0.533216323148 1.44989149785 0.0 0.120514547217 0.0 0.0 168.0 198.0 255.0 -0.14824734043 0.155857300226 0.129995067987 -0.152667465468 
0.632746147442 2.40445953075 0.153838874552 0.634549842636 0.0 1.0539278096 0.513910307453 0.0 0.0 1.19210431412 1.63475723968 2.26901637715 175.0 191.0 255.0 -0.018252272443 0.00318983475821 0.0169034106996 -0.0471966314886 
0.0059672335026 0.0 1.01557177727 0.0 1.85259364771 1.44597489427 0.0 2.07731343471 0.0 0.0 0.0 0.0 182.0 190.0 255.0 -0.00134886174336 -0.0440067967303 0.0177034542971 -0.100699399161 
0.517527673352 0.0 0.0 0.39631623798 1.30087251557 4.23906436129 1.01448653518 0.0 0.0 0.0 0.0 0.0 184.0 199.0 255.0 0.0163545925537 -0.144706195892 0.0140914306439 0.0882456170855 
0.0 2.01519113456 0.800211174045 1.09045730396 0.0958778416103 1.10714472773 0.0 0.0 0.0 0.403700850949 0.113497928226 0.118304484448 183.0 212.0 255.0 0.0304460231977 -0.0564605788061 0.00311700765591 -0.0226621885044 
0.0 0.626258625407 0.0 0.537399486536 1.0616376959 0.0 0.0 0.0 0.555986541312 0.0 0.0 0.0 180.0 224.0 255.0 0.0335630308536 -0.0791227673106 -0.138286612371 -0.128793249199 
2.69202204514 2.07398281877 0.0 0.490168894578 0.306689466498 2.44951651369 0.0 1.31303071062 0.760033139178 0.7475228946 0.103013943831 0.901417462894 183.0 235.0 255.0 -0.104723581517 -0.20791601651 0.110863249511 0.00147484045812 
0.553331096883 0.0 0.0 1.46221020721 0.212530630355 1.50863747884 0.131484928879 0.532004093981 0.0 0.0 1.14024386006 0.0 190.0 243.0 255.0 0.00613966799358 -0.206441176052 0.119154753147 0.0382638264804 
0.0 0.0 0.0 0.0 0.0659560331156 0.49849692631 0.490176444456 0.0 0.516092067594 0.0 0.0 0.0 197.0 251.0 255.0 0.12529442114 -0.168177349571 -0.053447675877 0.103996885779 
0.0 0.0 0.0 0.0 0.0 0.0 0.0 0.0 0.0 1.82013220613 0.0 0.0 199.0 252.0 255.0 0.0718467452632 -0.0641804637922 -0.067378732437 0.00927135281329 
0.0 0.0 0.0 0.0 0.0 0.999581259114 0.0 0.0 0.0 0.0 0.0 0.0 199.0 253.0 255.0 0.00446801282617 -0.0549091109789 0.025483363392 -0.0310407485874 
0.0 0.0 0.0 0.806680457903 1.10957695986 1.47516397175 1.23818216767 0.470005505038 0.214391508702 0.0 0.0 0.0 198.0 253.0 255.0 0.0299513762182 -0.0859498595663 0.0325026841851 0.0625070036319 
0.298394217791 1.19951682666 0.0 0.0 0.0 0.0 0.0 0.0 2.06988032958 3.24536293012 1.34205251322 2.1900050127 196.0 253.0 255.0 0.0624540604033 -0.0234428559344 0.000888755038284 0.123623379882 
0.0 0.623263140827 0.0 0.15107994639 0.137144289887 0.0 0.166321242417 1.06616564457 0.315073742156 0.0 0.0 0.0 193.0 253.0 255.0 0.0633428154416 0.100180523948 -0.0956271753211 -0.082230052147 
0.0 0.0 0.0 0.0 0.0 0.0 0.0 1.47612985509 0.0 0.0 0.0 0.0 193.0 253.0 255.0 -0.0322843598796 0.0179504718006 -0.0422122162195 0.0660612495448 
0.0 2.18773641952 0.0 0.591843555269 0.0 0.933821277132 0.27367871738 0.113819354395 0.0 0.0 0.247753275892 0.0 195.0 253.0 255.0 -0.074496576099 0.0840117213454 -0.0403903013824 0.00404467471895 
0.0 2.54779601305 0.0 0.0 0.917174044067 1.58903237829 0.0 2.90497020993 0.0 0.0 0.0673908748921 0.0 200.0 251.0 255.0 -0.114886877481 0.0880563960643 -0.061166182232 -0.178730244205 
0.0 0.0 0.0 0.0 1.98967354705 2.36834387566 0.0 0.0 0.0 1.13512962534 0.0 0.0 208.0 251.0 255.0 -0.176053059714 -0.0906738481411 -0.0252876740128 0.024842310581 
0.0 0.0 0.0 0.0 0.0 0.0 0.0 0.0 0.0 0.538201612607 0.0 0.0997160266726 217.0 252.0 255.0 -0.201340733726 -0.06583153756 0.0296377583714 0.00789506380351 
0.0 0.0 0.0 0.0 0.0 0.0 0.0 0.0 0.0 0.0 0.0 0.0 225.0 251.0 255.0 -0.171702975355 -0.0579364737565 -0.055619590591 -0.0674648289589 
0.0 0.0 0.0 0.0 0.0 0.0 0.0 0.0 0.0 2.90000549282 0.0 0.0 230.0 251.0 255.0 -0.227322565946 -0.125401302715 0.173012422074 0.0226663108434 
0.0 0.0 0.0 0.0 0.0 0.0 0.0 0.0 0.0 0.0929669354327 0.0 0.0 230.0 251.0 255.0 -0.0543101438723 -0.102734991872 0.059204821935 -0.0286367447031 
0.0 0.0 0.0 0.0 0.0 0.0 0.0 0.0 0.0 0.442781447422 0.0 0.0 230.0 251.0 255.0 0.0048946780627 -0.131371736575 -0.0998381970162 -0.00810870299601 
0.0 0.0 0.0 0.0 0.0 0.0 0.0 0.0 0.0 1.60967795424 0.0 0.0 230.0 251.0 255.0 -0.0949435189535 -0.139480439571 -0.173296607352 -0.0147552181373 
0.0 0.0 0.0 0.0 0.0 0.0 0.0 0.0 0.0 0.364402878288 0.0 0.0 232.0 251.0 255.0 -0.268240126305 -0.154235657708 -0.11590078745 0.0693935657609 
0.0 0.0 0.0 0.0 0.0 0.0 0.0 0.0 0.0 1.57528032897 0.0 0.0 235.0 251.0 255.0 -0.333333333333 -0.0848420919475 0.106853851588 0.0794590969162 
0.0 0.0 0.0 0.0 0.0 0.0 0.0 0.0 0.0 1.48775806604 0.0 0.0 235.0 251.0 255.0 -0.226479481745 -0.00538299503133 0.042909743745 0.0813511226583 
0.0 0.0 0.0 0.0 0.0 0.0 0.0 0.0 0.0 1.4846749631 0.0 0.0 235.0 251.0 255.0 -0.183569738 0.075968127627 -0.186072137634 -0.125157271532 
0.0 0.0 0.0 0.0 0.190336173357 0.0 0.163115309074 0.0 0.0 0.0 0.0 0.0 235.0 251.0 255.0 -0.333333333333 -0.0491891439049 -0.00348842123723 -0.0559455591013 
0.0 0.0 0.0 0.0 0.0 0.0 0.0 0.0 0.0 1.26086398684 0.0 0.0 236.0 252.0 255.0 -0.333333333333 -0.105134703006 0.0334544692875 -0.0259343449435 
0.0 0.0 0.0 0.0 0.0 0.0 0.0 0.0 0.0 1.29071061344 0.0 0.0 236.0 252.0 255.0 -0.299878864046 -0.13106904795 -0.199000362675 -0.0428643029986 
0.0 0.0 0.0 0.0 0.0 0.0 0.0 0.0 0.0 1.97898137566 0.0 0.0 236.0 252.0 255.0 -0.333333333333 -0.173933350948 0.288732199333 0.02860324114 
0.0 0.0 0.0 0.0 0.0 0.0 0.0 0.0 0.0 2.21885664588 0.0 0.0 236.0 252.0 255.0 -0.0446011340006 -0.145330109808 -0.110756166545 0.0109025787981 
0.0 0.0 0.0 0.0 0.0 0.0 0.0 0.0 0.197526014932 1.47597845095 0.0 0.0 236.0 252.0 255.0 -0.155357300545 -0.13442753101 -0.0863946088902 -0.183479686946 
0.0 0.0 0.0 0.197763499357 0.584209747105 0.0 1.51674883228 0.0 0.0 1.57692212358 0.0 0.0 236.0 252.0 255.0 -0.241751909435 -0.317907217957 0.238897752761 0.0175733222762 
0.0 1.04806753801 0.0 0.35577340497 1.27306511963 1.20027136956 1.32077446238 1.16861691752 0.0 0.0 0.0 0.0 236.0 252.0 255.0 -0.00285415667403 -0.30033389568 -0.0409080412427 0.23434115109 
0.0 0.0 0.0 1.42306500361 0.0 0.813715812637 0.782648110209 0.0 0.0 0.0 0.281435132111 0.72470311873 236.0 252.0 255.0 -0.0437621979167 -0.0659927445905 0.0285548203131 -0.0663388465733 
1.06332751556 2.49418770486 0.0 1.45601550993 1.34524583906 2.73881978065 0.0 0.620056608262 1.59659075207 3.71567816888 1.0642149744 1.51279899559 236.0 252.0 255.0 -0.0152073776036 -0.132331591164 -0.0112455341274 0.126775473316 
0.0 0.870915585249 0.0 0.0 0.0 0.0 0.47592680546 0.0 0.0 0.0 0.0 0.0 236.0 252.0 255.0 -0.026452911731 -0.00555611784753 -0.165802722309 -0.0261523720439 
0.314665885049 0.0 0.0 0.0 0.0 0.201230417755 1.28684033778 1.18783817993 0.0 0.0 0.625492942021 0.0 235.0 251.0 255.0 -0.19225563404 -0.0317084898914 0.104663449769 -0.0174329129687 
0.0 3.67362273469 0.0 0.0 0.0 0.0 0.124803941007 1.4586877383 0.214778897335 0.340144695249 0.0 0.0 235.0 251.0 255.0 -0.0875921842708 -0.0491414028601 0.00782582085437 -0.00453614086464 
0.525839238758 0.25084458675 0.0 0.0 1.72254928047 1.70888895144 1.71263224809 0.0 0.0 0.0 0.0 0.0 235.0 251.0 255.0 -0.0797663634164 -0.0536775437248 -0.0134195731316 -0.112580892317 
0.118060517911 0.0 0.0 0.0 1.08939914244 0.0 1.01113150916 2.69763634095 0.0 0.0 0.0 0.0 235.0 251.0 255.0 -0.093185936548 -0.166258436042 -0.0514194712744 -0.00670270827664 
0.0 0.0366906036894 0.470045555525 1.40283849268 1.81901425488 1.16598889777 1.30127901271 0.535421468485 0.0 0.0 0.0 0.0 235.0 251.0 255.0 -0.144605407822 -0.172961144319 -0.0881144905459 -0.159007776492 
0.0 1.10562837444 0.0 0.706030055022 0.0 0.0 0.559887371792 0.0305724134439 0.0 0.0 0.0 0.0 235.0 251.0 255.0 -0.232719898368 -0.331968920811 -0.0738864874293 -0.0677124884122 
1.30612934973 0.0 0.0 1.59030725529 0.934324180913 1.8693567405 1.50482562378 0.0 0.0 0.0 1.51565577673 3.49129215255 235.0 251.0 255.0 -0.306606385798 -0.333333333333 0.00662603536386 0.188398101544 
0.0 0.655457229814 0.0 0.0549067712513 1.65687812909 1.95878635808 1.43996563512 0.438059669187 1.41216573578 0.0 0.0 0.0 235.0 251.0 255.0 -0.299980350434 -0.144935231789 -0.083645236444 -0.0391696963618 
1.90011741222 2.24948721256 2.9445318531 1.66291980012 2.74120491048 1.18005069467 0.0 1.43330121849 2.55532612349 3.07842917599 0.0 1.84859380917 235.0 251.0 255.0 -0.333333333333 -0.184104928151 0.0112402784475 -0.0884093660424 
0.0 0.361761436097 0.0 0.0 1.11795899799 0.0 1.32857065974 0.588953855858 0.746834792945 0.0 0.61473114925 0.0 236.0 252.0 255.0 -0.322093054886 -0.272514294193 0.122348649076 -0.036312777702 
0.0 2.14643282898 0.0 2.54955684082 0.0982611746324 0.318866043044 0.465503036729 1.43715065628 0.783746963837 0.0 1.45057242905 0.0941414629366 236.0 252.0 255.0 -0.19974440581 -0.308827071895 0.00770496471399 0.0430990597625 
1.30409029 0.639325058335 0.062133719819 0.865045379499 0.159921021561 0.0 0.0 2.93208791435 0.0 1.49629736002 0.882309783544 0.119054268455 236.0 252.0 255.0 -0.192039441096 -0.265728012133 0.00196759372168 -0.0160712229243 
0.393405176136 0.311142617621 0.489293311733 0.030800559465 0.942919547319 0.263554360958 0.506777082732 5.88380566422 0.757174058135 0.0 1.45816786411 0.0 236.0 252.0 255.0 -0.190071847374 -0.281799235057 -0.0301024428033 -0.0432489676194 
0.0 1.64416632047 1.09651261695 1.75426321133 1.56124020486 2.0956109538 1.40789186903 5.28670613686 0.0 0.0 0.507442244512 0.0 236.0 252.0 255.0 -0.220174290177 -0.325048202677 0.185781413526 0.0482915593391 
0.0 0.0 0.33423178213 1.62019116704 0.0 1.96509798609 1.43542746955 0.33012858229 0.633292218936 0.180337342042 0.665092712737 0.0 236.0 252.0 255.0 -0.0343928766514 -0.276756643337 0.0975886007332 -0.0230715305937 
0.0 5.2913556533 0.0 0.0 1.83376578979 0.0 1.24857614559 0.643565027365 0.0 2.00769232651 0.669857202848 1.2690314569 236.0 251.0 255.0 0.0631957240818 -0.299828173931 0.14739525798 -0.0788006460287 
0.0 0.36079132629 0.0 1.13498375852 1.08804029525 4.70224430563 0.83541570429 3.87167514968 0.0 0.0 0.0 0.0 236.0 252.0 255.0 0.210590982061 -0.333333333333 -0.0989376274403 -0.043374042027 
1.20767827425 0.675194980231 0.0 0.0 0.18932461186 0.0 1.32223294865 0.565634120705 0.0 0.0 0.0 2.028712275 236.0 252.0 255.0 0.111653354621 -0.333333333333 0.133325052997 -0.0429590614908 
0.0 0.0 0.0 0.588205235957 0.0674440877127 0.320620540484 1.43058719566 0.087706007241 0.0 1.2444231081 0.0 0.0 235.0 252.0 255.0 0.244978407618 -0.333333333333 -0.18422176752 0.0804933435551 
0.0 0.0 0.0 0.801456067502 0.157161673174 1.12694718566 0.55849273056 2.29105750501 0.0 0.0 0.0 0.0 232.0 252.0 255.0 0.0607566400982 -0.252839989778 -0.0294697423875 0.0331161825932 
0.0 3.30241737019 0.0 0.0 0.0 0.0 0.0 0.0 0.0 1.40435607743 0.0 0.0 230.0 252.0 255.0 0.0312868977107 -0.219723807185 -0.0473760034354 0.00989214603142 
0.0 0.392845661379 0.0 0.627819933472 1.76168344081 2.52751994406 1.52323073504 0.0858087186346 0.53778856139 0.0 0.0 0.353816999403 230.0 252.0 255.0 -0.0160891057247 -0.209831661154 -0.00696289378485 -0.0102194660685 
0.0 0.0 0.0 0.0 0.0 0.0 0.0 0.0 0.0 1.60209205444 0.0 0.0 230.0 252.0 255.0 -0.0230519995095 -0.220051127222 0.121290602969 0.066335788162 
0.0 0.384673505072 0.0 0.815888379655 1.79702667001 0.0 1.38070932329 0.385836198123 1.5775928484 0.0 2.97953079545 2.7374081139 230.0 252.0 255.0 0.0982386034599 -0.15371533906 0.0273284357833 0.136968314776 
1.3790963228 0.0 0.0 0.0 0.0 0.0 0.0 1.55342664641 0.562218604745 0.0 0.0 0.203425728704 227.0 252.0 255.0 0.125567039243 -0.016747024284 0.160924403723 0.162629971883 
0.0 0.0 0.0 0.0 0.808847652566 0.0 1.78642046472 0.683055794601 1.49889008089 0.0 0.0 0.0 218.0 252.0 255.0 0.286491442966 0.145882947599 0.0759234574668 0.0992473633146 
0.545635544206 1.34138604218 0.615967384401 0.0 0.0 0.0 0.0 0.468166050429 1.9961385319 2.30019618369 0.0 0.258305100618 207.0 252.0 255.0 0.333333333333 0.245130310913 0.243123788714 0.0362196075535 
1.15403519159 0.0 0.0 0.0 0.0 0.0 0.0 0.0 0.0 2.66829470392 0.0 0.0 194.0 251.0 255.0 0.333333333333 0.281349918467 -0.0318039415632 0.0460469025907 
0.0 0.0 0.0 0.0 0.0 0.0 0.0 0.0 0.0 0.0 0.0 0.0 181.0 247.0 255.0 0.30152939177 0.327396821058 0.00240975490951 -0.0825254131297 
0.0 0.0 0.0 0.501024606476 0.950867283769 0.0 0.459494153295 0.0 0.0 0.0 0.0 1.17410093865 169.0 244.0 255.0 0.30393914668 0.244871407928 0.18416243258 0.0626434242553 
0.0 0.0 0.0 0.864644398267 0.186760546284 0.0 0.0 0.0 0.0 0.0 0.0 1.43906953205 156.0 239.0 255.0 0.333333333333 0.307514832183 -0.00228801560559 0.0575521452342 
0.0 0.0 0.0 0.688661953778 0.569085643149 0.923050101353 0.0 0.0 0.0 0.0 0.0 0.572004996859 144.0 233.0 255.0 0.331045317728 0.333333333333 0.232361308771 0.006362421656 
0.0 0.0 0.0 1.58850142301 1.04932468892 2.33984020265 0.421163004694 2.66192383037 0.261431054441 0.0 2.17461161355 0.200873770482 130.0 228.0 255.0 0.333333333333 0.333333333333 -0.00786753831412 -0.0404747143781 
0.0 0.0 0.0 0.0 0.0 1.10234348063 0.905189972892 0.0 0.0 0.0 0.0 0.0 118.0 223.0 255.0 0.325465795019 0.292858618955 0.0983877022033 -0.0271995516713 
0.0 0.0 0.0 0.0 1.05830794973 0.25089195689 0.0 0.0 0.725397184634 0.0 0.0 0.0 105.0 220.0 255.0 0.333333333333 0.265659067284 0.166726832648 -0.0649154389728 
0.0 0.0 0.0 0.0 0.0 0.0 0.596474796561 0.512003052768 0.0363266746065 0.0 0.0 0.0 93.0 217.0 255.0 0.333333333333 0.200743628311 0.156738321498 -0.127345504616 
0.263831572646 0.0 0.0 0.0 0.499295957153 0.0 1.78497513221 0.0 0.26457902676 0.0 0.0 0.0 82.0 217.0 255.0 0.333333333333 0.073398123695 0.171940462172 0.0909787410467 
0.0 0.0 0.0 0.402300277347 0.548508807304 0.017418621665 0.290242000435 1.66318410688 0.0 0.0 0.136849567327 0.0 70.0 217.0 255.0 0.333333333333 0.164376864742 0.211699690032 -0.140410984882 
0.0 0.0 0.0 1.01793571449 0.0 0.999123947909 0.0 0.626135538578 0.0 0.0558660466337 1.91286020646 0.0 61.0 220.0 255.0 0.333333333333 0.0239658798593 0.0254836064775 -0.0480942302319 
0.0 0.0 0.0 0.0 0.0 0.0 0.0 0.0 0.0 0.0 0.155377920114 0.0 51.0 229.0 255.0 0.333333333333 -0.0241283503726 0.0708838859905 0.213726479394 
0.229724867926 0.0 0.0 0.180898722371 0.97361578788 0.0 0.419232554101 0.0 0.0 0.0 0.0 0.0995389018352 41.0 233.0 255.0 0.333333333333 0.189598129021 0.124673896955 -0.0809357550787 
0.431692154044 2.09695295129 0.0 0.916840751458 0.0 0.256124930655 0.0 0.418626268234 1.50455152556 0.589102679214 0.233219321684 0.0953117962349 32.0 231.0 255.0 0.333333333333 0.108662373943 0.14617926656 -0.015445984144 
0.0 0.0836335580311 0.0 2.50100702528 0.0 0.0 1.2584367704 0.244236906214 0.0 0.0 0.759549391846 0.00141487256075 27.0 230.0 255.0 0.333333333333 0.0932163897987 -0.0734607012372 -0.168307117487 
0.44318414451 0.0 0.0 1.08105729543 2.89133731822 0.0 0.554224074853 0.113593048798 0.0 0.0 0.0254261912407 0.0 24.0 235.0 255.0 0.259872632096 -0.0750907276881 0.0711929842199 -0.0724875946866 
2.56328153909 0.0 0.0 0.0 1.0292372856 0.0 0.906782661904 0.0 0.0 0.0 0.0 0.0 22.0 248.0 255.0 0.331065616316 -0.147578322375 -0.0660126939485 0.0488915276453 
0.0 0.0 0.0 1.13106864031 0.0 0.0 0.916946403211 0.0 0.0 0.0 0.0 0.0 20.0 252.0 255.0 0.265052922368 -0.0986867947295 -0.127456722852 -0.0707435241568 
0.0 1.80288523567 0.0 1.38064518972 0.556861147343 1.02492360604 0.38527801384 1.20058242515 0.0 0.413579913511 0.0 0.0 19.0 252.0 255.0 0.137596199516 -0.169430318886 -0.0693809291333 -0.245428354361 
1.40321745721 0.0 0.0 0.07570933803 0.0 0.0 0.462381185067 0.488819899086 0.0 0.0 0.0 0.0 18.0 252.0 255.0 0.0682152703827 -0.333333333333 -0.0124278826606 0.0312386001266 
1.06139956989 0.0 0.0 1.94109512805 0.0 0.68581972097 1.96426469469 1.90374114882 0.0 0.0 0.0 0.0 18.0 253.0 255.0 0.0557873877221 -0.302094733207 0.129024021545 -0.0366721677226 
1.08172316804 1.05739616983 0.0 1.09229578181 0.0 0.240165938502 1.13538523781 1.00976897782 0.361585258155 0.0536419310983 0.0 0.443346529139 17.0 253.0 255.0 0.184811409267 -0.333333333333 0.0939700793617 -0.0759609468801 
1.98799623247 0.0 0.0 0.0 0.600698456831 0.726231519362 0.0 0.0 0.0 2.63696200465 0.0 0.264635890973 17.0 253.0 255.0 0.278781488629 -0.333333333333 -0.108532263789 0.111950599917 
0.0 0.908411798068 0.0 0.0 0.522383253927 0.0 0.38877220322 0.29286195746 0.0 0.0 0.0 0.0 15.0 253.0 255.0 0.170249224839 -0.221382733417 -0.145217131263 0.0854330130506 
0.195077692095 0.141190840163 0.0 0.0 0.551180712351 0.195039007458 0.523212664109 0.0 0.0 0.0 0.156133386565 1.61803100885 15.0 253.0 255.0 0.0250320935765 -0.135949720366 -0.0231859424615 0.14015248575 
2.61640108101 0.460559571251 0.0 0.775898816319 0.551623808376 0.287234666598 0.027123458453 0.0111267810629 0.0 0.0 0.0 0.769402155758 16.0 254.0 255.0 0.00184615111499 0.00420276538341 0.0817443416919 -0.0508664486494 
1.6285580609 0.845090406623 0.746529853167 1.74187469476 0.520043148534 1.13359173749 0.0 0.0 0.0 0.0 0.0 0.0 19.0 255.0 255.0 0.0835904928069 -0.046663683266 0.00454720827805 -0.0144068024663 
0.597383890326 0.669790963209 0.0 0.0 0.518715223772 2.47187467348 0.998753834197 0.0 0.145552312897 0.0 0.222036701985 0.0 24.0 255.0 255.0 0.088137701085 -0.0610704857323 -0.0566391663689 -0.252389601464 
0.0649717725612 0.0 0.0 1.29503613453 0.581057062879 0.825940809998 1.07302711342 0.849301942714 0.77257258714 0.0 1.07715954976 0.0 26.0 255.0 255.0 0.0314985347161 -0.313460087197 -0.227455334475 -0.102128460029 
0.0 2.10351726272 0.0 0.00720335004121 1.48857160307 1.30559931975 0.13757933062 1.85101215522 0.0 0.0 0.728670589859 0.0 30.0 255.0 255.0 -0.195956799758 -0.333333333333 0.135649810146 -0.014878435661 
0.397486289942 0.0 0.0 0.0 0.0788042424718 0.788981341197 0.577133381512 0.100790118967 0.0 0.0 0.0 0.132448443345 35.0 255.0 255.0 -0.0603069896124 -0.333333333333 -0.0263345743836 -0.0420579320194 
0.0 0.0 0.0 0.0 0.909382502099 1.14752315469 0.1219430993 1.51489394863 0.65778868551 0.0862185526163 0.641094033188 0.286338997892 36.0 254.0 255.0 -0.0866415639959 -0.333333333333 3.80220272103e-05 -0.000674822051252 
0.0 0.0 0.0 0.305234739517 0.465944880097 0.283588768016 2.01376368943 1.65244661255 0.0 0.0 0.839737109356 1.50924206486 39.0 254.0 255.0 -0.0866035419687 -0.333333333333 0.0985194067893 -0.151531990917 
0.0 2.20385798348 0.0 0.288154504352 0.0458407451302 1.0062073746 1.04032375584 0.781522639495 0.465124101818 0.39534778751 3.43936084396 0.0 40.0 254.0 255.0 0.0119158648206 -0.333333333333 0.0513296809019 0.07299219534 
0.236025518479 0.0 0.0 0.198754149941 1.06208677492 0.0 0.839159237816 0.877669204297 0.752191059525 0.0 0.0 1.28172480225 40.0 254.0 255.0 0.0632455457225 -0.260341137993 -0.0210875112005 -0.13486823183 
0.0 0.534544581515 0.0 1.00303767554 0.0 0.773572299722 0.15890051477 0.0 0.0 0.761002489753 0.0 0.883684840784 38.0 254.0 255.0 0.042158034522 -0.333333333333 0.0255329733381 -0.107866403931 
0.112301856636 0.190421938228 0.0 0.715321972785 3.24746050312 0.0 1.0432485856 3.94033394072 0.0 0.0 0.660369873505 0.0 37.0 254.0 255.0 0.0676910078601 -0.333333333333 -0.142543006947 -0.121651326599 
2.91307212503 0.448101413949 0.0 1.63764371175 0.0 0.0 0.55555139684 1.86710288054 0.656112600823 0.0201807838668 1.64821276704 0.0962635027013 39.0 254.0 255.0 -0.0748519990871 -0.333333333333 0.0212603664039 0.136715448777 
0.0 0.218948583194 0.0 0.0 0.0 1.36452365333 2.02365867062 2.41211892879 0.789182815702 0.0 0.651172182994 0.0 45.0 254.0 255.0 -0.0535916326833 -0.196617884556 -0.0179409089753 -0.181959534601 
0.338686845045 0.0 0.52085552973 0.921558190381 1.70952609918 1.13661873277 0.0 0.770729286865 0.543070902827 0.431045063184 0.0220259656327 0.304038838366 51.0 254.0 255.0 -0.0715325416586 -0.333333333333 0.00255275484164 0.00870428710716 
0.177313884066 1.73800161295 1.22389381671 0.774726106704 1.04045079458 0.0 0.426219890636 0.48049532511 0.0275048162287 0.0 0.42027953722 0.980939045227 56.0 254.0 255.0 -0.0689797868169 -0.324629046226 0.0861081134014 0.0553687895829 
0.0 0.0 0.0 0.0153228876069 1.0607264494 2.52753829756 2.01560722444 0.587165475587 1.18280610485 0.0 0.0 0.0 63.0 255.0 255.0 0.0171283265845 -0.269260256643 0.045713606855 -0.0298229618754 
0.0 0.0 0.0 0.412717253301 1.06159920176 0.663362689655 1.45769512521 0.476609959236 0.716574343987 0.0 0.0 0.334028869015 66.0 254.0 255.0 0.0628419334395 -0.299083218519 -0.117025828623 0.124412513313 
0.996491648839 0.349584593222 0.0 1.11735101279 0.811365829569 0.279722422966 0.76636852759 0.211637831499 0.537790716752 0.0 0.0 0.857988039312 68.0 254.0 255.0 -0.0541838951831 -0.174670705205 -0.0392384393361 -0.194439736886 
0.0 0.0 0.0 0.410944999631 0.0 1.2556976841 0.535410405548 0.0 0.0 0.0795661894889 0.0 0.0 69.0 254.0 255.0 -0.0934223345192 -0.333333333333 -0.0076679783998 -0.0458714516861 
0.0 0.0 0.0 0.429142082897 0.0 1.19139498888 0.27069699346 0.0 0.990744562724 0.0 0.0349052328313 0.791365265208 72.0 254.0 255.0 -0.101090312919 -0.333333333333 -0.000413657245449 -0.0997384049757 
1.65678037112 1.74055812792 0.0 0.538748405025 0.18104113687 0.0 0.0 0.455138406223 0.517035164271 0.0 0.0 0.931194911178 71.0 254.0 255.0 -0.101503970164 -0.333333333333 0.18409379394 -0.143100258938 
1.88171578324 2.57190970791 0.0 1.10416088943 1.03378670762 0.0 0.0 2.17949322555 1.53341391097 2.86989736473 0.0 0.841562192857 72.0 254.0 255.0 0.0825898237756 -0.333333333333 -0.0429477848142 0.0971052178424 
0.0 0.972324571316 0.0 1.99606134425 0.0 0.562895100342 0.066176689739 0.888647668829 0.095478576488 0.35425597586 0.0 1.21344002619 73.0 254.0 255.0 0.0396420389614 -0.236228115491 -0.272567830092 -0.0462779801458 
0.0 0.453412348484 0.0 1.99136219849 0.225318238354 0.0 0.912680350744 0.0 0.0 0.0 0.153199597391 0.224698110204 76.0 254.0 255.0 -0.232925791131 -0.282506095637 -0.245891996966 -0.0966963265974 
0.0 0.0 0.0 0.0 0.0 0.0 0.0 0.0 0.0 2.38114841177 0.0 0.0 87.0 254.0 255.0 -0.333333333333 -0.333333333333 -0.0652747323721 0.021232000053 
0.585750282179 0.0 0.0 0.0 0.0 0.0 0.0 0.0 0.0 3.02632257964 0.0 0.0 98.0 253.0 255.0 -0.333333333333 -0.31210133328 -0.0711648565771 -0.0933907325258 
0.0 0.0 1.13772029066 0.0 0.699834936506 0.0 0.164444181446 0.0 0.0 0.0 0.0 0.0 110.0 253.0 255.0 -0.333333333333 -0.333333333333 -0.121815252852 -0.118828158591 
0.0 0.0 0.0 0.0 0.0 0.0 0.0 0.0 0.0 0.365953080841 0.0 0.0 122.0 254.0 255.0 -0.333333333333 -0.333333333333 -0.140263221399 -0.0570435689979 
0.0 0.0 0.0 0.0 0.0 0.0 0.0 0.0 0.0 0.0 0.0 0.0 134.0 254.0 255.0 -0.333333333333 -0.333333333333 0.0555324324831 -0.00795238773436 
0.0 0.0 0.0 0.0 0.0 0.0 0.0 0.0 0.0 0.605968012785 0.0 0.0 147.0 254.0 255.0 -0.27780090085 -0.333333333333 0.163589922007 -0.0412688885129 
0.0 0.0 0.0 0.0 0.0 0.0 0.0 0.0 0.0 0.75196253858 0.0 0.0 159.0 254.0 255.0 -0.114210978844 -0.333333333333 -0.0195731888112 0.131881452702 
0.0 0.0 0.0 0.0 0.0 0.0 0.0 0.0 0.0 0.0 0.0 0.0 171.0 253.0 255.0 -0.133784167655 -0.201451880632 -0.00597067170179 -0.124220464033 
0.0 0.0 0.0 0.0 0.0 0.0 0.0 0.0 0.0 1.53848323721 0.0 0.0 179.0 253.0 255.0 -0.139754839357 -0.325672344664 0.0537509995923 -0.0202964304233 
0.0 0.0 0.0 0.0 0.0 0.0 0.0 0.0 0.0 2.18649700795 0.0 0.0 186.0 253.0 255.0 -0.0860038397642 -0.333333333333 0.147180530831 -0.0137940847615 
0.0 0.0 0.0 0.0 0.0 0.0 0.0 0.0 0.0 1.23742990183 0.0 0.0 187.0 253.0 255.0 0.061176691067 -0.333333333333 -0.1565592138 0.228496675299 
0.0 0.0 0.0 0.0 0.0 0.0 0.0 0.0 0.0 2.08229724489 0.0 0.0 185.0 254.0 255.0 -0.095382522733 -0.104836658034 -0.0947502256773 -0.0804301388187 
0.0 0.0 0.0 0.0 0.0 0.0 0.0 0.0 0.0 1.26456652308 0.0 0.0 184.0 254.0 255.0 -0.19013274841 -0.185266796853 0.107930862546 -0.168076331358 
0.0 0.0 0.0 0.0 0.0 0.0 0.0 0.0 0.0 0.801335206916 0.0 0.0 191.0 254.0 255.0 -0.0822018858643 -0.333333333333 -0.041792680208 -0.154639272931 
0.0 0.0 0.0 0.0 0.0 0.0 0.0 0.0 0.0 1.16148707937 0.0 0.0 197.0 254.0 255.0 -0.123994566072 -0.333333333333 0.179922377168 0.112278209591 
0.0 0.0 0.0 0.0 0.0 0.0 0.0 0.0 0.0 0.266377974194 0.0 0.0 199.0 254.0 255.0 0.0559278110961 -0.221055123743 -0.0569451951143 0.121459824256 
0.0 0.0 0.0 0.0 0.0 0.0 0.0 0.0 0.0 1.6131426879 0.0 0.0 196.0 254.0 255.0 -0.00101738401818 -0.0995952994866 0.11987982589 0.21982897609 
0.0 0.0 0.0 0.0 0.0 0.0 0.0 0.0 0.0 2.74864053077 0.0 0.0 190.0 254.0 255.0 0.118862441872 0.120233676604 0.0551101639251 -0.0124086525573 
0.0 0.0 0.0 0.0 0.0 0.0 0.0 0.0 0.0 0.0 0.0 0.0 182.0 254.0 255.0 0.173972605797 0.107825024047 -0.103915364699 0.0344975848763 
0.0 0.0 0.0 0.0 0.0 0.0 0.0 0.0 0.0542417088583 1.38361850599 0.0 0.0 175.0 254.0 255.0 0.0700572410977 0.142322608923 -0.150692849768 -0.0357537234866 
0.0 0.0 0.0 0.0 0.0 0.0 0.0 0.0 0.0 0.240905827857 0.0 0.0 167.0 254.0 255.0 -0.0806356086704 0.106568885436 0.108831953054 0.00116588460984 
1.53137745347 0.0 0.0 0.0 0.0 0.0 0.0 0.0 0.0 0.0 0.0 0.0 162.0 252.0 255.0 0.0281963443839 0.107734770046 0.069601196842 -0.220231203052 
1.58848656846 0.0 0.0 0.19156493641 0.407012534025 2.24136020178 0.431978979684 0.0 1.18397260871 0.0 0.0 0.750855033207 160.0 253.0 255.0 0.0977975412259 -0.112496433006 0.104816560895 0.144505669516 
2.02738758853 2.20759567421 0.0 1.73947700328 0.464337172068 0.34956339861 0.0 1.39518291292 0.790934513735 2.8158157337 0.442508664649 2.0558954603 157.0 253.0 255.0 0.202614102121 0.0320092365105 -0.0186075326155 0.0269145299647 
1.19684295304 1.17303308799 0.0 0.0688966900378 0.122598611539 0.665375493885 1.35881556308 0.0 0.0 0.660007525121 0.487608319155 0.0 154.0 253.0 255.0 0.184006569505 0.0589237664751 0.0874610547653 -0.0426794142185 
0.0 0.0 0.0 0.391353028897 0.549039195944 0.0 1.83077186229 0.0 0.0 0.0 0.0 0.0 145.0 253.0 255.0 0.271467624271 0.0162443522566 -0.190242110169 0.0681637057362 
0.0 0.163438013831 0.0 0.0 0.843436688624 0.0 0.0 1.73937485072 0.0 0.0 2.25033301597 0.245926750319 137.0 252.0 255.0 0.0812255141016 0.0844080579929 0.118313963976 -0.160407672666 
0.0 0.0 0.0 3.03981603816 0.0 1.95115047887 1.43808128555 1.09221965271 0.0 0.57244155046 0.0 0.353188286647 129.0 253.0 255.0 0.199539478078 -0.0759996146731 -0.0232868795099 -0.0509940190044 
0.0 0.0 0.0 2.01421076456 0.0 0.0 1.36317314411 1.54048458727 0.688819753224 0.0 0.27295696948 0.856522479632 121.0 253.0 255.0 0.176252598568 -0.126993633678 -0.29987759989 0.167447730958 
0.0 0.0 0.0 0.981314693098 0.635427484224 0.0 1.17219935106 0.0 0.0 0.0 0.981513131809 0.0 119.0 253.0 255.0 -0.123625001322 0.0404540972801 0.0614487099942 0.0870385239848 
0.0 1.31125890922 0.0 0.0 0.87784117873 0.979721266931 0.00943887227281 1.22042885158 0.0 0.0 3.87797246118 1.53245884227 124.0 253.0 255.0 -0.062176291328 0.127492621265 -0.0805744377135 -0.185227721229 
0.0 0.0 0.0 0.275255582564 0.13512233116 0.341854429875 0.0 2.26216246921 0.0 0.129026232541 0.123689423275 0.0 132.0 254.0 255.0 -0.142750729042 -0.0577350999639 -0.147945721675 -0.194031322474 
0.65665508792 0.0 0.0 0.301636001138 0.0 1.60313114555 1.81454153507 0.63788204278 0.0 0.0 0.412776530197 0.0 140.0 254.0 255.0 -0.290696450716 -0.251766422438 -0.129662518525 0.236390650795 
1.00002465495 0.0 1.28938536668 0.0 0.0301423242044 0.579676313643 1.77877005249 2.58693446339 0.544618220745 2.08097376931 0.0 1.95799910264 151.0 254.0 255.0 -0.333333333333 -0.0153757716428 0.05430249205 0.0529587171329 
0.416874463612 0.359476446807 0.0 0.0 0.264688308735 0.0 0.089244513152 0.491000868124 2.08702932096 0.0 1.2283195775 3.37595394552 163.0 254.0 255.0 -0.279030841283 0.0375829454901 -0.0640894147226 0.0672036998873 
0.0 0.0 0.0 0.0 0.0 0.0 3.31689609502 0.331701102268 0.0 0.0 1.44685907166 0.481735900205 172.0 252.0 255.0 -0.333333333333 0.104786645377 0.00200906524994 -0.0496641161634 
0.0 1.70121362321 0.169708747246 0.0 0.157968214636 1.17754507115 1.10367503407 2.57656325487 1.29034797926 0.0 0.0 0.0 182.0 244.0 255.0 -0.331324268083 0.055122529214 -0.0156527820612 -0.00909020129736 
2.01882744749 2.59569823855 1.13427717361 3.05433701188 1.42576769386 1.31722642078 0.0 2.36408756588 1.79740971638 1.11434572866 4.47599771424 0.415616779812 193.0 232.0 255.0 -0.333333333333 0.0460323279167 -0.180301222508 -0.1722055564 
0.0 0.0 0.0 0.0 0.0 0.0 0.0 5.10625518908 0.0 0.0 0.359087988471 0.0 205.0 229.0 255.0 -0.333333333333 -0.126173228483 -0.0263121895174 0.00414562016756 
0.0 0.0 0.0 0.0 0.916420763384 0.0 0.0 0.0 0.0 0.0 0.0 0.0 217.0 232.0 255.0 -0.333333333333 -0.122027608316 -0.069521838688 0.0479133502182 
0.788065399483 0.718400611378 0.0 0.0 0.0 0.524393888668 0.327033883972 1.65303039579 0.0 0.0 0.0 1.64350322401 227.0 233.0 255.0 -0.333333333333 -0.0741142580973 0.244405560597 -0.0278249034696 
2.85055025531 0.0 0.0 0.659378776831 0.165443766121 0.110419644442 0.167888885684 0.395658649058 0.558061454511 0.0 0.971553260976 0.0 230.0 240.0 255.0 -0.0889277727358 -0.101939161567 0.0885220914924 0.0350900341732 
0.382875725946 0.348765996194 0.0 1.0942919536 0.114070315024 0.0 1.25650491934 2.94970567525 0.0560584808633 0.0 0.0 0.0 230.0 247.0 255.0 -0.000405681243465 -0.0668491273937 0.0626448723602 0.119722262629 
1.3056426652 0.0 0.0 0.0 0.0 0.0 2.28965667963 0.310256684771 0.0 0.0 0.0 0.0 230.0 248.0 255.0 0.0622391911167 0.0528731352348 0.0472202247569 -0.0226867778667 
0.0 0.0 0.0 1.79113209866 0.0 1.53605818089 0.102183655354 0.0 0.564380154177 0.0 0.0 0.0 228.0 246.0 255.0 0.109459415874 0.0301863573681 -0.0353591695155 -0.0610683283059 
0.0735014520462 0.0 0.0 0.784510076873 0.0 0.392781155906 0.502500859127 0.0 0.0 1.88996192441 1.5618533889 0.0 225.0 249.0 255.0 0.0741002463581 -0.0308819709378 0.0291687212902 0.167679649609 
2.45164257284 3.37405589508 1.65118210271 1.28343704606 0.023008478572 2.16897283687 0.0 0.0 0.0 2.85631181943 0.0 3.62912001566 220.0 249.0 255.0 0.103268967648 0.136797678671 0.101239928532 0.070253764481 
0.0 1.18138823375 0.0 3.36057140372 0.0796726567298 0.0 0.0 1.898970892 0.0 1.76121599433 0.0 2.74432160994 211.0 246.0 255.0 0.20450889618 0.207051443153 -0.0682865946161 0.00994535998868 
1.09822078245 4.05010339309 0.0 4.26741871164 1.2066391248 1.14532858264 0.44106169015 0.621150439234 1.50089683683 0.226524425555 0.156146371034 0.0 202.0 241.0 255.0 0.136222301564 0.216996803141 -0.0427610673892 0.00750008682559 
0.0 0.888835705405 0.0 0.949818594978 0.0 0.0 1.66947266589 2.20582080221 0.0 0.0 0.0 0.0 194.0 235.0 255.0 0.093461234175 0.224496889967 0.206834447679 -0.110176783715 
0.0 0.0 0.0 0.689722885345 0.0 0.0 1.36341105405 0.817137306094 2.24955374805 0.0 2.27521704112 0.0 183.0 233.0 255.0 0.300295681854 0.114320106252 -0.0306102970172 0.00358189014102 
0.0 0.0 0.0 1.08718002184 0.0 0.415818127234 4.91561554438 0.0 0.0 0.0 2.44961954359 0.0 171.0 233.0 255.0 0.269685384837 0.117901996393 -0.213913688507 -0.0724302825805 
3.24366433787 2.75862236763 0.0 0.0 0.149128943182 0.0 0.868483403831 0.545450424534 0.720344848819 0.0 0.766359725893 0.0 164.0 233.0 255.0 0.0557716963297 0.0454717138121 -0.0805053288725 0.219017090626 
0.332450112378 0.0 2.76672293101 1.60344450156 1.58509592207 0.793526378645 0.0 0.640832233311 0.0 0.416071417633 0.0 0.114707147125 163.0 223.0 255.0 -0.0247336325428 0.264488804438 0.0129470204256 0.0337533685632 
1.33501194233 2.22228247676 0.228164616489 0.0 0.0 1.27561935648 0.0 0.0 2.73898620466 3.46714681065 1.34491731548 3.47839162793 162.0 210.0 255.0 -0.0117866121172 0.298242173002 0.0370783950772 0.0845724782611 
# HEADER 2
0.475442254078 0.0 0.0 1.73378402197 0.984863004943 1.06426276659 0.0 0.706537479055 0.0 0.0 0.0 0.0 133.0 247.0 255.0 0 0 -0.0382766715329 -0.0516811006168 
0.409735691357 0.0 0.0 0.0 0.0 0.0 0.680826401731 1.48933659492 0.750191164224 0.0 0.778772274211 0.0 133.0 250.0 255.0 -0.0382766715329 -0.0516811006168 -0.0330233263043 -0.104340297453 
0.0 0.0 0.0 0.0 0.614704514127 0.0 1.29865726985 0.0382016663363 0.0636694540874 0.0 0.0 1.58669609026 137.0 252.0 255.0 -0.0712999978372 -0.15602139807 0.018664814983 0.0563541170917 
1.24177806486 0.0 0.0 0.634292202998 0.0 0.0 0.406934554746 0.338229601018 0.0 0.0750682351624 0.580771203984 0.212130314809 143.0 253.0 255.0 -0.0526351828542 -0.0996672809781 -0.0531982892791 -0.0320969607668 
0.582455217977 0.0 0.0 1.87358298336 0.227295490117 0.0 0.0 1.2785795835 0.568453592597 0.0 0.0 0.416427558701 150.0 253.0 255.0 -0.105833472133 -0.131764241745 0.0185708625501 0.0988342097104 
0.604268816337 0.0 0.0 0.763411809128 0.0 0.0 0.488126348883 0.407807369765 0.0 0.0 0.0 0.113323634004 157.0 253.0 255.0 -0.0872626095833 -0.0329300320344 -0.0783303763276 0.0304385005857 
0.417360723847 0.0 0.0 0.134556098446 0.0 0.0 0.0 0.349290945404 0.00129616703467 0.0 0.0 0.135063313245 165.0 253.0 255.0 -0.165592985911 -0.00249153144872 -0.0724976087722 -0.0277989310885 
0.0 0.327212746856 0.0 0.0 0.268009422911 0.0 0.302474722367 0.534785251134 0.573680598209 0.399495365011 0.0 0.0 174.0 253.0 255.0 -0.238090594683 -0.0302904625372 -0.182022491811 0.120986131598 
0.919287377115 1.75313642466 0.0 0.535661458294 0.0 0.0 0.0 3.352852202 0.0 2.75758125175 0.412928378077 0.804793829468 185.0 252.0 255.0 -0.333333333333 0.0906956690603 -0.0310020939461 -0.1919849943 
0.0 0.0 0.0 1.62739781466 0.0 0.0 0.798342302919 0.0 0.0 0.0 0.0 0.0 197.0 251.0 255.0 -0.333333333333 -0.10128932524 -0.0547651106585 -0.120790794459 
0.0 0.0 0.0 0.37935044801 0.0573460969355 0.725523416702 0.546554586485 0.0 0.0 0.0 0.0 0.0 209.0 251.0 255.0 -0.333333333333 -0.222080119699 -0.00925140588691 -0.0796990416804 
0.198727330927 0.0 0.0 0.995081234489 0.396128524642 0.0 0.319931060758 0.0 0.0 0.0 0.0 1.34428393251 221.0 251.0 255.0 -0.333333333333 -0.301779161379 0.00541951029721 -0.0924683091873 
0.0 1.55994204081 0.0 0.670377658504 1.06252012849 0.0 0.531341684426 0.50418892088 0.334470261683 0.0 0.0107613188246 0.330750925666 230.0 251.0 255.0 -0.327913823036 -0.333333333333 -0.0793605222432 -0.100651757903 
0.581608470192 0.0 0.0 0.878518346794 0.332843743305 1.30897707307 2.03753825477 0.0 0.0 0.0896068221533 0.106629410753 0.298989704738 232.0 251.0 255.0 -0.333333333333 -0.333333333333 0.0156356465895 0.18870058141 
1.88585097026 0.0 0.0 0.0 0.0 1.32445515102 1.33392720349 1.63542838144 0.772419234059 0.0 1.60932032258 0.0793156367403 235.0 251.0 255.0 -0.317697686744 -0.144632751924 0.0121140087398 -0.072386372592 
0.207835301958 0.984539350802 0.0 0.854510974208 0.0 0.0 0.0299958287401 1.63833990898 0.0 0.0 0.905758042131 0.0 235.0 251.0 255.0 -0.305583678004 -0.217019124516 -0.124668103853 -0.0039887377394 
0.0 0.0 0.0 0.0 1.32366580315 0.0102838904939 0.520326988045 0.575561787712 0.0 0.0 1.41481974747 0.0 235.0 251.0 255.0 -0.333333333333 -0.221007862255 0.101172701927 -0.182838970387 
0.0 1.89002448776 0.207082360791 3.32231130448 0.653617486424 1.59713388604 0.535354634469 0.0 0.0 0.0 1.11750453672 0.0 235.0 251.0 255.0 -0.232160631406 -0.333333333333 -0.111918907896 0.161295713486 
0.0 0.677454718838 0.0 0.0 1.60116488226 0.0 0.0 0.299062527711 0.0 0.0 1.20196423233 1.53496833202 235.0 251.0 255.0 -0.333333333333 -0.172037619848 -0.0439262530854 0.137136770089 
0.0 0.420778075791 0.0 0.0 0.348909597013 0.0 0.0 0.533477623628 2.24313851955 0.0 2.39155436264 0.649822574139 236.0 252.0 255.0 -0.333333333333 -0.0349008497582 -0.0761326055278 0.0799750664642 
1.32510125879 0.0 0.515112433952 1.37612933321 0.527907460251 3.04593381635 1.70469929675 1.2905636673 0.865042573822 0.0 0.709561208349 0.0 236.0 252.0 255.0 -0.333333333333 0.045074216706 0.147820639995 -0.0186854813619 
0.846887401034 0.0 0.0 0.148206906026 1.59578119216 1.69211709743 0.570746362746 0.563911359386 0.603103288738 0.0 0.0 0.0 236.0 251.0 255.0 -0.185512693338 0.0263887353442 0.126519021882 -0.0904661380521 
0.83154157575 0.0 0.210662956803 0.0 0.0 1.11833193339 0.316557522382 0.759556018035 0.37629872294 0.452481521071 0.0 0.0 236.0 251.0 255.0 -0.0589936714566 -0.064077402708 -0.00798913416194 -0.0303980752938 
0.393512998647 0.175693465866 0.0 0.0 0.490129414895 1.5374730653 0.745567774394 1.82806271921 0.0564667467736 0.0 1.55975008325 0.284431855472 236.0 252.0 255.0 -0.0669828056185 -0.0944754780018 -0.0514400261081 -0.0382165171991 
0.0 0.0 0.0 0.632901685624 2.12543202812 0.0 0.539891474914 1.54832373917 0.0 0.0 0.0 0.0 236.0 252.0 255.0 -0.118422831727 -0.132691995201 0.135244883255 -0.0729940864695 
0.144147002112 0.0 0.0 0.0 0.0 0.0841403493004 0.314711780691 1.1019030738 0.759338546905 0.0 0.0 0.813588335597 236.0 252.0 255.0 0.0168220515284 -0.20568608167 -0.148293172759 0.00064546470469 
1.24645503514 1.02821769659 0.0 1.7804389186 0.988143175517 0.660695146494 0.62073743083 0.0 1.25541744409 0.530508440851 1.03851253776 1.5020399791 236.0 252.0 255.0 -0.13147112123 -0.205040616966 0.0276990843831 0.0966202801686 
0.0 0.337681930438 0.0 1.44108510554 0.0 0.0 2.0360969249 0.509276969791 1.36444235778 0.0 1.19864187003 0.0 236.0 252.0 255.0 -0.103772036847 -0.108420336797 0.0441631251542 0.126780848741 
0.0 0.628453096384 0.0 0.0 0.0452096213202 0.0 0.0 0.0 0.0861993589923 0.0 0.890688274607 0.0 236.0 252.0 255.0 -0.0596089116931 0.018360511944 0.0308681642012 -0.00552998935102 
0.0 3.76159112251 0.0 0.515203700445 1.26717206382 1.80694172949 0.0 0.0 0.0460762820359 0.796322450062 0.0 0.720702681724 235.0 251.0 255.0 -0.0287407474919 0.012830522593 0.076424830283 0.0248138585138 
0.0 0.0 0.0 0.0 0.0 0.0 0.0 0.0 2.29451301656 1.77462321263 0.0 0.0 236.0 250.0 255.0 0.0476840827911 0.0376443811068 -0.200671489836 0.027041600306 
0.0 0.0 0.0 0.0 0.0 0.0 0.0 0.0 0.0 1.08543706412 0.0 0.0 235.0 246.0 255.0 -0.152987407045 0.0646859814128 0.0143824349364 0.0823918063357 
0.424225147338 0.0 0.0 1.78402793687 0.763237545211 0.184212641075 1.26118505259 1.75993296635 0.0 0.0 0.0 0.0283984544444 235.0 239.0 255.0 -0.138604972109 0.147077787749 0.0186873811388 -0.0311198996774 
2.53708685713 0.0754050642013 0.0 0.159260151858 1.82132095028 0.0 0.119966421758 0.0 0.238249660404 2.51466461548 2.11379888179 0.0 235.0 231.0 255.0 -0.11991759097 0.115957888071 0.0860747026159 -0.0306666232015 
0.00944589737939 0.0 0.0 0.0 0.0112835829535 1.2003834111 0.0 0.740473112475 0.580691419132 0.95203711832 0.0 0.0 235.0 223.0 255.0 -0.0338428883542 0.0852912648696 -0.0428683864201 0.113306804738 
0.0 0.0 0.0 0.0 0.0 0.0 0.0 0.0 1.02835107866 3.93396015326 0.0 1.21434331116 235.0 214.0 255.0 -0.0767112747743 0.198598069607 -0.139372412754 0.0168636356062 
0.0 1.19583688683 0.0 1.39679387746 0.159430722858 0.0 0.296805298295 1.1637828116 0.0 0.0 0.0 1.29656548994 235.0 202.0 255.0 -0.216083687528 0.215461705214 -0.0542329032246 -0.0131233991594 
0.0 2.21878837896 0.0 0.0 1.05407345386 0.0 0.434447967024 0.5635007486 0.0 0.598446484358 0.0 0.23654819538 235.0 191.0 255.0 -0.270316590753 0.202338306054 0.141753022096 0.17246574025 
0.0 0.0 0.0 1.82957044966 0.0194919890038 0.0 0.532218569709 1.13861098631 0.0 0.0 0.0 0.0 235.0 179.0 255.0 -0.128563568657 0.333333333333 -0.131330307586 -0.029163858754 
0.0 0.0 0.0 0.630074959139 2.5183689007 0.0 0.0 0.0 0.0 3.45638453676 1.34666784985 0.255798782524 236.0 169.0 254.0 -0.259893876243 0.304169474579 0.139207843507 0.018818946719 
0.0 0.0 0.0 0.0 0.0 0.0 0.421328417798 2.35067284953 0.0 1.4805067061 0.301459882511 0.297397665691 236.0 161.0 249.0 -0.120686032736 0.322988421298 0.122462123469 -0.183274865663 
0.0 0.0 0.0 0.0 0.0 0.818364988514 0.0 0.0 0.0 3.63672263632 0.0 0.0 236.0 155.0 245.0 0.00177609073309 0.139713555635 -0.0286255685416 -0.0477721893787 
0.200789643025 4.41153194986 1.79279174376 0.0 1.65487730003 0.0 0.0 0.0 0.0 1.76593968895 0.0 0.0 236.0 152.0 242.0 -0.0268494778086 0.0919413662564 0.090367342934 0.0707057476213 
0.0 0.0 0.0 0.0 0.0 0.0 0.0 0.0 0.0 0.0 0.0 0.0 236.0 148.0 238.0 0.0635178651254 0.162647113878 -0.0595058051822 0.0188030577694 
0.0 0.0 0.0 0.0 0.121585276196 0.0 1.30365002144 0.0 0.0 0.0 0.0 0.0 231.0 144.0 236.0 0.00401205994317 0.181450171647 -0.16491756414 -0.0298061811375 
0.0 0.0 0.0 0.0 0.0 0.0 0.0 0.0 0.0 0.0 0.0 0.0 231.0 141.0 232.0 -0.160905504197 0.15164399051 0.0379373389698 0.0477381250357 
0.0 0.0 0.0 0.0 0.0 0.0 0.0 0.0 0.0 0.0 0.0 0.0 231.0 136.0 227.0 -0.122968165227 0.199382115545 -0.0242116502362 0.0726308597408 
0.0 0.0 0.0 0.0 0.0 0.0 1.28472222379 0.0 0.0 0.0 0.0 0.0 232.0 129.0 222.0 -0.147179815463 0.272012975286 -0.0207104088969 0.038055390045 
0.105434920341 0.0 0.0 0.0 0.0 0.0 0.0 0.0 1.23721758 2.15367891486 0.0 0.0 233.0 122.0 213.0 -0.16789022436 0.310068365331 -0.0915367625347 0.0563289217261 
1.19310194284 0.0 0.0 0.0 0.897448179647 0.0 0.0 0.0 0.0 3.3778341453 4.25653984293 0.0 234.0 116.0 203.0 -0.259426986895 0.333333333333 0.0219424409162 0.047376701686 
0.0 0.0 0.0 0.0 0.0 0.0 0.389978134962 0.0 0.0 0.0 0.0 0.0 234.0 110.0 194.0 -0.237484545978 0.333333333333 -0.050464327986 0.0483213479663 
0.386987097912 0.0 0.0 0.0 0.0 0.0 0.0 0.0 0.0 0.20570224953 0.0 0.110816089237 234.0 105.0 184.0 -0.287948873964 0.333333333333 -0.163443050409 -0.1558773787 
1.48349373544 0.0 0.0 0.0 0.932857333398 1.36668178144 0.420619749981 0.0 0.0 0.0 1.54000972187 0.0 234.0 103.0 176.0 -0.333333333333 0.177455954633 -0.118215356987 -0.0320420897091 
0.548815237371 1.33868942048 0.0 0.847695138439 1.95885131333 0.0 2.28750753811 0.0 0.419525102494 0.0 0.910949265542 0.0 234.0 100.0 171.0 -0.333333333333 0.145413864924 0.0269733129882 0.0397360494615 
0.613160109593 2.2329933687 0.0 0.0 0.0 0.0 0.0 0.0 0.532506470258 4.05001805135 0.0 0.0 234.0 97.0 166.0 -0.306360020345 0.185149914386 0.0498766755534 0.285484231843 
0.0 1.76023208782 0.0 0.950631152958 0.0 0.107015822247 1.45637396304 0.60285519795 0.0 0.0 0.0 0.0 234.0 93.0 157.0 -0.256483344792 0.333333333333 -0.122819588749 0.0592905784038 
0.865759716948 0.776269911621 0.0 0.0137886265416 1.017944042 0.144170741692 0.568714997923 2.22048810944 0.0 0.0 0.472246303514 0.0 234.0 89.0 147.0 -0.333333333333 0.333333333333 0.0785755570778 0.0788937689232 
0.341507260269 0.0 0.0 0.0 0.0 0.0 0.0 0.0 0.0 2.41474509294 0.0 1.06236136093 234.0 85.0 138.0 -0.254757776256 0.333333333333 -0.0430988895356 -0.124191609308 
0.0 0.0 0.0 0.0 0.0 0.0 1.07971286884 0.0 0.0 0.0 3.03105255621 0.0 234.0 82.0 129.0 -0.297856665791 0.209141724025 0.0182937072048 -0.0742394185596 
0.0 0.0 0.0 0.0 0.179844426517 0.0 0.650586978744 0.0 0.0 0.0 0.77260367523 0.178695974116 234.0 80.0 124.0 -0.279562958586 0.134902305466 0.164100980252 0.118764816694 
0.0 0.717960510369 0.0 0.0500007564146 0.0 2.9330422491 0.636659244418 0.0 0.0 0.0 0.0 0.0 234.0 79.0 116.0 -0.115461978335 0.25366712216 0.173589381007 0.0149639551052 
0.465508307547 0.0 0.0 0.0 0.0 0.419973437015 0.542162781756 0.486338358549 0.0 0.0 0.0 0.280499755183 231.0 77.0 109.0 0.0581274026726 0.268631077265 0.0183891646905 0.0741855514393 
0.0 0.0 0.0 0.922145916303 0.0 0.0 0.445368964631 0.655307532519 0.0 0.0 0.0 1.1847841379 230.0 74.0 102.0 0.0765165673631 0.333333333333 0.060890379621 -0.0613679891831 
0.0 0.39428226362 0.0 0.762260122525 0.0 0.0 0.0 0.847911787891 0.0 0.346693854134 0.0 0.0 229.0 70.0 95.0 0.137406946984 0.27196534415 0.164110580553 0.214138849319 
1.11896305116 0.171462794654 0.0 0.0 0.0 0.165389647776 0.134407246574 0.572427998486 0.487265254801 0.0 1.10263538529 0.0 222.0 69.0 91.0 0.301517527537 0.333333333333 0.0320932177272 0.14737307746 
1.19434962067 1.25818085077 0.957192415378 0.0322083731139 0.546012814193 0.334318364983 0.525941265316 0.0 2.31730791644 0.0 0.0 0.0 211.0 69.0 91.0 0.333333333333 0.333333333333 -0.0529574489208 -0.045185637504 
0.0 0.0 0.0 0.266251726441 0.356077561506 2.37036480893 1.28816439828 0.247207057367 0.654663796179 0.495743773611 0.641060889502 0.0 199.0 69.0 91.0 0.280375884412 0.288147695829 0.0758510179507 0.0964050586882 
0.0 0.0 0.932624296739 0.0 0.00649348618238 1.21461171567 1.46728730957 0.0 0.0 0.0 0.790995329629 0.617568723095 186.0 69.0 90.0 0.333333333333 0.333333333333 -0.0795586111216 -0.078930679402 
0.586976046009 0.270467139645 0.322694787413 0.586974051494 0.339548924645 0.0 0.00295791042137 2.51664327131 1.66794086104 2.82083720882 0.0 2.00954736472 174.0 69.0 90.0 0.253774722212 0.254402653931 -0.107043755703 0.0151952246786 
0.0 0.949288303766 1.39659681053 0.658861090277 1.03670429898 0.0 0.738916026003 0.12388588424 1.04023595855 0.462219611761 0.786594621863 0.0 160.0 69.0 91.0 0.146730966509 0.26959787861 -0.086667750927 0.00638220582616 
0.936086908675 2.12632093029 0.0 0.910424778788 3.12077228746 0.0 0.636345603771 0.455380819097 0.0 0.0 0.0 0.314883673783 147.0 69.0 91.0 0.0600632155818 0.275980084436 0.0732708645434 -0.0555453137428 
0.501417762097 3.75616513544 0.0 0.0 0.62146067747 0.0 0.539080804219 0.0 0.00295185759476 0.0 0.46872739667 0.0 136.0 69.0 91.0 0.133334080125 0.220434770693 -0.0164242433036 -0.257382427577 
0.144452890366 0.837278428148 2.2485781918 0.0 0.0122033623924 0.0 1.03574618754 0.0160600061604 2.55076983035 0.0 0.441681203835 0.0 127.0 69.0 101.0 0.116909836822 -0.0369476568833 0.154785707181 -0.0287034896093 
2.50750548532 2.27687737322 1.86265934515 1.7243720487 2.83661785454 0.0 0.0 0.0 2.81714926612 2.00848347329 0.191302506342 0.0 120.0 69.0 119.0 0.271695544002 -0.0656511464925 -0.0741386071743 0.0135548895981 
0.268286774499 2.41518517332 0.0 1.00637963802 2.42338492506 0.546727672217 0.0 0.0 0.98036220923 3.37483084713 1.8076220532 0.0 111.0 71.0 137.0 0.197556936828 -0.0520962568944 0.0682157558076 0.144938026991 
0.0 0.699962217122 0.0 0.5148211938 1.6904075747 0.815115641447 0.724157691861 0.0 0.0 0.0 1.67031786847 0.0 98.0 72.0 149.0 0.265772692635 0.092841770097 0.0808795841443 -0.064657876566 
1.68635585871 1.27125380662 0.0 0.748891269137 0.604348203407 0.0 0.0 0.0 0.0 2.11514694438 0.0 0.0 88.0 73.0 154.0 0.333333333333 0.0281838935309 -0.228903708128 0.00643070133656 
0.0 0.0 0.0 0.0 0.0 0.0 0.0 0.0 0.0 0.158820922779 0.0 0.0 80.0 75.0 159.0 0.104429625205 0.0346145948675 -0.0161767868772 0.0268646758759 
0.0 0.0 0.0 0.0 0.0 0.0 0.0 0.0 0.0 1.47259644253 0.0 0.0 74.0 75.0 163.0 0.0882528383278 0.0614792707434 0.128732872146 0.0880277757698 
0.0 0.0 0.0 0.0 0.0 0.0 0.0 0.0 0.0 1.82577113081 0.0 0.0 67.0 75.0 163.0 0.216985710474 0.149507046513 -0.0286404797722 -0.149510861954 
0.0 0.0 0.0 0.0 0.438549154952 0.0 0.0 0.0 0.0 2.55511568749 0.0 0.0 61.0 76.0 166.0 0.188345230702 -3.81544046726e-06 -0.0803106669256 0.0715329798386 
0.0 0.0 0.0 0.0 0.0 0.0 0.348497222559 0.0 0.0 0.0 0.0 0.0 56.0 76.0 169.0 0.108034563776 0.0715291643982 0.0763686061369 -0.0731203200184 
0.0 0.0 0.0 0.0 0.0 0.0 0.0 0.0 0.0 0.0 0.0 0.0 50.0 77.0 174.0 0.184403169913 -0.00159115562027 0.064025046034 -0.278080863099 
0.0 0.0 0.0 0.138865427042 0.577470029808 0.0 0.0333636851288 0.564147658199 1.22689794794 0.368945888734 0.784301804281 0.479077573928 45.0 87.0 182.0 0.248428215947 -0.279672018719 -0.0157293148004 0.144291557641 
1.63953083203 2.17971514531 0.0 0.77153390104 2.3213009189 0.808887953229 0.0 1.03999016339 1.86993248731 4.19660759916 0.615883087135 1.38582176013 38.0 103.0 194.0 0.232698901147 -0.135380461078 0.0776325644931 0.0470553646737 
1.49425962231 1.50735058146 0.0 1.25941867384 1.0934198376 1.20409479042 0.0 0.460739628491 0.358256700701 2.06489845464 0.516637416765 0.0 30.0 110.0 211.0 0.31033146564 -0.0883250964044 0.0382686589906 -0.170101675809 
0.0 0.0 0.0 0.149373551629 0.992201306962 0.372537679693 0.996697049901 0.848740544152 0.342269658733 0.0 2.63797288687 0.0 27.0 116.0 229.0 0.333333333333 -0.258426772213 0.0372882085538 0.157842647966 
0.0918636171415 0.0 0.0 0.364341946022 0.0 0.0 0.146863121225 0.0 0.0 0.119237461518 1.14073448502 0.0 25.0 127.0 237.0 0.333333333333 -0.100584124247 -0.0886935436114 -0.00460888723464 
1.07057147597 2.52890553842 0.217566231971 1.40227843093 0.570565410734 0.396555406531 0.0 1.57509719892 1.72719150078 4.24995575532 0.0 0.367805517752 23.0 171.0 219.0 0.244639789722 -0.105193011481 0.0136173681978 -0.0193400533485 
0.351259661665 0.0 0.0 0.46510898986 1.60084916464 1.94105401125 0.804920522616 1.19546616607 0.946842486286 1.19077430892 0.0 0.476479339732 19.0 167.0 238.0 0.25825715792 -0.12453306483 0.0151293236002 0.106654883587 
2.60957584424 1.83740668901 0.594157894773 1.77903641448 2.06956224674 0.0 0.0 0.932748175997 0.359504968759 2.90662585691 0.92322731861 0.1980014225 18.0 176.0 240.0 0.27338648152 -0.0178781812429 -0.0292627798178 -0.00607943515608 
0.335887229111 1.74562566739 0.0 0.9442827853 0.145868550719 0.770617065322 1.33861626232 0.0808499637549 0.653092370595 0.303764224642 4.21118160044 0.0 17.0 206.0 225.0 0.244123701702 -0.023957616399 0.150851566871 0.0474505410218 
0.108426070898 0.0 0.0 0.0119387862678 0.0 0.0 1.87484657841 0.0 0.0 0.0 0.0 0.0 15.0 202.0 231.0 0.333333333333 0.0234929246228 0.0166181753188 -0.0107295204631 
0.257931868971 1.12219316065 1.00211623635 0.0 0.821366509679 0.798468684772 1.14128314155 0.0 0.0 0.0 0.0 1.90859273452 13.0 191.0 243.0 0.333333333333 0.0127634041596 0.044015141969 0.104283174208 
0.0432570025398 0.0 0.0 0.0 2.38752525749 0.0 0.180460662728 0.0 0.0 1.4795701266 0.882827002617 0.0 11.0 198.0 234.0 0.333333333333 0.117046578368 -0.127589832973 0.10104449463 
0.0 0.0 0.108565329346 0.0 0.0 0.0 0.525221217427 0.0 0.310426689886 0.291232347725 0.0 1.90265948899 11.0 228.0 194.0 0.205743500361 0.218091072998 0.0781594083875 0.0350166959946 
0.0 0.0 0.0 0.384545617137 0.559935615397 0.0 1.53569967322 0.488569878697 0.808217688669 0.0 0.0 0.0 12.0 249.0 154.0 0.283902908748 0.253107768993 0.0116511581155 0.120291620951 
2.3520422216 0.0 0.0 0.869501260735 0.0 0.0 1.12904863933 0.567621188089 0.823423664715 0.0 0.882802988387 0.0 12.0 249.0 142.0 0.295554066864 0.333333333333 -0.055690686181 -0.0554916517125 
0.202182070575 0.0 0.0 0.0 0.0 0.563362234656 0.647313877942 1.81922746117 0.0 0.0 0.0 0.0 12.0 249.0 128.0 0.239863380683 0.277841681621 -0.0713760156628 -0.181324011607 
0.0 0.0 0.0 0.0 0.0 1.32196026087 0.132075252045 0.0 0.0 0.0 1.27809563168 0.0 12.0 250.0 121.0 0.16848736502 0.0965176700138 0.239180683099 0.0531161038751 
0.862982635125 0.0 0.0 1.27451747823 0.479329169695 0.31393537483 0.522014819192 1.7472215046 0.0 0.581832668502 0.503480413358 1.64180452639 12.0 251.0 114.0 0.333333333333 0.149633773889 -0.0720481890188 -0.226124856411 
0.967302796048 0.0 0.0 0.0 0.0 0.0 0.533906082129 0.980335341523 0.0 0.0 0.822501679373 0.0 12.0 252.0 117.0 0.261285144315 -0.0764910825224 -0.0130891509281 0.00564319754542 
0.0953834442499 0.0 0.0 0.0 0.308962033563 0.0 2.40850032892 0.612598308268 0.0 0.0 0.0 0.0 12.0 253.0 132.0 0.248195993386 -0.070847884977 0.0445722612814 0.0684750549071 
0.630710279195 0.0620529337881 0.0 0.883461171973 0.592799733858 0.0 0.21641831851 0.163474403368 0.0 0.0 0.811250868155 0.0 12.0 253.0 137.0 0.292768254668 -0.00237283006984 -0.143819494167 -0.0696433065579 
0.147158906631 0.597185929975 0.0 0.0 0.632674741121 0.0 0.522704083329 0.0555356093666 0.0 0.0 0.926289969214 0.241362113954 12.0 254.0 146.0 0.1489487605 -0.0720161366277 0.0471150651949 0.00968498850017 
0.756860088492 1.0197528531 0.0 1.34620069417 1.44623867097 0.145192908586 0.531982271239 3.39552151975 0.32461700656 0.0 0.460929352224 0.0 12.0 254.0 158.0 0.196063825695 -0.0623311481275 0.0361210669689 -0.134017900679 
0.99421542258 0.845114148859 0.0 0.898099533776 0.752516241302 1.65334073337 0.531979139038 0.280232642873 0.0 0.140462949417 0.820867813808 0.0 12.0 254.0 176.0 0.232184892664 -0.196349048807 0.0289065209905 0.182797316526 
0.251195856271 0.276760939766 0.490160594869 0.0 1.82404291619 0.825303440512 0.157055607462 0.0 0.0 1.81310589492 0.0 1.35653609276 12.0 254.0 187.0 0.261091413655 -0.0135517322808 -0.024038577104 -0.00657385830294 
0.0 0.0400899836566 1.103976908 0.0 1.70059221403 0.767843163897 0.0 0.0 0.0 0.739741265414 1.53635446783 3.38452102726 13.0 254.0 194.0 0.237052836551 -0.0201255905838 -0.00626250572737 0.0204075646832 
0.0 0.0 0.0 0.0 0.0 0.0 3.13872979925 0.0 0.0 0.0 0.57270610082 0.0 13.0 254.0 196.0 0.230790330823 0.000281974099481 -0.138144363031 0.0186238604639 
0.683555799589 0.0 0.0 0.589141601389 0.0 0.0 1.26832652919 0.0 0.0 0.0 0.0 0.0 13.0 254.0 196.0 0.0926459677928 0.0189058345634 0.0403245774578 -0.153755531939 
0.0 0.591514879573 0.052419235198 0.874204155584 1.10183096648 0.463115130316 0.0 0.0 0.0 0.0 0.0 1.3876764422 13.0 254.0 206.0 0.132970545251 -0.134849697376 -0.0992141435931 0.0725449337071 
0.0 0.456235575682 0.0 1.4452428831 0.896141046982 0.0 0.289745002456 0.692575022339 0.714499716948 0.0 0.0 0.791230206793 13.0 254.0 220.0 0.0337564016575 -0.0623047636689 -0.0235666454975 0.105154137381 
0.368905295205 0.639328240554 0.0 0.0 2.57658730242 3.78843144677 0.522471773596 2.79051298805 1.57206675816 1.89055172481 0.911042330199 0.0 13.0 254.0 223.0 0.01018975616 0.0428493737124 -0.0221937634317 -0.0221607779587 
0.981254080111 1.2066549457 0.0 0.0 0.0 0.203720884233 0.154822152676 0.542942990519 0.504315938772 0.431579023004 0.334065258721 2.14620081063 13.0 254.0 222.0 -0.0120040072717 0.0206885957536 0.0141276744655 0.236610686643 
2.50026284449 0.0 0.0 0.0 0.793730246967 0.0 1.08005807047 0.0 0.0 0.0 1.0344287795 0.0 13.0 254.0 212.0 0.00212366719376 0.257299282397 -0.240876061722 0.203873467215 
1.70318422728 0.0 0.863889443761 0.255282045247 1.07183444683 0.33342799922 2.2332752951 0.0 0.0 0.0 0.0 0.212828474907 13.0 254.0 197.0 -0.238752394528 0.333333333333 0.0269187467978 0.0967794106235 
0.49007915124 0.0203899895482 0.213009151388 1.05068480957 3.14248613581 0.908332541767 1.39339005691 0.0 0.706270671929 0.0 1.0228332983 0.0 17.0 253.0 177.0 -0.211833647731 0.333333333333 0.0119132134891 -0.0035070327777 
0.0 0.0 0.0 2.95001823293 0.0 0.207443545062 0.58532610198 0.619574020585 0.0 0.4510148517 0.0 0.0 22.0 251.0 157.0 -0.199920434241 0.329826300556 0.0322712629933 0.135899360926 
0.0 0.0 0.806827298471 0.0 0.0 0.0 0.0 0.0 0.0 2.38781098478 2.1744029147 2.12229949741 27.0 250.0 137.0 -0.167649171248 0.333333333333 -0.0459877812185 -0.0645335032214 
0.737308403206 0.726891334862 0.0 1.10817930139 0.0235131286631 0.0 0.466473104337 0.690756061535 0.0 0.0 0.810252719378 3.28235673973 31.0 248.0 120.0 -0.213636952467 0.268799830112 0.134573892721 -0.228177201735 
0.0533841198873 0.647934444707 0.0 0.699809685709 1.20314523893 3.57283851033 0.0 0.0 0.0 0.0 0.142295969372 0.0 36.0 247.0 114.0 -0.0790630597462 0.0406226283773 0.0972158737178 0.0897395971461 
0.0 0.863841436475 0.0 0.124143873521 2.23954598554 0.0 0.0 0.0 0.0 0.0 0.464742784014 0.0 37.0 248.0 107.0 0.0181528139716 0.130362225523 0.028640222186 -0.0660350842903 
0.0 2.15155293176 0.0 1.57462471476 0.427246336679 1.81712973228 0.470349372913 0.641973237967 0.768075223298 0.265042366988 1.78743995329 0.0 36.0 248.0 106.0 0.0467930361576 0.064327141233 -0.057241395264 0.168654851454 
0.0 0.37861491584 0.0 1.30629787175 0.651897713423 0.0 0.0 2.82044819736 0.44971279861 0.50664483199 0.046978078117 0.0 37.0 249.0 95.0 -0.0104483591064 0.232981992687 -0.0123786420763 0.219278782926 
1.62332201841 0.791765196501 0.0 0.328455617263 0.502067547584 0.0 2.38372329708 0.512978792785 0.0 0.0 0.0 0.0 39.0 249.0 82.0 -0.0228270011827 0.333333333333 0.107073478641 -0.0712017302792 
0.0 0.0 0.64103811941 1.57883309614 0.0 0.84641539775 0.0 0.190927992234 0.0 0.0 0.0 0.0 42.0 246.0 73.0 0.0842464774583 0.262131603054 0.0014954818061 -0.0152595801389 
0.0 0.0 0.926275435329 0.741622498343 0.290916806608 2.45545460493 0.0 1.49303785678 0.0 0.0 0.0 0.0 44.0 244.0 67.0 0.0857419592644 0.246872022915 -0.108324474522 0.0149414238852 
1.32298443585 4.97211726029 7.12192072096 0.652817764252 0.710372588609 4.44261055072 0.0 5.12683159449 0.00853252086989 3.36098868337 0.0 1.79994802697 44.0 247.0 61.0 -0.0225825152576 0.2618134468 -0.0379560272894 0.0502177700217 
0.854068984526 3.21527925314 7.18171824334 1.43026477432 0.0 3.62862139644 0.0 0.0 0.957334657104 0.165634828945 0.0 1.36648227582 45.0 248.0 58.0 -0.060538542547 0.312031216822 0.0995420057057 -0.172285028494 
2.12078137368 5.09719575873 11.0219013262 4.0785291054 0.103349261348 5.41486923166 0.0 2.80001637709 1.39243169073 4.37847374024 1.53050784237 4.66515805992 46.0 249.0 57.0 0.0390034631587 0.139746188328 -0.00855178643563 -0.0531519535411 
2.81642907175 1.90515981624 16.1849909522 0.347200808256 1.01727573251 10.8114136961 1.6734801818 0.697203188125 0.0 0.0 0.0 4.01697315627 46.0 249.0 57.0 0.030451676723 0.0865942347871 -0.116251847431 -0.00337170852912 
0.806574184497 2.61718291433 18.9427449159 0.0 1.07653790886 16.5601311595 0.0 3.59932543252 0.0 0.137586463966 0.0 0.183690982465 47.0 250.0 57.0 -0.0858001707076 0.083222526258 -0.133500230227 -0.0599520119328 
0.0 2.76299297728 24.1458535391 1.14202903659 0.546371251206 16.6273044365 0.505375923019 4.40793623849 0.228191610467 0.0 0.0 0.0 47.0 252.0 57.0 -0.219300400935 0.0232705143252 -0.0616361597668 0.104442982987 
0.0 2.20456417564 23.0804836924 4.09811449504 0.623658922959 22.1051066325 2.24410110894 3.05658153798 0.0572332772084 0.102635547524 0.0 0.0 52.0 249.0 55.0 -0.280936560701 0.127713497312 0.112077393254 -0.055542615787 
0.487858616621 1.46686730105 23.4432604197 0.657492376605 0.000160853689306 20.5316933588 0.0 3.76291552361 0.270235338668 0.376830155917 0.817334948021 2.42509185348 60.0 247.0 53.0 -0.168859167447 0.0721708815248 0.0626790295086 0.16501152667 
0.17148679907 2.59941372641 15.985527543 0.0 2.01128398605 15.1813203997 1.0322060724 1.846412501 0.0 0.479142101139 0.142683547061 0.383420433719 68.0 241.0 53.0 -0.106180137939 0.237182408195 -0.0511781165032 0.0104368858073 
1.34890889238 1.2282630446 19.9104770684 0.0 1.54160320484 15.9645586521 0.54201086037 1.03575789578 0.0 0.0 0.0 0.850900276329 76.0 236.0 52.0 -0.157358254442 0.247619294002 -0.102170184582 0.0791839378296 
0.0 4.74670101868 19.9047530669 2.32167440603 0.12037705915 18.1244022496 1.27634568467 3.47820991713 0.049656738797 0.0 0.628676378136 0.0 85.0 230.0 51.0 -0.259528439024 0.326803231831 -0.0532096381654 -0.0471304971961 
1.87095349396 0.449432790732 15.1533101639 1.66389618319 0.825872906303 20.3241718799 1.29878388719 2.58469966234 0.0510900517447 1.62791107407 0.0 0.0 95.0 222.0 51.0 -0.312738077189 0.279672734635 0.151713740202 0.215095270149 
1.18276471533 2.25180782615 18.6029499559 1.42417104587 1.37914481444 16.2779206295 1.29897561 2.33727425718 0.800910401437 1.48756909968 0.0 0.0 102.0 216.0 51.0 -0.161024336987 0.333333333333 -0.0601603170669 -0.0171027586104 
0.222667238904 0.0 17.4250579419 0.0 0.864826807152 19.254196253 3.86132762793 3.73443747589 0.0 0.0 0.0 0.0 111.0 209.0 51.0 -0.221184654054 0.316230574723 0.045671339996 0.040136592797 
2.31729512467 3.29391434524 19.8918045086 0.0 1.0669918437 15.887810253 0.627873490552 0.0 0.0 0.0 0.302570626648 0.953597392509 117.0 201.0 51.0 -0.175513314058 0.333333333333 -0.0540853957602 0.109336049398 
1.19496931278 1.55805605095 15.9723337587 0.0 2.35417580457 17.5757345311 1.40037456002 2.22437365213 0.0 0.0 0.0 0.0 126.0 194.0 51.0 -0.229598709818 0.333333333333 0.036473019842 -0.113763600726 
0.0 3.12823754821 19.4775974693 0.174216217203 0.0 18.0444632581 0.767530191146 4.35392156867 0.779612131151 0.0 0.0 2.31276951668 133.0 190.0 51.0 -0.193125689976 0.219569732607 -0.0294857356914 0.0364388557342 
