nrollouts: 2
# HEADER 1
0.0 0.0 0.0 0.0 0.0 0.0 0.0 0.0 0.0 0.0 0.0 0.0 230.0 247.0 255.0 0 0 -26.6094571844 28.0754713429 
0.0 0.0 0.0 0.0 0.0 0.0 0.0 0.0 0.0 0.0 0.0 0.0 230.0 247.0 255.0 -0.333333333333 0.333333333333 13.1111447414 17.4562613456 
0.0 0.0 0.0 0.0 0.0 0.0 0.0 0.0 0.0 0.0 0.0 0.0 230.0 247.0 255.0 0.333333333333 0.333333333333 -41.7491860388 -15.5219460111 
0.0 0.0 0.0 0.0 0.0 0.0 0.0 0.0 0.0 0.0 0.0 0.0 230.0 247.0 255.0 -0.333333333333 -0.333333333333 -13.8490919273 -87.5523284025 
0.0 0.0 0.0 0.0 0.0 0.0 0.0 0.0 0.0 0.0 0.0 0.0 230.0 247.0 255.0 -0.333333333333 -0.333333333333 43.1211247089 35.26433349 
0.0 0.0 0.0 0.0 0.0 0.0 0.0 0.0 0.0 0.0 0.0 0.0 230.0 247.0 255.0 0.333333333333 0.333333333333 39.16102015 14.4205477375 
0.0 0.0 0.0 0.0 0.0 0.0 0.0 0.0 0.0 0.0 0.0 0.0 230.0 247.0 255.0 0.333333333333 0.333333333333 1.76213514842 -49.5878525829 
0.0 0.0 0.0 0.0 0.0 0.0 0.0 0.0 0.0 0.0 0.0 0.0 230.0 247.0 255.0 0.333333333333 -0.333333333333 14.8929992493 -29.1884260234 
0.0 0.0 0.0 0.0 0.0 0.0 0.0 0.0 0.0 0.0 0.0 0.0 230.0 247.0 255.0 0.333333333333 -0.333333333333 46.7266803677 3.94937343802 
0.0 0.0 0.0 0.0 0.0 0.0 0.0 0.0 0.0 0.0 0.0 0.0 230.0 247.0 255.0 0.333333333333 0.333333333333 -4.47967854815 -7.69731626041 
0.0 0.0 0.0 0.0 0.0 0.0 0.0 0.0 0.0 0.0 0.0 0.0 230.0 247.0 255.0 -0.333333333333 -0.333333333333 -38.9915766442 -44.0911275668 
0.0 0.0 0.0 0.0 0.0 0.0 0.0 0.0 0.0 0.0 0.0 0.0 230.0 247.0 255.0 -0.333333333333 -0.333333333333 11.9974895953 -55.7287269315 
0.0 0.0 0.0 0.0 0.0 0.0 0.0 0.0 0.0 0.0 0.0 0.0 230.0 247.0 255.0 0.333333333333 -0.333333333333 2.74938334891 -9.34544895985 
0.0 0.0 0.0 0.0 0.0 0.0 0.0 0.0 0.0 0.0 0.0 0.0 230.0 247.0 255.0 0.333333333333 -0.333333333333 8.74441977482 5.56905632339 
0.0 0.0 0.0 0.0 0.0 0.0 0.0 0.0 0.0 0.0 0.0 0.0 230.0 247.0 255.0 0.333333333333 0.333333333333 -19.4914867309 -49.7053687967 
0.0 0.0 0.0 0.0 0.0 0.0 0.0 0.0 0.0 0.0 0.0 0.0 230.0 247.0 255.0 -0.333333333333 -0.333333333333 21.5592819323 -18.5341661455 
0.0 0.0 0.0 0.0 0.0 0.0 0.0 0.0 0.0 0.0 0.0 0.0 230.0 247.0 255.0 0.333333333333 -0.333333333333 21.508108669 7.07147189999 
0.0 0.0 0.0 0.0 0.0 0.0 0.0 0.0 0.0 0.0 0.0 0.0 230.0 247.0 255.0 0.333333333333 0.333333333333 7.52365229911 -31.54087909 
0.0 0.0 0.0 0.0 0.0 0.0 0.0 0.0 0.0 0.0 0.0 0.0 230.0 247.0 255.0 0.333333333333 -0.333333333333 -9.66061919309 -8.69406010479 
0.0 0.0 0.0 0.0 0.0 0.0 0.0 0.0 0.0 0.0 0.0 0.0 230.0 247.0 255.0 -0.333333333333 -0.333333333333 -40.9133907831 -1.68747735486 
0.0 0.0 0.0 0.0 0.0 0.0 0.0 0.0 0.0 0.0 0.0 0.0 230.0 247.0 255.0 -0.333333333333 -0.333333333333 11.7545633627 50.3328997111 
0.0 0.0 0.0 0.0 0.0 0.0 0.0 0.0 0.0 0.0 0.0 0.0 230.0 247.0 255.0 0.333333333333 0.333333333333 -48.0533592579 13.4329131891 
0.0 0.0 0.0 0.0 0.0 0.0 0.0 0.0 0.0 0.0 0.0 0.0 230.0 247.0 255.0 -0.333333333333 0.333333333333 31.394542964 27.165586074 
0.0 0.0 0.0 0.0 0.0 0.0 0.0 0.0 0.0 0.0 0.0 0.0 230.0 247.0 255.0 0.333333333333 0.333333333333 25.6379465001 -8.9091220523 
0.0 0.0 0.0 0.0 0.0 0.0 0.0 0.0 0.0 0.0 0.0 0.0 230.0 247.0 255.0 0.333333333333 -0.333333333333 -14.8688115069 6.07695030405 
0.0 0.0 0.0 0.0 0.0 0.0 0.0 0.0 0.0 0.0 0.0 0.0 230.0 247.0 255.0 -0.333333333333 0.333333333333 -29.1084774114 -21.3519863247 
0.0 0.0 0.0 0.0 0.0 0.0 0.0 0.0 0.0 0.0 0.0 0.0 230.0 247.0 255.0 -0.333333333333 -0.333333333333 12.6449445389 -14.0304941215 
0.0 0.0 0.0 0.0 0.0 0.0 0.0 0.0 0.0 0.0 0.0 0.0 230.0 247.0 255.0 0.333333333333 -0.333333333333 4.35768020006 -39.0958971564 
0.0 0.0 0.0 0.0 0.0 0.0 0.0 0.0 0.0 0.0 0.0 0.0 230.0 247.0 255.0 0.333333333333 -0.333333333333 10.8350945661 -0.349808861751 
0.0 0.0 0.0 0.0 0.0 0.0 0.0 0.0 0.0 0.0 0.0 0.0 230.0 247.0 255.0 0.333333333333 -0.333333333333 31.769150269 -23.4424609934 
0.0 0.0 0.0 0.0 0.0 0.0 0.0 0.0 0.0 0.0 0.0 0.0 230.0 247.0 255.0 0.333333333333 -0.333333333333 -42.7471451912 -44.3613082563 
0.0 0.0 0.0 0.0 0.0 0.0 0.0 0.0 0.0 0.0 0.0 0.0 230.0 247.0 255.0 -0.333333333333 -0.333333333333 -44.8371193891 39.8487394984 
0.0 0.0 0.0 0.0 0.0 0.0 0.0 0.0 0.0 0.0 0.0 0.0 230.0 247.0 255.0 -0.333333333333 0.333333333333 8.60306537018 -22.7859458822 
0.0 0.0 0.0 0.0 0.0 0.0 0.0 0.0 0.0 0.0 0.0 0.0 230.0 247.0 255.0 0.333333333333 -0.333333333333 17.3439439538 -15.6123119553 
0.0 0.0 0.0 0.0 0.0 0.0 0.0 0.0 0.0 0.0 0.0 0.0 230.0 247.0 255.0 0.333333333333 -0.333333333333 -7.3306875768 -2.31990002319 
0.0 0.0 0.0 0.0 0.0 0.0 0.0 0.0 0.0 0.0 0.0 0.0 230.0 247.0 255.0 -0.333333333333 -0.333333333333 17.6003478277 -23.3592799968 
0.0 0.0 0.0 0.0 0.0 0.0 0.0 0.0 0.0 0.0 0.0 0.0 230.0 247.0 255.0 0.333333333333 -0.333333333333 -45.863856507 -25.4146398112 
0.0 0.0 0.0 0.0 0.0 0.0 0.0 0.0 0.0 0.0 0.0 0.0 230.0 247.0 255.0 -0.333333333333 -0.333333333333 15.4749303187 -19.5333643275 
0.0 0.0 0.0 0.0 0.0 0.0 0.0 0.0 0.0 0.0 0.0 0.0 230.0 247.0 255.0 0.333333333333 -0.333333333333 -51.6191642638 -26.7509725011 
0.0 0.0 0.0 0.0 0.0 0.0 0.0 0.0 0.0 0.0 0.0 0.0 230.0 247.0 255.0 -0.333333333333 -0.333333333333 70.7646120284 35.2773902512 
0.0 0.0 0.0 0.0 0.0 0.0 0.0 0.0 0.0 0.0 0.0 0.0 230.0 247.0 255.0 0.333333333333 0.333333333333 -22.06487115 62.9110361973 
0.0 0.0 0.0 0.0 0.0 0.0 0.0 0.0 0.0 0.0 0.0 0.0 230.0 247.0 255.0 -0.333333333333 0.333333333333 11.9356333661 -21.5441563787 
0.0 0.0 0.0 0.0 0.0 0.0 0.0 0.0 0.0 0.0 0.0 0.0 230.0 247.0 255.0 0.333333333333 -0.333333333333 28.787940813 -1.72927758337 
0.0 0.0 0.0 0.0 0.0 0.0 0.0 0.0 0.0 0.0 0.0 0.0 230.0 247.0 255.0 0.333333333333 -0.333333333333 12.3669975778 -24.1139719519 
0.0 0.0 0.0 0.0 0.0 0.0 0.0 0.0 0.0 0.0 0.0 0.0 230.0 247.0 255.0 0.333333333333 -0.333333333333 22.5653162217 22.5435420587 
0.0 0.0 0.0 0.0 0.0 0.0 0.0 0.0 0.0 0.0 0.0 0.0 230.0 247.0 255.0 0.333333333333 0.333333333333 -46.1781707121 22.0854392108 
0.0 0.0 0.0 0.0 0.0 0.0 0.0 0.0 0.0 0.0 0.0 0.0 230.0 247.0 255.0 -0.333333333333 0.333333333333 -33.0617337489 -6.59269630928 
0.0 0.0 0.0 0.0 0.0 0.0 0.0 0.0 0.0 0.0 0.0 0.0 230.0 247.0 255.0 -0.333333333333 -0.333333333333 -11.2829314855 47.7625249796 
0.0 0.0 0.0 0.0 0.0 0.0 0.0 0.0 0.0 0.0 0.0 0.0 230.0 247.0 255.0 -0.333333333333 0.333333333333 -24.0417360354 4.03926416632 
0.0 0.0 0.0 0.0 0.0 0.0 0.0 0.0 0.0 0.0 0.0 0.0 230.0 247.0 255.0 -0.333333333333 0.333333333333 -7.12539521979 -2.10161164853 
0.0 0.0 0.0 0.0 0.0 0.0 0.0 0.0 0.0 0.0 0.0 0.0 230.0 247.0 255.0 -0.333333333333 -0.333333333333 33.2284814795 -32.294264037 
0.0 0.0 0.0 0.0 0.0 0.0 0.0 0.0 0.0 0.0 0.0 0.0 230.0 247.0 255.0 0.333333333333 -0.333333333333 11.9098094179 -4.7942255513 
0.0 0.0 0.0 0.0 0.0 0.0 0.0 0.0 0.0 0.0 0.0 0.0 230.0 247.0 255.0 0.333333333333 -0.333333333333 42.123417066 4.19378574919 
0.0 0.0 0.0 0.0 0.0 0.0 0.0 0.0 0.0 0.0 0.0 0.0 230.0 247.0 255.0 0.333333333333 0.333333333333 37.419588288 -34.8944633866 
0.0 0.0 0.0 0.0 0.0 0.0 0.0 0.0 0.0 0.0 0.0 0.0 230.0 247.0 255.0 0.333333333333 -0.333333333333 39.438058142 25.4905118317 
0.0 0.0 0.0 0.0 0.0 0.0 0.0 0.0 0.0 0.0 0.0 0.0 230.0 247.0 255.0 0.333333333333 0.333333333333 -36.8857199524 12.7373474505 
0.0 0.0 0.0 0.0 0.0 0.0 0.0 0.0 0.0 0.0 0.0 0.0 230.0 247.0 255.0 -0.333333333333 0.333333333333 -27.4350698213 19.2427503893 
0.0 0.0 0.0 0.0 0.0 0.0 0.0 0.0 0.0 0.0 0.0 0.0 230.0 247.0 255.0 -0.333333333333 0.333333333333 -80.6095441691 -34.7182285969 
0.0 0.0 0.0 0.0 0.0 0.0 0.0 0.0 0.0 0.0 0.0 0.0 230.0 247.0 255.0 -0.333333333333 -0.333333333333 -14.2845966781 37.2904972258 
0.0 0.0 0.0 0.0 0.0 0.0 0.0 0.0 0.0 0.0 0.0 0.0 230.0 247.0 255.0 -0.333333333333 0.333333333333 -16.8690240973 -24.5056637477 
0.0 0.0 0.0 0.0 0.0 0.0 0.0 0.0 0.0 0.0 0.0 0.0 230.0 247.0 255.0 -0.333333333333 -0.333333333333 -20.9699918046 34.9113692808 
0.0 0.0 0.0 0.0 0.0 0.0 0.0 0.0 0.0 0.0 0.0 0.0 230.0 247.0 255.0 -0.333333333333 0.333333333333 -12.4645686881 8.37432629356 
0.0 0.0 0.0 0.0 0.0 0.0 0.0 0.0 0.0 0.0 0.0 0.0 230.0 247.0 255.0 -0.333333333333 0.333333333333 36.9657106158 -16.6518387925 
0.0 0.0 0.0 0.0 0.0 0.0 0.0 0.0 0.0 0.0 0.0 0.0 230.0 247.0 255.0 0.333333333333 -0.333333333333 6.23296397542 -29.3793136277 
0.0 0.0 0.0 0.0 0.0 0.0 0.0 0.0 0.0 0.0 0.0 0.0 230.0 247.0 255.0 0.333333333333 -0.333333333333 -27.2400872528 -23.6657235193 
0.0 0.0 0.0 0.0 0.0 0.0 0.0 0.0 0.0 0.0 0.0 0.0 230.0 247.0 255.0 -0.333333333333 -0.333333333333 39.4505630593 -3.38862777751 
0.0 0.0 0.0 0.0 0.0 0.0 0.0 0.0 0.0 0.0 0.0 0.0 230.0 247.0 255.0 0.333333333333 -0.333333333333 -21.6486146019 -4.92794900399 
0.0 0.0 0.0 0.0 0.0 0.0 0.0 0.0 0.0 0.0 0.0 0.0 230.0 247.0 255.0 -0.333333333333 -0.333333333333 0.0212679543498 -3.89001414839 
0.0 0.0 0.0 0.0 0.0 0.0 0.0 0.0 0.0 0.0 0.0 0.0 230.0 247.0 255.0 -0.312065378984 -0.333333333333 -13.7910034181 26.2155791707 
0.0 0.0 0.0 0.0 0.0 0.0 0.0 0.0 0.0 0.0 0.0 0.0 230.0 247.0 255.0 -0.333333333333 0.333333333333 -28.498987389 31.6900087276 
0.0 0.0 0.0 0.0 0.0 0.0 0.0 0.0 0.0 0.0 0.0 0.0 230.0 247.0 255.0 -0.333333333333 0.333333333333 34.7839951389 3.51076051079 
0.0 0.0 0.0 0.0 0.0 0.0 0.0 0.0 0.0 0.0 0.0 0.0 230.0 247.0 255.0 0.333333333333 0.333333333333 43.8680073434 -21.5425442492 
0.0 0.0 0.0 0.0 0.0 0.0 0.0 0.0 0.0 0.0 0.0 0.0 230.0 247.0 255.0 0.333333333333 -0.333333333333 16.7962180075 -9.45214949293 
0.0 0.0 0.0 0.0 0.0 0.0 0.0 0.0 0.0 0.0 0.0 0.0 230.0 247.0 255.0 0.333333333333 -0.333333333333 59.2891324232 -60.0886024795 
0.0 0.0 0.0 0.0 0.0 0.0 0.0 0.0 0.0 0.0 0.0 0.0 230.0 247.0 255.0 0.333333333333 -0.333333333333 36.2734426277 -15.0073601999 
0.0 0.0 0.0 0.0 0.0 0.0 0.0 0.0 0.0 0.0 0.0 0.0 230.0 247.0 255.0 0.333333333333 -0.333333333333 12.3785777663 -5.19614520187 
0.0 0.0 0.0 0.0 0.0 0.0 0.0 0.0 0.0 0.0 0.0 0.0 230.0 247.0 255.0 0.333333333333 -0.333333333333 -26.7431194247 22.3310481295 
0.0 0.0 0.0 0.0 0.0 0.0 0.0 0.0 0.0 0.0 0.0 0.0 230.0 247.0 255.0 -0.333333333333 0.333333333333 9.62470265848 -83.0791863199 
0.0 0.0 0.0 0.0 0.0 0.0 0.0 0.0 0.0 0.0 0.0 0.0 230.0 247.0 255.0 0.333333333333 -0.333333333333 2.77618385157 -1.63111868983 
0.0 0.0 0.0 0.0 0.0 0.0 0.0 0.0 0.0 0.0 0.0 0.0 230.0 247.0 255.0 0.333333333333 -0.333333333333 -46.7610957875 -48.1398514156 
0.0 0.0 0.0 0.0 0.0 0.0 0.0 0.0 0.0 0.0 0.0 0.0 230.0 247.0 255.0 -0.333333333333 -0.333333333333 35.1178811096 53.6074618907 
0.0 0.0 0.0 0.0 0.0 0.0 0.0 0.0 0.0 0.0 0.0 0.0 230.0 247.0 255.0 0.333333333333 0.333333333333 3.51610301746 -39.7961456478 
0.0 0.0 0.0 0.0 0.0 0.0 0.0 0.0 0.0 0.0 0.0 0.0 230.0 247.0 255.0 0.333333333333 -0.333333333333 14.4661109944 -32.6844494031 
0.0 0.0 0.0 0.0 0.0 0.0 0.0 0.0 0.0 0.0 0.0 0.0 230.0 247.0 255.0 0.333333333333 -0.333333333333 49.9211294568 25.4771259073 
0.0 0.0 0.0 0.0 0.0 0.0 0.0 0.0 0.0 0.0 0.0 0.0 230.0 247.0 255.0 0.333333333333 0.333333333333 21.0842075449 58.4859344984 
0.0 0.0 0.0 0.0 0.0 0.0 0.0 0.0 0.0 0.0 0.0 0.0 230.0 247.0 255.0 0.333333333333 0.333333333333 -30.2817054031 -40.7215356088 
0.0 0.0 0.0 0.0 0.0 0.0 0.0 0.0 0.0 0.0 0.0 0.0 230.0 247.0 255.0 -0.333333333333 -0.333333333333 6.7693246309 15.9852467772 
0.0 0.0 0.0 0.0 0.0 0.0 0.0 0.0 0.0 0.0 0.0 0.0 230.0 247.0 255.0 0.333333333333 0.333333333333 -29.8480976751 46.503921999 
0.0 0.0 0.0 0.0 0.0 0.0 0.0 0.0 0.0 0.0 0.0 0.0 230.0 247.0 255.0 -0.333333333333 0.333333333333 -13.9054082672 27.9239556873 
0.0 0.0 0.0 0.0 0.0 0.0 0.0 0.0 0.0 0.0 0.0 0.0 230.0 247.0 255.0 -0.333333333333 0.333333333333 -6.51966265264 2.54782087105 
0.0 0.0 0.0 0.0 0.0 0.0 0.0 0.0 0.0 0.0 0.0 0.0 230.0 247.0 255.0 -0.333333333333 0.333333333333 7.06536548449 25.4144919639 
0.0 0.0 0.0 0.0 0.0 0.0 0.0 0.0 0.0 0.0 0.0 0.0 230.0 247.0 255.0 0.333333333333 0.333333333333 11.943645643 -36.3935548855 
0.0 0.0 0.0 0.0 0.0 0.0 0.0 0.0 0.0 0.0 0.0 0.0 230.0 247.0 255.0 0.333333333333 -0.333333333333 -8.23674252744 -7.04454898542 
0.0 0.0 0.0 0.0 0.0 0.0 0.0 0.0 0.0 0.0 0.0 0.0 230.0 247.0 255.0 -0.333333333333 -0.333333333333 31.9722242528 20.6270965651 
0.0 0.0 0.0 0.0 0.0 0.0 0.0 0.0 0.0 0.0 0.0 0.0 230.0 247.0 255.0 0.333333333333 0.333333333333 -41.9907747131 26.0858961526 
0.0 0.0 0.0 0.0 0.0 0.0 0.0 0.0 0.0 0.0 0.0 0.0 230.0 247.0 255.0 -0.333333333333 0.333333333333 -13.1904935359 40.750971921 
0.0 0.0 0.0 0.0 0.0 0.0 0.0 0.0 0.0 0.0 0.0 0.0 230.0 247.0 255.0 -0.333333333333 0.333333333333 42.7297634557 39.2765783389 
0.0 0.0 0.0 0.0 0.0 0.0 0.0 0.0 0.0 0.0 0.0 0.0 230.0 247.0 255.0 0.333333333333 0.333333333333 16.3029552549 -10.5900637556 
0.0 0.0 0.0 0.0 0.0 0.0 0.0 0.0 0.0 0.0 0.0 0.0 230.0 247.0 255.0 0.333333333333 -0.333333333333 -23.2062103967 -24.4263293487 
0.0 0.0 0.0 0.0 0.0 0.0 0.0 0.0 0.0 0.0 0.0 0.0 230.0 247.0 255.0 -0.333333333333 -0.333333333333 69.6678034685 14.2889549809 
0.0 0.0 0.0 0.0 0.0 0.0 0.0 0.0 0.0 0.0 0.0 0.0 230.0 247.0 255.0 0.333333333333 0.333333333333 -49.3849956552 20.2506575832 
0.0 0.0 0.0 0.0 0.0 0.0 0.0 0.0 0.0 0.0 0.0 0.0 230.0 247.0 255.0 -0.333333333333 0.333333333333 25.2817118368 7.00805582133 
0.0 0.0 0.0 0.0 0.0 0.0 0.0 0.0 0.0 0.0 0.0 0.0 230.0 247.0 255.0 0.333333333333 0.333333333333 14.4221530774 -33.7912140852 
0.0 0.0 0.0 0.0 0.0 0.0 0.0 0.0 0.0 0.0 0.0 0.0 230.0 247.0 255.0 0.333333333333 -0.333333333333 -24.6645822166 34.7638976223 
0.0 0.0 0.0 0.0 0.0 0.0 0.0 0.0 0.0 0.0 0.0 0.0 230.0 247.0 255.0 -0.333333333333 0.333333333333 41.9540653108 21.4774638445 
0.0 0.0 0.0 0.0 0.0 0.0 0.0 0.0 0.0 0.0 0.0 0.0 230.0 247.0 255.0 0.333333333333 0.333333333333 -3.50126640602 8.57479219875 
0.0 0.0 0.0 0.0 0.0 0.0 0.0 0.0 0.0 0.0 0.0 0.0 230.0 247.0 255.0 -0.333333333333 0.333333333333 65.0849734832 -26.7734870957 
0.0 0.0 0.0 0.0 0.0 0.0 0.0 0.0 0.0 0.0 0.0 0.0 230.0 247.0 255.0 0.333333333333 -0.333333333333 62.0129277584 68.0521345335 
0.0 0.0 0.0 0.0 0.0 0.0 0.0 0.0 0.0 0.0 0.0 0.0 230.0 247.0 255.0 0.333333333333 0.333333333333 6.86750834288 22.2488814735 
0.0 0.0 0.0 0.0 0.0 0.0 0.0 0.0 0.0 0.0 0.0 0.0 230.0 247.0 255.0 0.333333333333 0.333333333333 42.6693126045 -34.2209162083 
0.0 0.0 0.0 0.0 0.0 0.0 0.0 0.0 0.0 0.0 0.0 0.0 230.0 247.0 255.0 0.333333333333 -0.333333333333 -15.9249421946 -3.68803015522 
0.0 0.0 0.0 0.0 0.0 0.0 0.0 0.0 0.0 0.0 0.0 0.0 230.0 247.0 255.0 -0.333333333333 -0.333333333333 -11.8393988626 32.2637609269 
0.0 0.0 0.0 0.0 0.0 0.0 0.0 0.0 0.0 0.0 0.0 0.0 230.0 247.0 255.0 -0.333333333333 0.333333333333 -18.4204326091 38.2737685964 
0.0 0.0 0.0 0.0 0.0 0.0 0.0 0.0 0.0 0.0 0.0 0.0 230.0 247.0 255.0 -0.333333333333 0.333333333333 -39.8568334224 18.5984903451 
0.0 0.0 0.0 0.0 0.0 0.0 0.0 0.0 0.0 0.0 0.0 0.0 230.0 247.0 255.0 -0.333333333333 0.333333333333 17.07543659 -7.02335644823 
0.0 0.0 0.0 0.0 0.0 0.0 0.0 0.0 0.0 0.0 0.0 0.0 230.0 247.0 255.0 0.333333333333 -0.333333333333 34.2629100218 -3.26567879296 
0.0 0.0 0.0 0.0 0.0 0.0 0.0 0.0 0.0 0.0 0.0 0.0 230.0 247.0 255.0 0.333333333333 -0.333333333333 -21.9794483631 1.32761407185 
0.0 0.0 0.0 0.0 0.0 0.0 0.0 0.0 0.0 0.0 0.0 0.0 230.0 247.0 255.0 -0.333333333333 0.333333333333 -10.0832991205 -47.9149666453 
0.0 0.0 0.0 0.0 0.0 0.0 0.0 0.0 0.0 0.0 0.0 0.0 230.0 247.0 255.0 -0.333333333333 -0.333333333333 9.33744001109 7.48526514333 
0.0 0.0 0.0 0.0 0.0 0.0 0.0 0.0 0.0 0.0 0.0 0.0 230.0 247.0 255.0 0.333333333333 0.333333333333 3.57288606264 32.4361139542 
0.0 0.0 0.0 0.0 0.0 0.0 0.0 0.0 0.0 0.0 0.0 0.0 230.0 247.0 255.0 0.333333333333 0.333333333333 13.0783624512 39.9760650769 
0.0 0.0 0.0 0.0 0.0 0.0 0.0 0.0 0.0 0.0 0.0 0.0 230.0 247.0 255.0 0.333333333333 0.333333333333 -32.4574673911 18.6206961918 
0.0 0.0 0.0 0.0 0.0 0.0 0.0 0.0 0.0 0.0 0.0 0.0 230.0 247.0 255.0 -0.333333333333 0.333333333333 0.587967445346 38.2755717995 
0.0 0.0 0.0 0.0 0.0 0.0 0.0 0.0 0.0 0.0 0.0 0.0 230.0 247.0 255.0 0.254634112013 0.333333333333 -16.8686862245 2.4492592283 
0.0 0.0 0.0 0.0 0.0 0.0 0.0 0.0 0.0 0.0 0.0 0.0 230.0 247.0 255.0 -0.333333333333 0.333333333333 -20.7194240095 14.8357028938 
0.0 0.0 0.0 0.0 0.0 0.0 0.0 0.0 0.0 0.0 0.0 0.0 230.0 247.0 255.0 -0.333333333333 0.333333333333 -27.4896234725 17.2613350763 
0.0 0.0 0.0 0.0 0.0 0.0 0.0 0.0 0.0 0.0 0.0 0.0 230.0 247.0 255.0 -0.333333333333 0.333333333333 -0.136429426859 -2.09906025113 
0.0 0.0 0.0 0.0 0.0 0.0 0.0 0.0 0.0 0.0 0.0 0.0 230.0 247.0 255.0 -0.333333333333 -0.333333333333 -36.1990491598 4.88277928509 
0.0 0.0 0.0 0.0 0.0 0.0 0.0 0.0 0.0 0.0 0.0 0.0 230.0 247.0 255.0 -0.333333333333 0.333333333333 19.7439148805 24.5859554576 
0.0 0.0 0.0 0.0 0.0 0.0 0.0 0.0 0.0 0.0 0.0 0.0 230.0 247.0 255.0 0.333333333333 0.333333333333 37.9979342207 -40.395946178 
0.0 0.0 0.0 0.0 0.0 0.0 0.0 0.0 0.0 0.0 0.0 0.0 230.0 247.0 255.0 0.333333333333 -0.333333333333 37.2848522956 4.20041259445 
0.0 0.0 0.0 0.0 0.0 0.0 0.0 0.0 0.0 0.0 0.0 0.0 230.0 247.0 255.0 0.333333333333 0.333333333333 21.10107164 -29.0619620217 
0.0 0.0 0.0 0.0 0.0 0.0 0.0 0.0 0.0 0.0 0.0 0.0 230.0 247.0 255.0 0.333333333333 -0.333333333333 -5.96939441907 -11.3626424543 
0.0 0.0 0.0 0.0 0.0 0.0 0.0 0.0 0.0 0.0 0.0 0.0 230.0 247.0 255.0 -0.333333333333 -0.333333333333 -15.2461900489 -22.9920387204 
0.0 0.0 0.0 0.0 0.0 0.0 0.0 0.0 0.0 0.0 0.0 0.0 230.0 247.0 255.0 -0.333333333333 -0.333333333333 9.51857940871 43.1442903342 
0.0 0.0 0.0 0.0 0.0 0.0 0.0 0.0 0.0 0.0 0.0 0.0 230.0 247.0 255.0 0.333333333333 0.333333333333 -4.14652808007 -22.7057496111 
0.0 0.0 0.0 0.0 0.0 0.0 0.0 0.0 0.0 0.0 0.0 0.0 230.0 247.0 255.0 -0.333333333333 -0.333333333333 -33.7771705716 35.5761288933 
0.0 0.0 0.0 0.0 0.0 0.0 0.0 0.0 0.0 0.0 0.0 0.0 230.0 247.0 255.0 -0.333333333333 0.333333333333 -1.88043806366 -37.6685442673 
0.0 0.0 0.0 0.0 0.0 0.0 0.0 0.0 0.0 0.0 0.0 0.0 230.0 247.0 255.0 -0.333333333333 -0.333333333333 7.29747085639 22.3922431596 
0.0 0.0 0.0 0.0 0.0 0.0 0.0 0.0 0.0 0.0 0.0 0.0 230.0 247.0 255.0 0.333333333333 0.333333333333 17.8184888414 36.2073603254 
0.0 0.0 0.0 0.0 0.0 0.0 0.0 0.0 0.0 0.0 0.0 0.0 230.0 247.0 255.0 0.333333333333 0.333333333333 -25.4559021216 -40.3260897776 
0.0 0.0 0.0 0.0 0.0 0.0 0.0 0.0 0.0 0.0 0.0 0.0 230.0 247.0 255.0 -0.333333333333 -0.333333333333 -37.597756733 33.0977071702 
0.0 0.0 0.0 0.0 0.0 0.0 0.0 0.0 0.0 0.0 0.0 0.0 230.0 247.0 255.0 -0.333333333333 0.333333333333 -30.6577944006 19.1448847615 
0.0 0.0 0.0 0.0 0.0 0.0 0.0 0.0 0.0 0.0 0.0 0.0 230.0 247.0 255.0 -0.333333333333 0.333333333333 60.6479710135 22.0649462727 
0.0 0.0 0.0 0.0 0.0 0.0 0.0 0.0 0.0 0.0 0.0 0.0 230.0 247.0 255.0 0.333333333333 0.333333333333 -9.26824740889 39.0021746611 
# HEADER 2
0.0 0.0 0.0 0.0 0.0 0.0 0.0 0.0 0.0 0.0 0.0 0.0 230.0 247.0 255.0 0 0 -4.61221822842 7.00240182696 
0.0 0.0 0.0 0.0 0.0 0.0 0.0 0.0 0.0 0.0 0.0 0.0 230.0 247.0 255.0 -0.333333333333 0.333333333333 -28.1771529255 20.6872241855 
0.0 0.0 0.0 0.0 0.0 0.0 0.0 0.0 0.0 0.0 0.0 0.0 230.0 247.0 255.0 -0.333333333333 0.333333333333 13.6533182724 5.4708292225 
0.0 0.0 0.0 0.0 0.0 0.0 0.0 0.0 0.0 0.0 0.0 0.0 230.0 247.0 255.0 0.333333333333 0.333333333333 9.51551656224 -43.4663162395 
0.0 0.0 0.0 0.0 0.0 0.0 0.0 0.0 0.0 0.0 0.0 0.0 230.0 247.0 255.0 0.333333333333 -0.333333333333 -21.8414756358 46.8928910092 
0.0 0.0 0.0 0.0 0.0 0.0 0.0 0.0 0.0 0.0 0.0 0.0 230.0 247.0 255.0 -0.333333333333 0.333333333333 -35.9071515678 33.0600708587 
0.0 0.0 0.0 0.0 0.0 0.0 0.0 0.0 0.0 0.0 0.0 0.0 230.0 247.0 255.0 -0.333333333333 0.333333333333 34.6698891363 -73.0563353074 
0.0 0.0 0.0 0.0 0.0 0.0 0.0 0.0 0.0 0.0 0.0 0.0 230.0 247.0 255.0 0.333333333333 -0.333333333333 15.7207216813 5.44354409931 
0.0 0.0 0.0 0.0 0.0 0.0 0.0 0.0 0.0 0.0 0.0 0.0 230.0 247.0 255.0 0.333333333333 0.333333333333 47.8767635732 -49.1686080865 
0.0 0.0 0.0 0.0 0.0 0.0 0.0 0.0 0.0 0.0 0.0 0.0 230.0 247.0 255.0 0.333333333333 -0.333333333333 29.2305726428 17.0782692863 
0.0 0.0 0.0 0.0 0.0 0.0 0.0 0.0 0.0 0.0 0.0 0.0 230.0 247.0 255.0 0.333333333333 0.333333333333 -63.9583416021 -39.1879329273 
0.0 0.0 0.0 0.0 0.0 0.0 0.0 0.0 0.0 0.0 0.0 0.0 230.0 247.0 255.0 -0.333333333333 -0.333333333333 -38.3775239292 -30.0216091943 
0.0 0.0 0.0 0.0 0.0 0.0 0.0 0.0 0.0 0.0 0.0 0.0 230.0 247.0 255.0 -0.333333333333 -0.333333333333 -2.33333573352 22.9740660899 
0.0 0.0 0.0 0.0 0.0 0.0 0.0 0.0 0.0 0.0 0.0 0.0 230.0 247.0 255.0 -0.333333333333 0.333333333333 -30.4771914215 -17.9013875764 
0.0 0.0 0.0 0.0 0.0 0.0 0.0 0.0 0.0 0.0 0.0 0.0 230.0 247.0 255.0 -0.333333333333 -0.333333333333 -18.0241942761 -15.1787124141 
0.0 0.0 0.0 0.0 0.0 0.0 0.0 0.0 0.0 0.0 0.0 0.0 230.0 247.0 255.0 -0.333333333333 -0.333333333333 43.7112460219 -13.6764518662 
0.0 0.0 0.0 0.0 0.0 0.0 0.0 0.0 0.0 0.0 0.0 0.0 230.0 247.0 255.0 0.333333333333 -0.333333333333 13.0923352509 7.31033625638 
0.0 0.0 0.0 0.0 0.0 0.0 0.0 0.0 0.0 0.0 0.0 0.0 230.0 247.0 255.0 0.333333333333 0.333333333333 -10.6577424756 -56.932398437 
0.0 0.0 0.0 0.0 0.0 0.0 0.0 0.0 0.0 0.0 0.0 0.0 230.0 247.0 255.0 -0.333333333333 -0.333333333333 -7.6879476464 21.7654798544 
0.0 0.0 0.0 0.0 0.0 0.0 0.0 0.0 0.0 0.0 0.0 0.0 230.0 247.0 255.0 -0.333333333333 0.333333333333 17.8026606943 -28.1847447924 
0.0 0.0 0.0 0.0 0.0 0.0 0.0 0.0 0.0 0.0 0.0 0.0 230.0 247.0 255.0 0.333333333333 -0.333333333333 -10.3441376158 -5.87567313057 
0.0 0.0 0.0 0.0 0.0 0.0 0.0 0.0 0.0 0.0 0.0 0.0 230.0 247.0 255.0 -0.333333333333 -0.333333333333 -24.043131428 -28.212377061 
0.0 0.0 0.0 0.0 0.0 0.0 0.0 0.0 0.0 0.0 0.0 0.0 230.0 247.0 255.0 -0.333333333333 -0.333333333333 -34.4889247478 8.91969453432 
0.0 0.0 0.0 0.0 0.0 0.0 0.0 0.0 0.0 0.0 0.0 0.0 230.0 247.0 255.0 -0.333333333333 0.333333333333 -20.6758411536 -39.8890308876 
0.0 0.0 0.0 0.0 0.0 0.0 0.0 0.0 0.0 0.0 0.0 0.0 230.0 247.0 255.0 -0.333333333333 -0.333333333333 15.2208737252 1.60289143153 
0.0 0.0 0.0 0.0 0.0 0.0 0.0 0.0 0.0 0.0 0.0 0.0 230.0 247.0 255.0 0.333333333333 0.333333333333 -14.0767727706 41.0839266157 
0.0 0.0 0.0 0.0 0.0 0.0 0.0 0.0 0.0 0.0 0.0 0.0 230.0 247.0 255.0 -0.333333333333 0.333333333333 -0.137513893012 -19.7442117231 
0.0 0.0 0.0 0.0 0.0 0.0 0.0 0.0 0.0 0.0 0.0 0.0 230.0 247.0 255.0 -0.333333333333 -0.333333333333 31.5166817201 10.3534825305 
0.0 0.0 0.0 0.0 0.0 0.0 0.0 0.0 0.0 0.0 0.0 0.0 230.0 247.0 255.0 0.333333333333 0.333333333333 16.6468360138 32.9457491482 
0.0 0.0 0.0 0.0 0.0 0.0 0.0 0.0 0.0 0.0 0.0 0.0 230.0 247.0 255.0 0.333333333333 0.333333333333 -23.1853638362 -38.378404828 
0.0 0.0 0.0 0.0 0.0 0.0 0.0 0.0 0.0 0.0 0.0 0.0 230.0 247.0 255.0 -0.333333333333 -0.333333333333 -11.2525180928 -42.7542500739 
0.0 0.0 0.0 0.0 0.0 0.0 0.0 0.0 0.0 0.0 0.0 0.0 230.0 247.0 255.0 -0.333333333333 -0.333333333333 28.3294782955 34.8012905591 
0.0 0.0 0.0 0.0 0.0 0.0 0.0 0.0 0.0 0.0 0.0 0.0 230.0 247.0 255.0 0.333333333333 0.333333333333 -43.2154849312 -16.581803629 
0.0 0.0 0.0 0.0 0.0 0.0 0.0 0.0 0.0 0.0 0.0 0.0 230.0 247.0 255.0 -0.333333333333 -0.333333333333 22.9754246507 5.43736063507 
0.0 0.0 0.0 0.0 0.0 0.0 0.0 0.0 0.0 0.0 0.0 0.0 230.0 247.0 255.0 0.333333333333 0.333333333333 17.233991359 -5.65509072913 
0.0 0.0 0.0 0.0 0.0 0.0 0.0 0.0 0.0 0.0 0.0 0.0 230.0 247.0 255.0 0.333333333333 -0.333333333333 -5.18366951296 -36.703441243 
0.0 0.0 0.0 0.0 0.0 0.0 0.0 0.0 0.0 0.0 0.0 0.0 230.0 247.0 255.0 -0.333333333333 -0.333333333333 -51.2043896562 0.826349268633 
0.0 0.0 0.0 0.0 0.0 0.0 0.0 0.0 0.0 0.0 0.0 0.0 230.0 247.0 255.0 -0.333333333333 0.333333333333 -39.5417801028 25.8262858263 
0.0 0.0 0.0 0.0 0.0 0.0 0.0 0.0 0.0 0.0 0.0 0.0 230.0 247.0 255.0 -0.333333333333 0.333333333333 -54.3979166441 62.0359838224 
0.0 0.0 0.0 0.0 0.0 0.0 0.0 0.0 0.0 0.0 0.0 0.0 230.0 247.0 255.0 -0.333333333333 0.333333333333 38.7232215253 -0.145734819405 
0.0 0.0 0.0 0.0 0.0 0.0 0.0 0.0 0.0 0.0 0.0 0.0 230.0 247.0 255.0 0.333333333333 0.187598513928 69.5234919825 -40.2397744214 
0.0 0.0 0.0 0.0 0.0 0.0 0.0 0.0 0.0 0.0 0.0 0.0 230.0 247.0 255.0 0.333333333333 -0.333333333333 -29.4607789711 16.543737971 
0.0 0.0 0.0 0.0 0.0 0.0 0.0 0.0 0.0 0.0 0.0 0.0 230.0 247.0 255.0 -0.333333333333 0.333333333333 -0.246970105855 11.6112224262 
0.0 0.0 0.0 0.0 0.0 0.0 0.0 0.0 0.0 0.0 0.0 0.0 230.0 247.0 255.0 -0.333333333333 0.333333333333 17.5253511018 -40.6200159446 
0.0 0.0 0.0 0.0 0.0 0.0 0.0 0.0 0.0 0.0 0.0 0.0 230.0 247.0 255.0 0.333333333333 -0.333333333333 -67.2859027219 -23.820780931 
0.0 0.0 0.0 0.0 0.0 0.0 0.0 0.0 0.0 0.0 0.0 0.0 230.0 247.0 255.0 -0.333333333333 -0.333333333333 -47.9702817721 -46.0688398355 
0.0 0.0 0.0 0.0 0.0 0.0 0.0 0.0 0.0 0.0 0.0 0.0 230.0 247.0 255.0 -0.333333333333 -0.333333333333 36.979115198 6.39150310033 
0.0 0.0 0.0 0.0 0.0 0.0 0.0 0.0 0.0 0.0 0.0 0.0 230.0 247.0 255.0 0.333333333333 0.333333333333 2.36807206348 -16.6345372759 
0.0 0.0 0.0 0.0 0.0 0.0 0.0 0.0 0.0 0.0 0.0 0.0 230.0 247.0 255.0 0.333333333333 -0.333333333333 -43.226055612 4.69006217021 
0.0 0.0 0.0 0.0 0.0 0.0 0.0 0.0 0.0 0.0 0.0 0.0 230.0 247.0 255.0 -0.333333333333 0.333333333333 34.4707616885 16.7215200968 
0.0 0.0 0.0 0.0 0.0 0.0 0.0 0.0 0.0 0.0 0.0 0.0 230.0 247.0 255.0 0.333333333333 0.333333333333 24.167598118 3.00646792147 
0.0 0.0 0.0 0.0 0.0 0.0 0.0 0.0 0.0 0.0 0.0 0.0 230.0 247.0 255.0 0.333333333333 0.333333333333 -1.98174898046 25.0108273135 
0.0 0.0 0.0 0.0 0.0 0.0 0.0 0.0 0.0 0.0 0.0 0.0 230.0 247.0 255.0 -0.333333333333 0.333333333333 -9.31882626099 -37.3303903978 
0.0 0.0 0.0 0.0 0.0 0.0 0.0 0.0 0.0 0.0 0.0 0.0 230.0 247.0 255.0 -0.333333333333 -0.333333333333 38.8395361565 -32.0018720682 
0.0 0.0 0.0 0.0 0.0 0.0 0.0 0.0 0.0 0.0 0.0 0.0 230.0 247.0 255.0 0.333333333333 -0.333333333333 -27.1098443598 26.3488731729 
0.0 0.0 0.0 0.0 0.0 0.0 0.0 0.0 0.0 0.0 0.0 0.0 230.0 247.0 255.0 -0.333333333333 0.333333333333 -5.49541734078 3.20047970237 
0.0 0.0 0.0 0.0 0.0 0.0 0.0 0.0 0.0 0.0 0.0 0.0 230.0 247.0 255.0 -0.333333333333 0.333333333333 6.17316343243 -58.8728379922 
0.0 0.0 0.0 0.0 0.0 0.0 0.0 0.0 0.0 0.0 0.0 0.0 230.0 247.0 255.0 0.333333333333 -0.333333333333 -32.3110287195 -5.99109450508 
0.0 0.0 0.0 0.0 0.0 0.0 0.0 0.0 0.0 0.0 0.0 0.0 230.0 247.0 255.0 -0.333333333333 -0.333333333333 27.6349813699 -38.1163583425 
0.0 0.0 0.0 0.0 0.0 0.0 0.0 0.0 0.0 0.0 0.0 0.0 230.0 247.0 255.0 0.333333333333 -0.333333333333 8.11794461421 0.16329720774 
0.0 0.0 0.0 0.0 0.0 0.0 0.0 0.0 0.0 0.0 0.0 0.0 230.0 247.0 255.0 0.333333333333 -0.170036125593 48.5205906687 -12.27213859 
0.0 0.0 0.0 0.0 0.0 0.0 0.0 0.0 0.0 0.0 0.0 0.0 230.0 247.0 255.0 0.333333333333 -0.333333333333 -19.0427111758 28.0513736054 
0.0 0.0 0.0 0.0 0.0 0.0 0.0 0.0 0.0 0.0 0.0 0.0 230.0 247.0 255.0 -0.333333333333 0.333333333333 -37.0293000553 36.1306352272 
0.0 0.0 0.0 0.0 0.0 0.0 0.0 0.0 0.0 0.0 0.0 0.0 230.0 247.0 255.0 -0.333333333333 0.333333333333 -31.4199299514 40.001831416 
0.0 0.0 0.0 0.0 0.0 0.0 0.0 0.0 0.0 0.0 0.0 0.0 230.0 247.0 255.0 -0.333333333333 0.333333333333 84.4990419755 -10.4475331735 
0.0 0.0 0.0 0.0 0.0 0.0 0.0 0.0 0.0 0.0 0.0 0.0 230.0 247.0 255.0 0.333333333333 -0.333333333333 -26.823789096 48.7620964028 
0.0 0.0 0.0 0.0 0.0 0.0 0.0 0.0 0.0 0.0 0.0 0.0 230.0 247.0 255.0 -0.333333333333 0.333333333333 -53.7731575074 5.85244436228 
0.0 0.0 0.0 0.0 0.0 0.0 0.0 0.0 0.0 0.0 0.0 0.0 230.0 247.0 255.0 -0.333333333333 0.333333333333 1.64105891211 -17.7847981151 
0.0 0.0 0.0 0.0 0.0 0.0 0.0 0.0 0.0 0.0 0.0 0.0 230.0 247.0 255.0 0.333333333333 -0.333333333333 21.9819086544 5.39895371722 
0.0 0.0 0.0 0.0 0.0 0.0 0.0 0.0 0.0 0.0 0.0 0.0 230.0 247.0 255.0 0.333333333333 0.333333333333 -39.5902119367 6.59555433561 
0.0 0.0 0.0 0.0 0.0 0.0 0.0 0.0 0.0 0.0 0.0 0.0 230.0 247.0 255.0 -0.333333333333 0.333333333333 34.013248628 -13.2955431022 
0.0 0.0 0.0 0.0 0.0 0.0 0.0 0.0 0.0 0.0 0.0 0.0 230.0 247.0 255.0 0.333333333333 -0.333333333333 -15.5261730621 2.60394705126 
0.0 0.0 0.0 0.0 0.0 0.0 0.0 0.0 0.0 0.0 0.0 0.0 230.0 247.0 255.0 -0.333333333333 0.333333333333 28.999981831 -8.05292124944 
0.0 0.0 0.0 0.0 0.0 0.0 0.0 0.0 0.0 0.0 0.0 0.0 230.0 247.0 255.0 0.333333333333 -0.333333333333 -40.7430388141 -29.1127722646 
0.0 0.0 0.0 0.0 0.0 0.0 0.0 0.0 0.0 0.0 0.0 0.0 230.0 247.0 255.0 -0.333333333333 -0.333333333333 -32.7967857241 -7.71616656762 
0.0 0.0 0.0 0.0 0.0 0.0 0.0 0.0 0.0 0.0 0.0 0.0 230.0 247.0 255.0 -0.333333333333 -0.333333333333 16.0938620032 10.6198310206 
0.0 0.0 0.0 0.0 0.0 0.0 0.0 0.0 0.0 0.0 0.0 0.0 230.0 247.0 255.0 0.333333333333 0.333333333333 -6.09529116155 -16.6223048164 
0.0 0.0 0.0 0.0 0.0 0.0 0.0 0.0 0.0 0.0 0.0 0.0 230.0 247.0 255.0 -0.333333333333 -0.333333333333 -29.6729870376 -26.4825786978 
0.0 0.0 0.0 0.0 0.0 0.0 0.0 0.0 0.0 0.0 0.0 0.0 230.0 247.0 255.0 -0.333333333333 -0.333333333333 -0.411786247098 29.5755097462 
0.0 0.0 0.0 0.0 0.0 0.0 0.0 0.0 0.0 0.0 0.0 0.0 230.0 247.0 255.0 -0.333333333333 0.333333333333 7.45618606328 -14.3427812167 
0.0 0.0 0.0 0.0 0.0 0.0 0.0 0.0 0.0 0.0 0.0 0.0 230.0 247.0 255.0 0.333333333333 -0.333333333333 -14.5596359807 -19.2178147716 
0.0 0.0 0.0 0.0 0.0 0.0 0.0 0.0 0.0 0.0 0.0 0.0 230.0 247.0 255.0 -0.333333333333 -0.333333333333 -15.0740135192 28.6011100177 
0.0 0.0 0.0 0.0 0.0 0.0 0.0 0.0 0.0 0.0 0.0 0.0 230.0 247.0 255.0 -0.333333333333 0.333333333333 -7.52072935487 6.60451484584 
0.0 0.0 0.0 0.0 0.0 0.0 0.0 0.0 0.0 0.0 0.0 0.0 230.0 247.0 255.0 -0.333333333333 0.333333333333 2.69058996138 22.5700074388 
0.0 0.0 0.0 0.0 0.0 0.0 0.0 0.0 0.0 0.0 0.0 0.0 230.0 247.0 255.0 0.333333333333 0.333333333333 -12.0202559296 -7.66908947957 
0.0 0.0 0.0 0.0 0.0 0.0 0.0 0.0 0.0 0.0 0.0 0.0 230.0 247.0 255.0 -0.333333333333 -0.333333333333 -19.1842913999 4.5628766204 
0.0 0.0 0.0 0.0 0.0 0.0 0.0 0.0 0.0 0.0 0.0 0.0 230.0 247.0 255.0 -0.333333333333 0.333333333333 -2.83941066755 -14.6306435845 
0.0 0.0 0.0 0.0 0.0 0.0 0.0 0.0 0.0 0.0 0.0 0.0 230.0 247.0 255.0 -0.333333333333 -0.333333333333 -53.8074281406 4.91662063014 
0.0 0.0 0.0 0.0 0.0 0.0 0.0 0.0 0.0 0.0 0.0 0.0 230.0 247.0 255.0 -0.333333333333 0.333333333333 33.39253141 -9.77966184134 
0.0 0.0 0.0 0.0 0.0 0.0 0.0 0.0 0.0 0.0 0.0 0.0 230.0 247.0 255.0 0.333333333333 -0.333333333333 43.268318435 15.4949100508 
0.0 0.0 0.0 0.0 0.0 0.0 0.0 0.0 0.0 0.0 0.0 0.0 230.0 247.0 255.0 0.333333333333 0.333333333333 12.5778872184 -31.1759453846 
0.0 0.0 0.0 0.0 0.0 0.0 0.0 0.0 0.0 0.0 0.0 0.0 230.0 247.0 255.0 0.333333333333 -0.333333333333 49.2236389517 18.3719620409 
0.0 0.0 0.0 0.0 0.0 0.0 0.0 0.0 0.0 0.0 0.0 0.0 230.0 247.0 255.0 0.333333333333 0.333333333333 -20.7509997822 -12.1149199465 
0.0 0.0 0.0 0.0 0.0 0.0 0.0 0.0 0.0 0.0 0.0 0.0 230.0 247.0 255.0 -0.333333333333 -0.333333333333 38.3214742288 -17.752254066 
0.0 0.0 0.0 0.0 0.0 0.0 0.0 0.0 0.0 0.0 0.0 0.0 230.0 247.0 255.0 0.333333333333 -0.333333333333 32.8193914839 -2.35136827389 
0.0 0.0 0.0 0.0 0.0 0.0 0.0 0.0 0.0 0.0 0.0 0.0 230.0 247.0 255.0 0.333333333333 -0.333333333333 -13.2127879347 -21.3606442348 
0.0 0.0 0.0 0.0 0.0 0.0 0.0 0.0 0.0 0.0 0.0 0.0 230.0 247.0 255.0 -0.333333333333 -0.333333333333 8.27068859519 -13.7823017074 
0.0 0.0 0.0 0.0 0.0 0.0 0.0 0.0 0.0 0.0 0.0 0.0 230.0 247.0 255.0 0.333333333333 -0.333333333333 -21.2242846838 -1.30691881818 
0.0 0.0 0.0 0.0 0.0 0.0 0.0 0.0 0.0 0.0 0.0 0.0 230.0 247.0 255.0 -0.333333333333 -0.333333333333 10.6108256009 36.5907443987 
0.0 0.0 0.0 0.0 0.0 0.0 0.0 0.0 0.0 0.0 0.0 0.0 230.0 247.0 255.0 0.333333333333 0.333333333333 0.0175278129779 -44.7001829761 
0.0 0.0 0.0 0.0 0.0 0.0 0.0 0.0 0.0 0.0 0.0 0.0 230.0 247.0 255.0 0.333333333333 -0.333333333333 -22.5314789565 40.487481287 
0.0 0.0 0.0 0.0 0.0 0.0 0.0 0.0 0.0 0.0 0.0 0.0 230.0 247.0 255.0 -0.333333333333 0.333333333333 37.2483033848 11.493562523 
0.0 0.0 0.0 0.0 0.0 0.0 0.0 0.0 0.0 0.0 0.0 0.0 230.0 247.0 255.0 0.333333333333 0.333333333333 -17.6774847021 21.1583000428 
0.0 0.0 0.0 0.0 0.0 0.0 0.0 0.0 0.0 0.0 0.0 0.0 230.0 247.0 255.0 -0.333333333333 0.333333333333 -38.1760841623 -46.6403028488 
0.0 0.0 0.0 0.0 0.0 0.0 0.0 0.0 0.0 0.0 0.0 0.0 230.0 247.0 255.0 -0.333333333333 -0.333333333333 -13.9571605007 13.1831365918 
0.0 0.0 0.0 0.0 0.0 0.0 0.0 0.0 0.0 0.0 0.0 0.0 230.0 247.0 255.0 -0.333333333333 0.333333333333 -65.7743351213 63.88050284 
0.0 0.0 0.0 0.0 0.0 0.0 0.0 0.0 0.0 0.0 0.0 0.0 230.0 247.0 255.0 -0.333333333333 0.333333333333 90.8295721115 31.552591399 
0.0 0.0 0.0 0.0 0.0 0.0 0.0 0.0 0.0 0.0 0.0 0.0 230.0 247.0 255.0 0.333333333333 0.333333333333 -17.0975720231 23.1725001618 
0.0 0.0 0.0 0.0 0.0 0.0 0.0 0.0 0.0 0.0 0.0 0.0 230.0 247.0 255.0 -0.333333333333 0.333333333333 -53.9955448961 16.8865461086 
0.0 0.0 0.0 0.0 0.0 0.0 0.0 0.0 0.0 0.0 0.0 0.0 230.0 247.0 255.0 -0.333333333333 0.333333333333 -30.9440868659 24.3283346803 
0.0 0.0 0.0 0.0 0.0 0.0 0.0 0.0 0.0 0.0 0.0 0.0 230.0 247.0 255.0 -0.333333333333 0.333333333333 34.1186554473 -13.5396051481 
0.0 0.0 0.0 0.0 0.0 0.0 0.0 0.0 0.0 0.0 0.0 0.0 230.0 247.0 255.0 0.333333333333 -0.333333333333 -1.21492485769 3.07908523742 
0.0 0.0 0.0 0.0 0.0 0.0 0.0 0.0 0.0 0.0 0.0 0.0 230.0 247.0 255.0 -0.333333333333 0.333333333333 34.1850238182 8.23365855713 
0.0 0.0 0.0 0.0 0.0 0.0 0.0 0.0 0.0 0.0 0.0 0.0 230.0 247.0 255.0 0.333333333333 0.333333333333 -5.31088389844 -15.1452010765 
0.0 0.0 0.0 0.0 0.0 0.0 0.0 0.0 0.0 0.0 0.0 0.0 230.0 247.0 255.0 -0.333333333333 -0.333333333333 -38.4795056161 -34.1797774059 
0.0 0.0 0.0 0.0 0.0 0.0 0.0 0.0 0.0 0.0 0.0 0.0 230.0 247.0 255.0 -0.333333333333 -0.333333333333 -7.09940453169 39.3663205262 
0.0 0.0 0.0 0.0 0.0 0.0 0.0 0.0 0.0 0.0 0.0 0.0 230.0 247.0 255.0 -0.333333333333 0.333333333333 36.3845682235 -15.817156173 
0.0 0.0 0.0 0.0 0.0 0.0 0.0 0.0 0.0 0.0 0.0 0.0 230.0 247.0 255.0 0.333333333333 -0.333333333333 -39.7516035507 -16.7219773928 
0.0 0.0 0.0 0.0 0.0 0.0 0.0 0.0 0.0 0.0 0.0 0.0 230.0 247.0 255.0 -0.333333333333 -0.333333333333 -36.5651860755 6.30528650504 
0.0 0.0 0.0 0.0 0.0 0.0 0.0 0.0 0.0 0.0 0.0 0.0 230.0 247.0 255.0 -0.333333333333 0.333333333333 11.0780861692 -47.6992265203 
0.0 0.0 0.0 0.0 0.0 0.0 0.0 0.0 0.0 0.0 0.0 0.0 230.0 247.0 255.0 0.333333333333 -0.333333333333 -2.63249991991 55.3473848787 
0.0 0.0 0.0 0.0 0.0 0.0 0.0 0.0 0.0 0.0 0.0 0.0 230.0 247.0 255.0 -0.333333333333 0.333333333333 -33.0261741419 -28.7122237566 
0.0 0.0 0.0 0.0 0.0 0.0 0.0 0.0 0.0 0.0 0.0 0.0 230.0 247.0 255.0 -0.333333333333 -0.333333333333 27.6838721428 -62.0261605642 
0.0 0.0 0.0 0.0 0.0 0.0 0.0 0.0 0.0 0.0 0.0 0.0 230.0 247.0 255.0 0.333333333333 -0.333333333333 -51.1771731687 -52.8101762746 
0.0 0.0 0.0 0.0 0.0 0.0 0.0 0.0 0.0 0.0 0.0 0.0 230.0 247.0 255.0 -0.333333333333 -0.333333333333 -51.7001638563 11.7957986404 
0.0 0.0 0.0 0.0 0.0 0.0 0.0 0.0 0.0 0.0 0.0 0.0 230.0 247.0 255.0 -0.333333333333 0.333333333333 -35.2580260774 -24.5823040569 
0.0 0.0 0.0 0.0 0.0 0.0 0.0 0.0 0.0 0.0 0.0 0.0 230.0 247.0 255.0 -0.333333333333 -0.333333333333 -19.8991719077 41.5755648364 
0.0 0.0 0.0 0.0 0.0 0.0 0.0 0.0 0.0 0.0 0.0 0.0 230.0 247.0 255.0 -0.333333333333 0.333333333333 -50.1449952906 22.9086881483 
0.0 0.0 0.0 0.0 0.0 0.0 0.0 0.0 0.0 0.0 0.0 0.0 230.0 247.0 255.0 -0.333333333333 0.333333333333 53.9244298749 57.3478368034 
0.0 0.0 0.0 0.0 0.0 0.0 0.0 0.0 0.0 0.0 0.0 0.0 230.0 247.0 255.0 0.333333333333 0.333333333333 -19.6440486627 2.57472763773 
0.0 0.0 0.0 0.0 0.0 0.0 0.0 0.0 0.0 0.0 0.0 0.0 230.0 247.0 255.0 -0.333333333333 0.333333333333 12.1253899102 14.216609848 
0.0 0.0 0.0 0.0 0.0 0.0 0.0 0.0 0.0 0.0 0.0 0.0 230.0 247.0 255.0 0.333333333333 0.333333333333 -40.3278124031 -40.2477280889 
0.0 0.0 0.0 0.0 0.0 0.0 0.0 0.0 0.0 0.0 0.0 0.0 230.0 247.0 255.0 -0.333333333333 -0.333333333333 18.3722566209 25.4439635827 
0.0 0.0 0.0 0.0 0.0 0.0 0.0 0.0 0.0 0.0 0.0 0.0 230.0 247.0 255.0 0.333333333333 0.333333333333 57.3490808113 7.34894118111 
0.0 0.0 0.0 0.0 0.0 0.0 0.0 0.0 0.0 0.0 0.0 0.0 230.0 247.0 255.0 0.333333333333 0.333333333333 -3.58475571659 24.1654779666 
0.0 0.0 0.0 0.0 0.0 0.0 0.0 0.0 0.0 0.0 0.0 0.0 230.0 247.0 255.0 -0.333333333333 0.333333333333 8.4566140932 -6.63124989718 
0.0 0.0 0.0 0.0 0.0 0.0 0.0 0.0 0.0 0.0 0.0 0.0 230.0 247.0 255.0 0.333333333333 -0.333333333333 -10.4876865444 17.8020718345 
0.0 0.0 0.0 0.0 0.0 0.0 0.0 0.0 0.0 0.0 0.0 0.0 230.0 247.0 255.0 -0.333333333333 0.333333333333 8.81127046472 -14.2159940101 
0.0 0.0 0.0 0.0 0.0 0.0 0.0 0.0 0.0 0.0 0.0 0.0 230.0 247.0 255.0 0.333333333333 -0.333333333333 -91.0396097564 1.21868216624 
0.0 0.0 0.0 0.0 0.0 0.0 0.0 0.0 0.0 0.0 0.0 0.0 230.0 247.0 255.0 -0.333333333333 0.333333333333 -41.6450077013 -40.2003788989 
0.0 0.0 0.0 0.0 0.0 0.0 0.0 0.0 0.0 0.0 0.0 0.0 230.0 247.0 255.0 -0.333333333333 -0.333333333333 18.9420841201 21.8242823813 
0.0 0.0 0.0 0.0 0.0 0.0 0.0 0.0 0.0 0.0 0.0 0.0 230.0 247.0 255.0 0.333333333333 0.333333333333 18.3445823051 26.8498769897 
0.0 0.0 0.0 0.0 0.0 0.0 0.0 0.0 0.0 0.0 0.0 0.0 230.0 247.0 255.0 0.333333333333 0.333333333333 -28.0550676742 23.8498806754 
0.0 0.0 0.0 0.0 0.0 0.0 0.0 0.0 0.0 0.0 0.0 0.0 230.0 247.0 255.0 -0.333333333333 0.333333333333 34.1654059263 32.0492911138 
0.0 0.0 0.0 0.0 0.0 0.0 0.0 0.0 0.0 0.0 0.0 0.0 230.0 247.0 255.0 0.333333333333 0.333333333333 -64.0080112327 43.4423716517 
0.0 0.0 0.0 0.0 0.0 0.0 0.0 0.0 0.0 0.0 0.0 0.0 230.0 247.0 255.0 -0.333333333333 0.333333333333 15.7632896864 17.9917303207 
0.0 0.0 0.0 0.0 0.0 0.0 0.0 0.0 0.0 0.0 0.0 0.0 230.0 247.0 255.0 0.333333333333 0.333333333333 -47.7355498152 -84.0741688334 
0.0 0.0 0.0 0.0 0.0 0.0 0.0 0.0 0.0 0.0 0.0 0.0 230.0 247.0 255.0 -0.333333333333 -0.333333333333 -31.1107031126 -30.0840965793 
0.0 0.0 0.0 0.0 0.0 0.0 0.0 0.0 0.0 0.0 0.0 0.0 230.0 247.0 255.0 -0.333333333333 -0.333333333333 14.3497155495 -24.4264760878 
0.0 0.0 0.0 0.0 0.0 0.0 0.0 0.0 0.0 0.0 0.0 0.0 230.0 247.0 255.0 0.333333333333 -0.333333333333 9.63243477901 56.9748892065 
0.0 0.0 0.0 0.0 0.0 0.0 0.0 0.0 0.0 0.0 0.0 0.0 230.0 247.0 255.0 0.333333333333 0.333333333333 -6.94748352134 28.1116408919 
0.0 0.0 0.0 0.0 0.0 0.0 0.0 0.0 0.0 0.0 0.0 0.0 230.0 247.0 255.0 -0.333333333333 0.333333333333 -40.2199767794 5.20954762264 
0.0 0.0 0.0 0.0 0.0 0.0 0.0 0.0 0.0 0.0 0.0 0.0 230.0 247.0 255.0 -0.333333333333 0.333333333333 28.4927419526 -4.69447027455 
0.0 0.0 0.0 0.0 0.0 0.0 0.0 0.0 0.0 0.0 0.0 0.0 230.0 247.0 255.0 0.333333333333 -0.333333333333 -38.0160919597 -7.59803297387 
0.0 0.0 0.0 0.0 0.0 0.0 0.0 0.0 0.0 0.0 0.0 0.0 230.0 247.0 255.0 -0.333333333333 -0.333333333333 9.277891471 -16.7819507077 
0.0 0.0 0.0 0.0 0.0 0.0 0.0 0.0 0.0 0.0 0.0 0.0 230.0 247.0 255.0 0.333333333333 -0.333333333333 53.1419888488 19.0972454679 
0.0 0.0 0.0 0.0 0.0 0.0 0.0 0.0 0.0 0.0 0.0 0.0 230.0 247.0 255.0 0.333333333333 0.333333333333 -66.648174405 -44.1555784961 
0.0 0.0 0.0 0.0 0.0 0.0 0.0 0.0 0.0 0.0 0.0 0.0 230.0 247.0 255.0 -0.333333333333 -0.333333333333 4.80436872004 27.8226052402 
0.0 0.0 0.0 0.0 0.0 0.0 0.0 0.0 0.0 0.0 0.0 0.0 230.0 247.0 255.0 0.333333333333 0.333333333333 -24.9158408883 32.1034799521 
0.0 0.0 0.0 0.0 0.0 0.0 0.0 0.0 0.0 0.0 0.0 0.0 230.0 247.0 255.0 -0.333333333333 0.333333333333 -11.4952872444 -3.52882412606 
0.0 0.0 0.0 0.0 0.0 0.0 0.0 0.0 0.0 0.0 0.0 0.0 230.0 247.0 255.0 -0.333333333333 -0.333333333333 8.44134143239 -51.5711268845 
0.0 0.0 0.0 0.0 0.0 0.0 0.0 0.0 0.0 0.0 0.0 0.0 230.0 247.0 255.0 0.333333333333 -0.333333333333 -6.96350172053 -2.03185159015 
0.0 0.0 0.0 0.0 0.0 0.0 0.0 0.0 0.0 0.0 0.0 0.0 230.0 247.0 255.0 -0.333333333333 -0.333333333333 1.0199997044 -45.7307340983 
0.0 0.0 0.0 0.0 0.0 0.0 0.0 0.0 0.0 0.0 0.0 0.0 230.0 247.0 255.0 0.333333333333 -0.333333333333 -5.88506592737 -48.1420817947 
0.0 0.0 0.0 0.0 0.0 0.0 0.0 0.0 0.0 0.0 0.0 0.0 230.0 247.0 255.0 -0.333333333333 -0.333333333333 6.22355577926 26.733462785 
0.0 0.0 0.0 0.0 0.0 0.0 0.0 0.0 0.0 0.0 0.0 0.0 230.0 247.0 255.0 0.333333333333 0.333333333333 -25.4790101246 15.8362628145 
0.0 0.0 0.0 0.0 0.0 0.0 0.0 0.0 0.0 0.0 0.0 0.0 230.0 247.0 255.0 -0.333333333333 0.333333333333 -47.2604990701 -14.6649898872 
0.0 0.0 0.0 0.0 0.0 0.0 0.0 0.0 0.0 0.0 0.0 0.0 230.0 247.0 255.0 -0.333333333333 -0.333333333333 -0.554001272843 -11.8398223951 
0.0 0.0 0.0 0.0 0.0 0.0 0.0 0.0 0.0 0.0 0.0 0.0 230.0 247.0 255.0 -0.333333333333 -0.333333333333 8.68186253348 30.2814125682 
0.0 0.0 0.0 0.0 0.0 0.0 0.0 0.0 0.0 0.0 0.0 0.0 230.0 247.0 255.0 0.333333333333 0.333333333333 -24.2693980331 -36.9403480207 
0.0 0.0 0.0 0.0 0.0 0.0 0.0 0.0 0.0 0.0 0.0 0.0 230.0 247.0 255.0 -0.333333333333 -0.333333333333 -41.1330323656 -9.74722231985 
0.0 0.0 0.0 0.0 0.0 0.0 0.0 0.0 0.0 0.0 0.0 0.0 230.0 247.0 255.0 -0.333333333333 -0.333333333333 -46.832344516 14.2790947126 
0.0 0.0 0.0 0.0 0.0 0.0 0.0 0.0 0.0 0.0 0.0 0.0 230.0 247.0 255.0 -0.333333333333 0.333333333333 -42.8171830243 -0.069603551319 
0.0 0.0 0.0 0.0 0.0 0.0 0.0 0.0 0.0 0.0 0.0 0.0 230.0 247.0 255.0 -0.333333333333 0.263729782014 -9.63848457691 -14.0430015831 
0.0 0.0 0.0 0.0 0.0 0.0 0.0 0.0 0.0 0.0 0.0 0.0 230.0 247.0 255.0 -0.333333333333 -0.333333333333 12.4315910348 -12.6997520805 
0.0 0.0 0.0 0.0 0.0 0.0 0.0 0.0 0.0 0.0 0.0 0.0 230.0 247.0 255.0 0.333333333333 -0.333333333333 -13.0336042088 -9.28567027469 
0.0 0.0 0.0 0.0 0.0 0.0 0.0 0.0 0.0 0.0 0.0 0.0 230.0 247.0 255.0 -0.333333333333 -0.333333333333 -43.5612343597 -51.2030186914 
0.0 0.0 0.0 0.0 0.0 0.0 0.0 0.0 0.0 0.0 0.0 0.0 230.0 247.0 255.0 -0.333333333333 -0.333333333333 19.2412673055 5.06063671717 
0.0 0.0 0.0 0.0 0.0 0.0 0.0 0.0 0.0 0.0 0.0 0.0 230.0 247.0 255.0 0.333333333333 0.333333333333 -2.34731090717 25.7883973739 
0.0 0.0 0.0 0.0 0.0 0.0 0.0 0.0 0.0 0.0 0.0 0.0 230.0 247.0 255.0 -0.333333333333 0.333333333333 0.240434772105 27.325356071 
0.0 0.0 0.0 0.0 0.0 0.0 0.0 0.0 0.0 0.0 0.0 0.0 230.0 247.0 255.0 -0.0928985612284 0.333333333333 -41.4193890444 34.8527846729 
0.0 0.0 0.0 0.0 0.0 0.0 0.0 0.0 0.0 0.0 0.0 0.0 230.0 247.0 255.0 -0.333333333333 0.333333333333 -39.5553784727 -32.3708564794 
0.0 0.0 0.0 0.0 0.0 0.0 0.0 0.0 0.0 0.0 0.0 0.0 230.0 247.0 255.0 -0.333333333333 -0.333333333333 13.7877328205 8.72922251906 
0.0 0.0 0.0 0.0 0.0 0.0 0.0 0.0 0.0 0.0 0.0 0.0 230.0 247.0 255.0 0.333333333333 0.333333333333 -22.9011343529 -11.5398215917 
0.0 0.0 0.0 0.0 0.0 0.0 0.0 0.0 0.0 0.0 0.0 0.0 230.0 247.0 255.0 -0.333333333333 -0.333333333333 53.5159120267 -30.210638754 
0.0 0.0 0.0 0.0 0.0 0.0 0.0 0.0 0.0 0.0 0.0 0.0 230.0 247.0 255.0 0.333333333333 -0.333333333333 8.94921762016 -43.0177429984 
0.0 0.0 0.0 0.0 0.0 0.0 0.0 0.0 0.0 0.0 0.0 0.0 230.0 247.0 255.0 0.333333333333 -0.333333333333 -29.0510721249 22.6783375333 
0.0 0.0 0.0 0.0 0.0 0.0 0.0 0.0 0.0 0.0 0.0 0.0 230.0 247.0 255.0 -0.333333333333 0.333333333333 -0.0749614824725 -34.0088819185 
0.0 0.0 0.0 0.0 0.0 0.0 0.0 0.0 0.0 0.0 0.0 0.0 230.0 247.0 255.0 -0.333333333333 -0.333333333333 30.6014876746 -61.3022987073 
0.0 0.0 0.0 0.0 0.0 0.0 0.0 0.0 0.0 0.0 0.0 0.0 230.0 247.0 255.0 0.333333333333 -0.333333333333 21.8475459877 -64.8002596735 
0.0 0.0 0.0 0.0 0.0 0.0 0.0 0.0 0.0 0.0 0.0 0.0 230.0 247.0 255.0 0.333333333333 -0.333333333333 -25.4171253052 42.7626025152 
0.0 0.0 0.0 0.0 0.0 0.0 0.0 0.0 0.0 0.0 0.0 0.0 230.0 247.0 255.0 -0.333333333333 0.333333333333 -31.6344423253 22.1158561814 
0.0 0.0 0.0 0.0 0.0 0.0 0.0 0.0 0.0 0.0 0.0 0.0 230.0 247.0 255.0 -0.333333333333 0.333333333333 6.69331760543 23.833323788 
0.0 0.0 0.0 0.0 0.0 0.0 0.0 0.0 0.0 0.0 0.0 0.0 230.0 247.0 255.0 0.333333333333 0.333333333333 -29.0336432095 -39.4053233824 
0.0 0.0 0.0 0.0 0.0 0.0 0.0 0.0 0.0 0.0 0.0 0.0 230.0 247.0 255.0 -0.333333333333 -0.333333333333 66.7287775602 16.5218431031 
0.0 0.0 0.0 0.0 0.0 0.0 0.0 0.0 0.0 0.0 0.0 0.0 230.0 247.0 255.0 0.333333333333 0.333333333333 -44.9339195295 32.3033235017 
0.0 0.0 0.0 0.0 0.0 0.0 0.0 0.0 0.0 0.0 0.0 0.0 230.0 247.0 255.0 -0.333333333333 0.333333333333 13.2121438802 29.5021375903 
0.0 0.0 0.0 0.0 0.0 0.0 0.0 0.0 0.0 0.0 0.0 0.0 230.0 247.0 255.0 0.333333333333 0.333333333333 7.87870967238 -10.0055000457 
0.0 0.0 0.0 0.0 0.0 0.0 0.0 0.0 0.0 0.0 0.0 0.0 230.0 247.0 255.0 0.333333333333 -0.333333333333 5.06787567051 7.38720963002 
0.0 0.0 0.0 0.0 0.0 0.0 0.0 0.0 0.0 0.0 0.0 0.0 230.0 247.0 255.0 0.333333333333 0.333333333333 23.7367660706 -5.03688686201 
0.0 0.0 0.0 0.0 0.0 0.0 0.0 0.0 0.0 0.0 0.0 0.0 230.0 247.0 255.0 0.333333333333 -0.333333333333 5.01022391129 -9.81341352957 
0.0 0.0 0.0 0.0 0.0 0.0 0.0 0.0 0.0 0.0 0.0 0.0 230.0 247.0 255.0 0.333333333333 -0.333333333333 -1.68037767181 0.677779161982 
0.0 0.0 0.0 0.0 0.0 0.0 0.0 0.0 0.0 0.0 0.0 0.0 230.0 247.0 255.0 -0.333333333333 0.333333333333 28.1221607606 35.7906310487 
0.0 0.0 0.0 0.0 0.0 0.0 0.0 0.0 0.0 0.0 0.0 0.0 230.0 247.0 255.0 0.333333333333 0.333333333333 -0.786594233107 6.16137300485 
0.0 0.0 0.0 0.0 0.0 0.0 0.0 0.0 0.0 0.0 0.0 0.0 230.0 247.0 255.0 -0.333333333333 0.333333333333 -19.1437878942 33.3934205575 
0.0 0.0 0.0 0.0 0.0 0.0 0.0 0.0 0.0 0.0 0.0 0.0 230.0 247.0 255.0 -0.333333333333 0.333333333333 -62.6870446898 -34.074717702 
0.0 0.0 0.0 0.0 0.0 0.0 0.0 0.0 0.0 0.0 0.0 0.0 230.0 247.0 255.0 -0.333333333333 -0.333333333333 47.2257311073 22.2782191549 
0.0 0.0 0.0 0.0 0.0 0.0 0.0 0.0 0.0 0.0 0.0 0.0 230.0 247.0 255.0 0.333333333333 0.333333333333 -51.7650743687 0.384897759009 
0.0 0.0 0.0 0.0 0.0 0.0 0.0 0.0 0.0 0.0 0.0 0.0 230.0 247.0 255.0 -0.333333333333 0.333333333333 21.1655767424 55.7412979109 
0.0 0.0 0.0 0.0 0.0 0.0 0.0 0.0 0.0 0.0 0.0 0.0 230.0 247.0 255.0 0.333333333333 0.333333333333 6.63060996795 27.578812811 
0.0 0.0 0.0 0.0 0.0 0.0 0.0 0.0 0.0 0.0 0.0 0.0 230.0 247.0 255.0 0.333333333333 0.333333333333 -10.8981030299 -11.1444348091 
0.0 0.0 0.0 0.0 0.0 0.0 0.0 0.0 0.0 0.0 0.0 0.0 230.0 247.0 255.0 -0.333333333333 -0.333333333333 -39.2543744751 9.76839640138 
0.0 0.0 0.0 0.0 0.0 0.0 0.0 0.0 0.0 0.0 0.0 0.0 230.0 247.0 255.0 -0.333333333333 0.333333333333 -61.4367183642 -36.8179824935 
0.0 0.0 0.0 0.0 0.0 0.0 0.0 0.0 0.0 0.0 0.0 0.0 230.0 247.0 255.0 -0.333333333333 -0.333333333333 0.246583910542 22.9065885379 
0.0 0.0 0.0 0.0 0.0 0.0 0.0 0.0 0.0 0.0 0.0 0.0 230.0 247.0 255.0 -0.086749422791 0.333333333333 36.683333037 2.72446174258 
0.0 0.0 0.0 0.0 0.0 0.0 0.0 0.0 0.0 0.0 0.0 0.0 230.0 247.0 255.0 0.333333333333 0.333333333333 -44.7161236891 21.6977076541 
0.0 0.0 0.0 0.0 0.0 0.0 0.0 0.0 0.0 0.0 0.0 0.0 230.0 247.0 255.0 -0.333333333333 0.333333333333 -64.4650686217 -30.4231361757 
0.0 0.0 0.0 0.0 0.0 0.0 0.0 0.0 0.0 0.0 0.0 0.0 230.0 247.0 255.0 -0.333333333333 -0.333333333333 28.300019436 -35.5768398396 
0.0 0.0 0.0 0.0 0.0 0.0 0.0 0.0 0.0 0.0 0.0 0.0 230.0 247.0 255.0 0.333333333333 -0.333333333333 -29.5668827758 35.4547691946 
0.0 0.0 0.0 0.0 0.0 0.0 0.0 0.0 0.0 0.0 0.0 0.0 230.0 247.0 255.0 -0.333333333333 0.333333333333 -10.653370115 6.24429662371 
0.0 0.0 0.0 0.0 0.0 0.0 0.0 0.0 0.0 0.0 0.0 0.0 230.0 247.0 255.0 -0.333333333333 0.333333333333 -5.99428011258 10.4108341888 
0.0 0.0 0.0 0.0 0.0 0.0 0.0 0.0 0.0 0.0 0.0 0.0 230.0 247.0 255.0 -0.333333333333 0.333333333333 26.0666857034 18.3642357233 
0.0 0.0 0.0 0.0 0.0 0.0 0.0 0.0 0.0 0.0 0.0 0.0 230.0 247.0 255.0 0.333333333333 0.333333333333 -38.0004609564 -16.1419741107 
0.0 0.0 0.0 0.0 0.0 0.0 0.0 0.0 0.0 0.0 0.0 0.0 230.0 247.0 255.0 -0.333333333333 -0.333333333333 2.29095736017 6.0173616149 
0.0 0.0 0.0 0.0 0.0 0.0 0.0 0.0 0.0 0.0 0.0 0.0 230.0 247.0 255.0 0.333333333333 0.333333333333 14.8312409918 48.5417052573 
0.0 0.0 0.0 0.0 0.0 0.0 0.0 0.0 0.0 0.0 0.0 0.0 230.0 247.0 255.0 0.333333333333 0.333333333333 -2.06143735918 15.9529303235 
0.0 0.0 0.0 0.0 0.0 0.0 0.0 0.0 0.0 0.0 0.0 0.0 230.0 247.0 255.0 -0.333333333333 0.333333333333 -4.78847265518 -11.5622048753 
0.0 0.0 0.0 0.0 0.0 0.0 0.0 0.0 0.0 0.0 0.0 0.0 230.0 247.0 255.0 -0.333333333333 -0.333333333333 6.48246593262 13.7056589291 
0.0 0.0 0.0 0.0 0.0 0.0 0.0 0.0 0.0 0.0 0.0 0.0 230.0 247.0 255.0 0.333333333333 0.333333333333 11.1105696116 23.5728606482 
0.0 0.0 0.0 0.0 0.0 0.0 0.0 0.0 0.0 0.0 0.0 0.0 230.0 247.0 255.0 0.333333333333 0.333333333333 -4.5715419242 -19.1916445849 
0.0 0.0 0.0 0.0 0.0 0.0 0.0 0.0 0.0 0.0 0.0 0.0 230.0 247.0 255.0 -0.333333333333 -0.333333333333 25.3596797219 -24.9518494088 
0.0 0.0 0.0 0.0 0.0 0.0 0.0 0.0 0.0 0.0 0.0 0.0 230.0 247.0 255.0 0.333333333333 -0.333333333333 17.7314681248 30.2905937322 
0.0 0.0 0.0 0.0 0.0 0.0 0.0 0.0 0.0 0.0 0.0 0.0 230.0 247.0 255.0 0.333333333333 0.333333333333 13.1368522527 28.5236534474 
0.0 0.0 0.0 0.0 0.0 0.0 0.0 0.0 0.0 0.0 0.0 0.0 230.0 247.0 255.0 0.333333333333 0.333333333333 20.5667765954 46.2122565116 
0.0 0.0 0.0 0.0 0.0 0.0 0.0 0.0 0.0 0.0 0.0 0.0 230.0 247.0 255.0 0.333333333333 0.333333333333 30.4944884877 56.2002207928 
0.0 0.0 0.0 0.0 0.0 0.0 0.0 0.0 0.0 0.0 0.0 0.0 230.0 247.0 255.0 0.333333333333 0.333333333333 15.7871549376 -16.3837031644 
0.0 0.0 0.0 0.0 0.0 0.0 0.0 0.0 0.0 0.0 0.0 0.0 230.0 247.0 255.0 0.333333333333 -0.333333333333 0.936860987744 -11.392481815 
0.0 0.0 0.0 0.0 0.0 0.0 0.0 0.0 0.0 0.0 0.0 0.0 230.0 247.0 255.0 0.333333333333 -0.333333333333 26.5858431902 -15.8096165346 
0.0 0.0 0.0 0.0 0.0 0.0 0.0 0.0 0.0 0.0 0.0 0.0 230.0 247.0 255.0 0.333333333333 -0.333333333333 -49.8417549279 28.6136877714 
0.0 0.0 0.0 0.0 0.0 0.0 0.0 0.0 0.0 0.0 0.0 0.0 230.0 247.0 255.0 -0.333333333333 0.333333333333 0.171015922201 10.4493246711 
0.0 0.0 0.0 0.0 0.0 0.0 0.0 0.0 0.0 0.0 0.0 0.0 230.0 247.0 255.0 -0.162317411133 0.333333333333 15.3655701027 -41.0353648052 
0.0 0.0 0.0 0.0 0.0 0.0 0.0 0.0 0.0 0.0 0.0 0.0 230.0 247.0 255.0 0.333333333333 -0.333333333333 -45.8634210671 23.8681912434 
0.0 0.0 0.0 0.0 0.0 0.0 0.0 0.0 0.0 0.0 0.0 0.0 230.0 247.0 255.0 -0.333333333333 0.333333333333 25.7128646853 13.3825726383 
0.0 0.0 0.0 0.0 0.0 0.0 0.0 0.0 0.0 0.0 0.0 0.0 230.0 247.0 255.0 0.333333333333 0.333333333333 -11.8558384183 17.8990220855 
0.0 0.0 0.0 0.0 0.0 0.0 0.0 0.0 0.0 0.0 0.0 0.0 230.0 247.0 255.0 -0.333333333333 0.333333333333 -19.3132330348 -9.80302375011 
0.0 0.0 0.0 0.0 0.0 0.0 0.0 0.0 0.0 0.0 0.0 0.0 230.0 247.0 255.0 -0.333333333333 -0.333333333333 -22.8432549108 -1.49668205013 
0.0 0.0 0.0 0.0 0.0 0.0 0.0 0.0 0.0 0.0 0.0 0.0 230.0 247.0 255.0 -0.333333333333 -0.333333333333 -25.5359320744 -16.0993647835 
0.0 0.0 0.0 0.0 0.0 0.0 0.0 0.0 0.0 0.0 0.0 0.0 230.0 247.0 255.0 -0.333333333333 -0.333333333333 -75.8557641822 11.5736754194 
0.0 0.0 0.0 0.0 0.0 0.0 0.0 0.0 0.0 0.0 0.0 0.0 230.0 247.0 255.0 -0.333333333333 0.333333333333 22.002999817 -68.8326285822 
0.0 0.0 0.0 0.0 0.0 0.0 0.0 0.0 0.0 0.0 0.0 0.0 230.0 247.0 255.0 0.333333333333 -0.333333333333 17.7611134736 -0.152084261343 
0.0 0.0 0.0 0.0 0.0 0.0 0.0 0.0 0.0 0.0 0.0 0.0 230.0 247.0 255.0 0.333333333333 -0.333333333333 -9.49870190839 -49.027652036 
0.0 0.0 0.0 0.0 0.0 0.0 0.0 0.0 0.0 0.0 0.0 0.0 230.0 247.0 255.0 -0.333333333333 -0.333333333333 18.1104119396 16.6324940192 
0.0 0.0 0.0 0.0 0.0 0.0 0.0 0.0 0.0 0.0 0.0 0.0 230.0 247.0 255.0 0.333333333333 0.333333333333 22.4377924782 -89.7808208788 
0.0 0.0 0.0 0.0 0.0 0.0 0.0 0.0 0.0 0.0 0.0 0.0 230.0 247.0 255.0 0.333333333333 -0.333333333333 -1.7448889772 -15.5201386808 
0.0 0.0 0.0 0.0 0.0 0.0 0.0 0.0 0.0 0.0 0.0 0.0 230.0 247.0 255.0 -0.333333333333 -0.333333333333 -13.2276106499 8.53961545217 
0.0 0.0 0.0 0.0 0.0 0.0 0.0 0.0 0.0 0.0 0.0 0.0 230.0 247.0 255.0 -0.333333333333 0.333333333333 19.5414588104 6.16236324297 
0.0 0.0 0.0 0.0 0.0 0.0 0.0 0.0 0.0 0.0 0.0 0.0 230.0 247.0 255.0 0.333333333333 0.333333333333 57.6772887742 39.8811850825 
0.0 0.0 0.0 0.0 0.0 0.0 0.0 0.0 0.0 0.0 0.0 0.0 230.0 247.0 255.0 0.333333333333 0.333333333333 -36.9880524331 35.7748729437 
0.0 0.0 0.0 0.0 0.0 0.0 0.0 0.0 0.0 0.0 0.0 0.0 230.0 247.0 255.0 -0.333333333333 0.333333333333 -70.3253787696 -26.2597174061 
0.0 0.0 0.0 0.0 0.0 0.0 0.0 0.0 0.0 0.0 0.0 0.0 230.0 247.0 255.0 -0.333333333333 -0.333333333333 8.11826766238 -18.617774901 
0.0 0.0 0.0 0.0 0.0 0.0 0.0 0.0 0.0 0.0 0.0 0.0 230.0 247.0 255.0 0.333333333333 -0.333333333333 42.1189472401 34.1220185464 
0.0 0.0 0.0 0.0 0.0 0.0 0.0 0.0 0.0 0.0 0.0 0.0 230.0 247.0 255.0 0.333333333333 0.333333333333 -24.8387813471 56.3393469783 
0.0 0.0 0.0 0.0 0.0 0.0 0.0 0.0 0.0 0.0 0.0 0.0 230.0 247.0 255.0 -0.333333333333 0.333333333333 -45.4023429651 -14.8885993604 
0.0 0.0 0.0 0.0 0.0 0.0 0.0 0.0 0.0 0.0 0.0 0.0 230.0 247.0 255.0 -0.333333333333 -0.333333333333 -0.1504275772 11.5991967193 
0.0 0.0 0.0 0.0 0.0 0.0 0.0 0.0 0.0 0.0 0.0 0.0 230.0 247.0 255.0 -0.333333333333 0.333333333333 -14.474439415 -8.82499795805 
0.0 0.0 0.0 0.0 0.0 0.0 0.0 0.0 0.0 0.0 0.0 0.0 230.0 247.0 255.0 -0.333333333333 -0.333333333333 -12.3311024279 11.9774739232 
0.0 0.0 0.0 0.0 0.0 0.0 0.0 0.0 0.0 0.0 0.0 0.0 230.0 247.0 255.0 -0.333333333333 0.333333333333 -5.92675061176 -17.1909493999 
0.0 0.0 0.0 0.0 0.0 0.0 0.0 0.0 0.0 0.0 0.0 0.0 230.0 247.0 255.0 -0.333333333333 -0.333333333333 -48.5095479988 8.94555259745 
0.0 0.0 0.0 0.0 0.0 0.0 0.0 0.0 0.0 0.0 0.0 0.0 230.0 247.0 255.0 -0.333333333333 0.333333333333 22.0586974136 -28.1906638015 
0.0 0.0 0.0 0.0 0.0 0.0 0.0 0.0 0.0 0.0 0.0 0.0 230.0 247.0 255.0 0.333333333333 -0.333333333333 16.6518425656 -15.969259181 
0.0 0.0 0.0 0.0 0.0 0.0 0.0 0.0 0.0 0.0 0.0 0.0 230.0 247.0 255.0 0.333333333333 -0.333333333333 19.9332402426 1.98497355409 
0.0 0.0 0.0 0.0 0.0 0.0 0.0 0.0 0.0 0.0 0.0 0.0 230.0 247.0 255.0 0.333333333333 0.333333333333 15.1927144809 53.9017561178 
0.0 0.0 0.0 0.0 0.0 0.0 0.0 0.0 0.0 0.0 0.0 0.0 230.0 247.0 255.0 0.333333333333 0.333333333333 41.3444837934 -0.128993166776 
0.0 0.0 0.0 0.0 0.0 0.0 0.0 0.0 0.0 0.0 0.0 0.0 230.0 247.0 255.0 0.333333333333 0.204340166557 54.1084647468 31.1302255593 
0.0 0.0 0.0 0.0 0.0 0.0 0.0 0.0 0.0 0.0 0.0 0.0 230.0 247.0 255.0 0.333333333333 0.333333333333 5.25844970674 -51.307237921 
0.0 0.0 0.0 0.0 0.0 0.0 0.0 0.0 0.0 0.0 0.0 0.0 230.0 247.0 255.0 0.333333333333 -0.333333333333 17.3145740288 43.4438766762 
0.0 0.0 0.0 0.0 0.0 0.0 0.0 0.0 0.0 0.0 0.0 0.0 230.0 247.0 255.0 0.333333333333 0.333333333333 -40.6947890065 38.3020412664 
0.0 0.0 0.0 0.0 0.0 0.0 0.0 0.0 0.0 0.0 0.0 0.0 230.0 247.0 255.0 -0.333333333333 0.333333333333 -24.3086192712 44.4202119226 
0.0 0.0 0.0 0.0 0.0 0.0 0.0 0.0 0.0 0.0 0.0 0.0 230.0 247.0 255.0 -0.333333333333 0.333333333333 12.8336398178 26.2807691613 
0.0 0.0 0.0 0.0 0.0 0.0 0.0 0.0 0.0 0.0 0.0 0.0 230.0 247.0 255.0 0.333333333333 0.333333333333 -28.7404636333 39.3055601752 
0.0 0.0 0.0 0.0 0.0 0.0 0.0 0.0 0.0 0.0 0.0 0.0 230.0 247.0 255.0 -0.333333333333 0.333333333333 -0.851809477241 21.9087645986 
0.0 0.0 0.0 0.0 0.0 0.0 0.0 0.0 0.0 0.0 0.0 0.0 230.0 247.0 255.0 -0.333333333333 0.333333333333 73.8329752844 -10.7724366 
0.0 0.0 0.0 0.0 0.0 0.0 0.0 0.0 0.0 0.0 0.0 0.0 230.0 247.0 255.0 0.333333333333 -0.333333333333 28.399913203 -56.6930198319 
0.0 0.0 0.0 0.0 0.0 0.0 0.0 0.0 0.0 0.0 0.0 0.0 230.0 247.0 255.0 0.333333333333 -0.333333333333 57.1481716482 13.5928645225 
0.0 0.0 0.0 0.0 0.0 0.0 0.0 0.0 0.0 0.0 0.0 0.0 230.0 247.0 255.0 0.333333333333 0.333333333333 2.06845891406 -4.07605297976 
0.0 0.0 0.0 0.0 0.0 0.0 0.0 0.0 0.0 0.0 0.0 0.0 230.0 247.0 255.0 0.333333333333 -0.333333333333 15.709927088 -30.1349678373 
0.0 0.0 0.0 0.0 0.0 0.0 0.0 0.0 0.0 0.0 0.0 0.0 230.0 247.0 255.0 0.333333333333 -0.333333333333 16.1017394366 -22.9587278828 
0.0 0.0 0.0 0.0 0.0 0.0 0.0 0.0 0.0 0.0 0.0 0.0 230.0 247.0 255.0 0.333333333333 -0.333333333333 -32.5131549439 -2.08874351054 
0.0 0.0 0.0 0.0 0.0 0.0 0.0 0.0 0.0 0.0 0.0 0.0 230.0 247.0 255.0 -0.333333333333 -0.333333333333 -26.5917906682 25.3461297973 
0.0 0.0 0.0 0.0 0.0 0.0 0.0 0.0 0.0 0.0 0.0 0.0 230.0 247.0 255.0 -0.333333333333 0.333333333333 1.31325872508 -36.9586990512 
0.0 0.0 0.0 0.0 0.0 0.0 0.0 0.0 0.0 0.0 0.0 0.0 230.0 247.0 255.0 0.333333333333 -0.333333333333 -24.3931856947 -15.6490899071 
0.0 0.0 0.0 0.0 0.0 0.0 0.0 0.0 0.0 0.0 0.0 0.0 230.0 247.0 255.0 -0.333333333333 -0.333333333333 4.36015187274 -21.9777332765 
0.0 0.0 0.0 0.0 0.0 0.0 0.0 0.0 0.0 0.0 0.0 0.0 230.0 247.0 255.0 0.333333333333 -0.333333333333 -22.157826416 -41.017189677 
0.0 0.0 0.0 0.0 0.0 0.0 0.0 0.0 0.0 0.0 0.0 0.0 230.0 247.0 255.0 -0.333333333333 -0.333333333333 -5.26878902395 37.7740823131 
0.0 0.0 0.0 0.0 0.0 0.0 0.0 0.0 0.0 0.0 0.0 0.0 230.0 247.0 255.0 -0.333333333333 0.333333333333 12.6420451532 -26.1457038988 
