nrollouts: 2
# HEADER 1
0.0 0.0 0.0 0.0 0.0 0.0 0.0 0.0 0.0 0.0 0.0 0.0 230.0 247.0 255.0 0 0 -25.6324938681 12.9433560218 
0.0 0.0 0.0 0.0 0.0 0.0 0.0 0.0 0.0 0.0 0.0 0.0 230.0 247.0 255.0 -25.6324938681 12.9433560218 61.2937155433 -26.3473344812 
0.0 0.0 0.0 0.0 0.0 0.0 0.0 0.0 0.0 0.0 0.0 0.0 230.0 247.0 255.0 35.6612216752 -13.4039784593 -23.2752285132 38.4797438269 
0.0 0.0 0.0 0.0 0.0 0.0 0.0 0.0 0.0 0.0 0.0 0.0 230.0 247.0 255.0 12.385993162 25.0757653675 -25.1603898251 26.8568292797 
0.0 0.0 0.0 0.0 0.0 0.0 0.0 0.0 0.0 0.0 0.0 0.0 230.0 247.0 255.0 -12.7743966631 51.9325946472 20.4624158491 -10.3712392482 
0.0 0.0 0.0 0.0 0.0 0.0 0.0 0.0 0.0 0.0 0.0 0.0 230.0 247.0 255.0 7.68801918605 41.561355399 -41.5476542843 -20.433044275 
0.0 0.0 0.0 0.0 0.0 0.0 0.0 0.0 0.0 0.0 0.0 0.0 230.0 247.0 255.0 -33.8596350983 21.128311124 -40.2590762359 -16.8990873424 
0.0 0.0 0.0 0.0 0.0 0.0 0.0 0.0 0.0 0.0 0.0 0.0 230.0 247.0 255.0 -74.1187113342 4.22922378165 -10.5561103905 -14.0868036239 
0.0 0.0 0.0 0.0 0.0 0.0 0.0 0.0 0.0 0.0 0.0 0.0 230.0 247.0 255.0 -84.6748217248 -9.85757984229 -15.9136134555 67.4852757815 
0.0 0.0 0.0 0.0 0.0 0.0 0.0 0.0 0.0 0.0 0.0 0.0 230.0 247.0 255.0 -100.0 57.6276959392 5.3284307098 1.32118621504 
0.0 0.0 0.0 0.0 0.0 0.0 0.0 0.0 0.0 0.0 0.0 0.0 230.0 247.0 255.0 -94.6715692902 58.9488821542 -19.8238091152 5.87359707744 
0.0 0.0 0.0 0.0 0.0 0.0 0.0 0.0 0.0 0.0 0.0 0.0 230.0 247.0 255.0 -100.0 64.8224792317 -23.0716620847 38.007195466 
0.0 0.0 0.0 0.0 0.0 0.0 0.0 0.0 0.0 0.0 0.0 0.0 230.0 247.0 255.0 -100.0 100.0 -27.7317165936 47.7258614338 
0.0 0.0 0.0 0.0 0.0 0.0 0.0 0.0 0.0 0.0 0.0 0.0 230.0 247.0 255.0 -100.0 100.0 -62.2018249684 17.7992823996 
0.0 0.0 0.0 0.0 0.0 0.0 0.0 0.0 0.0 0.0 0.0 0.0 230.0 247.0 255.0 -100.0 100.0 -50.2530996135 11.1968276842 
0.0 0.0 0.0 0.0 0.0 0.0 0.0 0.0 0.0 0.0 0.0 0.0 230.0 247.0 255.0 -100.0 100.0 42.7305554575 -17.309881442 
0.0 0.0 0.0 0.0 0.0 0.0 0.0 0.0 0.0 0.0 0.0 0.0 230.0 247.0 255.0 -57.2694445425 82.690118558 3.19160373918 0.290820779661 
0.0 0.0 0.0 0.0 0.0 0.0 0.0 0.0 0.0 0.0 0.0 0.0 230.0 247.0 255.0 -54.0778408033 82.9809393377 47.5499173513 -8.18379114401 
0.0 0.0 0.0 0.0 0.0 0.0 0.0 0.0 0.0 0.0 0.0 0.0 230.0 247.0 255.0 -6.52792345204 74.7971481937 -14.3755032916 3.00948248822 
0.0 0.0 0.0 0.0 0.0 0.0 0.0 0.0 0.0 0.0 0.0 0.0 230.0 247.0 255.0 -20.9034267436 77.8066306819 -12.7830428595 -3.71426551911 
0.0 0.0 0.0 0.0 0.0 0.0 0.0 0.0 0.0 0.0 0.0 0.0 230.0 247.0 255.0 -33.6864696031 74.0923651628 -55.5550914614 -20.8536270974 
0.0 0.0 0.0 0.0 0.0 0.0 0.0 0.0 0.0 0.0 0.0 0.0 230.0 247.0 255.0 -89.2415610645 53.2387380654 -40.6320907359 -45.1847659261 
0.0 0.0 0.0 0.0 0.0 0.0 0.0 0.0 0.0 0.0 0.0 0.0 230.0 247.0 255.0 -100.0 8.05397213924 27.0650387265 33.2656719912 
0.0 0.0 0.0 0.0 0.0 0.0 0.0 0.0 0.0 0.0 0.0 0.0 230.0 247.0 255.0 -72.9349612735 41.3196441304 11.7520868803 7.64397085182 
0.0 0.0 0.0 0.0 0.0 0.0 0.0 0.0 0.0 0.0 0.0 0.0 230.0 247.0 255.0 -61.1828743932 48.9636149822 65.9919000456 16.5335017743 
0.0 0.0 0.0 0.0 0.0 0.0 0.0 0.0 0.0 0.0 0.0 0.0 230.0 247.0 255.0 4.80902565241 65.4971167565 11.6163917049 -1.19361401108 
0.0 0.0 0.0 0.0 0.0 0.0 0.0 0.0 0.0 0.0 0.0 0.0 230.0 247.0 255.0 16.4254173573 64.3035027455 5.24910450322 -9.29438235559 
0.0 0.0 0.0 0.0 0.0 0.0 0.0 0.0 0.0 0.0 0.0 0.0 230.0 247.0 255.0 21.6745218605 55.0091203899 41.0302428436 -33.4426452939 
0.0 0.0 0.0 0.0 0.0 0.0 0.0 0.0 0.0 0.0 0.0 0.0 230.0 247.0 255.0 62.7047647041 21.566475096 -44.0232865864 -3.63285087092 
0.0 0.0 0.0 0.0 0.0 0.0 0.0 0.0 0.0 0.0 0.0 0.0 230.0 247.0 255.0 18.6814781178 17.9336242251 -2.18759633386 38.2880629169 
0.0 0.0 0.0 0.0 0.0 0.0 0.0 0.0 0.0 0.0 0.0 0.0 230.0 247.0 255.0 16.4938817839 56.221687142 50.4832594308 -15.0031897712 
0.0 0.0 0.0 0.0 0.0 0.0 0.0 0.0 0.0 0.0 0.0 0.0 230.0 247.0 255.0 66.9771412147 41.2184973708 7.93239306225 14.340877917 
0.0 0.0 0.0 0.0 0.0 0.0 0.0 0.0 0.0 0.0 0.0 0.0 230.0 247.0 255.0 74.909534277 55.5593752878 9.34952167653 23.7889089756 
0.0 0.0 0.0 0.0 0.0 0.0 0.0 0.0 0.0 0.0 0.0 0.0 230.0 247.0 255.0 84.2590559535 79.3482842634 13.0808856219 -47.422750778 
0.0 0.0 0.0 0.0 0.0 0.0 0.0 0.0 0.0 0.0 0.0 0.0 230.0 247.0 255.0 97.3399415754 31.9255334855 3.25013772953 -7.47652013663 
0.0 0.0 0.0 0.0 0.0 0.0 0.0 0.0 0.0 0.0 0.0 0.0 230.0 247.0 255.0 100.0 24.4490133488 62.6649341171 -40.9111997362 
0.0 0.0 0.0 0.0 0.0 0.0 0.0 0.0 0.0 0.0 0.0 0.0 230.0 247.0 255.0 100.0 -16.4621863874 43.7945770306 11.565811079 
0.0 0.0 0.0 0.0 0.0 0.0 0.0 0.0 0.0 0.0 0.0 0.0 230.0 247.0 255.0 100.0 -4.89637530837 23.8867372757 24.3716416077 
0.0 0.0 0.0 0.0 0.0 0.0 0.0 0.0 0.0 0.0 0.0 0.0 230.0 247.0 255.0 100.0 19.4752662993 -38.3597054808 4.30094316534 
0.0 0.0 0.0 0.0 0.0 0.0 0.0 0.0 0.0 0.0 0.0 0.0 230.0 247.0 255.0 61.6402945192 23.7762094647 4.79829696162 4.86977336881 
0.0 0.0 0.0 0.0 0.0 0.0 0.0 0.0 0.0 0.0 0.0 0.0 230.0 247.0 255.0 66.4385914808 28.6459828335 80.9356150267 -34.8121775586 
0.0 0.0 0.0 0.0 0.0 0.0 0.0 0.0 0.0 0.0 0.0 0.0 230.0 247.0 255.0 100.0 -6.16619472508 33.3584455048 -9.02809815603 
0.0 0.0 0.0 0.0 0.0 0.0 0.0 0.0 0.0 0.0 0.0 0.0 230.0 247.0 255.0 100.0 -15.1942928811 -2.35480713315 41.4715490732 
0.0 0.0 0.0 0.0 0.0 0.0 0.0 0.0 0.0 0.0 0.0 0.0 230.0 247.0 255.0 97.6451928668 26.2772561921 -15.1043669996 -19.0435045974 
0.0 0.0 0.0 0.0 0.0 0.0 0.0 0.0 0.0 0.0 0.0 0.0 230.0 247.0 255.0 82.5408258672 7.23375159472 -10.6115253687 43.7310590906 
0.0 0.0 0.0 0.0 0.0 0.0 0.0 0.0 0.0 0.0 0.0 0.0 230.0 247.0 255.0 71.9293004986 50.9648106854 -4.72418829993 -32.4166854977 
0.0 0.0 0.0 0.0 0.0 0.0 0.0 0.0 0.0 0.0 0.0 0.0 230.0 247.0 255.0 67.2051121987 18.5481251877 27.7532530219 11.16018907 
0.0 0.0 0.0 0.0 0.0 0.0 0.0 0.0 0.0 0.0 0.0 0.0 230.0 247.0 255.0 94.9583652205 29.7083142576 -22.7139811522 16.9074625942 
0.0 0.0 0.0 0.0 0.0 0.0 0.0 0.0 0.0 0.0 0.0 0.0 230.0 247.0 255.0 72.2443840683 46.6157768518 65.8988513157 46.4761219656 
0.0 0.0 0.0 0.0 0.0 0.0 0.0 0.0 0.0 0.0 0.0 0.0 230.0 247.0 255.0 100.0 93.0918988174 42.6197949093 -42.1460042994 
0.0 0.0 0.0 0.0 0.0 0.0 0.0 0.0 0.0 0.0 0.0 0.0 230.0 247.0 255.0 100.0 50.945894518 13.2082078422 53.444184975 
0.0 0.0 0.0 0.0 0.0 0.0 0.0 0.0 0.0 0.0 0.0 0.0 230.0 247.0 255.0 100.0 100.0 -34.5962575581 -45.8083911405 
0.0 0.0 0.0 0.0 0.0 0.0 0.0 0.0 0.0 0.0 0.0 0.0 230.0 247.0 255.0 65.4037424419 54.1916088595 10.7325456291 39.7720564208 
0.0 0.0 0.0 0.0 0.0 0.0 0.0 0.0 0.0 0.0 0.0 0.0 230.0 247.0 255.0 76.136288071 93.9636652803 61.3723144493 -9.13129706743 
0.0 0.0 0.0 0.0 0.0 0.0 0.0 0.0 0.0 0.0 0.0 0.0 230.0 247.0 255.0 100.0 84.8323682129 64.9269370464 -57.0729067005 
0.0 0.0 0.0 0.0 0.0 0.0 0.0 0.0 0.0 0.0 0.0 0.0 230.0 247.0 255.0 100.0 27.7594615124 -3.23181084974 -5.94796329258 
0.0 0.0 0.0 0.0 0.0 0.0 0.0 0.0 0.0 0.0 0.0 0.0 230.0 247.0 255.0 96.7681891503 21.8114982198 -8.25536958553 11.9999367359 
0.0 0.0 0.0 0.0 0.0 0.0 0.0 0.0 0.0 0.0 0.0 0.0 230.0 247.0 255.0 88.5128195647 33.8114349557 -1.60349736903 13.1210650133 
0.0 0.0 0.0 0.0 0.0 0.0 0.0 0.0 0.0 0.0 0.0 0.0 230.0 247.0 255.0 86.9093221957 46.932499969 -15.0161784056 -86.0274926247 
0.0 0.0 0.0 0.0 0.0 0.0 0.0 0.0 0.0 0.0 0.0 0.0 230.0 247.0 255.0 71.8931437901 -39.0949926557 32.5384362427 -58.9391393914 
0.0 0.0 0.0 0.0 0.0 0.0 0.0 0.0 0.0 0.0 0.0 0.0 230.0 247.0 255.0 100.0 -98.0341320471 -13.0947499655 -15.0513773448 
0.0 0.0 0.0 0.0 0.0 0.0 0.0 0.0 0.0 0.0 0.0 0.0 230.0 247.0 255.0 86.9052500345 -100.0 -69.3712011515 -17.5061205316 
0.0 0.0 0.0 0.0 0.0 0.0 0.0 0.0 0.0 0.0 0.0 0.0 230.0 247.0 255.0 17.534048883 -100.0 -14.2349457694 -0.450035262231 
0.0 0.0 0.0 0.0 0.0 0.0 0.0 0.0 0.0 0.0 0.0 0.0 230.0 247.0 255.0 3.29910311352 -100.0 33.7904681577 28.8560617193 
0.0 0.0 0.0 0.0 0.0 0.0 0.0 0.0 0.0 0.0 0.0 0.0 230.0 247.0 255.0 37.0895712712 -71.1439382807 34.3084548713 63.7754893587 
0.0 0.0 0.0 0.0 0.0 0.0 0.0 0.0 0.0 0.0 0.0 0.0 230.0 247.0 255.0 71.3980261425 -7.36844892204 -8.3282693738 -15.2816827408 
0.0 0.0 0.0 0.0 0.0 0.0 0.0 0.0 0.0 0.0 0.0 0.0 230.0 247.0 255.0 63.0697567687 -22.6501316629 -6.60905514503 -42.7562827085 
0.0 0.0 0.0 0.0 0.0 0.0 0.0 0.0 0.0 0.0 0.0 0.0 230.0 247.0 255.0 56.4607016237 -65.4064143713 3.94274911128 -6.47051833095 
0.0 0.0 0.0 0.0 0.0 0.0 0.0 0.0 0.0 0.0 0.0 0.0 230.0 247.0 255.0 60.403450735 -71.8769327023 15.486366407 -56.6421406067 
0.0 0.0 0.0 0.0 0.0 0.0 0.0 0.0 0.0 0.0 0.0 0.0 230.0 247.0 255.0 75.889817142 -100.0 25.148877551 -34.5034682833 
0.0 0.0 0.0 0.0 0.0 0.0 0.0 0.0 0.0 0.0 0.0 0.0 230.0 247.0 255.0 100.0 -100.0 -32.4239545602 33.5942792915 
0.0 0.0 0.0 0.0 0.0 0.0 0.0 0.0 0.0 0.0 0.0 0.0 230.0 247.0 255.0 67.5760454398 -66.4057207085 -20.237796507 -34.5201189265 
0.0 0.0 0.0 0.0 0.0 0.0 0.0 0.0 0.0 0.0 0.0 0.0 230.0 247.0 255.0 47.3382489328 -100.0 27.4544790003 -37.7885028948 
0.0 0.0 0.0 0.0 0.0 0.0 0.0 0.0 0.0 0.0 0.0 0.0 230.0 247.0 255.0 74.7927279331 -100.0 -3.40762705623 -0.173047196389 
0.0 0.0 0.0 0.0 0.0 0.0 0.0 0.0 0.0 0.0 0.0 0.0 230.0 247.0 255.0 71.3851008769 -100.0 -5.05123510752 -19.2931868948 
0.0 0.0 0.0 0.0 0.0 0.0 0.0 0.0 0.0 0.0 0.0 0.0 230.0 247.0 255.0 66.3338657694 -100.0 36.8428759439 18.0524284448 
0.0 0.0 0.0 0.0 0.0 0.0 0.0 0.0 0.0 0.0 0.0 0.0 230.0 247.0 255.0 100.0 -81.9475715552 45.2299050102 32.5243240234 
0.0 0.0 0.0 0.0 0.0 0.0 0.0 0.0 0.0 0.0 0.0 0.0 230.0 247.0 255.0 100.0 -49.4232475318 7.60637629723 -52.8604870089 
0.0 0.0 0.0 0.0 0.0 0.0 0.0 0.0 0.0 0.0 0.0 0.0 230.0 247.0 255.0 100.0 -100.0 46.6806833081 24.3411798697 
0.0 0.0 0.0 0.0 0.0 0.0 0.0 0.0 0.0 0.0 0.0 0.0 230.0 247.0 255.0 100.0 -75.6588201303 26.3522194694 32.072113668 
0.0 0.0 0.0 0.0 0.0 0.0 0.0 0.0 0.0 0.0 0.0 0.0 230.0 247.0 255.0 100.0 -43.5867064623 -49.029820502 31.7482846204 
0.0 0.0 0.0 0.0 0.0 0.0 0.0 0.0 0.0 0.0 0.0 0.0 230.0 247.0 255.0 50.970179498 -11.8384218419 19.4462407451 -15.2838901969 
0.0 0.0 0.0 0.0 0.0 0.0 0.0 0.0 0.0 0.0 0.0 0.0 230.0 247.0 255.0 70.4164202431 -27.1223120388 19.8710606723 -5.28716839136 
0.0 0.0 0.0 0.0 0.0 0.0 0.0 0.0 0.0 0.0 0.0 0.0 230.0 247.0 255.0 90.2874809154 -32.4094804301 -23.6498433889 -34.6526878867 
0.0 0.0 0.0 0.0 0.0 0.0 0.0 0.0 0.0 0.0 0.0 0.0 230.0 247.0 255.0 66.6376375266 -67.0621683168 -5.48964544497 -23.090657482 
0.0 0.0 0.0 0.0 0.0 0.0 0.0 0.0 0.0 0.0 0.0 0.0 230.0 247.0 255.0 61.1479920816 -90.1528257988 -6.71534400043 -12.1091730948 
0.0 0.0 0.0 0.0 0.0 0.0 0.0 0.0 0.0 0.0 0.0 0.0 230.0 247.0 255.0 54.4326480812 -100.0 -17.4322373799 46.0009533962 
0.0 0.0 0.0 0.0 0.0 0.0 0.0 0.0 0.0 0.0 0.0 0.0 230.0 247.0 255.0 37.0004107013 -53.9990466038 12.3436885476 -8.33105425304 
0.0 0.0 0.0 0.0 0.0 0.0 0.0 0.0 0.0 0.0 0.0 0.0 230.0 247.0 255.0 49.3440992489 -62.3301008568 -18.9168445947 0.57491037947 
0.0 0.0 0.0 0.0 0.0 0.0 0.0 0.0 0.0 0.0 0.0 0.0 230.0 247.0 255.0 30.4272546542 -61.7551904773 5.79822450997 -26.9151416054 
0.0 0.0 0.0 0.0 0.0 0.0 0.0 0.0 0.0 0.0 0.0 0.0 230.0 247.0 255.0 36.2254791642 -88.6703320828 -26.7148478537 -1.22046821581 
0.0 0.0 0.0 0.0 0.0 0.0 0.0 0.0 0.0 0.0 0.0 0.0 230.0 247.0 255.0 9.5106313104 -89.8908002986 -36.5140597002 34.3739891749 
0.0 0.0 0.0 0.0 0.0 0.0 0.0 0.0 0.0 0.0 0.0 0.0 230.0 247.0 255.0 -27.0034283898 -55.5168111237 14.9616668294 2.11358417235 
0.0 0.0 0.0 0.0 0.0 0.0 0.0 0.0 0.0 0.0 0.0 0.0 230.0 247.0 255.0 -12.0417615604 -53.4032269513 -32.6068090417 -13.4034790031 
0.0 0.0 0.0 0.0 0.0 0.0 0.0 0.0 0.0 0.0 0.0 0.0 230.0 247.0 255.0 -44.6485706022 -66.8067059544 6.01567756986 -15.9143269429 
0.0 0.0 0.0 0.0 0.0 0.0 0.0 0.0 0.0 0.0 0.0 0.0 230.0 247.0 255.0 -38.6328930323 -82.7210328973 -15.1445274896 -11.6376838669 
0.0 0.0 0.0 0.0 0.0 0.0 0.0 0.0 0.0 0.0 0.0 0.0 230.0 247.0 255.0 -53.7774205219 -94.3587167642 11.0486280105 -23.3103660256 
0.0 0.0 0.0 0.0 0.0 0.0 0.0 0.0 0.0 0.0 0.0 0.0 230.0 247.0 255.0 -42.7287925114 -100.0 22.6251405315 -26.5091892682 
0.0 0.0 0.0 0.0 0.0 0.0 0.0 0.0 0.0 0.0 0.0 0.0 230.0 247.0 255.0 -20.1036519799 -100.0 -12.5066133338 -38.8858980201 
0.0 0.0 0.0 0.0 0.0 0.0 0.0 0.0 0.0 0.0 0.0 0.0 230.0 247.0 255.0 -32.6102653137 -100.0 -54.3209151542 26.9497418242 
0.0 0.0 0.0 0.0 0.0 0.0 0.0 0.0 0.0 0.0 0.0 0.0 230.0 247.0 255.0 -86.9311804679 -73.0502581758 -40.8623003988 -25.855110854 
0.0 0.0 0.0 0.0 0.0 0.0 0.0 0.0 0.0 0.0 0.0 0.0 230.0 247.0 255.0 -100.0 -98.9053690298 -13.2350843459 16.322575015 
0.0 0.0 0.0 0.0 0.0 0.0 0.0 0.0 0.0 0.0 0.0 0.0 230.0 247.0 255.0 -100.0 -82.5827940149 -7.55784499792 64.8311915816 
0.0 0.0 0.0 0.0 0.0 0.0 0.0 0.0 0.0 0.0 0.0 0.0 230.0 247.0 255.0 -100.0 -17.7516024332 25.3643001309 -2.80841021735 
0.0 0.0 0.0 0.0 0.0 0.0 0.0 0.0 0.0 0.0 0.0 0.0 230.0 247.0 255.0 -74.6356998691 -20.5600126506 8.99432435637 4.54558237402 
0.0 0.0 0.0 0.0 0.0 0.0 0.0 0.0 0.0 0.0 0.0 0.0 230.0 247.0 255.0 -65.6413755127 -16.0144302766 19.710647981 -8.16952677922 
0.0 0.0 0.0 0.0 0.0 0.0 0.0 0.0 0.0 0.0 0.0 0.0 230.0 247.0 255.0 -45.9307275317 -24.1839570558 35.6601148792 15.538465186 
0.0 0.0 0.0 0.0 0.0 0.0 0.0 0.0 0.0 0.0 0.0 0.0 230.0 247.0 255.0 -10.2706126525 -8.64549186978 10.7997849428 21.3509033962 
0.0 0.0 0.0 0.0 0.0 0.0 0.0 0.0 0.0 0.0 0.0 0.0 230.0 247.0 255.0 0.529172290325 12.7054115264 18.090756194 6.9923944039 
0.0 0.0 0.0 0.0 0.0 0.0 0.0 0.0 0.0 0.0 0.0 0.0 230.0 247.0 255.0 18.6199284844 19.6978059303 -17.8050122685 27.5724704297 
0.0 0.0 0.0 0.0 0.0 0.0 0.0 0.0 0.0 0.0 0.0 0.0 230.0 247.0 255.0 0.814916215872 47.2702763601 0.550794718635 -41.378094457 
0.0 0.0 0.0 0.0 0.0 0.0 0.0 0.0 0.0 0.0 0.0 0.0 230.0 247.0 255.0 1.36571093451 5.89218190301 37.0352262901 4.06960846492 
0.0 0.0 0.0 0.0 0.0 0.0 0.0 0.0 0.0 0.0 0.0 0.0 230.0 247.0 255.0 38.4009372246 9.96179036794 67.2385870361 -13.1245616475 
0.0 0.0 0.0 0.0 0.0 0.0 0.0 0.0 0.0 0.0 0.0 0.0 230.0 247.0 255.0 100.0 -3.1627712796 29.3242574738 6.89813681053 
0.0 0.0 0.0 0.0 0.0 0.0 0.0 0.0 0.0 0.0 0.0 0.0 230.0 247.0 255.0 100.0 3.73536553093 37.6656720186 8.27272987186 
0.0 0.0 0.0 0.0 0.0 0.0 0.0 0.0 0.0 0.0 0.0 0.0 230.0 247.0 255.0 100.0 12.0080954028 -5.59656852079 6.92596803897 
0.0 0.0 0.0 0.0 0.0 0.0 0.0 0.0 0.0 0.0 0.0 0.0 230.0 247.0 255.0 94.4034314792 18.9340634418 46.015623647 21.6631000293 
0.0 0.0 0.0 0.0 0.0 0.0 0.0 0.0 0.0 0.0 0.0 0.0 230.0 247.0 255.0 100.0 40.5971634711 -0.496358495959 55.8193826704 
0.0 0.0 0.0 0.0 0.0 0.0 0.0 0.0 0.0 0.0 0.0 0.0 230.0 247.0 255.0 99.503641504 96.4165461415 53.7957848438 16.6726376901 
0.0 0.0 0.0 0.0 0.0 0.0 0.0 0.0 0.0 0.0 0.0 0.0 230.0 247.0 255.0 100.0 100.0 30.3229009038 12.4727125717 
0.0 0.0 0.0 0.0 0.0 0.0 0.0 0.0 0.0 0.0 0.0 0.0 230.0 247.0 255.0 100.0 100.0 11.4532364896 7.19791292717 
0.0 0.0 0.0 0.0 0.0 0.0 0.0 0.0 0.0 0.0 0.0 0.0 230.0 247.0 255.0 100.0 100.0 -30.1267764851 -28.1391049089 
0.0 0.0 0.0 0.0 0.0 0.0 0.0 0.0 0.0 0.0 0.0 0.0 230.0 247.0 255.0 69.8732235149 71.8608950911 -31.7985485242 -43.3855291316 
0.0 0.0 0.0 0.0 0.0 0.0 0.0 0.0 0.0 0.0 0.0 0.0 230.0 247.0 255.0 38.0746749907 28.4753659595 29.6249003335 -39.1677278455 
0.0 0.0 0.0 0.0 0.0 0.0 0.0 0.0 0.0 0.0 0.0 0.0 230.0 247.0 255.0 67.6995753242 -10.692361886 10.255230984 1.99322541871 
0.0 0.0 0.0 0.0 0.0 0.0 0.0 0.0 0.0 0.0 0.0 0.0 230.0 247.0 255.0 77.9548063082 -8.6991364673 -30.1326783366 -24.0804345495 
0.0 0.0 0.0 0.0 0.0 0.0 0.0 0.0 0.0 0.0 0.0 0.0 230.0 247.0 255.0 47.8221279716 -32.7795710168 -11.7527182399 0.070336359411 
0.0 0.0 0.0 0.0 0.0 0.0 0.0 0.0 0.0 0.0 0.0 0.0 230.0 247.0 255.0 36.0694097317 -32.7092346573 -31.1124156119 -4.16182958738 
0.0 0.0 0.0 0.0 0.0 0.0 0.0 0.0 0.0 0.0 0.0 0.0 230.0 247.0 255.0 4.95699411979 -36.8710642447 7.43842881079 -19.3620179715 
0.0 0.0 0.0 0.0 0.0 0.0 0.0 0.0 0.0 0.0 0.0 0.0 230.0 247.0 255.0 12.3954229306 -56.2330822162 -1.49956758651 -36.6361747898 
0.0 0.0 0.0 0.0 0.0 0.0 0.0 0.0 0.0 0.0 0.0 0.0 230.0 247.0 255.0 10.8958553441 -92.8692570059 66.545185127 -8.94933773885 
0.0 0.0 0.0 0.0 0.0 0.0 0.0 0.0 0.0 0.0 0.0 0.0 230.0 247.0 255.0 77.4410404711 -100.0 -7.60786816051 51.8050434261 
0.0 0.0 0.0 0.0 0.0 0.0 0.0 0.0 0.0 0.0 0.0 0.0 230.0 247.0 255.0 69.8331723106 -48.1949565739 4.48647335478 28.4572495226 
0.0 0.0 0.0 0.0 0.0 0.0 0.0 0.0 0.0 0.0 0.0 0.0 230.0 247.0 255.0 74.3196456653 -19.7377070513 -18.2130023306 -39.2063784537 
0.0 0.0 0.0 0.0 0.0 0.0 0.0 0.0 0.0 0.0 0.0 0.0 230.0 247.0 255.0 56.1066433348 -58.944085505 31.5876453186 -23.3355078541 
0.0 0.0 0.0 0.0 0.0 0.0 0.0 0.0 0.0 0.0 0.0 0.0 230.0 247.0 255.0 87.6942886534 -82.2795933591 -40.3211478972 40.2181184426 
0.0 0.0 0.0 0.0 0.0 0.0 0.0 0.0 0.0 0.0 0.0 0.0 230.0 247.0 255.0 47.3731407561 -42.0614749164 53.3041687764 9.00844087262 
0.0 0.0 0.0 0.0 0.0 0.0 0.0 0.0 0.0 0.0 0.0 0.0 230.0 247.0 255.0 100.0 -33.0530340438 36.1753114364 -25.6473284189 
0.0 0.0 0.0 0.0 0.0 0.0 0.0 0.0 0.0 0.0 0.0 0.0 230.0 247.0 255.0 100.0 -58.7003624627 -39.7696692332 12.6265823093 
0.0 0.0 0.0 0.0 0.0 0.0 0.0 0.0 0.0 0.0 0.0 0.0 230.0 247.0 255.0 60.2303307668 -46.0737801535 -18.0812981479 -16.3900621519 
0.0 0.0 0.0 0.0 0.0 0.0 0.0 0.0 0.0 0.0 0.0 0.0 230.0 247.0 255.0 42.1490326189 -62.4638423053 -30.1485318952 30.3813873111 
0.0 0.0 0.0 0.0 0.0 0.0 0.0 0.0 0.0 0.0 0.0 0.0 230.0 247.0 255.0 12.0005007237 -32.0824549943 10.2780297655 -4.73201425295 
0.0 0.0 0.0 0.0 0.0 0.0 0.0 0.0 0.0 0.0 0.0 0.0 230.0 247.0 255.0 22.2785304892 -36.8144692472 15.1497448575 11.5746361112 
0.0 0.0 0.0 0.0 0.0 0.0 0.0 0.0 0.0 0.0 0.0 0.0 230.0 247.0 255.0 37.4282753467 -25.239833136 13.0318501624 63.7326471027 
0.0 0.0 0.0 0.0 0.0 0.0 0.0 0.0 0.0 0.0 0.0 0.0 230.0 247.0 255.0 50.4601255091 38.4928139667 -2.54565610952 -15.4463064804 
0.0 0.0 0.0 0.0 0.0 0.0 0.0 0.0 0.0 0.0 0.0 0.0 230.0 247.0 255.0 47.9144693996 23.0465074863 -23.5899883639 -50.4791399535 
0.0 0.0 0.0 0.0 0.0 0.0 0.0 0.0 0.0 0.0 0.0 0.0 230.0 247.0 255.0 24.3244810356 -27.4326324673 -4.48082818489 0.165075423147 
0.0 0.0 0.0 0.0 0.0 0.0 0.0 0.0 0.0 0.0 0.0 0.0 230.0 247.0 255.0 19.8436528508 -27.2675570441 -58.9324842222 -13.3625633933 
0.0 0.0 0.0 0.0 0.0 0.0 0.0 0.0 0.0 0.0 0.0 0.0 230.0 247.0 255.0 -39.0888313715 -40.6301204374 -53.898715271 17.0201497397 
0.0 0.0 0.0 0.0 0.0 0.0 0.0 0.0 0.0 0.0 0.0 0.0 230.0 247.0 255.0 -92.9875466425 -23.6099706977 4.09417637684 23.9824191175 
0.0 0.0 0.0 0.0 0.0 0.0 0.0 0.0 0.0 0.0 0.0 0.0 230.0 247.0 255.0 -88.8933702656 0.372448419787 -5.47000883728 5.94780533554 
0.0 0.0 0.0 0.0 0.0 0.0 0.0 0.0 0.0 0.0 0.0 0.0 230.0 247.0 255.0 -94.3633791029 6.32025375533 13.3087399434 19.1688536081 
0.0 0.0 0.0 0.0 0.0 0.0 0.0 0.0 0.0 0.0 0.0 0.0 230.0 247.0 255.0 -81.0546391596 25.4891073635 12.4629199901 39.8766654933 
0.0 0.0 0.0 0.0 0.0 0.0 0.0 0.0 0.0 0.0 0.0 0.0 230.0 247.0 255.0 -68.5917191694 65.3657728567 3.86867645338 34.117189483 
0.0 0.0 0.0 0.0 0.0 0.0 0.0 0.0 0.0 0.0 0.0 0.0 230.0 247.0 255.0 -64.7230427161 99.4829623397 -6.3344763786 19.8750659037 
0.0 0.0 0.0 0.0 0.0 0.0 0.0 0.0 0.0 0.0 0.0 0.0 230.0 247.0 255.0 -71.0575190947 100.0 49.8053572929 2.29470327138 
0.0 0.0 0.0 0.0 0.0 0.0 0.0 0.0 0.0 0.0 0.0 0.0 230.0 247.0 255.0 -21.2521618018 100.0 17.2342735862 0.349819594553 
0.0 0.0 0.0 0.0 0.0 0.0 0.0 0.0 0.0 0.0 0.0 0.0 230.0 247.0 255.0 -4.01788821556 100.0 0.752379417166 10.2904289043 
0.0 0.0 0.0 0.0 0.0 0.0 0.0 0.0 0.0 0.0 0.0 0.0 230.0 247.0 255.0 -3.26550879839 100.0 6.86270296203 58.0751408279 
0.0 0.0 0.0 0.0 0.0 0.0 0.0 0.0 0.0 0.0 0.0 0.0 230.0 247.0 255.0 3.59719416364 100.0 -36.8817799359 -28.1217975562 
0.0 0.0 0.0 0.0 0.0 0.0 0.0 0.0 0.0 0.0 0.0 0.0 230.0 247.0 255.0 -33.2845857722 71.8782024438 -35.1733146164 26.3851975624 
0.0 0.0 0.0 0.0 0.0 0.0 0.0 0.0 0.0 0.0 0.0 0.0 230.0 247.0 255.0 -68.4579003886 98.2634000062 -36.7820807108 15.868149463 
0.0 0.0 0.0 0.0 0.0 0.0 0.0 0.0 0.0 0.0 0.0 0.0 230.0 247.0 255.0 -100.0 100.0 -60.168240295 25.6337871728 
0.0 0.0 0.0 0.0 0.0 0.0 0.0 0.0 0.0 0.0 0.0 0.0 230.0 247.0 255.0 -100.0 100.0 -61.644526458 19.0701651476 
0.0 0.0 0.0 0.0 0.0 0.0 0.0 0.0 0.0 0.0 0.0 0.0 230.0 247.0 255.0 -100.0 100.0 21.8144694047 -28.5532006222 
0.0 0.0 0.0 0.0 0.0 0.0 0.0 0.0 0.0 0.0 0.0 0.0 230.0 247.0 255.0 -78.1855305953 71.4467993778 -0.512489408996 47.593996675 
0.0 0.0 0.0 0.0 0.0 0.0 0.0 0.0 0.0 0.0 0.0 0.0 230.0 247.0 255.0 -78.6980200043 100.0 13.8586383114 40.8773421207 
0.0 0.0 0.0 0.0 0.0 0.0 0.0 0.0 0.0 0.0 0.0 0.0 230.0 247.0 255.0 -64.8393816928 100.0 -70.7839276038 -13.1481709632 
0.0 0.0 0.0 0.0 0.0 0.0 0.0 0.0 0.0 0.0 0.0 0.0 230.0 247.0 255.0 -100.0 86.8518290368 34.8007053379 5.3500372894 
0.0 0.0 0.0 0.0 0.0 0.0 0.0 0.0 0.0 0.0 0.0 0.0 230.0 247.0 255.0 -65.1992946621 92.2018663262 57.0280721608 -53.3181714395 
0.0 0.0 0.0 0.0 0.0 0.0 0.0 0.0 0.0 0.0 0.0 0.0 230.0 247.0 255.0 -8.17122250132 38.8836948867 -0.743255339916 -22.6882278076 
0.0 0.0 0.0 0.0 0.0 0.0 0.0 0.0 0.0 0.0 0.0 0.0 230.0 247.0 255.0 -8.91447784123 16.195467079 -3.64957400932 7.71570866963 
0.0 0.0 0.0 0.0 0.0 0.0 0.0 0.0 0.0 0.0 0.0 0.0 230.0 247.0 255.0 -12.5640518506 23.9111757487 -18.7799262045 31.5165259914 
0.0 0.0 0.0 0.0 0.0 0.0 0.0 0.0 0.0 0.0 0.0 0.0 230.0 247.0 255.0 -31.343978055 55.4277017401 8.44945550091 47.1824330599 
0.0 0.0 0.0 0.0 0.0 0.0 0.0 0.0 0.0 0.0 0.0 0.0 230.0 247.0 255.0 -22.8945225541 100.0 -44.9009456213 51.0978733906 
# HEADER 2
0.0 0.0 0.0 0.0 0.0 0.0 0.0 0.0 0.0 0.0 0.0 0.0 230.0 247.0 255.0 0 0 71.5505659252 27.2021412987 
0.0 0.0 0.0 0.0 0.0 0.0 0.0 0.0 0.0 0.0 0.0 0.0 230.0 247.0 255.0 71.5505659252 27.2021412987 2.34594568531 12.5268045181 
0.0 0.0 0.0 0.0 0.0 0.0 0.0 0.0 0.0 0.0 0.0 0.0 230.0 247.0 255.0 73.8965116105 39.7289458168 -11.8397390357 -22.8513532136 
0.0 0.0 0.0 0.0 0.0 0.0 0.0 0.0 0.0 0.0 0.0 0.0 230.0 247.0 255.0 62.0567725748 16.8775926032 0.198812189296 34.6327436409 
0.0 0.0 0.0 0.0 0.0 0.0 0.0 0.0 0.0 0.0 0.0 0.0 230.0 247.0 255.0 62.2555847641 51.5103362441 -12.6811235218 44.576356919 
0.0 0.0 0.0 0.0 0.0 0.0 0.0 0.0 0.0 0.0 0.0 0.0 230.0 247.0 255.0 49.5744612423 96.0866931631 -34.031646294 -24.4610917881 
0.0 0.0 0.0 0.0 0.0 0.0 0.0 0.0 0.0 0.0 0.0 0.0 230.0 247.0 255.0 15.5428149483 71.6256013751 -30.8839562171 -18.2107608372 
0.0 0.0 0.0 0.0 0.0 0.0 0.0 0.0 0.0 0.0 0.0 0.0 230.0 247.0 255.0 -15.3411412687 53.4148405379 -4.54026484315 -30.3325698407 
0.0 0.0 0.0 0.0 0.0 0.0 0.0 0.0 0.0 0.0 0.0 0.0 230.0 247.0 255.0 -19.8814061119 23.0822706972 6.97896328381 -2.04917219306 
0.0 0.0 0.0 0.0 0.0 0.0 0.0 0.0 0.0 0.0 0.0 0.0 230.0 247.0 255.0 -12.9024428281 21.0330985041 50.7518386629 31.2279914794 
0.0 0.0 0.0 0.0 0.0 0.0 0.0 0.0 0.0 0.0 0.0 0.0 230.0 247.0 255.0 37.8493958348 52.2610899835 -10.5980437201 5.35004664118 
0.0 0.0 0.0 0.0 0.0 0.0 0.0 0.0 0.0 0.0 0.0 0.0 230.0 247.0 255.0 27.2513521147 57.6111366247 -16.3798775256 -28.1271124084 
0.0 0.0 0.0 0.0 0.0 0.0 0.0 0.0 0.0 0.0 0.0 0.0 230.0 247.0 255.0 10.8714745891 29.4840242163 -8.24616088218 -18.0829017971 
0.0 0.0 0.0 0.0 0.0 0.0 0.0 0.0 0.0 0.0 0.0 0.0 230.0 247.0 255.0 2.6253137069 11.4011224193 -17.0285263816 59.8297061832 
0.0 0.0 0.0 0.0 0.0 0.0 0.0 0.0 0.0 0.0 0.0 0.0 230.0 247.0 255.0 -14.4032126747 71.2308286025 -29.8155022579 32.7315399492 
0.0 0.0 0.0 0.0 0.0 0.0 0.0 0.0 0.0 0.0 0.0 0.0 230.0 247.0 255.0 -44.2187149326 100.0 -3.43682117584 54.8777104852 
0.0 0.0 0.0 0.0 0.0 0.0 0.0 0.0 0.0 0.0 0.0 0.0 230.0 247.0 255.0 -47.6555361084 100.0 -9.58845371235 3.69500748571 
0.0 0.0 0.0 0.0 0.0 0.0 0.0 0.0 0.0 0.0 0.0 0.0 230.0 247.0 255.0 -57.2439898208 100.0 -16.1446198628 10.7293475417 
0.0 0.0 0.0 0.0 0.0 0.0 0.0 0.0 0.0 0.0 0.0 0.0 230.0 247.0 255.0 -73.3886096836 100.0 17.8681440009 40.2033719152 
0.0 0.0 0.0 0.0 0.0 0.0 0.0 0.0 0.0 0.0 0.0 0.0 230.0 247.0 255.0 -55.5204656827 100.0 5.86318148276 73.5533057986 
0.0 0.0 0.0 0.0 0.0 0.0 0.0 0.0 0.0 0.0 0.0 0.0 230.0 247.0 255.0 -49.6572841999 100.0 3.27381170341 1.78894732196 
0.0 0.0 0.0 0.0 0.0 0.0 0.0 0.0 0.0 0.0 0.0 0.0 230.0 247.0 255.0 -46.3834724965 100.0 -22.0930832802 -41.7820621517 
0.0 0.0 0.0 0.0 0.0 0.0 0.0 0.0 0.0 0.0 0.0 0.0 230.0 247.0 255.0 -68.4765557767 58.2179378483 5.30689739827 25.6849227141 
0.0 0.0 0.0 0.0 0.0 0.0 0.0 0.0 0.0 0.0 0.0 0.0 230.0 247.0 255.0 -63.1696583784 83.9028605624 -4.37521452832 6.41034357526 
0.0 0.0 0.0 0.0 0.0 0.0 0.0 0.0 0.0 0.0 0.0 0.0 230.0 247.0 255.0 -67.5448729068 90.3132041377 1.05567937403 57.8153514391 
0.0 0.0 0.0 0.0 0.0 0.0 0.0 0.0 0.0 0.0 0.0 0.0 230.0 247.0 255.0 -66.4891935327 100.0 -40.6695710344 81.7612345995 
0.0 0.0 0.0 0.0 0.0 0.0 0.0 0.0 0.0 0.0 0.0 0.0 230.0 247.0 255.0 -100.0 100.0 52.6275373911 42.5955229768 
0.0 0.0 0.0 0.0 0.0 0.0 0.0 0.0 0.0 0.0 0.0 0.0 230.0 247.0 255.0 -47.3724626089 100.0 -3.45667191704 39.0898421425 
0.0 0.0 0.0 0.0 0.0 0.0 0.0 0.0 0.0 0.0 0.0 0.0 230.0 247.0 255.0 -50.829134526 100.0 12.6498820617 -62.5918539847 
0.0 0.0 0.0 0.0 0.0 0.0 0.0 0.0 0.0 0.0 0.0 0.0 230.0 247.0 255.0 -38.1792524643 37.4081460153 5.41537082152 63.4283494877 
0.0 0.0 0.0 0.0 0.0 0.0 0.0 0.0 0.0 0.0 0.0 0.0 230.0 247.0 255.0 -32.7638816427 100.0 -5.28929643327 10.8416299328 
0.0 0.0 0.0 0.0 0.0 0.0 0.0 0.0 0.0 0.0 0.0 0.0 230.0 247.0 255.0 -38.053178076 100.0 6.26212407092 4.61222168743 
0.0 0.0 0.0 0.0 0.0 0.0 0.0 0.0 0.0 0.0 0.0 0.0 230.0 247.0 255.0 -31.7910540051 100.0 40.3997661518 -59.1215694461 
0.0 0.0 0.0 0.0 0.0 0.0 0.0 0.0 0.0 0.0 0.0 0.0 230.0 247.0 255.0 8.60871214676 40.8784305539 4.69331181297 6.3237096725 
0.0 0.0 0.0 0.0 0.0 0.0 0.0 0.0 0.0 0.0 0.0 0.0 230.0 247.0 255.0 13.3020239597 47.2021402264 51.1567298269 6.62682815435 
0.0 0.0 0.0 0.0 0.0 0.0 0.0 0.0 0.0 0.0 0.0 0.0 230.0 247.0 255.0 64.4587537867 53.8289683808 -3.26083363355 -4.86321968477 
0.0 0.0 0.0 0.0 0.0 0.0 0.0 0.0 0.0 0.0 0.0 0.0 230.0 247.0 255.0 61.1979201531 48.965748696 1.96967865852 -59.2436730656 
0.0 0.0 0.0 0.0 0.0 0.0 0.0 0.0 0.0 0.0 0.0 0.0 230.0 247.0 255.0 63.1675988116 -10.2779243696 -55.6137327901 -3.80785251177 
0.0 0.0 0.0 0.0 0.0 0.0 0.0 0.0 0.0 0.0 0.0 0.0 230.0 247.0 255.0 7.55386602151 -14.0857768813 12.3154701456 19.7170578336 
0.0 0.0 0.0 0.0 0.0 0.0 0.0 0.0 0.0 0.0 0.0 0.0 230.0 247.0 255.0 19.8693361671 5.63128095222 15.0459726946 50.6604585572 
0.0 0.0 0.0 0.0 0.0 0.0 0.0 0.0 0.0 0.0 0.0 0.0 230.0 247.0 255.0 34.9153088617 56.2917395095 35.6193498463 -21.679152242 
0.0 0.0 0.0 0.0 0.0 0.0 0.0 0.0 0.0 0.0 0.0 0.0 230.0 247.0 255.0 70.534658708 34.6125872675 31.0315885952 -17.0708342335 
0.0 0.0 0.0 0.0 0.0 0.0 0.0 0.0 0.0 0.0 0.0 0.0 230.0 247.0 255.0 100.0 17.5417530341 11.5840052963 38.17202652 
0.0 0.0 0.0 0.0 0.0 0.0 0.0 0.0 0.0 0.0 0.0 0.0 230.0 247.0 255.0 100.0 55.7137795541 19.703048323 -27.3978530516 
0.0 0.0 0.0 0.0 0.0 0.0 0.0 0.0 0.0 0.0 0.0 0.0 230.0 247.0 255.0 100.0 28.3159265025 9.85985110165 -30.1102364657 
0.0 0.0 0.0 0.0 0.0 0.0 0.0 0.0 0.0 0.0 0.0 0.0 230.0 247.0 255.0 100.0 -1.79430996318 11.3286135935 12.4865020245 
0.0 0.0 0.0 0.0 0.0 0.0 0.0 0.0 0.0 0.0 0.0 0.0 230.0 247.0 255.0 100.0 10.6921920613 64.4822146907 25.6018661501 
0.0 0.0 0.0 0.0 0.0 0.0 0.0 0.0 0.0 0.0 0.0 0.0 230.0 247.0 255.0 100.0 36.2940582114 22.8202226202 0.273373384417 
0.0 0.0 0.0 0.0 0.0 0.0 0.0 0.0 0.0 0.0 0.0 0.0 230.0 247.0 255.0 100.0 36.5674315958 19.3458721711 -29.2515557264 
0.0 0.0 0.0 0.0 0.0 0.0 0.0 0.0 0.0 0.0 0.0 0.0 230.0 247.0 255.0 100.0 7.31587586943 13.8840412446 65.7048438158 
0.0 0.0 0.0 0.0 0.0 0.0 0.0 0.0 0.0 0.0 0.0 0.0 230.0 247.0 255.0 100.0 73.0207196852 6.21510444487 35.5619981441 
0.0 0.0 0.0 0.0 0.0 0.0 0.0 0.0 0.0 0.0 0.0 0.0 230.0 247.0 255.0 100.0 100.0 -36.4901507122 -71.791751185 
0.0 0.0 0.0 0.0 0.0 0.0 0.0 0.0 0.0 0.0 0.0 0.0 230.0 247.0 255.0 63.5098492878 28.208248815 -5.64115172887 -42.8820046146 
0.0 0.0 0.0 0.0 0.0 0.0 0.0 0.0 0.0 0.0 0.0 0.0 230.0 247.0 255.0 57.8686975589 -14.6737557996 41.7096911375 -17.5724316621 
0.0 0.0 0.0 0.0 0.0 0.0 0.0 0.0 0.0 0.0 0.0 0.0 230.0 247.0 255.0 99.5783886965 -32.2461874617 6.91520378463 -34.0442888733 
0.0 0.0 0.0 0.0 0.0 0.0 0.0 0.0 0.0 0.0 0.0 0.0 230.0 247.0 255.0 100.0 -66.290476335 -34.3633306749 -33.7771846457 
0.0 0.0 0.0 0.0 0.0 0.0 0.0 0.0 0.0 0.0 0.0 0.0 230.0 247.0 255.0 65.6366693251 -100.0 -18.1440978206 -1.31560323854 
0.0 0.0 0.0 0.0 0.0 0.0 0.0 0.0 0.0 0.0 0.0 0.0 230.0 247.0 255.0 47.4925715045 -100.0 -36.2987233454 -57.9774806446 
0.0 0.0 0.0 0.0 0.0 0.0 0.0 0.0 0.0 0.0 0.0 0.0 230.0 247.0 255.0 11.1938481592 -100.0 45.638415556 -23.1618479314 
0.0 0.0 0.0 0.0 0.0 0.0 0.0 0.0 0.0 0.0 0.0 0.0 230.0 247.0 255.0 56.8322637152 -100.0 -11.3350668647 -44.0250089071 
0.0 0.0 0.0 0.0 0.0 0.0 0.0 0.0 0.0 0.0 0.0 0.0 230.0 247.0 255.0 45.4971968505 -100.0 35.6858645914 -3.43085832809 
0.0 0.0 0.0 0.0 0.0 0.0 0.0 0.0 0.0 0.0 0.0 0.0 230.0 247.0 255.0 81.1830614419 -100.0 -3.77141721872 -24.084838357 
0.0 0.0 0.0 0.0 0.0 0.0 0.0 0.0 0.0 0.0 0.0 0.0 230.0 247.0 255.0 77.4116442232 -100.0 -24.868015369 -13.7415496646 
0.0 0.0 0.0 0.0 0.0 0.0 0.0 0.0 0.0 0.0 0.0 0.0 230.0 247.0 255.0 52.5436288542 -100.0 37.5613232813 61.2389998746 
0.0 0.0 0.0 0.0 0.0 0.0 0.0 0.0 0.0 0.0 0.0 0.0 230.0 247.0 255.0 90.1049521355 -38.7610001254 -30.5787684912 -19.4207892741 
0.0 0.0 0.0 0.0 0.0 0.0 0.0 0.0 0.0 0.0 0.0 0.0 230.0 247.0 255.0 59.5261836443 -58.1817893995 28.7421976365 -32.7203911981 
0.0 0.0 0.0 0.0 0.0 0.0 0.0 0.0 0.0 0.0 0.0 0.0 230.0 247.0 255.0 88.2683812808 -90.9021805976 -62.4546956706 23.5681073977 
0.0 0.0 0.0 0.0 0.0 0.0 0.0 0.0 0.0 0.0 0.0 0.0 230.0 247.0 255.0 25.8136856102 -67.3340731999 45.6043464487 -55.8009736774 
0.0 0.0 0.0 0.0 0.0 0.0 0.0 0.0 0.0 0.0 0.0 0.0 230.0 247.0 255.0 71.418032059 -100.0 -15.0300707528 27.940917786 
0.0 0.0 0.0 0.0 0.0 0.0 0.0 0.0 0.0 0.0 0.0 0.0 230.0 247.0 255.0 56.3879613062 -72.059082214 26.1844919466 25.3703651673 
0.0 0.0 0.0 0.0 0.0 0.0 0.0 0.0 0.0 0.0 0.0 0.0 230.0 247.0 255.0 82.5724532528 -46.6887170467 -0.563844412949 27.6088891891 
0.0 0.0 0.0 0.0 0.0 0.0 0.0 0.0 0.0 0.0 0.0 0.0 230.0 247.0 255.0 82.0086088398 -19.0798278576 -25.7042198003 0.879292350908 
0.0 0.0 0.0 0.0 0.0 0.0 0.0 0.0 0.0 0.0 0.0 0.0 230.0 247.0 255.0 56.3043890395 -18.2005355067 -32.4586804003 2.36847458903 
0.0 0.0 0.0 0.0 0.0 0.0 0.0 0.0 0.0 0.0 0.0 0.0 230.0 247.0 255.0 23.8457086392 -15.8320609177 80.5206424143 22.9808341669 
0.0 0.0 0.0 0.0 0.0 0.0 0.0 0.0 0.0 0.0 0.0 0.0 230.0 247.0 255.0 100.0 7.14877324923 -35.4542374531 -42.4987303758 
0.0 0.0 0.0 0.0 0.0 0.0 0.0 0.0 0.0 0.0 0.0 0.0 230.0 247.0 255.0 64.5457625469 -35.3499571266 -3.03995738562 29.3121910497 
0.0 0.0 0.0 0.0 0.0 0.0 0.0 0.0 0.0 0.0 0.0 0.0 230.0 247.0 255.0 61.5058051613 -6.03776607686 8.48258419828 5.62203712388 
0.0 0.0 0.0 0.0 0.0 0.0 0.0 0.0 0.0 0.0 0.0 0.0 230.0 247.0 255.0 69.9883893596 -0.415728952973 -1.18936564822 -13.5958420727 
0.0 0.0 0.0 0.0 0.0 0.0 0.0 0.0 0.0 0.0 0.0 0.0 230.0 247.0 255.0 68.7990237113 -14.0115710256 -2.50260350553 10.3452751375 
0.0 0.0 0.0 0.0 0.0 0.0 0.0 0.0 0.0 0.0 0.0 0.0 230.0 247.0 255.0 66.2964202058 -3.66629588819 17.2026287562 -15.6515083207 
0.0 0.0 0.0 0.0 0.0 0.0 0.0 0.0 0.0 0.0 0.0 0.0 230.0 247.0 255.0 83.4990489621 -19.3178042089 13.3985018625 27.3462792637 
0.0 0.0 0.0 0.0 0.0 0.0 0.0 0.0 0.0 0.0 0.0 0.0 230.0 247.0 255.0 96.8975508246 8.02847505478 11.7661723681 10.841741756 
0.0 0.0 0.0 0.0 0.0 0.0 0.0 0.0 0.0 0.0 0.0 0.0 230.0 247.0 255.0 100.0 18.8702168108 -10.8454219589 -6.30916107103 
0.0 0.0 0.0 0.0 0.0 0.0 0.0 0.0 0.0 0.0 0.0 0.0 230.0 247.0 255.0 89.1545780411 12.5610557398 -8.11734269629 -25.969583413 
0.0 0.0 0.0 0.0 0.0 0.0 0.0 0.0 0.0 0.0 0.0 0.0 230.0 247.0 255.0 81.0372353448 -13.4085276732 -65.4060762247 -46.6815643506 
0.0 0.0 0.0 0.0 0.0 0.0 0.0 0.0 0.0 0.0 0.0 0.0 230.0 247.0 255.0 15.6311591201 -60.0900920238 -6.98481558017 -52.1698264353 
0.0 0.0 0.0 0.0 0.0 0.0 0.0 0.0 0.0 0.0 0.0 0.0 230.0 247.0 255.0 8.64634353995 -100.0 -43.0539831884 -12.9121381724 
0.0 0.0 0.0 0.0 0.0 0.0 0.0 0.0 0.0 0.0 0.0 0.0 230.0 247.0 255.0 -34.4076396485 -100.0 10.9282377265 -12.7093866323 
0.0 0.0 0.0 0.0 0.0 0.0 0.0 0.0 0.0 0.0 0.0 0.0 230.0 247.0 255.0 -23.479401922 -100.0 -39.1918777828 -2.64105594434 
0.0 0.0 0.0 0.0 0.0 0.0 0.0 0.0 0.0 0.0 0.0 0.0 230.0 247.0 255.0 -62.6712797048 -100.0 1.63447611801 -4.03667791099 
0.0 0.0 0.0 0.0 0.0 0.0 0.0 0.0 0.0 0.0 0.0 0.0 230.0 247.0 255.0 -61.0368035868 -100.0 -24.118731429 12.8432637385 
0.0 0.0 0.0 0.0 0.0 0.0 0.0 0.0 0.0 0.0 0.0 0.0 230.0 247.0 255.0 -85.1555350158 -87.1567362615 49.8370428648 -42.1699278991 
0.0 0.0 0.0 0.0 0.0 0.0 0.0 0.0 0.0 0.0 0.0 0.0 230.0 247.0 255.0 -35.318492151 -100.0 7.35455813925 6.43791201779 
0.0 0.0 0.0 0.0 0.0 0.0 0.0 0.0 0.0 0.0 0.0 0.0 230.0 247.0 255.0 -27.9639340117 -93.5620879822 -13.5648378904 28.9907106396 
0.0 0.0 0.0 0.0 0.0 0.0 0.0 0.0 0.0 0.0 0.0 0.0 230.0 247.0 255.0 -41.5287719021 -64.5713773426 -25.3602370337 -42.7798595423 
0.0 0.0 0.0 0.0 0.0 0.0 0.0 0.0 0.0 0.0 0.0 0.0 230.0 247.0 255.0 -66.8890089358 -100.0 54.4875554663 49.1803005709 
0.0 0.0 0.0 0.0 0.0 0.0 0.0 0.0 0.0 0.0 0.0 0.0 230.0 247.0 255.0 -12.4014534695 -50.8196994291 -6.04420258197 27.8794029253 
0.0 0.0 0.0 0.0 0.0 0.0 0.0 0.0 0.0 0.0 0.0 0.0 230.0 247.0 255.0 -18.4456560515 -22.9402965038 16.1997906183 17.9943122664 
0.0 0.0 0.0 0.0 0.0 0.0 0.0 0.0 0.0 0.0 0.0 0.0 230.0 247.0 255.0 -2.24586543313 -4.94598423738 -9.63104837869 -22.9961076745 
0.0 0.0 0.0 0.0 0.0 0.0 0.0 0.0 0.0 0.0 0.0 0.0 230.0 247.0 255.0 -11.8769138118 -27.9420919119 32.4696642152 24.4032589654 
0.0 0.0 0.0 0.0 0.0 0.0 0.0 0.0 0.0 0.0 0.0 0.0 230.0 247.0 255.0 20.5927504034 -3.53883294644 19.6883716301 4.47131342445 
0.0 0.0 0.0 0.0 0.0 0.0 0.0 0.0 0.0 0.0 0.0 0.0 230.0 247.0 255.0 40.2811220335 0.932480478011 20.3003731898 35.7107062878 
0.0 0.0 0.0 0.0 0.0 0.0 0.0 0.0 0.0 0.0 0.0 0.0 230.0 247.0 255.0 60.5814952233 36.6431867658 -9.19113180918 23.6158272129 
0.0 0.0 0.0 0.0 0.0 0.0 0.0 0.0 0.0 0.0 0.0 0.0 230.0 247.0 255.0 51.3903634141 60.2590139787 12.6582517942 42.841374365 
0.0 0.0 0.0 0.0 0.0 0.0 0.0 0.0 0.0 0.0 0.0 0.0 230.0 247.0 255.0 64.0486152083 100.0 -11.1330187231 32.5459668576 
0.0 0.0 0.0 0.0 0.0 0.0 0.0 0.0 0.0 0.0 0.0 0.0 230.0 247.0 255.0 52.9155964852 100.0 -45.9896476302 -6.41063857279 
0.0 0.0 0.0 0.0 0.0 0.0 0.0 0.0 0.0 0.0 0.0 0.0 230.0 247.0 255.0 6.92594885503 93.5893614272 24.930364623 5.40117667477 
0.0 0.0 0.0 0.0 0.0 0.0 0.0 0.0 0.0 0.0 0.0 0.0 230.0 247.0 255.0 31.8563134781 98.990538102 8.4362535715 0.395279203987 
0.0 0.0 0.0 0.0 0.0 0.0 0.0 0.0 0.0 0.0 0.0 0.0 230.0 247.0 255.0 40.2925670496 99.385817306 -39.3407291399 -18.4610838348 
0.0 0.0 0.0 0.0 0.0 0.0 0.0 0.0 0.0 0.0 0.0 0.0 230.0 247.0 255.0 0.951837909625 80.9247334712 -16.4410945003 20.9016388931 
0.0 0.0 0.0 0.0 0.0 0.0 0.0 0.0 0.0 0.0 0.0 0.0 230.0 247.0 255.0 -15.4892565906 100.0 -13.6710752504 45.0935628372 
0.0 0.0 0.0 0.0 0.0 0.0 0.0 0.0 0.0 0.0 0.0 0.0 230.0 247.0 255.0 -29.160331841 100.0 -31.1242716974 -55.6682720025 
0.0 0.0 0.0 0.0 0.0 0.0 0.0 0.0 0.0 0.0 0.0 0.0 230.0 247.0 255.0 -60.2846035384 44.3317279975 3.77663719098 -52.2118177561 
0.0 0.0 0.0 0.0 0.0 0.0 0.0 0.0 0.0 0.0 0.0 0.0 230.0 247.0 255.0 -56.5079663474 -7.88008975863 12.4013419032 6.86200364482 
0.0 0.0 0.0 0.0 0.0 0.0 0.0 0.0 0.0 0.0 0.0 0.0 230.0 247.0 255.0 -44.1066244442 -1.01808611381 -26.4715331714 -37.5718820231 
0.0 0.0 0.0 0.0 0.0 0.0 0.0 0.0 0.0 0.0 0.0 0.0 230.0 247.0 255.0 -70.5781576157 -38.5899681369 21.0986513511 -37.299573437 
0.0 0.0 0.0 0.0 0.0 0.0 0.0 0.0 0.0 0.0 0.0 0.0 230.0 247.0 255.0 -49.4795062645 -75.8895415739 -35.8363489906 -59.1409057796 
0.0 0.0 0.0 0.0 0.0 0.0 0.0 0.0 0.0 0.0 0.0 0.0 230.0 247.0 255.0 -85.3158552552 -100.0 19.4109769074 19.6042227535 
0.0 0.0 0.0 0.0 0.0 0.0 0.0 0.0 0.0 0.0 0.0 0.0 230.0 247.0 255.0 -65.9048783477 -80.3957772465 -20.6426872898 35.6874346367 
0.0 0.0 0.0 0.0 0.0 0.0 0.0 0.0 0.0 0.0 0.0 0.0 230.0 247.0 255.0 -86.5475656375 -44.7083426098 -11.5031766487 24.4126005688 
0.0 0.0 0.0 0.0 0.0 0.0 0.0 0.0 0.0 0.0 0.0 0.0 230.0 247.0 255.0 -98.0507422862 -20.295742041 -8.54440099486 8.92341621184 
0.0 0.0 0.0 0.0 0.0 0.0 0.0 0.0 0.0 0.0 0.0 0.0 230.0 247.0 255.0 -100.0 -11.3723258292 53.5689657675 30.5341069933 
0.0 0.0 0.0 0.0 0.0 0.0 0.0 0.0 0.0 0.0 0.0 0.0 230.0 247.0 255.0 -46.4310342325 19.1617811641 -7.84906641782 23.5799390125 
0.0 0.0 0.0 0.0 0.0 0.0 0.0 0.0 0.0 0.0 0.0 0.0 230.0 247.0 255.0 -54.2801006503 42.7417201765 16.100306225 4.79032361454 
0.0 0.0 0.0 0.0 0.0 0.0 0.0 0.0 0.0 0.0 0.0 0.0 230.0 247.0 255.0 -38.1797944253 47.5320437911 -2.21047701578 63.3774982882 
0.0 0.0 0.0 0.0 0.0 0.0 0.0 0.0 0.0 0.0 0.0 0.0 230.0 247.0 255.0 -40.3902714411 100.0 0.768892735852 22.402147867 
0.0 0.0 0.0 0.0 0.0 0.0 0.0 0.0 0.0 0.0 0.0 0.0 230.0 247.0 255.0 -39.6213787052 100.0 -7.23820520003 32.8511795768 
0.0 0.0 0.0 0.0 0.0 0.0 0.0 0.0 0.0 0.0 0.0 0.0 230.0 247.0 255.0 -46.8595839053 100.0 18.4022884034 38.7680978167 
0.0 0.0 0.0 0.0 0.0 0.0 0.0 0.0 0.0 0.0 0.0 0.0 230.0 247.0 255.0 -28.4572955019 100.0 -42.303851742 -15.8950921841 
0.0 0.0 0.0 0.0 0.0 0.0 0.0 0.0 0.0 0.0 0.0 0.0 230.0 247.0 255.0 -70.7611472439 84.1049078159 6.09751574444 -45.2452261411 
0.0 0.0 0.0 0.0 0.0 0.0 0.0 0.0 0.0 0.0 0.0 0.0 230.0 247.0 255.0 -64.6636314995 38.8596816748 -64.6731331173 -28.5087833665 
0.0 0.0 0.0 0.0 0.0 0.0 0.0 0.0 0.0 0.0 0.0 0.0 230.0 247.0 255.0 -100.0 10.3508983083 -6.85624043182 -44.7105243401 
0.0 0.0 0.0 0.0 0.0 0.0 0.0 0.0 0.0 0.0 0.0 0.0 230.0 247.0 255.0 -100.0 -34.3596260318 -10.5952840202 3.62946591127 
0.0 0.0 0.0 0.0 0.0 0.0 0.0 0.0 0.0 0.0 0.0 0.0 230.0 247.0 255.0 -100.0 -30.7301601205 20.333668355 49.6786632165 
0.0 0.0 0.0 0.0 0.0 0.0 0.0 0.0 0.0 0.0 0.0 0.0 230.0 247.0 255.0 -79.666331645 18.948503096 24.8900901317 -6.17844133044 
0.0 0.0 0.0 0.0 0.0 0.0 0.0 0.0 0.0 0.0 0.0 0.0 230.0 247.0 255.0 -54.7762415133 12.7700617655 42.836913026 44.0212785993 
0.0 0.0 0.0 0.0 0.0 0.0 0.0 0.0 0.0 0.0 0.0 0.0 230.0 247.0 255.0 -11.9393284873 56.7913403648 -5.29414407531 21.286105707 
0.0 0.0 0.0 0.0 0.0 0.0 0.0 0.0 0.0 0.0 0.0 0.0 230.0 247.0 255.0 -17.2334725626 78.0774460718 -21.8618257386 -9.54576708277 
0.0 0.0 0.0 0.0 0.0 0.0 0.0 0.0 0.0 0.0 0.0 0.0 230.0 247.0 255.0 -39.0952983012 68.5316789891 -50.5123480505 43.282931848 
0.0 0.0 0.0 0.0 0.0 0.0 0.0 0.0 0.0 0.0 0.0 0.0 230.0 247.0 255.0 -89.6076463518 100.0 -19.0688259592 -10.5995307563 
0.0 0.0 0.0 0.0 0.0 0.0 0.0 0.0 0.0 0.0 0.0 0.0 230.0 247.0 255.0 -100.0 89.4004692437 -36.7920856601 21.283913483 
0.0 0.0 0.0 0.0 0.0 0.0 0.0 0.0 0.0 0.0 0.0 0.0 230.0 247.0 255.0 -100.0 100.0 -51.1206693445 -6.90326686397 
0.0 0.0 0.0 0.0 0.0 0.0 0.0 0.0 0.0 0.0 0.0 0.0 230.0 247.0 255.0 -100.0 93.096733136 12.2789889322 46.7588284232 
0.0 0.0 0.0 0.0 0.0 0.0 0.0 0.0 0.0 0.0 0.0 0.0 230.0 247.0 255.0 -87.7210110678 100.0 -16.0142381775 -63.3065501917 
0.0 0.0 0.0 0.0 0.0 0.0 0.0 0.0 0.0 0.0 0.0 0.0 230.0 247.0 255.0 -100.0 36.6934498083 -5.06566208336 6.68670141536 
0.0 0.0 0.0 0.0 0.0 0.0 0.0 0.0 0.0 0.0 0.0 0.0 230.0 247.0 255.0 -100.0 43.3801512236 -21.8208080448 8.9802300989 
0.0 0.0 0.0 0.0 0.0 0.0 0.0 0.0 0.0 0.0 0.0 0.0 230.0 247.0 255.0 -100.0 52.3603813225 42.4158805398 27.1748770744 
0.0 0.0 0.0 0.0 0.0 0.0 0.0 0.0 0.0 0.0 0.0 0.0 230.0 247.0 255.0 -57.5841194602 79.5352583969 -86.334158227 31.2801233779 
0.0 0.0 0.0 0.0 0.0 0.0 0.0 0.0 0.0 0.0 0.0 0.0 230.0 247.0 255.0 -100.0 100.0 26.5746713655 0.785116949227 
0.0 0.0 0.0 0.0 0.0 0.0 0.0 0.0 0.0 0.0 0.0 0.0 230.0 247.0 255.0 -73.4253286345 100.0 -28.9551576391 38.8020946008 
0.0 0.0 0.0 0.0 0.0 0.0 0.0 0.0 0.0 0.0 0.0 0.0 230.0 247.0 255.0 -100.0 100.0 -6.81885300167 -19.0486487287 
0.0 0.0 0.0 0.0 0.0 0.0 0.0 0.0 0.0 0.0 0.0 0.0 230.0 247.0 255.0 -100.0 80.9513512713 -5.86229665117 21.1903244553 
0.0 0.0 0.0 0.0 0.0 0.0 0.0 0.0 0.0 0.0 0.0 0.0 230.0 247.0 255.0 -100.0 100.0 23.9687047256 2.51383356041 
0.0 0.0 0.0 0.0 0.0 0.0 0.0 0.0 0.0 0.0 0.0 0.0 230.0 247.0 255.0 -76.0312952744 100.0 -7.9490389039 14.6263522105 
0.0 0.0 0.0 0.0 0.0 0.0 0.0 0.0 0.0 0.0 0.0 0.0 230.0 247.0 255.0 -83.9803341783 100.0 11.1860701135 11.8977567358 
0.0 0.0 0.0 0.0 0.0 0.0 0.0 0.0 0.0 0.0 0.0 0.0 230.0 247.0 255.0 -72.7942640648 100.0 43.791432205 71.0088740263 
0.0 0.0 0.0 0.0 0.0 0.0 0.0 0.0 0.0 0.0 0.0 0.0 230.0 247.0 255.0 -29.0028318598 100.0 8.6054557212 17.6233324626 
0.0 0.0 0.0 0.0 0.0 0.0 0.0 0.0 0.0 0.0 0.0 0.0 230.0 247.0 255.0 -20.3973761386 100.0 -60.8374062262 -39.2215944676 
0.0 0.0 0.0 0.0 0.0 0.0 0.0 0.0 0.0 0.0 0.0 0.0 230.0 247.0 255.0 -81.2347823648 60.7784055324 11.0439816961 -74.5431586567 
0.0 0.0 0.0 0.0 0.0 0.0 0.0 0.0 0.0 0.0 0.0 0.0 230.0 247.0 255.0 -70.1908006687 -13.7647531243 -7.33121123654 52.5156270645 
0.0 0.0 0.0 0.0 0.0 0.0 0.0 0.0 0.0 0.0 0.0 0.0 230.0 247.0 255.0 -77.5220119052 38.7508739402 -48.9594840818 -10.2206441053 
0.0 0.0 0.0 0.0 0.0 0.0 0.0 0.0 0.0 0.0 0.0 0.0 230.0 247.0 255.0 -100.0 28.5302298348 -9.77265190218 10.0323620562 
0.0 0.0 0.0 0.0 0.0 0.0 0.0 0.0 0.0 0.0 0.0 0.0 230.0 247.0 255.0 -100.0 38.562591891 6.9701706175 14.3347742008 
0.0 0.0 0.0 0.0 0.0 0.0 0.0 0.0 0.0 0.0 0.0 0.0 230.0 247.0 255.0 -93.0298293825 52.8973660918 34.8891878021 -33.7559862803 
0.0 0.0 0.0 0.0 0.0 0.0 0.0 0.0 0.0 0.0 0.0 0.0 230.0 247.0 255.0 -58.1406415804 19.1413798116 31.6966585866 -35.4761566876 
0.0 0.0 0.0 0.0 0.0 0.0 0.0 0.0 0.0 0.0 0.0 0.0 230.0 247.0 255.0 -26.4439829937 -16.3347768761 37.3721523433 0.740237678011 
0.0 0.0 0.0 0.0 0.0 0.0 0.0 0.0 0.0 0.0 0.0 0.0 230.0 247.0 255.0 10.9281693496 -15.5945391981 22.0303110616 -24.3400197685 
0.0 0.0 0.0 0.0 0.0 0.0 0.0 0.0 0.0 0.0 0.0 0.0 230.0 247.0 255.0 32.9584804112 -39.9345589665 32.5256735509 -38.2970392523 
0.0 0.0 0.0 0.0 0.0 0.0 0.0 0.0 0.0 0.0 0.0 0.0 230.0 247.0 255.0 65.4841539621 -78.2315982188 -44.3186070081 2.56470282133 
0.0 0.0 0.0 0.0 0.0 0.0 0.0 0.0 0.0 0.0 0.0 0.0 230.0 247.0 255.0 21.165546954 -75.6668953975 57.7318483576 -48.2043413924 
0.0 0.0 0.0 0.0 0.0 0.0 0.0 0.0 0.0 0.0 0.0 0.0 230.0 247.0 255.0 78.8973953116 -100.0 3.34586416515 -25.4928535377 
0.0 0.0 0.0 0.0 0.0 0.0 0.0 0.0 0.0 0.0 0.0 0.0 230.0 247.0 255.0 82.2432594768 -100.0 5.84244339522 64.6898077862 
0.0 0.0 0.0 0.0 0.0 0.0 0.0 0.0 0.0 0.0 0.0 0.0 230.0 247.0 255.0 88.085702872 -35.3101922138 -21.1539503776 -41.2216602601 
0.0 0.0 0.0 0.0 0.0 0.0 0.0 0.0 0.0 0.0 0.0 0.0 230.0 247.0 255.0 66.9317524944 -76.5318524739 -21.2077971196 -13.6672588165 
0.0 0.0 0.0 0.0 0.0 0.0 0.0 0.0 0.0 0.0 0.0 0.0 230.0 247.0 255.0 45.7239553748 -90.1991112903 -63.1664770341 1.65530983061 
0.0 0.0 0.0 0.0 0.0 0.0 0.0 0.0 0.0 0.0 0.0 0.0 230.0 247.0 255.0 -17.4425216594 -88.5438014597 4.27813202707 3.80553895401 
0.0 0.0 0.0 0.0 0.0 0.0 0.0 0.0 0.0 0.0 0.0 0.0 230.0 247.0 255.0 -13.1643896323 -84.7382625057 -59.5602213551 -27.6710290963 
0.0 0.0 0.0 0.0 0.0 0.0 0.0 0.0 0.0 0.0 0.0 0.0 230.0 247.0 255.0 -72.7246109874 -100.0 -5.39526318967 -34.1178801266 
0.0 0.0 0.0 0.0 0.0 0.0 0.0 0.0 0.0 0.0 0.0 0.0 230.0 247.0 255.0 -78.1198741771 -100.0 6.3732421016 -45.7519381949 
0.0 0.0 0.0 0.0 0.0 0.0 0.0 0.0 0.0 0.0 0.0 0.0 230.0 247.0 255.0 -71.7466320755 -100.0 15.1753427925 -40.5689467736 
0.0 0.0 0.0 0.0 0.0 0.0 0.0 0.0 0.0 0.0 0.0 0.0 230.0 247.0 255.0 -56.571289283 -100.0 11.2852258249 1.58151091147 
0.0 0.0 0.0 0.0 0.0 0.0 0.0 0.0 0.0 0.0 0.0 0.0 230.0 247.0 255.0 -45.2860634581 -98.4184890885 62.9631681773 -23.9829565602 
