nrollouts: 2
# HEADER 1
1.34154453225 0.25114838811 0.0 0.0 0.693496835178 0.0 0.0973608035855 0.0 0.476377737218 1.97740548812 0.0 0.0 230.0 247.0 255.0 0 0 -43.5843441863 51.3604530869 
0.0427783020045 0.0 0.0 0.446975741021 0.181332610569 0.0 0.0 0.0 1.39421729922 1.11132285249 0.0 0.0 230.0 247.0 255.0 -43.5843441863 51.3604530869 12.7380503929 16.9710329706 
0.0 0.0 0.0 0.0 0.0 0.0 1.55182287648 0.0 0.0 0.0 0.0 0.0 230.0 247.0 255.0 -30.8462937934 68.3314860574 4.21105897767 -23.7541025476 
0.0 0.0 0.0 0.0 0.605573587544 0.0 0.0 0.0 0.304802379189 0.0 0.0 0.0 230.0 247.0 255.0 -26.6352348157 44.5773835099 30.9979747545 21.1600286647 
0.0 0.0 0.0 0.0 0.0 0.0 0.584104652158 0.0 0.0 0.0 0.0 0.0 230.0 247.0 255.0 4.36273993876 65.7374121746 52.9844653187 4.03777513165 
0.0 1.58434970624 0.0 0.0 0.0 0.0 0.0 0.0 0.0 2.59382075877 0.0 0.0991101822699 230.0 247.0 255.0 57.3472052574 69.7751873063 -8.42332548704 -27.4506442169 
0.0 0.0 0.0 0.00819582429109 0.0 0.0 0.853080704661 0.0 0.0 0.0 0.0 0.0 230.0 247.0 255.0 48.9238797704 42.3245430894 15.5089065219 0.802432416533 
0.389212046018 0.0 0.0 0.0103372499388 0.337854021737 0.0 0.0 0.0 0.0 0.926911143598 0.0 0.020405118234 230.0 247.0 255.0 64.4327862923 43.1269755059 -57.0354641531 15.153915073 
0.513947644088 0.0 0.0 0.760422044489 0.285301312658 0.0 0.0 0.0 0.0 1.59329856457 0.0 0.59342764573 230.0 247.0 255.0 7.39732213924 58.2808905789 -0.187396697701 -2.1550456921 
1.27141842746 0.0 0.0 0.0 0.656816168855 0.0 0.0 0.0 0.0 1.57193077225 0.0 0.0 230.0 247.0 255.0 7.20992544154 56.1258448868 12.5471022596 37.0647523708 
0.380682677361 0.0 0.0 0.0 0.179778755594 0.0 0.0 0.0 0.0 1.00766360735 0.0 0.0 230.0 247.0 255.0 19.7570277011 93.1905972576 10.0324151551 -43.1007699665 
0.0 0.0 0.0 0.0 0.0 0.0 0.0 0.0 0.0 0.0 0.0 0.0 230.0 247.0 255.0 29.7894428562 50.0898272911 10.1807231711 8.37605077972 
1.04057073009 0.0 0.0 0.0 0.0 0.0 0.0 0.0 0.633805752398 0.732655640787 0.0 0.0985550216089 230.0 247.0 255.0 39.9701660273 58.4658780708 -67.2561986828 -2.70026774414 
0.25210782622 0.0 0.0 0.770052266708 0.0 0.0 0.0 0.0 0.0 0.979558832739 0.0 0.0 230.0 247.0 255.0 -27.2860326555 55.7656103266 -27.1180993658 2.43352355902 
0.0 0.0 0.0 0.0 0.0457056997277 0.0 0.617069594292 0.0 0.0 0.0 0.0 0.0 230.0 247.0 255.0 -54.4041320213 58.1991338857 -25.0392569203 -7.36414304359 
0.0 0.810448264753 0.0 0.405540711084 0.0 0.0 0.237756581515 0.0 0.752720411186 0.84433100571 0.0 0.459566463811 230.0 247.0 255.0 -79.4433889416 50.8349908421 -3.14356365527 3.25894422677 
0.0 0.0 0.0 0.0 0.0 0.0 0.632083982652 0.0 0.560877048509 0.0 0.0 0.0 230.0 247.0 255.0 -82.5869525969 54.0939350688 -14.3771683281 -1.6676581343 
0.0 0.0 0.0 0.0 0.0 0.0 0.0 0.0 0.0 0.0 0.0 0.0 230.0 247.0 255.0 -96.964120925 52.4262769345 39.5818813053 -6.03480186967 
0.0 0.0 0.0 0.0 0.0 0.0 1.96751852963 0.0 0.0 0.0 0.0 0.0 230.0 247.0 255.0 -57.3822396197 46.3914750649 19.418446987 -2.43114543862 
0.0 0.0 0.0 0.602261339471 0.0738814627746 0.0 0.0 0.0 0.590234567458 0.0 0.0 0.0 230.0 247.0 255.0 -37.9637926327 43.9603296262 -1.81128410936 12.0779683671 
1.13315470597 0.0 0.0 0.498355635342 0.163723426627 0.0 0.0 0.0 1.33793911523 0.0 0.0 0.0 230.0 247.0 255.0 -39.7750767421 56.0382979933 18.6590600382 -26.5346787053 
0.381586152476 0.0 0.0 0.526279811288 0.0 0.0 0.0 0.0 0.485690597916 0.758499986309 0.0 0.238277456144 230.0 247.0 255.0 -21.1160167038 29.503619288 33.4975044871 39.278759623 
0.0 0.0 0.0 0.120644695173 0.0 0.0 0.0 0.0 0.739945783855 1.38956075174 0.0 0.19242634758 230.0 247.0 255.0 12.3814877833 68.7823789111 17.1586590812 30.381475759 
0.777411418287 0.0587671508324 0.0 0.139316157165 0.832210431716 0.0 0.0 0.0 0.997749477453 2.00248836473 0.0 0.0 230.0 247.0 255.0 29.5401468645 99.16385467 6.91178557813 42.1680382952 
0.0 0.0 0.0 0.0 0.312677467119 0.0 0.393566414263 0.0 0.0681145413629 0.0 0.0 0.0 230.0 247.0 255.0 36.4519324426 100.0 -10.1592792222 -1.07035526389 
0.0 0.0 0.0 0.267949106655 0.0 0.0 0.261731665429 0.0 0.0 0.0 0.0 0.0 230.0 247.0 255.0 26.2926532204 98.9296447361 39.2823785991 33.6883060358 
0.0 0.0 0.0 0.0 0.327212695865 0.0 0.726111252606 0.0 0.0 0.0 0.0 0.0 230.0 247.0 255.0 65.5750318196 100.0 33.211831278 -48.5865570514 
1.19180801747 0.0 0.0 0.480471907393 0.0 0.0 0.0 0.0 1.19895787913 0.751663899227 0.0 0.0 230.0 247.0 255.0 98.7868630976 51.4134429486 -25.8912395321 40.4312282216 
0.0 0.108667926467 0.0 0.0883689374334 0.0 0.0 0.0 0.0 0.0 0.0141345716261 0.0 0.0 230.0 247.0 255.0 72.8956235655 91.8446711702 -5.66785736581 -25.5118886002 
0.0 0.0 0.0 0.5136051032 0.0 0.0 0.0797345708872 0.0 0.942405751944 0.897134476096 0.0 0.796222754787 230.0 247.0 255.0 67.2277661997 66.3327825699 25.0793118587 -5.18742798225 
0.0 0.0 0.0 0.0 0.0 0.0 1.06418382074 0.0 0.0 0.0 0.0 0.0 230.0 247.0 255.0 92.3070780584 61.1453545877 -11.9203135268 -15.0597207686 
0.327949722204 0.0 0.0 0.465767375971 0.0881032719855 0.0 0.0 0.0 0.451998721148 1.70283847096 0.0 0.0 230.0 247.0 255.0 80.3867645316 46.0856338191 32.7433711118 41.2023207036 
0.0 0.0 0.0 0.556460786473 0.103207754998 0.0 0.0 0.0 0.0516086573417 1.98117865891 0.0 0.0 230.0 247.0 255.0 100.0 87.2879545227 -44.0258075045 15.5695151731 
0.0 0.0 0.0 0.0 0.103651236036 0.0 0.594559739906 0.0 1.47660357552 0.0 0.818442029445 0.0 230.0 247.0 255.0 55.9741924955 100.0 -36.4984034097 14.8750953406 
0.34021855761 0.0 0.0 0.0 0.0 0.0 0.0 0.0 0.551508237589 0.631719453979 0.0 0.215123151956 230.0 247.0 255.0 19.4757890858 100.0 -20.874568677 -23.0602526721 
0.888260558559 0.0813791107891 0.0 0.508435060023 0.184954800329 0.0 0.0 0.0 0.0 1.44730554095 0.0 0.0 230.0 247.0 255.0 -1.39877959122 76.9397473279 16.9806171422 -24.306684407 
0.436210857594 0.0 0.0 0.49481753919 0.605972412302 0.0 0.0 0.0 0.473771489029 1.50349277408 0.0 0.0 230.0 247.0 255.0 15.5818375509 52.633062921 -14.0919754161 25.9910306583 
0.390619036734 0.0 0.0 0.525563496379 0.275586611499 0.0 0.0 0.0 1.01989813795 1.13001841055 0.0 0.0 230.0 247.0 255.0 1.48986213483 78.6240935793 -17.2544008022 -0.39296771051 
0.38898265341 0.582833745523 0.0 0.120289637595 0.202397239862 0.0 0.0 0.0 1.00505170558 0.586680293965 0.0 0.0 230.0 247.0 255.0 -15.7645386674 78.2311258688 7.69437312874 -13.2411642796 
0.82598137186 0.0 0.0 0.0450151011013 0.574751696057 0.0 0.0680297538383 0.0 0.535540755206 1.88168942377 0.0 0.0 230.0 247.0 255.0 -8.07016553862 64.9899615892 -32.6326072129 18.6054015928 
0.0 0.0 0.0 0.0 0.648671053863 0.0 0.0 0.181720767531 0.957922627625 0.640621910139 0.0 0.0 230.0 247.0 255.0 -40.7027727515 83.595363182 20.6604647431 -16.303896929 
0.404450687966 0.0 0.0 0.0 0.619187513569 0.0 0.0 0.0 1.53332903115 1.4764053849 0.0 0.776898173151 230.0 247.0 255.0 -20.0423080084 67.291466253 -23.5371045402 -25.0720116006 
0.0 0.0 0.0 0.0 0.0 0.0 1.55298618399 0.0 0.0 0.0 0.0 0.0 230.0 247.0 255.0 -43.5794125487 42.2194546524 10.0980248496 2.02543612133 
0.0 0.592895858938 0.0 0.0 0.157069763169 0.0 0.0 0.0 0.0 1.12522458006 0.0 0.252734619467 230.0 247.0 255.0 -33.4813876991 44.2448907737 -19.0976516139 -32.6956651593 
0.0 0.0 0.0 0.0 0.0 0.0 0.0240051164552 0.0 0.0 0.0 0.0 0.0 230.0 247.0 255.0 -52.579039313 11.5492256144 -63.805037761 -76.7793835317 
0.812327019188 0.0 0.0 0.922089269148 0.0 0.0 0.0 0.0 0.928386857561 0.0 0.0 0.0 230.0 247.0 255.0 -100.0 -65.2301579173 -11.1097778027 -34.1598356108 
0.0 0.0 0.0 0.0 0.0 0.0 0.506156579724 0.0 0.0 0.0 0.0 0.0 230.0 247.0 255.0 -100.0 -99.3899935281 -25.883647611 25.927662817 
0.0 0.0 0.0 0.0 0.440955081469 0.0 0.141902312035 0.0 0.16699439592 1.2258102948 0.000776967600849 0.550216532723 230.0 247.0 255.0 -100.0 -73.462330711 2.02464694429 -14.2927725694 
0.0 0.0 0.0 0.0 0.0 0.0 0.880415061989 0.0 0.0 0.0 0.0 0.0 230.0 247.0 255.0 -97.9753530557 -87.7551032805 7.85197385663 -14.8286121097 
0.0 0.460927239963 0.0 0.0 0.75820759193 0.0 0.0 0.0 0.238496081918 0.427611078444 0.0 0.0 230.0 247.0 255.0 -90.1233791991 -100.0 -14.8246338726 8.95374867382 
0.0 1.27146351235 0.0 0.0 0.156615143512 0.0 0.0 0.0 0.199403182 0.721935043183 0.0 0.6519802389 230.0 247.0 255.0 -100.0 -91.0462513262 9.52503585763 59.3299426761 
0.147877193976 0.0 0.0 0.574814729026 0.0 0.0 0.0681603007017 0.508566808043 0.0 1.26213337843 0.0 0.0 230.0 247.0 255.0 -90.4749641424 -31.71630865 13.2357711312 28.5006165524 
0.0 0.0 0.0 0.811308359092 0.0 0.0 1.81545034668 0.0 0.0 0.0 0.0 0.0 230.0 247.0 255.0 -77.2391930112 -3.21569209765 -10.7765456509 6.26451168264 
0.404768901966 0.0 0.0 0.0 1.17884029074 0.0 0.0 0.0 1.27932994071 0.69548369525 0.0 0.0 230.0 247.0 255.0 -88.0157386621 3.04881958499 -38.3677964819 -4.15574008535 
0.580741967847 0.613431980275 0.0 0.0 0.0 0.0 0.0 0.0 0.825650840967 0.543140738511 0.0 0.724172730516 230.0 247.0 255.0 -100.0 -1.10692050035 -23.2660453409 56.379187484 
0.0 0.683321341297 0.0 0.756569533987 0.330775913445 0.0 0.0 0.0 0.217277316063 0.50694211912 0.0 0.467692714895 230.0 247.0 255.0 -100.0 55.2722669837 30.3497693716 -50.3722362527 
2.01978957397 0.0 0.0 0.0668355001149 0.0 0.0 0.0636091326956 0.0 0.0 1.2555875886 0.0 0.0 230.0 247.0 255.0 -69.6502306284 4.90003073101 -6.40798625255 -61.1302141411 
0.0 1.13870972027 0.0 0.201375274847 0.818713384936 0.0 0.0 0.0 0.624568788868 0.747244561396 0.0 0.597982117942 230.0 247.0 255.0 -76.058216881 -56.2301834101 43.7553650309 21.3931269689 
1.46605525245 0.168471785006 0.0 0.768000402912 0.0 0.0 0.0 0.393223294718 0.398706797511 0.0 0.0 0.0 230.0 247.0 255.0 -32.3028518501 -34.8370564412 -5.29294028698 14.6992485644 
0.0 0.0 0.0 0.0 0.0 0.0 0.456588594422 0.0 0.0 0.0 0.0 0.0 230.0 247.0 255.0 -37.5957921371 -20.1378078768 -18.1633688906 24.5135679724 
1.04115156059 0.273588669341 0.0 0.0 0.0 0.0 0.0 0.0 0.801818535158 1.41116742923 0.0 0.0 230.0 247.0 255.0 -55.7591610277 4.37576009553 -3.81778235477 5.9806430396 
0.0 0.0 0.0 0.0 0.0 0.0 0.0715273740278 0.0 1.15445507746 1.50213404848 0.0 0.0 230.0 247.0 255.0 -59.5769433825 10.3564031351 -23.7265067773 62.5647863514 
0.0 0.0 0.0 0.760796914032 0.437469377406 0.0 0.0 0.0 0.0 1.50442485279 0.0 0.487380650492 230.0 247.0 255.0 -83.3034501597 72.9211894865 13.8477241368 10.9046961925 
0.0 0.0 0.0 0.0 0.0 0.0 0.826144788252 0.0 0.0 0.0 0.0 0.0 230.0 247.0 255.0 -69.4557260229 83.8258856791 -44.8419957981 -16.1745434655 
0.473887012011 1.44677598389 0.0 0.709427265007 0.577782952714 0.292708824218 0.0 0.0 1.61467298809 0.0 0.0 1.13792713532 230.0 247.0 255.0 -100.0 67.6513422136 -44.0250077371 16.3768286738 
0.0 0.741658082238 0.0 0.0652255839948 0.683652149754 0.0 0.0 0.0 0.834979796441 0.630757897577 0.0 0.0 230.0 247.0 255.0 -100.0 84.0281708873 35.5120370404 16.5599147396 
0.0 0.0 0.0 1.32639289753 0.0 0.0 0.309350475723 0.0 0.404415805785 0.508903701531 0.0 0.0 230.0 247.0 255.0 -64.4879629596 100.0 32.9365806551 5.62208752118 
0.136627059754 0.608861017525 0.0 0.302747767153 0.0580553170384 0.0 0.136732159235 0.0 0.0 2.22337667318 0.0 0.0 230.0 247.0 255.0 -31.5513823045 100.0 -0.00647015796006 -21.6884889208 
0.0 0.0 0.0 0.20807186198 0.0 0.0 0.0 0.0 0.66234185507 1.7453037049 0.0 1.15625474007 230.0 247.0 255.0 -31.5578524625 78.3115110792 16.3328450343 52.7432241943 
1.65526782968 0.257129377784 0.0 0.0 0.0 0.0 0.125374234962 0.0 0.0240859959106 1.54220119809 0.0 0.890454024462 230.0 247.0 255.0 -15.2250074281 100.0 82.4035992727 0.859678076983 
0.0 0.0 0.0 0.0 0.0 0.0 0.880939608922 0.0 0.0 0.0 0.0 0.0 230.0 247.0 255.0 67.1785918446 100.0 -52.0774183239 36.8902994323 
0.0 0.0 0.0 0.0 0.561721405495 0.0 0.372873384713 0.0 0.243546456849 0.226057212558 0.0 0.0 230.0 247.0 255.0 15.1011735206 100.0 -34.2439093774 4.75306107669 
0.0 0.0 0.0 0.0 0.683729561517 0.0 0.451082931494 0.0 0.0 0.0 0.0 0.0 230.0 247.0 255.0 -19.1427358568 100.0 40.9692501161 -0.927855026934 
0.0 1.14031632519 0.0 0.0 0.250222796123 0.0 0.0 0.0 0.66926054473 1.60327864336 0.0 0.0 230.0 247.0 255.0 21.8265142593 99.0721449731 40.7514207622 -71.2977628092 
0.0 0.0 0.0 0.193714292714 0.0 0.0 0.639330463904 0.0 0.0 0.0 0.0 0.0 230.0 247.0 255.0 62.5779350215 27.7743821639 10.8354550263 -40.4815199289 
0.0 0.0 0.0 1.5181533667 0.663573886362 0.0 0.0 0.0 1.86363252164 1.14361476581 0.0 0.319734987027 230.0 247.0 255.0 73.4133900478 -12.7071377651 -46.4881404306 -14.4525599182 
0.0 0.39723029749 0.0 0.0592752045032 1.43630160908 0.0 0.0 0.0 0.0 1.27259220721 0.0 0.522811349493 230.0 247.0 255.0 26.9252496172 -27.1596976832 -44.1839605558 50.0263716336 
0.344925570226 0.992201522655 0.0 0.0 0.0 0.0 0.0 0.144487708517 0.902244579284 0.0 0.0 0.0 230.0 247.0 255.0 -17.2587109386 22.8666739504 20.9517176296 -16.9708492802 
0.0 0.0 0.0 0.402763762605 0.976661848471 0.0 0.0 0.0 0.219036991922 0.486145039047 0.0 0.0 230.0 247.0 255.0 3.69300669107 5.89582467014 29.9913589006 -24.7925890325 
0.0 0.658657320446 0.0 0.0 1.88245602383 0.0 0.0 0.293513958918 0.0 1.56412391978 0.0 0.0654278952898 230.0 247.0 255.0 33.6843655917 -18.8967643624 -36.2557056658 -41.1575524902 
1.11131582235 0.0 0.0 0.442861881825 0.067237491775 0.0 0.0 0.0 0.189884589897 0.753517041046 0.0 0.0 230.0 247.0 255.0 -2.57134007417 -60.0543168526 -10.8724948192 -16.7486372507 
0.0 0.0 0.0 0.0 0.0 0.0 0.632312507614 0.0 0.0 0.0 0.0 0.0 230.0 247.0 255.0 -13.4438348933 -76.8029541033 17.7866244943 -0.157532418687 
0.0 0.0 0.0 0.0 0.631907285964 0.0 0.366780732588 0.0 0.697817266217 0.0487514763899 0.0 0.0 230.0 247.0 255.0 4.342789601 -76.960486522 13.0514996851 20.2377819417 
0.0 0.0 0.0 0.754515367362 0.0 1.93609004765 0.889595841317 0.0 0.0 0.0 0.0 0.0 230.0 247.0 255.0 17.3942892861 -56.7227045802 -31.5539962105 -40.3930984697 
0.00125249624869 1.33012609728 0.0 0.0349288153638 0.430685690425 0.0 0.0 0.0 0.893589442805 2.15046329257 0.0 0.0418712438949 230.0 247.0 255.0 -14.1597069244 -97.1158030499 -10.3965158556 7.3747904459 
2.31634884967 0.0 0.0 0.0124365754968 0.459813167796 0.0 0.086235485904 0.0 1.93645344783 0.990648928923 0.0 0.0 230.0 247.0 255.0 -24.55622278 -89.741012604 21.3922541582 -1.16044884133 
0.0 0.0 0.0 0.980200057312 0.679173486669 0.0 0.0 0.0 1.21801617893 1.26663088775 0.0 0.580843638213 230.0 247.0 255.0 -3.16396862173 -90.9014614454 33.3298815852 -36.8071176081 
0.0 0.0 0.0 0.0 0.90418641197 0.0 0.858908790652 0.0 0.0 0.0 0.0 0.0 230.0 247.0 255.0 30.1659129635 -100.0 -83.6480838095 31.9375414406 
0.0 0.635358084611 0.0 0.0 0.473607212387 0.0 0.0 0.0071156927223 1.4169978622 3.85201367165 0.0 0.0 230.0 247.0 255.0 -53.482170846 -68.0624585594 22.7826830013 -18.3404808543 
0.584685990063 0.0 0.0 0.22873964978 2.39699384938 0.0 0.0 0.0 0.982824910847 1.57324664995 0.0 1.32933034212 230.0 247.0 255.0 -30.6994878446 -86.4029394137 -25.9455883214 -18.740414526 
1.36435171633 0.639994591767 0.0 0.0183794278262 0.0 0.0 0.125598839884 0.0 0.437239955485 1.50148523262 0.0 1.40091383424 230.0 247.0 255.0 -56.6450761661 -100.0 -30.6904389646 43.3445449479 
0.201092201015 0.0 0.0 0.0 0.0 0.0 0.0 0.0 0.0 0.405912954423 0.0 0.0 230.0 247.0 255.0 -87.3355151307 -56.6554550521 15.9542378656 -36.8381722148 
0.0 0.0 0.0 0.0 0.0 0.0 0.842498045362 0.0 0.0 0.0 0.0 0.0 230.0 247.0 255.0 -71.3812772651 -93.4936272668 -2.53663214111 0.0121690634274 
0.429409247594 0.0 0.0 0.0 0.0 0.0 0.0 0.0 0.926448934156 1.98178210793 0.0 0.0 230.0 247.0 255.0 -73.9179094062 -93.4814582034 4.73796494065 35.0745938607 
0.0 0.0 0.0 0.0541632726169 0.470987263486 0.0 0.0311641086974 0.0 0.0 1.51388621935 0.0 4.22066095399 230.0 247.0 255.0 -69.1799444655 -58.4068643427 -18.7930159232 79.3207864594 
0.0 0.567459155902 0.0 0.0 0.771937274541 0.0 0.03620124954 0.0 0.840787394391 1.49871487155 0.0 0.0 230.0 247.0 255.0 -87.9729603887 20.9139221168 1.3469664141 4.29722270868 
0.176972298982 0.0 0.0 0.0 0.0 0.0 0.223643464633 0.0 0.682658341992 0.936014673881 0.0 0.0 230.0 247.0 255.0 -86.6259939746 25.2111448255 25.9774171906 -16.3067613304 
0.476464630731 0.0 0.0 1.76063562105 0.0 0.0 0.0 0.0 1.7397908939 2.3553429243 0.0 0.0 230.0 247.0 255.0 -60.648576784 8.90438349505 -4.53851233948 9.19612474528 
0.0 0.0 0.0 0.0683190192944 0.570372824319 0.402147793375 0.0 0.0 0.0224681158147 0.555504142189 0.0 0.610550536527 230.0 247.0 255.0 -65.1870891235 18.1005082403 4.81436947663 23.4173673823 
0.0 1.63032108454 0.0 0.890314405927 0.68315893609 0.0 0.0109138684702 0.0 0.15590826916 2.24888748386 0.0 0.568062032559 230.0 247.0 255.0 -60.3727196469 41.5178756226 -3.79298872857 -2.10977555575 
0.0 0.0 0.0 0.0 0.59278120754 0.0 0.911138483406 0.0 0.0 0.0 0.0 0.0 230.0 247.0 255.0 -64.1657083754 39.4081000669 -39.1661452117 27.081223905 
0.334324442979 0.0 0.0 0.0 0.0 0.0 0.0642367072077 0.0 1.02880360812 0.483272789881 0.0 0.0 230.0 247.0 255.0 -100.0 66.4893239718 3.88605073641 -16.6320106621 
1.26272347504 0.0 0.0 0.0129657750939 0.567995897026 0.0 0.131472811457 0.0 0.967515414916 0.590178840376 0.0 0.0 230.0 247.0 255.0 -96.1139492636 49.8573133097 -0.644988199857 -8.79284138786 
0.0 0.0 0.0 0.0 0.0 0.0 1.00839887077 0.0 0.0 0.0 0.0 0.0 230.0 247.0 255.0 -96.7589374635 41.0644719219 -43.7642508472 -2.03935041199 
1.30135104314 0.0 0.0 0.0 0.647505430158 0.355932740462 0.0 0.0 1.66474758544 0.415202168161 0.0 1.42728600917 230.0 247.0 255.0 -100.0 39.0251215099 -23.0104933074 3.26539735382 
0.0 0.0 0.0 0.0 0.591553705333 0.0 0.106964752595 0.0892692379944 0.111817548711 1.18208528903 0.0 0.0 230.0 247.0 255.0 -100.0 42.2905188637 -1.89528125173 0.222866337658 
0.359895501163 0.478333871037 0.0 0.0 0.0 0.0 0.132569455995 0.0 0.937945800079 1.48677977473 0.0 0.0 230.0 247.0 255.0 -100.0 42.5133852013 -9.3542637197 11.501527727 
0.0 0.0 0.0 0.0 0.0 0.0 1.10177741641 0.0 0.0 0.0 0.0 0.0 230.0 247.0 255.0 -100.0 54.0149129284 47.5513848747 2.3460544431 
0.0 0.0 0.0 0.01112491686 0.624739729045 0.0 0.163091385948 0.0 0.938184867377 0.443960401053 0.0 0.0 230.0 247.0 255.0 -52.4486151253 56.3609673715 -15.9473153258 37.4503895138 
0.0 0.0 0.0 0.0 0.0 0.0 0.914999977406 0.735302199185 2.11964778652 0.0 0.0 0.0 230.0 247.0 255.0 -68.395930451 93.8113568853 5.25340311191 -5.9976523768 
0.450829259198 0.0 0.0 0.0 0.755417316064 0.0 0.0 0.313844752969 0.0 0.45248987249 0.0 0.0 230.0 247.0 255.0 -63.1425273391 87.8137045085 22.7716760106 0.0697247601034 
0.486404875654 0.0 0.0 0.792706777545 0.0 0.0 0.0342268749774 0.0 0.0989794674208 1.46534101367 0.0 1.42267407152 230.0 247.0 255.0 -40.3708513285 87.8834292686 27.8158345066 7.66997671033 
0.393540056175 0.0 0.0 0.0 1.53333255502 0.0 0.129939744128 0.0 0.936671210935 1.49644329626 0.0 0.0 230.0 247.0 255.0 -12.5550168219 95.5534059789 -55.8320349583 -11.0371082959 
0.0 0.0 0.0 0.0 0.0 0.0 0.226454094256 0.0 0.0 0.0602840778427 0.0 0.0 230.0 247.0 255.0 -68.3870517802 84.5162976829 -18.7298120317 -7.1282661185 
0.0 0.0 0.0 0.0 0.278196593629 0.0 0.0105339469865 0.0 0.0 0.0 0.0 0.0 230.0 247.0 255.0 -87.1168638119 77.3880315644 7.9921348675 -15.2195923308 
0.0 0.0 0.0 0.0 0.0 0.0 0.160285703157 0.0 0.0 0.0 0.0 0.0 230.0 247.0 255.0 -79.1247289444 62.1684392337 1.47226985694 11.5694206985 
0.672097644659 0.204933220468 0.0 0.0 0.0 0.0 0.227224427995 0.0 0.0 0.452428643114 0.0 0.0 230.0 247.0 255.0 -77.6524590874 73.7378599322 31.5227544097 -5.23384332992 
0.0 0.0 0.0 0.0 0.158119866032 0.0 0.510380124538 0.0 0.0 0.0 0.0 0.0 230.0 247.0 255.0 -46.1297046777 68.5040166023 13.3136457914 17.1060886173 
0.73482718735 0.293443705784 0.0 0.129516631743 0.0 0.0 0.0 0.0 0.0 2.29893291187 0.0 0.258963458098 230.0 247.0 255.0 -32.8160588863 85.6101052196 7.45743306847 24.9108012321 
0.0 0.0 0.0 0.0 0.0 0.0 1.39836721064 0.0 0.0 0.0 0.0 0.0 230.0 247.0 255.0 -25.3586258178 100.0 -26.4533360335 12.5918095404 
0.0 0.0718717103924 0.0 0.0 1.5524196521 0.0 0.0 0.0 0.118862762279 1.28766963877 0.0 0.0 230.0 247.0 255.0 -51.8119618513 100.0 14.3712776932 17.7852675974 
0.0 1.52386013748 0.0 0.0 0.52489288091 0.0 0.0 0.0 2.47025800142 1.83509098407 0.0 0.0 230.0 247.0 255.0 -37.4406841581 100.0 -0.94871107765 4.63461458814 
0.404515038859 0.225149525492 0.0 0.0 1.05486705396 0.0 0.0 0.0 0.230314291741 1.03934026948 0.0 0.0 230.0 247.0 255.0 -38.3893952358 100.0 -18.6422170721 -9.84860914859 
0.0 0.0907732343859 0.0 0.51680086916 0.321151693755 0.0 0.0 0.0 2.09738130338 0.607830063606 0.0 0.0 230.0 247.0 255.0 -57.0316123079 90.1513908514 22.5648816248 -12.6697143085 
0.901958004906 0.0 0.0 0.00162152008301 0.0 0.0 0.0 0.0 0.0 0.125119681914 0.0 0.116858294774 230.0 247.0 255.0 -34.4667306831 77.4816765429 -5.11166119321 10.9062637306 
0.814233443158 0.763141031643 0.0 0.0 0.0 0.0 0.203597991056 0.0 0.0 0.0 0.0 0.0 230.0 247.0 255.0 -39.5783918763 88.3879402736 -19.4568951819 -11.0578261878 
0.498480601375 0.764141120174 0.0 0.00295731341109 0.934595863674 0.0 0.0 0.0 0.456733563829 0.878477552869 0.0 0.0 230.0 247.0 255.0 -59.0352870582 77.3301140858 34.1430829876 40.0078744837 
0.0 0.0 0.0 0.0 0.0 0.0 0.0 0.0 0.573615460721 0.0 0.0 0.0 230.0 247.0 255.0 -24.8922040706 100.0 -21.7113773357 31.8714165916 
0.368184654106 0.0 0.0 0.0 0.0 0.0 0.0 0.0 0.576957567359 1.05104062437 0.0 0.0 230.0 247.0 255.0 -46.6035814063 100.0 -11.0467674274 -32.0459491894 
1.3905738383 0.0 0.0 0.386009129667 2.21992337701 0.0 0.0 0.0 1.45160976993 0.0 0.0 0.21225503792 230.0 247.0 255.0 -57.6503488337 67.9540508106 -29.0812376599 14.941539592 
1.1091861633 0.0676140800297 0.0 0.154746000994 1.6687373257 0.0 0.0 0.0 3.44670485823 1.78148819965 0.0 0.0353214461577 230.0 247.0 255.0 -86.7315864936 82.8955904027 -16.0603739634 -12.320645763 
0.497454474444 2.41095736667 0.0 0.964060040773 0.744387668538 0.0 0.0 0.0 1.36659423515 2.51384164941 0.0 0.0 230.0 247.0 255.0 -100.0 70.5749446397 10.6036557434 -36.5792957738 
1.27140963353 0.0 0.0 0.0769882768789 0.0 0.0 0.0 0.0 0.986149604299 2.43396662855 0.0 0.0 230.0 247.0 255.0 -89.3963442566 33.9956488659 21.4922060021 -9.97449427328 
1.57233795334 0.0 0.0 1.08174724712 0.441054521738 0.0 0.0103078356598 0.0 0.0862038845392 0.649077020753 0.0 1.34850446859 230.0 247.0 255.0 -67.9041382545 24.0211545926 12.4143473975 2.9478254712 
0.331506154677 0.0 0.0 0.0 1.36299961053 0.0 0.0 0.0 0.558563640297 0.0 0.0 0.0 230.0 247.0 255.0 -55.489790857 26.9689800638 -5.98250548834 4.84690457725 
1.26114266681 0.0 0.0 0.0 0.0 0.0 0.0 0.154413209925 0.947853149783 0.475046884442 0.0 0.0 230.0 247.0 255.0 -61.4722963453 31.8158846411 37.2541152638 52.5462455508 
0.0 0.0 0.0 0.0 0.562289524217 0.0 0.106392185725 0.806785853204 0.0846321806249 1.46310142671 0.0 1.59761227939 230.0 247.0 255.0 -24.2181810816 84.3621301919 8.0152001705 55.23040966 
0.0 0.0 0.0 0.0107820526739 0.678635968366 0.0 0.0 0.0 0.745228176627 2.27472250417 0.0 0.0 230.0 247.0 255.0 -16.2029809111 100.0 -55.6438183573 -3.89642619276 
0.0 0.455256950469 0.0 0.0 1.2761105124 0.0 0.0 0.0 0.0 0.95649504058 0.0 0.433212544128 230.0 247.0 255.0 -71.8467992683 96.1035738072 -51.1735220988 46.9455159575 
0.354350401423 1.56818963676 0.0 0.106329323845 0.0 0.0 0.0174509183385 0.0 0.0 1.38369635031 0.0 0.0 230.0 247.0 255.0 -100.0 100.0 15.4066879021 -36.9766444132 
0.0 0.727622442138 0.0 0.802469623174 0.0 0.0 0.0384763290766 0.0 2.55769803645 1.5838707005 0.0 0.0 230.0 247.0 255.0 -84.5933120979 63.0233555868 -6.94122193017 12.3416368203 
0.0 0.0 0.0 0.0 0.466167980152 0.0 1.10130158539 0.0 0.0 0.0 0.0 0.0 230.0 247.0 255.0 -91.5345340281 75.364992407 -38.4943862157 -26.8835193688 
0.113815790562 0.0 0.0 0.0718467229544 0.582155718483 0.0 0.0 0.193849091461 0.0 0.440995835676 0.0 1.4673759898 230.0 247.0 255.0 -100.0 48.4814730383 -2.92225975888 24.2494862248 
0.0 0.620047158595 0.0 0.02094660945 0.0 0.0 0.109164857054 0.0 0.0 1.36766887992 0.0 0.0 230.0 247.0 255.0 -100.0 72.730959263 11.750168893 24.2966230101 
0.0 0.948285268007 0.0 0.0 0.0 0.0 0.134682695643 0.0 0.928664706695 0.989838907513 0.0 0.0 230.0 247.0 255.0 -88.249831107 97.0275822731 0.513522665387 -4.15891357724 
0.265808016956 0.0 0.0 0.0 0.0 0.0 0.0 0.0 0.0843384574755 1.00903914994 0.0 0.717261528321 230.0 247.0 255.0 -87.7363084416 92.8686686959 -59.9822088947 -4.69351881336 
0.0 0.0 0.0 0.88244138975 0.0 0.0 0.0 0.0 0.839068929253 0.97790299011 0.0 0.0 230.0 247.0 255.0 -100.0 88.1751498825 7.77736505936 -59.1238454982 
0.0 0.197554765515 0.0 0.139916713337 1.06076050854 0.0 0.0 0.0 0.0810323028387 0.882843047341 0.0 0.0 230.0 247.0 255.0 -92.2226349406 29.0513043843 -35.6186309258 17.3830943723 
1.01622989911 0.0 0.0 0.897829328205 0.788019789936 0.0 0.0 0.0 0.963601574646 0.0 0.0 0.0 230.0 247.0 255.0 -100.0 46.4343987566 16.0970220474 9.49377802061 
0.0 0.0 0.0 0.0 0.310527337569 0.0 0.874218965291 0.0 0.678072374075 0.0 0.0 0.0 230.0 247.0 255.0 -83.9029779526 55.9281767772 -22.4075920205 -12.1175372244 
0.0 0.432489913113 0.0 0.0 0.0 0.0 0.0 0.0 0.949935895322 1.52682851263 0.0 0.0 230.0 247.0 255.0 -100.0 43.8106395528 -4.52468435952 -9.59064254976 
0.0 0.0 0.0 0.0 0.0 0.0 0.129820109727 0.0 0.0 0.0 0.0 0.0 230.0 247.0 255.0 -100.0 34.219997003 -17.9526653544 29.5328633514 
0.26637106856 0.389555579033 0.0 0.0 0.0 0.0 0.230211375258 0.0 0.0 0.0 0.0 0.548526660474 230.0 247.0 255.0 -100.0 63.7528603544 21.3654237415 40.4840466021 
0.0 0.0 0.0 0.887883174866 0.0 0.0 0.0 0.0 0.175151273243 0.647609738016 0.0 0.0 230.0 247.0 255.0 -78.6345762585 100.0 -19.5516007975 9.04292624928 
0.0 0.111084717916 0.0 0.0 0.0 0.0 0.0 0.0 0.433980595288 0.872356720223 0.0 0.0 230.0 247.0 255.0 -98.1861770561 100.0 -11.1012160886 -7.62163565158 
0.873117745847 0.308661280228 0.0 0.0 0.0550185341891 0.0 0.0 0.0 0.0 0.629242062746 0.0 0.627818123721 230.0 247.0 255.0 -100.0 92.3783643484 24.9654479882 -13.5317403953 
0.249307789519 0.0 0.0 0.0 0.0 0.0 0.630120921376 0.0 0.0 0.0 0.0 0.0 230.0 247.0 255.0 -75.0345520118 78.8466239531 -57.4753306402 11.2883037204 
0.0 0.0 0.0 0.0 0.0 0.0 0.0 0.0 0.0 0.0 0.0 0.0 230.0 247.0 255.0 -100.0 90.1349276735 48.0833015556 5.00633811 
0.0 0.0 0.0 0.0 0.0 0.0 0.72638951144 0.0 0.0 0.0 0.0 0.0 230.0 247.0 255.0 -51.9166984444 95.1412657835 6.59894941868 -57.7232352538 
0.0 0.0 0.0 0.271403888593 0.0 0.0 0.248872439333 0.0 0.125979332325 0.535177392536 0.0 0.0 230.0 247.0 255.0 -45.3177490257 37.4180305297 -41.4397065223 34.9877219113 
0.0285357310845 0.0 0.0 0.653910527755 0.0 0.0 0.515012066688 0.0 0.184622329997 0.0 0.0 0.0 230.0 247.0 255.0 -86.757455548 72.405752441 -20.0647434269 -18.5968340965 
0.599012338595 0.0 0.0 0.0 0.0 0.0 0.148204505881 0.0 1.31094067671 2.41525507085 0.0 0.0 230.0 247.0 255.0 -100.0 53.8089183444 10.6024660211 31.6861235164 
1.24109689102 0.552271582003 0.0 1.0155279606 0.0 0.0 0.0 0.0 0.220815896207 2.11506175888 0.0 0.0 230.0 247.0 255.0 -89.3975339789 85.4950418608 14.4586548926 55.4862990331 
0.0421714545816 0.0 0.0 0.738841272307 0.0269509613857 0.0 0.0 0.0 0.0 1.10491342204 0.0 0.0 230.0 247.0 255.0 -74.9388790863 100.0 37.871652772 -46.1033639173 
0.0 0.0 0.0 0.0 0.0 0.0 1.00460464254 0.0 0.0 0.0 0.0 0.0 230.0 247.0 255.0 -37.0672263143 53.8966360827 -32.9096434892 39.7856310739 
0.0 0.0 0.0 0.0 0.0 0.0 0.257566489142 0.0 0.0 0.0 0.0 0.0 230.0 247.0 255.0 -69.9768698035 93.6822671566 38.5544368398 -7.84933279752 
0.417062104661 0.109914435387 0.0 0.0 1.08974437102 0.0 0.171553783542 0.0 0.314772284236 0.812799390004 0.0 0.0 230.0 247.0 255.0 -31.4224329637 85.8329343591 -23.1505784809 0.809624388008 
0.0 0.0 0.0 0.0 0.0 0.0 0.574855914247 0.0 0.0 0.0 0.0 0.0 230.0 247.0 255.0 -54.5730114446 86.6425587471 21.0127358092 42.5799298666 
0.0 0.651381349655 0.0 0.944460895044 0.62743508604 0.0 0.0 0.0 0.361075079547 1.95682694116 0.0 0.0 230.0 247.0 255.0 -33.5602756354 100.0 57.8112558128 21.3841057204 
0.0 0.0 0.0 0.0 0.0 0.0 1.01369023072 0.0 0.0 0.0 0.0 0.0 230.0 247.0 255.0 24.2509801775 100.0 17.7754542669 -23.5958160173 
0.17543620468 0.0 0.0 0.0 0.191190762767 0.0 0.0 0.0 0.0 1.20784359412 0.0 0.0 230.0 247.0 255.0 42.0264344443 76.4041839827 30.0539782496 23.5004199782 
0.0 0.0 0.0 0.0 0.0 0.0 0.938876077248 0.0 0.0 0.0 0.0 0.0 230.0 247.0 255.0 72.0804126939 99.9046039609 34.7272143927 38.3213169746 
0.0 0.0 0.0 0.932017141716 0.0 0.0 1.0357446787 0.0 0.0 0.0 0.0 0.0 230.0 247.0 255.0 100.0 100.0 -36.7768764937 51.4378807391 
0.0 0.0 0.0 0.0 0.0 0.0 0.226263140867 0.0 0.0 0.0 0.0 0.0 230.0 247.0 255.0 63.2231235063 100.0 -63.942555232 -19.4363201716 
0.785677026186 0.0 0.0 0.400724381325 0.485771493337 0.0 0.0 0.0 1.29124498361 0.756237837741 0.0 0.0 230.0 247.0 255.0 -0.719431725769 80.5636798284 -9.38403565596 22.3890193081 
0.4374738614 0.0 0.0 0.0336673269631 0.182278444993 0.0 0.0 0.0 0.473598152655 1.43996215735 0.0 0.0 230.0 247.0 255.0 -10.1034673817 100.0 -0.946744616299 -20.03719883 
0.0 0.0 0.0 0.0 0.0 0.0 0.0124287236057 0.0 0.0 0.0 0.0 0.0 230.0 247.0 255.0 -11.050211998 79.96280117 4.29608683909 45.4309882359 
0.0 0.055851435212 0.0 0.0 0.0 0.0 0.600807914532 0.0 0.0 0.0 0.0 0.0 230.0 247.0 255.0 -6.75412515894 100.0 56.6891106724 7.9326508955 
0.409221129025 0.0 0.0 0.0 1.01665022369 0.0 0.0 0.0 1.25636909161 1.14932083773 0.0 0.0 230.0 247.0 255.0 49.9349855135 100.0 -3.64826415081 -2.81183459759 
0.0 0.0 0.0 0.0 0.199181867662 0.0 0.0 0.0 0.0 0.0 0.0 0.0 230.0 247.0 255.0 46.2867213627 97.1881654024 -25.1824803321 4.67541668087 
0.0 0.0992456307958 0.0 0.0 0.642242055601 0.0 0.0 0.0 0.356651240764 0.293787475772 0.0 0.735495999363 230.0 247.0 255.0 21.1042410305 100.0 3.96517129974 67.1693873737 
0.0 0.722313754054 0.0 0.0 0.0 0.0 0.0 0.0 0.0 0.457663345736 0.0 0.0 230.0 247.0 255.0 25.0694123303 100.0 -16.9242297764 6.07960763469 
0.0 0.0 0.0 0.0 0.190726205873 0.0 1.02644908038 0.0 0.0 0.0 0.0 0.0 230.0 247.0 255.0 8.14518255385 100.0 13.1793753416 -33.0130145513 
0.0 0.0 0.0 0.0 0.0 0.0 0.257690494749 0.0 0.0 0.0 0.0 0.0 230.0 247.0 255.0 21.3245578954 66.9869854487 9.52917418387 11.5520843417 
0.123441981623 0.503183143254 0.0 0.912023243971 0.407036415899 0.0 0.170999283346 0.0 0.463852544322 1.39441993189 0.0 0.577613373196 230.0 247.0 255.0 30.8537320793 78.5390697904 19.9112992297 14.768550758 
0.388054429163 0.0 0.0 0.0 1.05495369898 0.0 0.136976547179 0.0 0.199206184338 1.49249479732 0.0 0.0 230.0 247.0 255.0 50.765031309 93.3076205484 3.92742599295 -7.56710298082 
0.20879035423 0.552631157629 0.0 0.0 0.356266471217 0.0 0.0 0.0 0.0 0.182463872168 0.0 0.643870483287 230.0 247.0 255.0 54.692457302 85.7405175676 28.064606465 29.0124747159 
0.577825293227 0.0 0.0 0.0 0.677906744203 0.0 0.0 0.0 0.27972853707 1.39131310026 0.0 0.0 230.0 247.0 255.0 82.7570637669 100.0 24.2496613837 -5.20950365202 
0.0 0.0 0.0 0.0 0.0 0.0 0.689755608248 0.0 0.0 0.0 0.0 0.0 230.0 247.0 255.0 100.0 94.790496348 14.0430964537 8.51274024429 
0.0 0.0 0.0 0.0 0.0 0.0 0.372172827781 0.0 0.0 0.0 0.0 0.0 230.0 247.0 255.0 100.0 100.0 -39.6608658041 -56.482660116 
0.19552819991 0.0 0.0 0.00898405243148 0.0 0.0 0.0 0.0 0.0909977939757 0.459675172183 0.0 0.760932235447 230.0 247.0 255.0 60.3391341959 43.517339884 59.241066442 -42.5213855614 
0.0 0.468681835594 0.0 0.0238185747091 0.066421298326 0.0 0.13052007306 0.0 0.156965589583 1.61897914655 0.0 0.0 230.0 247.0 255.0 100.0 0.995954322656 -15.1940296822 0.939876055054 
0.0 0.704184849799 0.0 0.0242714525898 0.0 0.0 0.0 0.0 0.0 2.0609730351 0.0 0.429214193751 230.0 247.0 255.0 84.8059703178 1.93583037771 51.0422654625 24.3088238058 
# HEADER 2
0.765849125295 0.0 0.0 0.0199701417797 0.838088699623 0.0 0.0 0.0 0.36298952737 0.0 0.0 0.0 230.0 247.0 255.0 0 0 -30.0522498918 41.7736185167 
0.0387669862922 0.719087396169 0.0 0.405989687612 0.0 0.0 0.0 0.0 0.944141479072 0.928883380586 0.0 0.0 230.0 247.0 255.0 -30.0522498918 41.7736185167 7.66352503659 -2.06677543357 
0.390903998825 0.0 0.0 0.0429764895942 0.0 0.0 0.0 0.0 0.961772886759 0.99758165101 0.0 1.16659438839 230.0 247.0 255.0 -22.3887248552 39.7068430831 13.5801540257 -35.2273011562 
0.276549134965 0.419800182727 0.0 0.531618556804 0.389275683135 0.0 0.0 0.0 0.586936539994 0.967995920468 0.0 0.0 230.0 247.0 255.0 -8.80857082952 4.4795419269 -18.7276812346 30.7155212989 
0.0 0.0 0.0 0.515258304629 0.558903846692 0.0 0.0191839457553 0.0 0.949771887087 1.49808268584 0.0 0.0 230.0 247.0 255.0 -27.5362520641 35.1950632258 41.6685506652 39.9948236188 
0.0 0.0 0.0 0.0459095879014 0.0 0.0 0.637030254292 0.0 0.0 0.0 0.0 0.0 230.0 247.0 255.0 14.1322986011 75.1898868446 36.2348429283 5.71780585309 
0.0 0.0 0.0 0.0 0.0 0.0 1.12465307199 0.0 0.0 0.0 0.0 0.0 230.0 247.0 255.0 50.3671415294 80.9076926977 -20.7673871157 -13.7125161176 
0.0305394838657 0.00223085810948 0.0 0.0 0.0 0.0 0.264496997622 0.0 0.10031616087 0.70992289323 0.0 0.0 230.0 247.0 255.0 29.5997544137 67.1951765801 -37.5618281735 10.6129016732 
0.0174104123516 0.0 0.0 0.0 0.0 0.0 0.518677689727 0.0 0.0919388546444 0.0 0.0 0.649907815121 230.0 247.0 255.0 -7.96207375985 77.8080782532 5.63488764579 -21.0765413384 
1.26671717374 2.2240667456 0.0 1.39456270333 0.0 0.0 0.0 0.00815333611495 0.935067908699 0.801489951055 0.0 0.0 230.0 247.0 255.0 -2.32718611406 56.7315369149 33.7737616319 10.3846918226 
1.14847783991 0.0 0.0 0.135904304335 0.0 0.0 0.0 0.0 0.711170367071 1.74433898486 0.0 0.0 230.0 247.0 255.0 31.4465755178 67.1162287375 13.1408095441 10.1784697328 
0.0 0.0 0.0 0.0 0.0 0.0 0.0 0.0 0.672376731553 1.61706074491 0.0 0.0 230.0 247.0 255.0 44.5873850619 77.2946984703 -50.8529088075 -41.7127107747 
0.0 0.0 0.0 0.0281158973035 0.100316711418 0.0 0.0927361032891 0.0 1.38920817066 0.581357776072 0.0 0.0 230.0 247.0 255.0 -6.26552374566 35.5819876956 -22.0730255494 31.0911763797 
0.0 0.0 0.0 0.0 0.0833458244761 0.0 0.20170217627 0.0 0.0 0.0 0.0 0.0 230.0 247.0 255.0 -28.338549295 66.6731640753 -57.6945752751 4.85521305193 
0.386344960462 0.0 0.0 0.0 0.0 0.0 0.610994615945 0.0 0.0 0.0 0.0 0.0 230.0 247.0 255.0 -86.0331245701 71.5283771272 20.7641935298 30.9840200502 
0.0 0.0 0.0 0.0 1.47399186027 0.0 1.09220126083 0.0 0.0 0.0 0.0 0.0 230.0 247.0 255.0 -65.2689310404 100.0 49.6092177052 41.9085897859 
0.271409429307 0.0 0.0 0.0 0.0 0.0 1.07528631895 0.0 0.0 0.0 0.0 0.0 230.0 247.0 255.0 -15.6597133352 100.0 -1.79188600553 9.13946202856 
0.0 0.0 0.0 0.176142289695 0.0 0.0 0.105602390324 0.0 0.0 0.0 0.0 0.0 230.0 247.0 255.0 -17.4515993407 100.0 -4.5689349334 -22.9958514815 
0.0 0.0 0.0 0.0 0.0 0.249935612006 0.606591513763 0.0 0.0 0.0 0.0 0.0 230.0 247.0 255.0 -22.0205342741 77.0041485185 9.82109040385 -8.3206277292 
0.0 0.0 0.0 0.0 0.97994155813 0.0 0.121816298662 0.0 0.0 0.0 0.0 0.0 230.0 247.0 255.0 -12.1994438703 68.6835207893 -11.7399737363 -21.2188799895 
0.0 0.0 0.0 0.0 0.236895784665 0.0 0.169402195205 0.0 0.0 0.0 0.0 0.0 230.0 247.0 255.0 -23.9394176066 47.4646407998 34.0741163999 -7.28707953251 
0.0 0.0 0.0 0.0521539330399 1.0883109483 0.0 0.108030290622 0.0 0.0 0.0 0.0 0.708837679924 230.0 247.0 255.0 10.1346987933 40.1775612673 -24.4813854535 0.191087223812 
0.314654326412 0.605456039299 0.0 0.0347201097598 0.208252957828 0.0 0.1061515189 0.0 1.41909046836 1.37914900158 0.0 0.0 230.0 247.0 255.0 -14.3466866602 40.3686484911 10.0627183898 14.4196129386 
1.27835566497 0.673286261119 0.0 0.0 0.0 0.0 0.0 0.0 0.0728010216694 0.548773038205 0.0 0.0 230.0 247.0 255.0 -4.28396827034 54.7882614297 20.3732491243 7.1037147189 
0.0 0.269133040969 0.0 0.0207260666766 0.0 0.0 0.0 0.0 0.0309830340203 1.428730955 0.0 0.0 230.0 247.0 255.0 16.089280854 61.8919761486 -28.4690321449 -15.4450361713 
0.0 0.0 0.0 0.0 0.0 0.0 0.150316540467 0.0 0.0 0.0 0.0 0.302435245467 230.0 247.0 255.0 -12.3797512909 46.4469399773 -33.9103374288 -0.985507572555 
0.361373962474 0.0 0.0 0.0 0.120044222583 0.0 0.170535312202 0.0 0.0 1.2411084602 0.0 0.784459637565 230.0 247.0 255.0 -46.2900887197 45.4614324047 -35.8342619543 -18.4240605836 
0.0 0.0 0.0 0.0 0.147675611553 0.0 0.639852179141 0.0 0.0 0.0 0.0 0.0 230.0 247.0 255.0 -82.1243506739 27.0373718211 6.32448702607 15.3568967855 
0.0 0.0 0.0 0.0507238988833 0.0 0.0 0.0 0.0 0.0 0.303443122245 0.0 0.287083576306 230.0 247.0 255.0 -75.7998636479 42.3942686067 -22.1932879121 4.96188888519 
0.0 0.0 0.0 0.0 0.121526303849 0.0 0.0 0.0 0.0 0.0 0.0 0.0 230.0 247.0 255.0 -97.99315156 47.3561574919 -33.3265962158 2.23149410819 
0.0 0.0 0.0 0.426629388059 0.0 0.0 0.0 0.0 0.759881575395 1.3485165548 0.0 0.299847370015 230.0 247.0 255.0 -100.0 49.5876516001 -27.4978835181 17.9491932658 
0.0 0.0 0.0 0.797120276562 0.40115798052 0.0 0.092956559538 0.0 0.553133521668 2.07814389308 0.0 0.0 230.0 247.0 255.0 -100.0 67.5368448658 28.1497177696 -12.3706269811 
0.0 0.0 0.0 0.0897168240687 1.6253474305 0.0 0.0 0.0 0.202522733141 1.53774032052 0.0 0.0 230.0 247.0 255.0 -71.8502822304 55.1662178847 45.2048409571 -5.04156838154 
0.0 0.0 0.0 0.2236946031 0.00679374746359 0.0 0.212372646087 0.0 0.0 0.552169827467 0.0 0.36810961241 230.0 247.0 255.0 -26.6454412733 50.1246495032 -4.76970314774 22.2903169916 
0.769353796706 0.0 0.0 0.0 0.0 0.0 0.3296820473 0.0 0.528263978167 0.0 0.0 0.0 230.0 247.0 255.0 -31.415144421 72.4149664948 7.99426425458 16.5215226849 
0.0 0.522061668664 0.0 0.0 0.0 0.0 0.0 0.148891198185 0.764100340026 2.14745896065 0.0 0.0 230.0 247.0 255.0 -23.4208801664 88.9364891797 -67.0719495938 12.6625200322 
0.293971692128 0.0 0.0 0.0 0.0 0.0 0.884224321745 0.0 0.0 0.0 0.0 0.0 230.0 247.0 255.0 -90.4928297602 100.0 0.327732434389 2.90945583262 
1.15405640821 0.0 0.0 0.0 0.568867896584 0.0 0.0 0.362731836596 0.0 1.66983980964 0.0 0.0 230.0 247.0 255.0 -90.1650973258 100.0 -20.5611036382 -77.5962281125 
0.0 0.0 0.0 0.0 0.0 0.0 0.879845488308 0.0 0.0 0.0 0.0 0.0 230.0 247.0 255.0 -100.0 22.4037718875 21.5914922333 -4.04921419551 
0.43844934596 0.528845295858 0.0 0.0 0.0 0.0 0.0 0.0 0.897249654861 0.852776374959 0.0 0.329361301013 230.0 247.0 255.0 -78.4085077667 18.3545576919 -2.51365696411 -37.6714673261 
0.0 0.0 0.0 0.0 0.0 0.0 0.27413184114 0.0 0.0 0.718502051646 0.0 0.0 230.0 247.0 255.0 -80.9221647308 -19.3169096342 23.0078631301 82.0452554922 
0.0 1.46445981933 0.0 0.0270626596863 0.0608811518056 0.0 0.0 0.0 0.1002709965 1.65123179318 0.0 0.0 230.0 247.0 255.0 -57.9143016007 62.728345858 13.6007973036 -29.2392613457 
0.0 0.0 0.0 0.786224375229 0.491661316347 0.0 0.0 0.0 0.719714696642 0.367594299267 0.0 0.0 230.0 247.0 255.0 -44.3135042971 33.4890845124 47.8530146733 -67.0949657438 
0.0 0.0 0.0 0.0 0.0 0.0 1.02085673326 0.0 0.0 0.0 0.0 0.0 230.0 247.0 255.0 3.53951037619 -33.6058812314 8.3098114801 -33.2711560279 
0.0 0.0 0.0 0.0 0.0 0.0 0.948179135838 0.0 0.0 0.0 0.0 0.0 230.0 247.0 255.0 11.8493218563 -66.8770372593 -16.2721436238 0.946826815404 
0.0 0.0 0.0 0.0 0.0 0.0 0.945577542419 0.0 0.0 0.0 0.0 0.0 230.0 247.0 255.0 -4.42282176754 -65.9302104439 -21.9319740786 43.3049754982 
0.0 0.0 0.0 0.0 1.13673042515 0.0 0.0 0.0 0.365623364831 0.326353653261 0.0 0.0 230.0 247.0 255.0 -26.3547958462 -22.6252349457 -7.39759983053 23.9631027276 
0.0 1.03933248918 0.0 0.166938932908 0.0 0.0 0.0 0.0 0.0109500732546 0.0 0.0 0.0 230.0 247.0 255.0 -33.7523956767 1.33786778193 1.9083019977 -9.96032927099 
0.0 0.0 0.0 0.0 0.0 0.0 0.827096850498 0.0 0.0 0.0 0.0 0.0 230.0 247.0 255.0 -31.844093679 -8.62246148906 4.79169416164 -14.6435363441 
0.863642421567 0.0 0.0 0.0 0.0783306087395 0.0 0.191412952801 0.0 1.73312524864 0.0 0.0 0.0 230.0 247.0 255.0 -27.0523995173 -23.2659978332 61.0409692735 1.34510676987 
0.0 0.0 0.0 0.0 0.0 0.0 0.702836786115 0.0 0.0 0.0 0.0 0.0 230.0 247.0 255.0 33.9885697561 -21.9208910633 -14.6991102234 -12.0796382617 
0.486124360736 0.0 0.0 0.0 0.0 0.0 0.187316522891 0.0 0.0 0.221377506803 0.0 0.0 230.0 247.0 255.0 19.2894595327 -34.000529325 -10.5712053827 5.08834604068 
0.414496552815 1.43501270746 0.0 0.0 0.5338798633 0.0 0.0 0.0 0.0 1.41964094922 0.0 0.0 230.0 247.0 255.0 8.71825414997 -28.9121832843 52.7563859648 -22.0129717205 
0.974660336047 0.0 0.0 0.0 0.0 0.0 0.0 0.0 0.662380426763 0.737830325775 0.0 0.0 230.0 247.0 255.0 61.4746401147 -50.9251550049 9.13799601575 6.32592822241 
0.0 0.0 0.0 0.0 0.0 0.0 0.0 0.140732473727 0.957278895524 0.716124030066 0.0 0.0 230.0 247.0 255.0 70.6126361305 -44.5992267825 37.5681091155 11.6945600777 
1.36745362853 0.0 0.0 0.0 0.0 0.0 0.107985233394 0.0 0.0 0.933602144736 0.0 0.328276099285 230.0 247.0 255.0 100.0 -32.9046667048 25.1719699317 22.7019730922 
0.44125041873 0.0 0.0 0.0 0.450430887404 0.0 0.0 0.626539945799 0.889558372445 0.284110979862 0.0 0.0 230.0 247.0 255.0 100.0 -10.2026936126 5.17504233162 10.4315845588 
0.193620573411 0.0 0.0 0.00993888814482 0.693748398494 0.0 0.0 0.0 0.963773060519 2.20089138199 0.0 0.0 230.0 247.0 255.0 100.0 0.228890946175 -49.5903670771 -10.2394888302 
0.0 0.0 0.0 0.0 0.0 0.0 0.663751938146 0.0 0.0 0.0 0.0 0.0 230.0 247.0 255.0 50.4096329229 -10.010597884 -26.7428963682 19.1067543314 
0.855921020568 1.07426217819 0.0 0.74412789663 0.0 0.0 0.0 0.0 0.178932675992 2.10483855025 0.0 0.0 230.0 247.0 255.0 23.6667365547 9.09615644737 47.2379339908 14.7950770595 
0.0 0.0 0.0 0.0 0.0 0.0 0.830157231405 0.0 0.0 0.0 0.0 0.0 230.0 247.0 255.0 70.9046705454 23.8912335069 13.801303676 -27.8694600138 
0.896714797456 0.0 0.0 0.236811697184 1.1916794791 0.0 0.161565604159 0.0 0.386441845947 0.0 0.0 1.06650087031 230.0 247.0 255.0 84.7059742214 -3.97822650689 -10.9732782414 4.38013694405 
0.0 0.0 0.0 0.0 1.46700336671 0.0 0.0 0.0 0.0 1.21696474891 0.0 0.0 230.0 247.0 255.0 73.73269598 0.401910437158 0.065173379751 20.9055930269 
1.13853408971 0.0 0.0 0.0 0.0 0.0 0.0 0.0 0.0 0.0 0.0 0.0 230.0 247.0 255.0 73.7978693598 21.307503464 -18.5303703383 50.9928935648 
0.0 0.192826607295 0.0 0.766438069349 0.0 0.0 0.0 0.0 0.402356515914 1.41993927854 0.0 0.118226574427 230.0 247.0 255.0 55.2674990214 72.3003970289 -16.5121800593 -11.084140631 
0.0 0.199850044004 0.0 0.814215706586 0.616217311498 0.0 0.0 0.0 0.0 1.48491933687 0.0 0.0 230.0 247.0 255.0 38.7553189621 61.2162563978 44.7725249611 28.8265033747 
0.0 0.0 0.0 0.065559761216 0.0 0.0 0.866263516614 0.0 0.0 0.0 0.0 0.0 230.0 247.0 255.0 83.5278439232 90.0427597725 35.2083924024 -1.26004434295 
0.866638132489 0.859597874239 0.0 0.0421460253066 0.0 0.0 0.0 0.0 0.0 1.58140380912 0.0 0.376532912927 230.0 247.0 255.0 100.0 88.7827154296 12.501988919 18.4071113645 
0.0 0.0 0.0 0.0 0.445232935934 0.0 0.336158287316 0.0 0.0 1.36480096013 0.0 0.484100253999 230.0 247.0 255.0 100.0 100.0 -13.8262715072 -50.4417368165 
0.0 0.0 0.0 0.0 0.258146838827 0.0 0.0 0.0 0.70928307762 1.48248216675 0.0 0.0 230.0 247.0 255.0 86.1737284928 49.5582631835 18.7270044303 -42.6911989632 
0.389573160966 0.0 0.0 0.04035110611 0.0 0.0 0.0 0.0 0.958053864088 1.48561469218 0.0 1.3930759295 230.0 247.0 255.0 100.0 6.86706422029 -23.4387831466 20.4165913037 
0.0 0.255782589556 0.0 0.0 0.414449097212 0.0 0.0 0.0 0.0 0.953761634674 0.0 0.516050859637 230.0 247.0 255.0 76.5612168534 27.283655524 20.2394507521 17.950766185 
0.0 0.0 0.0 0.455977316359 0.694602315535 0.0 0.0 0.0 0.70010135056 1.24937348265 0.0 0.0 230.0 247.0 255.0 96.8006676055 45.2344217089 22.6288843676 38.4900666165 
0.366124246651 0.0 0.0 0.054764066409 0.0 0.0 0.0 0.0 0.956943317864 0.508324793513 0.0 0.0 230.0 247.0 255.0 100.0 83.7244883254 0.97466852059 -11.5879824217 
0.0 0.0 0.0 0.573645269108 0.0 0.0 0.0 0.0 1.49592294917 2.20346966951 0.0 0.0 230.0 247.0 255.0 100.0 72.1365059037 16.8571185713 -11.3650151319 
0.0 0.0 0.0 0.0 0.0 0.0 0.3367892526 0.0 0.638509312495 0.194453976317 0.0334932580495 0.0 230.0 247.0 255.0 100.0 60.7714907718 -7.64707140046 29.0586991686 
1.17096804437 0.0 0.0 0.887437285543 0.636529859441 0.0 0.0 0.0 0.0801078902825 1.35017122091 0.0 0.0 230.0 247.0 255.0 92.3529285995 89.8301899404 42.3832716601 -34.1574461012 
0.343811485852 0.0 0.0 0.0 0.515711456543 0.0 0.205500112229 0.0 0.0 1.01143867024 0.0 0.600699071973 230.0 247.0 255.0 100.0 55.6727438392 0.1005862243 -22.2279731362 
0.0 0.689999239649 0.0 0.0400766918654 0.0 0.0 0.0 1.14650161042 1.80871721653 0.50058812957 0.0 0.0 230.0 247.0 255.0 100.0 33.444770703 -15.0145299284 1.003973903 
0.0 0.374765722016 0.0 0.0 0.0 0.0 0.178445529653 0.0 0.803404024537 0.891287970142 0.0 0.0 230.0 247.0 255.0 84.9854700716 34.448744606 -32.9628948343 -0.324550568915 
0.0 0.0 0.0 0.0 0.0 0.0 1.20535974391 0.0 0.0 0.0 0.0 0.0 230.0 247.0 255.0 52.0225752374 34.1241940371 46.7752658158 4.32616850773 
0.0 0.0 0.0 0.0 0.0 0.0 1.04959628352 0.0 0.0 0.0 0.0 0.0 230.0 247.0 255.0 98.7978410532 38.4503625448 59.7085566926 -11.7061651354 
0.0 0.0 0.0 0.0 0.0 0.0 0.16951271622 0.0 0.877540114565 0.347631765811 0.0 0.0 230.0 247.0 255.0 100.0 26.7441974094 -4.43658813881 -26.5557691347 
0.202428908648 0.530166441931 0.0 0.0 0.680423778357 0.0 0.0 0.0 0.0 0.0 0.0 0.0 230.0 247.0 255.0 95.5634118612 0.188428274747 -12.804705312 -51.506141846 
0.0 2.30892208688 0.0 0.133625799043 0.0 0.0 0.0 0.0 1.68422026814 0.0 0.0 0.720291097959 230.0 247.0 255.0 82.7587065492 -51.3177135713 -0.486326042352 0.246408816483 
0.389326983562 0.0 0.0 0.0464911043838 0.587541526718 0.0 0.0196050045792 0.0 0.113396472532 0.553307532722 0.0 0.844792686149 230.0 247.0 255.0 82.2723805069 -51.0713047548 -42.1756225455 26.6322844412 
0.415791165102 0.724257668455 0.0 0.918635234079 0.517409850822 0.0 0.137609356239 0.0 0.0 1.27061115028 0.0 0.0 230.0 247.0 255.0 40.0967579614 -24.4390203136 -27.3196088307 -26.768700845 
0.0 0.0 0.0 0.0 0.0 0.0 0.047651021715 0.183882753188 0.934520164352 0.0 0.0 0.0 230.0 247.0 255.0 12.7771491307 -51.2077211586 66.9867761367 32.2072644671 
1.16777797721 0.0 0.0 0.916341413312 0.587218617987 0.0 0.0 0.0 0.0 0.0 0.0 0.0 230.0 247.0 255.0 79.7639252675 -19.0004566915 -14.2005368728 -20.8997621058 
0.0 0.0 0.0 0.851823053169 0.610808782289 0.0 0.0 0.0 0.0 0.0 0.0 0.694144929518 230.0 247.0 255.0 65.5633883946 -39.9002187973 12.1066663765 -11.9352020362 
0.0 0.623219715271 0.0 0.0683985738611 0.0 0.0 0.121833139763 0.0 0.0567411773474 1.53440806174 0.0 0.0 230.0 247.0 255.0 77.6700547711 -51.8354208336 -25.4604753872 12.9183418666 
0.0 0.0 0.0 0.0 0.0 0.0 0.140488203486 0.0638740892338 0.0625399050009 2.45729359577 0.0 0.913305923787 230.0 247.0 255.0 52.209579384 -38.917078967 -1.57422652326 -32.8028950886 
0.386790061234 0.691142922353 0.0 0.0 0.676967352739 0.0 0.0 0.0 0.0 2.39160898902 0.0 0.0703715150487 230.0 247.0 255.0 50.6353528607 -71.7199740556 -31.0531274925 17.6035744952 
0.0 0.0 0.0 0.133996302552 1.48808193729 0.0 0.0203065119878 0.0 0.931769347182 0.451755039274 0.0 0.0 230.0 247.0 255.0 19.5822253682 -54.1163995604 5.80181818431 31.4283316814 
1.23297577085 0.0 0.0 0.0460664173256 0.0 0.0 0.137573067899 0.0 0.0 1.35962122541 0.485950562496 0.0 230.0 247.0 255.0 25.3840435525 -22.6880678791 -37.2133009335 75.5836936301 
0.0 0.0 0.0 0.0432995690545 2.51577932811 0.0 0.0 0.072893448629 0.0 0.512688571582 0.0 0.0 230.0 247.0 255.0 -11.829257381 52.895625751 -7.98239870924 -12.3780660843 
1.17570201033 0.0 0.0 0.0 0.0 0.0 0.959218630271 0.0 1.1213491289 0.0 0.0 0.0 230.0 247.0 255.0 -19.8116560902 40.5175596667 25.3774435738 -6.10347786918 
0.44134721855 0.0 0.0 0.0 0.0 0.0 0.0735883084253 0.0 0.782371376232 0.311193427385 0.0 0.0 230.0 247.0 255.0 5.56578748354 34.4140817975 8.25467147878 -16.4244270376 
0.0 0.0 0.0 0.0 0.0 0.0 1.01449517973 0.0 0.0 0.0 0.0 0.0 230.0 247.0 255.0 13.8204589623 17.9896547599 -16.6981241935 3.5756941478 
0.0 0.0 0.0 0.0 0.0 0.0 0.949984319936 0.0 0.0 0.0 0.0 0.0 230.0 247.0 255.0 -2.87766523115 21.5653489077 40.4025054562 10.7985402129 
0.0 0.0 0.0 0.0 0.0 0.0 1.04139853503 0.0 0.0 0.0 0.0 0.0 230.0 247.0 255.0 37.5248402251 32.3638891206 -23.6993164266 -49.6311802873 
0.0 0.64181532478 0.0 0.0143980930175 0.0 0.0 0.0 0.0 0.0 1.275083883 0.0 0.0 230.0 247.0 255.0 13.8255237985 -17.2672911667 18.1286225001 48.0040917222 
0.0 0.0 0.0 0.137344857104 0.0 0.0 0.208225890252 0.0 0.0 1.01321082686 0.0 1.4219945381 230.0 247.0 255.0 31.9541462986 30.7368005555 18.8125226795 -7.89475090202 
1.16715857318 0.351070717516 0.0 0.0 0.624391765294 0.0 0.236548871282 0.19545334731 1.49948548663 0.0366966698856 0.0 0.0 230.0 247.0 255.0 50.7666689781 22.8420496535 -47.1022504284 15.5321537082 
0.0 0.0 0.0 0.0 0.0 0.0 1.11207698776 0.0 0.0 0.0 0.0 0.0 230.0 247.0 255.0 3.66441854971 38.3742033617 -50.8114494894 8.23638395496 
1.35868115256 0.0 0.0 0.0148235459853 0.0 0.0 0.0 0.0 0.905277051356 0.310108963374 0.0 1.04242145478 230.0 247.0 255.0 -47.1470309397 46.6105873166 -36.492490132 -27.1099561205 
0.0 0.0 0.0 0.419196685108 0.714891942201 0.0 0.0 0.0 0.0908733638891 0.515931889648 0.0 0.0186650480293 230.0 247.0 255.0 -83.6395210716 19.5006311962 23.184311655 -28.4118851688 
0.0 0.0 0.0 0.0 0.0 0.0 0.378406468998 0.0 0.0 0.0 0.0 0.0 230.0 247.0 255.0 -60.4552094167 -8.91125397265 33.746934628 8.0451396873 
0.155092987397 0.833109253191 0.0 0.408751939997 0.0 0.0 0.0 0.0 0.167687578643 0.559988653724 0.0 0.0 230.0 247.0 255.0 -26.7082747887 -0.866114285347 11.5360555833 -18.8263396737 
0.0679109246324 0.0 0.0 0.0 0.0 0.0 0.0 0.0 0.0 0.211685334763 0.0 0.0 230.0 247.0 255.0 -15.1722192053 -19.692453959 -1.81970667224 7.37214048947 
