nrollouts: 2
# HEADER 1
0.0885258907214 1.64119934296 0.0 0.25722335483 1.26707997176 0.0 0.0 0.0 0.0177642792285 1.24304446938 0.0 1.02484371594 230.0 247.0 255.0 0 0 43.7780869674 16.7621938776 
0.127895601846 0.0 0.0 0.208826689703 0.85806026683 0.0 0.136225496281 0.0 2.37090291246 3.04019389648 1.05364099028 0.0 230.0 247.0 255.0 43.7780869674 16.7621938776 59.2127010648 -7.40741251969 
0.0663977526291 0.0 0.0 0.238677613514 0.0 0.0 0.0854507780125 0.0 0.25644801696 0.0 0.0 0.0 230.0 247.0 255.0 100.0 9.35478135788 57.2144450561 -25.6759201086 
2.90764698128 0.935601800259 0.0 0.645487800598 0.725043001018 2.01037608056 0.0 0.404858558379 1.03371257998 0.535394400683 0.0 0.0 230.0 247.0 255.0 100.0 -16.3211387508 -25.7040016115 -0.793765387807 
1.24530667057 0.0 0.0 0.0 1.18432485366 0.0 1.00847645464 0.34602529147 0.0 0.0 0.0 1.53446462673 230.0 247.0 255.0 74.2959983885 -17.1149041386 10.2809716432 31.2978339203 
0.0 0.0 0.0 0.0 0.729352615248 0.0 0.674848244419 0.0 0.0 0.0 0.257655382527 0.0 230.0 247.0 255.0 84.5769700317 14.1829297817 -30.7568988357 26.3503393358 
0.0 0.0 0.0 0.0955923598303 0.0 0.0 0.632734299158 0.0 0.428680020596 0.0 0.325936747279 1.05776293001 230.0 247.0 255.0 53.820071196 40.5332691175 57.6837960362 17.6967427884 
0.0 0.0 0.0 0.0 0.0 0.0 0.0 0.0 0.0 0.0 0.0 0.0 230.0 247.0 255.0 100.0 58.2300119059 0.218885603561 -10.6185166768 
0.0 0.316919267927 0.0 0.644911046031 0.152834469021 1.08560102226 0.0 0.0 1.48864412922 0.0 0.0 0.187879774555 230.0 247.0 255.0 100.0 47.6114952291 21.3956243809 27.9697401014 
0.0 0.0 0.0 0.189776717235 0.0 0.551460389523 0.0 0.0 1.47968735443 1.10782035041 0.0 0.129317801626 230.0 247.0 255.0 100.0 75.5812353305 -4.33051626007 5.52762616007 
0.0 0.0 0.0 0.55072671571 0.0 0.0 1.98128639931 0.0 0.0 0.0 0.0 0.0 230.0 247.0 255.0 95.6694837399 81.1088614906 20.598237953 20.5474379379 
0.0 0.34582530419 0.0 1.53057692237 0.0 0.0 0.0 0.0 0.207005871041 4.65736968746 0.0 0.0 230.0 247.0 255.0 100.0 100.0 -40.3971960415 -14.4636983193 
0.0 0.0 0.0 0.279463834833 0.0 0.0 0.734414585047 0.0 0.0 0.0 0.0 0.0 230.0 247.0 255.0 59.6028039585 85.5363016807 5.28676434908 12.987940984 
0.0 0.0 0.0 0.0 0.0 0.0 0.761486509181 0.0 0.132142022673 0.0 0.0 0.0 230.0 247.0 255.0 64.8895683076 98.5242426648 -36.7802560777 32.4187881288 
0.32671359327 0.72178290732 0.944022605513 0.0 0.0 0.0 0.762176353656 0.0 0.0 0.0 0.0 0.0 230.0 247.0 255.0 28.1093122299 100.0 -31.1984894657 3.0031903435 
0.0 0.0 0.0 0.692449333503 0.0 0.0 0.199438030741 0.0 0.0 0.529167953669 0.0 1.64959817854 230.0 247.0 255.0 -3.08917723573 100.0 -25.332142187 21.5570633079 
0.528335827753 0.015435489094 0.0 0.0 0.557754367937 0.0 0.150532975873 0.0572253657904 0.0568781833167 0.802250580821 0.0 0.428752140644 230.0 247.0 255.0 -28.4213194227 100.0 -15.8683746493 -52.5963218678 
1.33118566974 0.0 0.0 0.303011536481 0.0 0.633630180487 0.0 0.0 1.18472785982 0.810411289707 0.0103895083302 0.515277229391 230.0 247.0 255.0 -44.289694072 47.4036781322 18.7227129743 -0.224968830244 
0.824258611198 0.062693868883 0.0 0.365840008293 1.34683037474 0.0 0.0 0.0 0.125849652073 0.810293329883 0.0 0.0 230.0 247.0 255.0 -25.5669810977 47.1787093019 41.8680681043 39.5477437051 
1.33925582347 0.255786178886 0.0 0.0 0.113118020706 0.0 0.0 0.0 0.0 2.12246411559 0.0 0.971168684317 230.0 247.0 255.0 16.3010870067 86.726453007 8.69716296307 14.6958771191 
0.0 0.0 0.0 0.0 0.0 0.0 0.656059233418 0.0 0.198018892884 0.0 0.0 0.0 230.0 247.0 255.0 24.9982499698 100.0 -6.92673489704 -17.3267227393 
0.0 1.54980158234 0.0 0.0 0.0 0.0 0.0 0.0 0.438865803711 0.0 0.0 0.0 230.0 247.0 255.0 18.0715150727 82.6732772607 -6.41964518833 24.093934143 
# HEADER 2
0.0 0.0 0.0 0.953166455583 0.0 0.0 1.22739197492 0.0 0.0 0.0 0.0 0.0 230.0 247.0 255.0 0 0 29.6706765147 5.25205650349 
0.0 0.785574291247 0.096902778305 0.0 1.57903549951 0.0 0.0 0.0 0.0 0.0 1.12135177514 0.639621787561 230.0 247.0 255.0 29.6706765147 5.25205650349 18.9635452818 -20.7519488863 
0.0 0.0 0.0 0.0 0.0 0.0 2.02388907592 0.0 0.0 0.0 0.0 0.0 230.0 247.0 255.0 48.6342217965 -15.4998923828 8.30242819943 -11.6864945354 
0.0 0.0 0.0 0.0 0.0 0.0 1.16411229795 0.0 0.0 0.0 0.0 0.0 230.0 247.0 255.0 56.9366499959 -27.1863869182 28.6770944704 37.5761244826 
3.04516888335 1.77792557282 0.0 1.03834002375 0.0 0.0 0.0 0.0 0.0 2.30175483689 0.0 0.0 230.0 247.0 255.0 85.6137444663 10.3897375644 31.7199674236 7.52981225522 
0.775661595771 3.93196081703 0.330418086137 0.220535620619 0.589908775621 0.0 0.0 0.0 0.0 0.610530518949 0.0 0.349301618237 230.0 247.0 255.0 100.0 17.9195498197 12.661745692 30.0943594634 
0.517099571166 1.0924261269 0.145122430356 0.882609658915 0.732366146592 0.0 0.0149127573275 0.0 0.0 0.651199860418 1.04848181596 1.92296581991 230.0 247.0 255.0 100.0 48.0139092831 -11.4318777866 -5.4317959975 
1.10312788149 0.0 0.0 0.028415661821 2.57992283004 0.0 0.226649842078 0.0 1.70141040135 0.1841675874 0.421805476505 0.315595518036 230.0 247.0 255.0 88.5681222134 42.5821132856 30.1674161145 4.0286258575 
1.30874858063 0.0 0.0 0.0955740098272 0.793352286104 0.0 0.0 0.0 0.12681482883 1.73265192717 0.0 0.0 230.0 247.0 255.0 100.0 46.6107391431 21.5294284201 20.1452890056 
2.28335970297 2.84493748208 1.57426333118 2.90959257917 0.924446638964 0.0 0.0581873553991 0.0 0.952424943353 1.65538602527 0.0 0.234050375724 230.0 247.0 255.0 100.0 66.7560281487 -4.54651318521 21.8889791525 
0.250425854532 0.0 0.0 0.965402546474 0.302817421923 0.427607110365 0.0 0.634159746439 1.85271158895 1.55875257311 0.0 2.20024626895 230.0 247.0 255.0 95.4534868148 88.6450073012 -0.737772423225 -23.3515624511 
0.0 0.743129353872 0.0 0.0 0.377465826897 0.0 0.0 0.0 2.16077669703 2.43017888168 0.0 0.0 230.0 247.0 255.0 94.7157143916 65.29344485 34.5749725545 10.5682098017 
0.0660904873113 0.0 0.0111327052883 0.212216763493 1.03565293412 0.0 0.0 0.573686209682 0.138694413858 5.36228631457 0.0 0.0 230.0 247.0 255.0 100.0 75.8616546517 16.8429185575 18.9426854113 
0.368786829918 0.0 1.48163953728 0.412118985071 0.805467480408 0.275026729916 0.507224023907 1.02565619495 0.418724201771 0.0 0.628423909673 0.0 230.0 247.0 255.0 100.0 94.8043400631 -35.3528020244 7.36728204629 
0.0 0.0 0.0 2.16751092725 0.0 1.28084072845 0.369132399676 0.0 0.0 0.0 0.0 0.0 230.0 247.0 255.0 64.6471979756 100.0 5.70592043975 31.7964494437 
0.00781619197793 1.23804049828 0.0 0.75320853551 0.0 0.0 0.0 0.0 1.12499586497 2.0720317117 0.0 0.0 230.0 247.0 255.0 70.3531184154 100.0 8.69576673831 -2.01468985356 
1.21100322369 0.353647788563 0.0 0.0 0.147573819289 0.0 0.661673432906 0.0 0.0 0.0 0.0 0.0 230.0 247.0 255.0 79.0488851537 97.9853101464 42.9215722169 -20.5617715374 
0.0 0.0 0.0 0.0 0.0592702676047 0.0 1.03004868188 0.0 0.0 0.0 0.0 0.0 230.0 247.0 255.0 100.0 77.423538609 -23.1112681178 11.5508979991 
0.0 0.0 0.0 0.0 0.80624439542 1.54261249959 0.0 0.0 1.09505850137 0.0 0.00558874495267 0.0 230.0 247.0 255.0 76.8887318822 88.9744366081 50.0384189583 -56.9660050497 
0.0 0.0541510563298 0.0 0.0 0.0 0.633351603276 0.0 0.00550924313115 0.198653480634 1.52619902984 0.0 0.0 230.0 247.0 255.0 100.0 32.0084315584 -22.3904816004 -18.1641199119 
0.0 0.0 0.0 0.0 0.0 0.0 1.27626332073 1.01026565111 1.32655257938 1.11512071561 0.0 0.858685592923 230.0 247.0 255.0 77.6095183996 13.8443116464 12.6390972944 31.2135236046 
0.96085854927 0.260676606552 0.0373826195437 1.08561508193 0.0 0.0 0.548542677147 0.0 0.0 0.820684331638 0.0 0.380296771534 230.0 247.0 255.0 90.248615694 45.057835251 28.9774096426 27.2702325268 
0.0 0.0 0.0 0.157790806526 0.0 0.0 1.02557827959 0.0 0.0 0.0 0.0 0.0 230.0 247.0 255.0 100.0 72.3280677778 17.5665990903 -11.8015748117 
0.266277549801 0.0 0.0 0.784810971646 0.0 0.0 0.633738721424 0.0 0.187277857671 0.0 0.0 0.0 230.0 247.0 255.0 100.0 60.526492966 -24.2718414677 -3.45335866889 
1.75039721224 0.296019029754 0.0 0.0 0.801524170638 0.0 0.0 0.820914328292 1.38910148748 0.969183721615 0.0 0.230275577548 230.0 247.0 255.0 75.7281585323 57.0731342972 -3.8422898777 -7.87078564668 
1.35865590402 0.0761301982452 0.0 0.449412219839 0.330697395423 0.206402596434 0.0 0.0 1.76932862876 0.0362966029187 0.752081376407 0.830420788359 230.0 247.0 255.0 71.8858686546 49.2023486505 -3.16689001221 14.331538774 
0.0645548226111 0.0 1.14580045633 0.0 0.0 0.282688975505 0.0 0.0 2.06138503037 0.0 0.0 1.38016894419 230.0 247.0 255.0 68.7189786423 63.5338874244 -14.114585991 -12.966952991 
1.83669301858 0.0 0.0 0.0 0.364269132978 0.0 0.0 1.19416233162 0.569940692212 0.61049016745 0.0 0.0 230.0 247.0 255.0 54.6043926514 50.5669344334 10.0427225811 19.3352298744 
1.14078977788 0.0 0.0 0.092458960386 1.00470652292 0.0 0.786411845307 0.0 0.0 0.806687491222 0.271538686036 0.0 230.0 247.0 255.0 64.6471152324 69.9021643078 -31.4986528447 -4.20939597855 
0.587033700441 0.0 0.0 0.0 0.0870412911031 0.0 0.0 0.0 0.939301593659 1.84353631368 0.249218254084 1.42660429 230.0 247.0 255.0 33.1484623877 65.6927683292 -70.7056111048 -15.9578450157 
0.0 0.0 0.0 0.0 0.0 0.0 0.865696454758 0.0 0.0 0.375637603649 0.0918620241414 0.0 230.0 247.0 255.0 -37.5571487171 49.7349233135 -28.1025940535 -31.0990526354 
0.325349547915 0.0 0.0 0.0 0.0 0.0 0.0 0.0 0.186596923161 0.32967381478 0.0 0.0 230.0 247.0 255.0 -65.6597427706 18.6358706781 -28.4872523768 -23.1398884435 
0.0 0.0 0.0 0.0 0.756220458812 0.0 0.323130979342 0.0 0.0 0.0 0.0 0.0 230.0 247.0 255.0 -94.1469951474 -4.5040177654 -43.0028125838 32.3206560299 
0.0 0.0 0.0 0.0 0.0 0.0 1.73807236217 0.759753853883 1.10384662045 0.0 0.0 0.0 230.0 247.0 255.0 -100.0 27.8166382645 -19.2091288068 -2.85367829167 
0.0 0.0 0.0 0.0 0.0 0.0 1.09360000316 0.0 0.320293451593 0.0 0.0 0.0 230.0 247.0 255.0 -100.0 24.9629599729 -1.49887886165 -24.4768549755 
0.483062604498 0.50705113857 0.0 0.0 1.25483716089 0.0 0.0 0.0 0.545375452805 0.684441200017 0.0 0.206153026988 230.0 247.0 255.0 -100.0 0.486104997374 -4.62980862241 24.4961426805 
0.0 0.0 0.0 0.0 0.875945515168 0.0 0.514318841541 0.0 0.0 0.0 0.0 0.0 230.0 247.0 255.0 -100.0 24.9822476779 -29.2674691205 -39.5779255795 
0.153056778757 0.0 0.0 0.0 0.0 0.0 0.586360069994 0.0 0.167872503545 0.0 0.0 0.0 230.0 247.0 255.0 -100.0 -14.5956779016 -41.6285465684 13.5466183236 
0.0 0.0 0.0 0.606974655493 0.0 0.7447381999 0.150978030938 0.0 1.13504304782 0.127384397518 0.0 0.335003542681 230.0 247.0 255.0 -100.0 -1.049059578 6.26485119239 -31.1451035535 
0.0 0.0 0.0 0.0 0.803225305564 0.994621848705 0.574615068371 0.564914105584 0.29027160221 0.0 0.0 0.0 230.0 247.0 255.0 -93.7351488076 -32.1941631315 -55.9956061361 31.3749337669 
0.0 0.0 0.0 0.577484426759 0.704700886567 0.0 1.15022057853 0.499774469436 0.0 0.0 0.0 0.0 230.0 247.0 255.0 -100.0 -0.819229364662 -36.1708873087 -65.8894896914 
0.0 0.0 0.0 0.0 0.701229902207 0.0 0.167599430068 0.0 0.00738603505068 0.0 0.0 0.0 230.0 247.0 255.0 -100.0 -66.708719056 18.4082153024 -54.2794096049 
0.0 0.0 0.0 1.55569889645 0.0 0.0 0.042983733478 0.0 0.0 0.0 0.0 0.856357672581 230.0 247.0 255.0 -81.5917846976 -100.0 2.28299018654 -41.9932373937 
0.93802815033 0.118262173265 0.0553324087763 0.768333133847 0.0 0.140634601737 0.0 0.0 0.0 0.239407626462 0.0 0.0 230.0 247.0 255.0 -79.308794511 -100.0 62.4338662622 -22.3682226124 
0.0 0.0 0.0 0.0 0.0 0.0 0.0118676723554 0.326138550117 0.0 0.0 0.0 0.0 230.0 247.0 255.0 -16.8749282488 -100.0 50.2057787242 -10.9291688703 
0.0 0.0 0.0 0.119630718845 0.0 0.175951086169 0.60089908055 0.0 0.0 0.0 0.0134800799578 0.0 230.0 247.0 255.0 33.3308504754 -100.0 29.5010344219 24.5763538328 
1.45943945153 0.0 0.0 0.160693432101 1.00474903637 0.791545413793 0.0 0.0 0.46080244376 1.34284729536 0.0 0.364492532588 230.0 247.0 255.0 62.8318848973 -75.4236461672 -9.07864760973 32.2546559813 
0.788978089035 0.0 0.0 0.0 0.0 0.0 0.500964428546 0.0 0.145075559299 0.0 0.0 0.0 230.0 247.0 255.0 53.7532372876 -43.1689901859 -43.1550873915 2.29330929789 
0.0 0.0 0.0 0.0 0.27676065807 0.0 0.647521840162 0.0 0.0 0.0 0.0 0.173661578229 230.0 247.0 255.0 10.598149896 -40.875680888 37.5622368266 7.41459658135 
0.0 0.0 0.0 0.0 0.0 0.498368810423 0.245811142984 0.862622051891 0.0 0.0 0.0 0.0 230.0 247.0 255.0 48.1603867226 -33.4610843066 -38.6003571624 -38.6207526316 
0.0 0.0 0.0 0.0 0.0 0.0 0.0 0.0 0.081370497772 0.0 0.0 0.0 230.0 247.0 255.0 9.56002956014 -72.0818369383 14.441781785 -12.6213432949 
0.0 0.0 0.0 0.0 0.0 0.0 0.494229258885 0.0 0.0 0.0 0.0 0.0 230.0 247.0 255.0 24.0018113452 -84.7031802331 52.2211601012 6.86038034491 
0.981456915736 0.0 0.0 0.0 0.0 0.0 0.146800271998 0.0 0.0 3.52336805336 0.0 0.0 230.0 247.0 255.0 76.2229714464 -77.8427998882 47.858937706 -36.8115402177 
0.554444256717 1.05188443671 0.0 0.182297445054 0.275834325155 0.0 0.0 0.890793313145 1.89853658898 1.37175377083 0.0 0.0 230.0 247.0 255.0 100.0 -100.0 15.0387433106 17.5661258274 
0.0 0.204691146066 0.0 0.0 2.28460448682 0.0 0.154076968969 0.0 0.0 0.0 0.95671208574 0.0 230.0 247.0 255.0 100.0 -82.4338741726 -6.90356889015 5.94551561564 
1.43422618199 0.0 0.0 0.0 0.00297120427045 0.0 0.136602387642 0.0 0.0 0.0 0.0 0.0 230.0 247.0 255.0 93.0964311099 -76.4883585569 25.6686361456 26.3053764128 
0.598968113521 0.0 0.0 0.0 0.0 0.0 0.604843539025 0.010588009585 0.442796015222 0.0 0.301266993562 0.0 230.0 247.0 255.0 100.0 -50.1829821442 1.01799308798 2.71067612022 
0.135399085477 0.0 0.0 0.150584603697 0.236894157491 0.0 0.0 0.0 0.989474167594 1.40109274658 0.0 0.0 230.0 247.0 255.0 100.0 -47.4723060239 29.3818163194 22.7072966204 
0.0 1.82794327699 0.0 0.0 0.782362098467 0.0 0.123809092289 0.0 0.881160095025 1.64839666475 0.235481942565 0.311796149969 230.0 247.0 255.0 100.0 -24.7650094035 -70.6886232825 -22.1656772776 
0.548921908975 0.97918560813 0.0 0.137335629552 0.642919126922 0.34367356811 0.0 0.0 1.06472158779 1.65551752644 0.0 0.0 230.0 247.0 255.0 29.3113767175 -46.9306866811 -15.8536232396 17.8932680019 
0.0 0.0 0.0 0.0 0.0 0.0 0.831444464372 0.0 0.0 0.0 0.0 0.0 230.0 247.0 255.0 13.4577534779 -29.0374186792 11.7406205388 -7.08066538584 
0.0 0.0 0.0 0.0 0.0 0.0 1.87610626256 0.124289597435 0.0 0.0 0.0 0.0 230.0 247.0 255.0 25.1983740166 -36.118084065 -58.579659703 8.53824662783 
0.105641044641 0.0 0.892146379835 0.0 0.199628336783 0.623279210298 0.0 0.0 0.0 0.667720078875 0.0 0.0 230.0 247.0 255.0 -33.3812856863 -27.5798374372 45.0314567299 -24.917509728 
0.214501196225 0.0 0.0 0.0 0.218311288942 0.0 0.282932287701 0.0 0.437943105396 1.28423422933 1.0135156949 1.48861455902 230.0 247.0 255.0 11.6501710436 -52.4973471652 -10.2543656251 9.33602943227 
0.218009093421 0.0 0.0 0.0 0.0 0.759199100324 0.0 0.0 0.0 2.05351419831 0.567441735588 0.0 230.0 247.0 255.0 1.39580541852 -43.161317733 -2.68799854349 70.2268639095 
0.780850993361 1.59240849017 0.0 0.00589183986751 0.763923010152 0.817589551346 0.0 0.0 0.0135761686034 0.795636734572 1.27192855806 0.0 230.0 247.0 255.0 -1.29219312497 27.0655461765 22.0441977414 45.5915031301 
0.829016656685 0.22378598974 0.0 0.755932785298 0.454702319442 0.0 0.0 0.0 0.0 0.662329576793 0.0 0.0 230.0 247.0 255.0 20.7520046164 72.6570493066 25.7205375875 12.5374797967 
0.424086814981 0.0 0.0 0.0 0.0697470714243 0.0 0.127454214261 0.360138705265 0.0 1.78263851481 0.0 0.321590471735 230.0 247.0 255.0 46.4725422039 85.1945291033 2.95856177846 -5.05673154695 
0.0 0.0 0.0 0.0 0.401627889525 0.0 1.07229860387 0.0 0.0 0.0 0.210710101955 0.0 230.0 247.0 255.0 49.4311039824 80.1377975564 -21.7657150959 43.0908632556 
0.0 0.0 0.0 0.0 0.0 0.0 1.69517443041 0.0 0.0 0.0 0.136115370665 0.0 230.0 247.0 255.0 27.6653888865 100.0 -19.4688960902 -24.660515504 
0.118904317792 0.0 0.0 0.0 0.909660259031 0.0 0.0 0.0 1.09811044889 1.93870170832 0.0 0.0 230.0 247.0 255.0 8.19649279632 75.339484496 -23.588871973 -7.47102656168 
0.0 0.0 0.0 0.0 0.115155990512 0.0 1.02607560099 0.0 0.0 0.0 0.266098249977 0.0 230.0 247.0 255.0 -15.3923791766 67.8684579343 5.11826546022 4.48653440664 
0.484133343739 1.73722744747 0.0 0.106763590194 1.7149446103 0.0 0.0 0.0 0.0222414119084 1.12303106907 0.138500425139 0.201911193018 230.0 247.0 255.0 -10.2741137164 72.354992341 -14.3567571308 26.50435843 
0.59785747668 1.3425385179 0.152727271432 0.0 0.573357893175 0.0 0.028136556886 0.0 1.32043595081 0.625888829685 0.0 0.0 230.0 247.0 255.0 -24.6308708472 98.8593507709 -34.7775883123 -9.7872684279 
1.10471030275 0.0 1.30275416147 0.0 0.0 0.0 0.0 0.0 0.588552046952 0.969620758555 0.0 0.289520161041 230.0 247.0 255.0 -59.4084591596 89.072082343 15.5383302015 21.7105209375 
0.0 0.977624134546 0.0 0.0 0.724527193256 1.09200548892 0.0 0.618538162209 0.0890812034565 1.41858495538 0.0 0.380857513962 230.0 247.0 255.0 -43.8701289581 100.0 -9.32902153794 -22.7272475872 
0.373300337945 0.98225211101 0.0 0.0 0.0 0.0 0.241016754365 0.0 0.0 1.76864392886 0.0 1.6335227989 230.0 247.0 255.0 -53.199150496 77.2727524128 -21.5736448252 -24.6734762708 
0.0 0.0 0.0 0.0 0.0 0.0 1.07824337305 0.0 0.0 0.0 0.0 0.0 230.0 247.0 255.0 -74.7727953212 52.599276142 -51.3083369101 38.3949075119 
0.0 0.0 0.0 0.0 0.0 0.0 0.694514211678 0.501717091235 0.0 0.0 0.0 0.0 230.0 247.0 255.0 -100.0 90.9941836539 39.8886777779 30.4128620117 
0.425383890731 0.136894478094 0.0 0.0 0.609769485221 0.0 0.619588078638 0.0 0.991781746289 0.0 0.0 0.0 230.0 247.0 255.0 -60.1113222221 100.0 -85.4674281829 0.22446286534 
0.0 0.0 0.0 0.0 0.0 0.0 1.02296995439 0.0 0.66411420559 0.0 0.0 0.0 230.0 247.0 255.0 -100.0 100.0 31.9773286976 16.0772048481 
0.594525203995 0.0 0.0 0.0 0.0 0.0 0.160372167804 0.0 1.55961964669 1.00336478658 0.0 0.0 230.0 247.0 255.0 -68.0226713024 100.0 -8.31559812353 30.0201437633 
1.07411682028 0.958473440588 0.0 0.749471907357 0.361747093382 0.0 0.0 1.50877953616 1.61804794662 1.67138115531 0.0 0.809373042926 230.0 247.0 255.0 -76.3382694259 100.0 -17.8918524475 -44.1987743047 
0.0 0.300046392787 0.0 0.283202203456 1.34754166145 0.0 0.119055625451 0.0 0.119064496023 1.25422579161 0.0365553541044 0.304795950736 230.0 247.0 255.0 -94.2301218734 55.8012256953 -51.7322149011 41.5341541609 
0.0 0.0 0.0 0.0 0.00317556844705 0.0 1.06951908044 0.0 0.0 0.0 1.07165290311 0.0 230.0 247.0 255.0 -100.0 97.3353798562 -12.0854798486 -5.4080405283 
1.42214905476 0.4855102142 0.0149134389063 0.17673149081 0.304663376485 0.187750019546 0.0 0.0 0.0 0.0 0.0 0.0 230.0 247.0 255.0 -100.0 91.9273393279 -25.0519136937 -23.690134435 
0.0 0.0 0.0 0.0 0.0 0.0 0.0245550782573 0.0 0.0 0.0 0.0 0.0 230.0 247.0 255.0 -100.0 68.2372048929 -11.4695204267 -44.5543571257 
0.568352045009 0.0 0.0 0.163585459559 0.864374617081 0.220524258754 0.0 0.0 0.455614648003 0.87912187785 0.0 0.216465028465 230.0 247.0 255.0 -100.0 23.6828477673 -21.977321387 -11.5095136049 
0.0 0.0 0.0 0.0 0.0 0.0 1.04145547174 0.0 0.0 0.0 0.0 0.0 230.0 247.0 255.0 -100.0 12.1733341624 -17.4791277546 2.85062543802 
0.873771065932 0.0 0.0 1.08161248492 1.66132218973 0.0 0.191729283558 0.350862700411 0.486463575312 1.79824497997 0.0 1.6893073289 230.0 247.0 255.0 -100.0 15.0239596004 37.9704286678 46.1622626845 
0.0 0.0 0.233527704523 1.26302020251 1.38678235063 0.0 0.0711673612763 0.0 0.680622711248 0.0 0.0 0.490262327031 230.0 247.0 255.0 -62.0295713322 61.1862222849 31.6936855282 -44.5164948215 
1.17427149812 0.0 0.0 0.0 0.440317737059 0.658273087541 0.535998616499 0.0 0.280534419932 0.348988913587 0.49238401978 0.0 230.0 247.0 255.0 -30.335885804 16.6697274634 3.05951747468 28.484715936 
0.0 0.0 0.0 0.0 0.0 0.0 1.14414657632 0.0 0.0 0.0 0.0 0.0 230.0 247.0 255.0 -27.2763683294 45.1544433994 0.44906373356 42.4957501679 
0.0 0.0 0.0 0.655512887475 0.0 0.0 0.662544624718 0.0 0.0 0.0 0.0 0.319731049582 230.0 247.0 255.0 -26.8273045958 87.6501935673 0.0534547985475 -0.450934466691 
0.0 0.0 0.0 0.187003548023 0.0 0.0 0.647358237698 0.0 0.481944841514 0.0 0.0 0.0 230.0 247.0 255.0 -26.7738497973 87.1992591006 -34.4113852923 21.8652093543 
0.0110315324187 0.0 0.0 0.0 0.731736526392 0.229019828031 0.0 0.0 1.4613505085 1.44967173996 0.0 0.795033108954 230.0 247.0 255.0 -61.1852350896 100.0 0.856953888478 17.1655294123 
0.0 0.0 0.0 0.0 1.20157272544 0.0 0.647822244687 0.0 0.147772633764 0.0 0.0 0.0 230.0 247.0 255.0 -60.3282812011 100.0 -22.0555719888 -6.37047490345 
0.0 0.0 0.0 0.711970392307 0.0 0.0 0.365236580001 0.500192226456 0.0 0.214778591488 0.0 0.0 230.0 247.0 255.0 -82.3838531899 93.6295250965 -41.4993050126 -7.16661546748 
1.85629074435 0.476384001249 0.0 0.0641011301955 1.64148064546 0.0 0.137565830308 0.0 0.249176691703 2.37129651653 0.0 0.0 230.0 247.0 255.0 -100.0 86.4629096291 -2.80799882483 24.1601405506 
0.521355998597 0.916254617134 0.0 0.387392956233 0.885545749052 0.0 0.0 0.0 0.641365452291 1.53176978237 0.0 0.639119969021 230.0 247.0 255.0 -100.0 100.0 32.3429961392 44.755937732 
0.0417107379036 1.11714868241 0.0 0.0225252156487 0.0803161093128 0.0 0.0 0.629088530814 0.496727748852 0.723855841384 0.0 0.0 230.0 247.0 255.0 -67.6570038608 100.0 41.3569410852 -21.5601171126 
0.0 0.0 0.0 0.0 0.0 0.0 0.824143998566 0.0 0.0 0.0 0.0 0.0383233086884 230.0 247.0 255.0 -26.3000627756 78.4398828874 8.22195851501 -48.5342929735 
1.93608942901 0.518684375732 0.0 0.0 1.11122662403 0.569749937774 0.183194687963 0.0 0.0 1.31867282072 0.916352774751 0.378537174803 230.0 247.0 255.0 -18.0781042606 29.9055899139 -25.8772320817 -26.1091399062 
0.0 0.0 0.0 0.0 0.11926138396 0.0 1.63176164689 0.0 0.0 0.0 0.199983077269 0.0 230.0 247.0 255.0 -43.9553363423 3.79645000764 -13.1912989639 -29.6280273102 
1.86779373959 0.0 0.0 0.329995816259 0.0 0.0 0.0 0.0 0.811716580228 0.0 0.0 1.03593205626 230.0 247.0 255.0 -57.1466353062 -25.8315773025 21.5614925617 -89.9782803949 
0.0 0.0 0.0 0.20860229745 0.0169479078159 0.0 0.0 0.0 1.06480779818 2.47967252052 0.0 1.75246714036 230.0 247.0 255.0 -35.5851427445 -100.0 -39.8392728528 15.7232833502 
0.0 0.0 0.0 0.0 0.0 0.0 0.683637192268 0.0 0.0 0.0 0.423699976011 0.0 230.0 247.0 255.0 -75.4244155974 -84.2767166498 -11.5838599193 -14.4204740583 
0.997871410637 0.0 0.0 1.64431284262 0.0 0.0 0.178781045132 0.883878675872 0.47406378234 0.595391549415 0.0 1.87102980589 230.0 247.0 255.0 -87.0082755166 -98.6971907081 -4.15757596218 -25.2843549656 
1.7745957334 0.308020828066 0.0 0.499173986395 0.576542282044 0.0 0.13169320535 0.0 1.80440864021 1.41340362207 0.0 0.496425842179 230.0 247.0 255.0 -91.1658514788 -100.0 -18.1845658977 16.2243142007 
0.0 0.0 0.0 0.0 0.0 0.0 1.06746745717 0.0 0.0 0.0 0.0 0.0 230.0 247.0 255.0 -100.0 -83.7756857993 -45.8404838461 15.0829373975 
0.0 0.188282966089 0.0 0.138457852938 0.521657103776 0.358164665166 0.190154411095 0.0 0.0890585357452 2.10750307053 0.0 0.261501119092 230.0 247.0 255.0 -100.0 -68.6927484018 1.42505586929 11.6189365951 
1.10339662259 0.0 0.0 0.202428481235 1.19576634649 0.0 0.0 0.0 0.824074048122 0.773273821326 0.0 0.384215768303 230.0 247.0 255.0 -98.5749441307 -57.0738118067 19.6789217106 55.3882555209 
0.0 0.0 0.0 0.0 0.685165144216 0.0 1.99846632941 0.0 0.0 0.0 0.0 0.0 230.0 247.0 255.0 -78.8960224201 -1.68555628585 -28.0417647192 -39.9801046974 
0.0 0.0 0.0 0.0 0.263073159327 0.0 1.18691626942 0.0 0.0 0.0 0.0 0.0 230.0 247.0 255.0 -100.0 -41.6656609832 9.23070925207 -11.8695620033 
0.0 0.0 0.0 0.0 0.0621229490072 0.0 0.942448073789 0.0 0.0 0.0 0.0 0.0 230.0 247.0 255.0 -90.7692907479 -53.5352229865 20.6647149701 38.0659943838 
0.0 0.0 0.0 0.289136654343 0.0 0.0 0.74713300104 0.0 0.0 0.0 0.0985674862542 0.0 230.0 247.0 255.0 -70.1045757778 -15.4692286027 -13.7806982157 11.9117864159 
0.0 0.0440145357063 0.0 0.0 0.0 0.0 0.0 0.0 0.720400657035 0.0 0.0 1.67531936605 230.0 247.0 255.0 -83.8852739935 -3.5574421868 52.9457335015 8.35709109306 
0.0 0.0 0.0 0.0 0.0 0.0 0.498770196517 0.0 0.0 0.0 0.0 0.0 230.0 247.0 255.0 -30.939540492 4.79964890626 10.5478840841 -56.9342362856 
0.0 0.0 0.0 0.0 0.0 0.0 1.10797547686 0.0 0.0 0.0 0.0379159737187 0.0 230.0 247.0 255.0 -20.3916564079 -52.1345873793 2.72512499429 62.3487046059 
0.0 0.0 1.20009974464 0.173344030376 0.0 0.444406630612 0.0 0.0 1.0833871491 0.0 0.0 0.0 230.0 247.0 255.0 -17.6665314136 10.2141172266 -0.931779613932 -51.6104453874 
0.578157162111 0.834310266817 0.0 0.204994721017 0.0 0.0 0.0 0.690740113354 0.0 2.57186492608 0.0 0.0 230.0 247.0 255.0 -18.5983110275 -41.3963281607 -6.63523109503 -18.4661205189 
0.0 0.0 0.0 0.0 0.0 0.0313974828179 0.0 1.74218072877 0.273082547286 1.70116983202 0.0 0.0 230.0 247.0 255.0 -25.2335421226 -59.8624486796 38.5976045371 -20.0778062407 
0.0 0.0 0.0 0.0 0.0 0.0 1.01291579134 0.0 0.0 0.0 0.0 0.0 230.0 247.0 255.0 13.3640624146 -79.9402549204 -19.6421280242 -33.2044015599 
0.651185178253 0.0 0.0 0.713364631693 0.863537066871 0.0 0.0 0.0 0.0 0.0 1.00943976201 0.190735051519 230.0 247.0 255.0 -6.27806560964 -100.0 -37.7837308402 -3.71946475153 
0.0 0.0 0.0 0.0 0.0 0.0 1.08075494836 0.0 0.0 0.0 0.553966209452 0.0 230.0 247.0 255.0 -44.0617964498 -100.0 -13.2538105519 -13.3417744834 
0.0 0.0 0.0 0.489596286388 0.766177415545 1.47150378621 0.0 0.0 0.0 1.52183576345 0.0 0.0 230.0 247.0 255.0 -57.3156070017 -100.0 14.7409624001 -25.3663950089 
0.0 0.0 0.0 0.0 0.0 0.0 1.07359008743 0.0 0.0 0.0 0.0 0.0 230.0 247.0 255.0 -42.5746446016 -100.0 29.9900737512 -69.8780734434 
0.522968446325 0.0 0.0 0.130566913773 1.10929281002 0.0 0.0 0.0 0.268381932373 1.29963379203 0.0 1.060169223 230.0 247.0 255.0 -12.5845708504 -100.0 -5.49788671773 -1.92300487711 
0.0 0.0 0.0 0.0 0.0 0.127628809278 0.339932225398 0.0 0.180841418695 0.0 0.0 2.2292142691 230.0 247.0 255.0 -18.0824575681 -100.0 78.3667830031 46.0442622837 
0.0 0.286078345001 0.0 0.177365129575 0.0 0.576365446156 0.13364861626 0.380237324784 0.615749163761 1.18170549733 0.0425138413367 0.139738398346 230.0 247.0 255.0 60.284325435 -53.9557377163 -13.2899938263 15.6219296471 
0.371271299414 0.577135688178 0.0 0.0 0.0 0.0 0.127145500238 0.0 0.0 1.87970084041 0.0 1.35527313445 230.0 247.0 255.0 46.9943316087 -38.3338080692 -46.5780534923 28.6072210866 
0.0 0.0 0.0 0.0 0.794270619232 0.0 1.8453068384 0.0 0.0 0.0 0.0 0.0 230.0 247.0 255.0 0.416278116425 -9.72658698263 -20.2187038312 -40.4881543639 
0.0 0.0 0.0 0.0 0.0 0.0 1.4612900488 0.0 0.0 0.0 0.0 0.0 230.0 247.0 255.0 -19.8024257148 -50.2147413465 21.5330021994 -21.932848273 
0.0 0.0 0.0 0.0 0.0 0.0 0.699189850324 0.0 0.0 0.0 0.0 0.0 230.0 247.0 255.0 1.73057648464 -72.1475896196 -5.8904564225 24.0330354653 
0.0 0.0 0.0 0.0 0.0 0.0 0.675407203843 0.0 0.0 0.0 0.0 0.0 230.0 247.0 255.0 -4.15987993786 -48.1145541542 -80.9143149918 -45.8208928387 
0.0 1.06376552147 0.0 0.93422315686 0.0355598120906 0.527953257053 0.0 0.0 0.0 0.707527245191 0.0 0.0 230.0 247.0 255.0 -85.0741949297 -93.9354469929 19.9455193306 -16.6928518238 
0.35059127203 0.916042901961 0.0 0.0121419461046 0.371525011507 1.34103196693 0.0 0.0 0.0 1.42921355462 0.0 0.116783883492 230.0 247.0 255.0 -65.1286755991 -100.0 -44.7602947181 14.6814440055 
0.0 0.0 0.0 0.0 1.35064420969 0.0 0.0 0.0 0.0 0.0457407092735 0.0 0.0 230.0 247.0 255.0 -100.0 -85.3185559945 -3.55036923978 -24.5680685938 
0.0 0.0 0.0 1.88989547713 0.0 0.0 0.0 0.0 0.0 1.62710457017 0.0538307639846 0.0 230.0 247.0 255.0 -100.0 -100.0 -12.5421837387 14.7753606448 
0.0 0.120170200123 0.0 0.260600652806 0.0 0.0 0.0961209601547 0.0933267269197 0.0 0.894614258315 2.09332070483 0.0 230.0 247.0 255.0 -100.0 -85.2246393552 42.0337001047 0.343330311577 
0.0 0.0 0.0 0.0 0.0 0.0 1.09441102608 0.0 0.0 0.0 0.0 0.0 230.0 247.0 255.0 -57.9662998953 -84.8813090436 -24.9296183682 7.90781383983 
0.0 0.0 0.0 0.0 0.0 0.0 1.03152133917 0.0 0.0 0.0 0.495469982437 0.0 230.0 247.0 255.0 -82.8959182635 -76.9734952038 -32.1117898583 2.76792352483 
0.0 0.0 0.0 0.0 0.0 0.0 0.0 0.0 0.741279467002 1.07192049257 0.0 0.0 230.0 247.0 255.0 -100.0 -74.205571679 -19.873238353 -9.89721169179 
0.768778730411 0.999422269076 0.0 0.20246099496 0.80253277116 0.0 0.102552499337 0.0 1.26092052179 0.784783845888 0.0 0.147167855208 230.0 247.0 255.0 -100.0 -84.1027833708 -7.59067983651 -49.3161976836 
1.49925389321 1.13489632317 0.0 0.208993930931 0.0 0.0 0.125293263902 0.0 1.08903464655 0.775415253253 2.14135842089 0.0 230.0 247.0 255.0 -100.0 -100.0 -38.6641979426 -29.3495430053 
0.646558339563 0.0 0.0 0.115520751704 0.0 0.694071815166 0.0 0.0 0.895978912055 0.681114278741 0.0 0.0 230.0 247.0 255.0 -100.0 -100.0 13.552940365 13.5010153189 
0.0 0.0 0.0 2.73734269202 0.0 0.536836792663 0.189676675531 0.731165735597 0.0 0.303467593702 0.0 0.0 230.0 247.0 255.0 -86.447059635 -86.4989846811 22.3120808258 13.6931129306 
0.492423791333 0.238574709301 0.00311223790008 0.287492201712 0.711826529726 0.0 0.12811488768 0.0 0.0 0.760068005538 0.0 0.0 230.0 247.0 255.0 -64.1349788092 -72.8058717505 3.89608982246 -21.1760952715 
0.521517042217 0.142726760073 0.224332149353 0.0 0.0 0.0 0.0 0.0 0.0805721580923 0.0 0.0 0.37226451485 230.0 247.0 255.0 -60.2388889867 -93.981967022 31.6046710851 6.48268062421 
0.428760487164 0.0 0.0 1.75623895809 0.710471196912 0.0 0.192527205242 0.0 0.0 1.05730892374 0.0 0.402458337363 230.0 247.0 255.0 -28.6342179016 -87.4992863978 -24.081558621 19.8698708491 
1.48791271869 0.227583453365 0.0 0.0 2.29938507516 0.598008163671 0.128124224009 0.0 1.04926172271 0.409015189914 0.0 0.49677828103 230.0 247.0 255.0 -52.7157765226 -67.6294155488 -8.19237765287 28.5823140105 
0.0 0.0 0.0 0.0 0.0 0.0 1.09452272838 0.0 0.0 0.0 2.2105306295 0.0 230.0 247.0 255.0 -60.9081541754 -39.0471015382 -69.6595702318 -16.9828899856 
0.0646430520244 0.0 0.208677551209 0.0820275459459 0.617899568643 0.0 0.0 0.788818296247 1.52344465541 1.05854189361 0.0 0.439467085609 230.0 247.0 255.0 -100.0 -56.0299915238 32.2397250977 -24.2144391621 
0.0 0.126751309063 0.326803227215 0.0 0.733536668908 0.0 0.0 0.0 1.09704466995 1.65993658289 0.0 0.404167812123 230.0 247.0 255.0 -67.7602749023 -80.2444306859 63.563570842 50.2864540408 
1.50668713555 0.0 1.01793427802 0.185168124947 0.0492000039367 0.0 0.0 0.0 0.208265820362 1.21005044453 0.0 1.37131728332 230.0 247.0 255.0 -4.19670406038 -29.9579766452 -53.2144849502 -17.7903165698 
0.0 0.0 0.0 0.115263903562 0.0 0.0 0.0 0.884880574371 0.180225928055 0.695654838928 0.301516413057 0.338850439691 230.0 247.0 255.0 -57.4111890106 -47.7482932149 -4.22188438657 -4.99186936232 
0.403669364654 0.806413131747 0.0 0.0195779767998 0.0 0.0 0.192547321303 0.0 0.679765559217 1.96107776529 0.0 0.0 230.0 247.0 255.0 -61.6330733972 -52.7401625772 -15.6672749206 -26.8183535302 
0.0 0.0 0.0 0.0 0.0 3.22774222164 0.0 0.549260362415 0.288523447583 0.0 0.0 0.963527237137 230.0 247.0 255.0 -77.3003483178 -79.5585161074 -27.6540582328 28.9073904194 
0.0 1.06990908597 0.0 0.26795315706 0.718561794846 0.524294400912 0.0 0.0 0.0 1.55311516113 0.0 0.0 230.0 247.0 255.0 -100.0 -50.651125688 -19.2887478 30.9399259596 
0.0 0.0 0.0 0.0 0.0 0.0 0.996785318516 0.0 0.0 0.0 0.0 0.753040182385 230.0 247.0 255.0 -100.0 -19.7111997284 -8.93086756449 6.50364057466 
1.22641623132 1.40994182742 0.0 0.857273960723 0.0 0.0 0.0 0.73572931947 0.817218838217 1.17114070497 0.0 0.319042797093 230.0 247.0 255.0 -100.0 -13.2075591537 -22.6406157611 -16.8757326611 
2.483515696 0.776809951894 0.0 0.138088774404 0.0 0.0 0.195977264858 0.0 1.85526491152 0.0 0.0 1.9616612762 230.0 247.0 255.0 -100.0 -30.0832918149 -20.5244933032 15.4763985502 
0.0 0.0 0.0846079202053 0.0 0.0 0.0 1.00279849378 0.0 0.0 0.0 0.0 0.543566567608 230.0 247.0 255.0 -100.0 -14.6068932647 13.4961833989 1.76596726992 
0.0 0.0 0.0 0.0 0.0 0.0 1.12127016244 0.0 0.0 0.0 0.0 0.0 230.0 247.0 255.0 -86.5038166011 -12.8409259948 28.1560740496 28.563422322 
0.0 0.0510473938895 0.0 2.02375678636 0.0 0.0 0.0 1.82829152686 5.39107407051 1.41663902885 2.06167546542 2.06118354567 230.0 247.0 255.0 -58.3477425515 15.7224963272 16.4760737033 -35.4678727932 
0.498574144357 0.86135084474 0.0 0.0 0.0 0.0 0.0 0.476638673534 1.24687048312 1.51891622456 0.0 0.828076251674 230.0 247.0 255.0 -41.8716688481 -19.7453764661 -61.235947334 -16.4274361112 
0.867166507726 0.0 0.0 0.0 0.20926139502 0.0 0.237968045181 0.121710518575 0.0 0.0 0.0 0.664032693132 230.0 247.0 255.0 -100.0 -36.1728125772 -25.5765325619 -5.89697506772 
0.0 0.0 0.0 0.189566885971 0.0 0.0 0.472476586906 0.0 0.0 0.0 0.0 0.0653513354424 230.0 247.0 255.0 -100.0 -42.069787645 51.3310011491 -5.12099729389 
0.0 0.0 0.0 0.0 0.0 0.0 0.417251902288 0.0 0.0 0.202322362338 0.0 0.85869883581 230.0 247.0 255.0 -48.6689988509 -47.1907849388 27.002880642 32.2671012095 
0.0 0.0 0.0 0.0 0.590103354663 0.0 0.0 0.100826858175 1.54087320709 0.0 0.0 0.0 230.0 247.0 255.0 -21.6661182088 -14.9236837294 -9.74229548472 -5.00394280519 
1.7741458781 0.0 0.0 1.10223170332 0.0 1.21259544833 0.0 0.0 0.907642428938 1.29230392289 0.43785095846 0.0 230.0 247.0 255.0 -31.4084136936 -19.9276265346 -16.0137125934 12.6206346872 
1.59395403869 0.0 0.0 0.145867126278 0.0 0.0 0.491156041408 0.0 0.0 0.0 0.182935143164 0.0 230.0 247.0 255.0 -47.4221262869 -7.30699184741 -43.9610390213 -40.9677024123 
0.0 0.0 0.0 0.209648820125 0.0 0.0 0.41795155352 0.0 0.0 0.953333677628 0.0 0.0 230.0 247.0 255.0 -91.3831653082 -48.2746942598 4.79875317335 -0.504094992558 
1.47234286237 0.752317971546 0.0 0.0 0.0512254097023 0.0 0.0 0.0 1.72045558003 2.66043731085 0.0 0.0 230.0 247.0 255.0 -86.5844121349 -48.7787892523 42.0548757635 8.25708664109 
0.0 0.0 0.0 0.0 0.0 0.0 1.03628168833 0.0 0.0 0.0 1.30747280908 0.0 230.0 247.0 255.0 -44.5295363713 -40.5217026112 42.9149138012 -11.2322830003 
0.0 0.0 0.0 0.194044467232 0.0 0.0 2.12207621225 0.0 0.0 0.0 0.0 0.0 230.0 247.0 255.0 -1.61462257014 -51.7539856116 2.13808907539 -35.697198786 
0.0 0.0 0.0 0.0 0.0 1.34548176604 2.18687285465 2.73732425574 0.272030355352 0.0 0.0 1.4567763534 230.0 247.0 255.0 0.523466505252 -87.4511843976 7.2091308685 -42.5099209076 
0.0 0.0 0.0 0.0 0.560836683432 0.0 0.437700400687 0.224292413735 0.0 0.0 0.0 0.0 230.0 247.0 255.0 7.73259737375 -100.0 20.7969406456 43.5786263595 
0.0391569045345 0.236364754254 0.0 0.0 1.05328554587 0.58630046512 0.0 0.0 0.415190966879 1.58194287268 0.0 0.0 230.0 247.0 255.0 28.5295380194 -56.4213736405 47.5900002891 4.39710517758 
0.103810879479 0.0 0.0 0.0 0.817914786301 0.0 0.0 1.34576166552 0.779377920651 2.15157770325 0.171533090266 0.0 230.0 247.0 255.0 76.1195383085 -52.0242684629 9.93063109351 15.2396810754 
0.0 0.320311853545 0.0 0.0 0.0 0.0 0.986290286363 0.0 0.0 0.0 0.0 0.0 230.0 247.0 255.0 86.050169402 -36.7845873875 -1.67455364754 -13.2950040869 
0.0 0.407609435462 0.0 0.355392673034 0.348030500644 0.0 0.118676990517 0.0 0.0 0.0 0.722338466582 1.33412342141 230.0 247.0 255.0 84.3756157545 -50.0795914745 35.1355692266 21.4901982546 
0.199767726794 0.0 0.0 0.0 0.42093877327 0.0 0.529190773967 0.0 0.0 0.0 0.0 0.0 230.0 247.0 255.0 100.0 -28.5893932199 21.6670433456 -19.110265733 
0.0 0.0 0.0 0.0 0.0 0.0 1.22921926014 1.04549140965 0.0 0.0 0.0 0.0 230.0 247.0 255.0 100.0 -47.6996589528 -18.3314299621 -9.06886443322 
0.0 0.0 0.0 0.0 0.0 0.0 0.219150215017 0.640880174329 0.0 0.311287407814 0.0 0.0 230.0 247.0 255.0 81.6685700379 -56.7685233861 -9.16465600274 -20.3957064869 
1.03702595547 0.0 0.0 0.0 0.0 0.0 0.593870392085 0.128237582585 0.0 0.0 0.0 0.0 230.0 247.0 255.0 72.5039140351 -77.164229873 -4.81214401365 -31.8560886484 
1.04415762509 0.0 0.0 0.0 0.0 0.0 0.0 0.0 1.7870986743 0.0 0.0 1.5920350971 230.0 247.0 255.0 67.6917700215 -100.0 48.8725742326 -27.0457246231 
0.0 0.0 0.0 0.168408679661 0.0 0.0 0.0 0.0 0.0 0.0 2.53707813707 0.0 230.0 247.0 255.0 100.0 -100.0 -18.8716628534 -24.8409896467 
1.35835477453 0.185493683808 0.0871305619105 0.0 0.0 0.0 0.0 0.155194230873 0.0 2.83988457239 0.0 0.0 230.0 247.0 255.0 81.1283371466 -100.0 11.0312939011 46.1555454215 
0.0 0.0 0.0 0.0 0.0 0.0 2.98528039186 0.0516109157776 0.0 0.0 0.0 0.0 230.0 247.0 255.0 92.1596310477 -53.8444545785 1.27574578036 -30.421511478 
0.0 0.0 0.0 0.0 0.0 0.0 0.273249425676 0.173587695551 0.00981422194766 0.0 0.0 0.0 230.0 247.0 255.0 93.435376828 -84.2659660565 17.9801894581 -28.4498901202 
0.0 0.123270150125 0.0 0.0 0.758470840902 0.0 0.0 0.0 0.0847710072853 0.0927774519149 0.485807766833 0.0 230.0 247.0 255.0 100.0 -100.0 4.36809137978 17.049173696 
0.41892327536 0.279199093883 0.0 0.486512150679 0.43833053717 0.0 0.0 0.0 0.493194772362 0.638537634652 0.0 0.0 230.0 247.0 255.0 100.0 -82.950826304 4.59760993391 63.6744173099 
0.588042238971 1.5960746026 1.11973832296 0.226760799804 0.0 0.438561831692 0.0 0.0 0.0 1.18659257196 0.0 0.801134141116 230.0 247.0 255.0 100.0 -19.276408994 19.8184073545 15.1002109387 
0.749717645205 0.0 0.817195360807 0.0 0.0 0.0 0.10667026915 0.39080870062 0.0 0.0 0.443435167056 0.0 230.0 247.0 255.0 100.0 -4.17619805535 26.9076247408 -2.76252517377 
1.50346111126 0.0 0.0 0.624791215951 0.711650367513 0.0 0.0 0.0 0.934380397624 1.01937330739 0.0 0.0 230.0 247.0 255.0 100.0 -6.93872322912 -19.3317465155 21.3756404956 
0.120369817216 0.0 0.18016788528 0.762222452058 1.74942550582 2.45318953084 0.0 0.0 0.176948265742 0.0 1.64110584613 0.0 230.0 247.0 255.0 80.6682534845 14.4369172665 26.5647746257 11.2532290428 
0.139764921146 0.511237418224 0.0 0.64085841732 0.90617598186 0.363129612733 0.0 0.0 1.87088707929 2.06474641514 0.0 0.0 230.0 247.0 255.0 100.0 25.6901463094 46.5006368883 3.9485682439 
0.0 0.0 0.0 0.0 0.0 0.0 0.0 0.0 0.0 0.0 1.34647384967 0.0 230.0 247.0 255.0 100.0 29.6387145533 11.3376082495 -31.4272985565 
0.0 1.31515416485 0.0 0.0 0.0 0.0 0.0 1.27708882191 0.412048428434 1.33091274804 0.0 1.78603784902 230.0 247.0 255.0 100.0 -1.78858400328 24.021832878 22.5554088074 
0.6330843742 0.0 0.0 0.0 0.0 0.0 0.0480854635431 0.901144524415 0.0 0.332079514475 0.0 1.95361791115 230.0 247.0 255.0 100.0 20.7668248041 7.54571727297 11.6585357676 
0.0 0.0 0.0 0.0 0.0 0.0 2.46511499799 0.0 0.0 0.0 0.0 0.0 230.0 247.0 255.0 100.0 32.4253605718 17.9767502532 10.2442980899 
0.0 0.0 0.0 0.0 0.322610117545 0.0 0.227226948587 0.0 0.523233466263 0.0 0.0 0.0 230.0 247.0 255.0 100.0 42.6696586617 25.8299457303 -10.3732624386 
0.0938584640971 0.683575530045 0.0 1.53630784704 1.30078090171 0.314300557966 0.0 0.0 0.569426220666 1.59315701065 0.0 0.0 230.0 247.0 255.0 100.0 32.2963962231 -13.6247049175 -54.1851102039 
0.235551296762 0.0 0.0 0.0 0.0 0.0 0.0124986974876 0.774579286907 0.0 0.903980263714 0.0 0.0 230.0 247.0 255.0 86.3752950825 -21.8887139808 -27.3217618795 -30.1825638448 
0.0 0.132887174341 0.278467230408 1.20923196383 0.0 0.526085135171 0.0 0.0 0.0 0.0 0.0 0.0 230.0 247.0 255.0 59.053533203 -52.0712778256 -17.979989105 -12.7323653509 
0.192554928583 0.0 0.0 0.0 0.0 0.0 0.998870285436 0.0 0.0 0.0 0.0237944669647 0.0 230.0 247.0 255.0 41.0735440979 -64.8036431765 -9.18072745037 -1.05667233332 
1.01932526693 0.0347770748342 0.0295671700489 0.5694930412 0.401822826837 0.0 0.0 1.99249477552 1.38736006903 2.42418987593 0.0 0.672047798311 230.0 247.0 255.0 31.8928166476 -65.8603155098 -16.1833831279 -30.181507115 
0.0 0.0 0.0 0.262768734851 1.39857385101 0.0 0.0 0.0 0.722108214802 1.55430503136 2.38063327841 0.236040370097 230.0 247.0 255.0 15.7094335197 -96.0418226247 29.7547490378 -29.1855769219 
0.00276945442716 0.852204947668 0.0 2.47169718241 0.523177655339 0.0 0.0555813666077 0.0 0.325848575231 0.0 0.0 0.597085293215 230.0 247.0 255.0 45.4641825575 -100.0 31.579528824 25.1109206865 
0.0 0.0 0.0 0.0 0.0 0.0 1.05853514913 0.0 0.0 0.0 0.0 0.0 230.0 247.0 255.0 77.0437113815 -74.8890793135 -19.8600278707 -4.22984201101 
0.0 0.0 0.0 0.0 0.165953974832 0.0 0.933278347038 0.0 0.0160944567795 0.0 1.81959243972 0.0 230.0 247.0 255.0 57.1836835108 -79.1189213245 -14.0738535003 19.2655726111 
1.82677977223 0.0 0.0 0.0 0.047094860758 0.0 0.0 0.0 0.0 0.0 0.0 0.0 230.0 247.0 255.0 43.1098300105 -59.8533487134 -3.68108617827 -24.064075809 
0.352184972406 0.0 0.0 0.0256259111323 0.0 0.0 0.0 0.0 2.70679991457 0.0 0.0 2.83725867798 230.0 247.0 255.0 39.4287438323 -83.9174245223 67.43696315 6.2451974231 
0.0 1.46495166002 0.0 2.46450567581 0.787307600443 0.681972680266 0.109655623586 0.154866962858 1.94958219291 0.0 0.0 0.0 230.0 247.0 255.0 100.0 -77.6722270992 0.478501785175 -23.3687061175 
0.0 0.262918172897 0.0 0.571077950758 0.0 0.0 0.12237852056 0.0 0.0 1.56862196295 1.24941165572 0.306834017514 230.0 247.0 255.0 100.0 -100.0 -42.6125257857 -20.8010404934 
1.69226682567 1.1001516011 1.56568732642 0.0 0.601319383207 1.34455673184 0.0 0.0113800522384 0.078244299142 0.74734128815 0.0 1.75687255794 230.0 247.0 255.0 57.3874742143 -100.0 -2.92096050578 -44.6549762565 
0.69076014497 0.0 1.12507457593 0.298288510782 0.46662182082 0.337875665823 0.0625802738095 0.0 0.460525917176 1.81488748176 0.0 0.145020118719 230.0 247.0 255.0 54.4665137085 -100.0 40.154569947 -11.6605195697 
0.0 0.0 0.0 0.0 0.0 0.0 1.05849339201 0.0 0.0 0.0 0.0 0.00118982232291 230.0 247.0 255.0 94.6210836555 -100.0 5.30925840515 -12.3638843339 
0.301338674328 0.0 0.0 0.286828472285 1.05404742299 0.0 0.0 0.113800145276 1.71880044401 1.38599107843 0.865154292548 0.0 230.0 247.0 255.0 99.9303420606 -100.0 -27.2579256897 5.59310326096 
