nrollouts: 2
# HEADER 1
0.2185262902 0.0 0.148967447348 0.341738686715 0.248923236832 0.0 0.13462067841 0.321964310791 0.0 0.0 1.62355523262 0.0 133.0 247.0 255.0 0 0 0.189334638658 0.0969646543178 0.996788311056 
1.99311484343 0.0 0.91136841377 0.21598774528 0.0380567257231 0.0 0.091807823997 0.0 0.443829713191 0.335406836088 0.0 0.0 133.0 247.0 255.0 0.189334638658 0.0969646543178 0.264171839615 0.117528066099 -0.583093409631 
0.215124383833 0.0 0.0 0.334276551841 0.40289880189 0.528678279272 0.0 0.768954512435 0.571835136521 0.14760822396 0.690098232275 0.0 133.0 247.0 255.0 0.333333333333 0.214492720417 0.11552343782 0.0899890865897 -0.0768155170998 
0.30718899833 0.116208564974 0.0 0.0 0.0 0.0 0.305030403754 0.0 0.157896386657 0.0 1.05337310009 0.0 133.0 247.0 255.0 0.333333333333 0.304481807007 0.166863844747 0.077425365928 -0.991846202045 
0.0 0.606276235184 0.0 0.277949083616 0.765781183655 1.91416784258 1.01419967425 0.0 0.112892633037 0.0 0.421512693912 0.0 133.0 247.0 255.0 0.333333333333 0.333333333333 -0.0324060148464 0.0856012793058 0.227334292059 
0.216821501792 0.0 0.0 0.369586891956 0.126564689075 1.45265675228 0.0 1.25373490971 0.0 1.18309732397 0.0 0.0 133.0 247.0 255.0 0.300927318487 0.333333333333 0.0396284124144 -0.0250177825066 0.83953618849 
2.06670804615 0.0 0.132887651447 0.0 0.124618874612 0.0 0.96347484214 0.450449864728 0.0 0.0 0.713828378777 1.77566811049 133.0 247.0 255.0 0.333333333333 0.308315550827 0.0180331457288 0.164208003197 1.38561306837 
0.0 0.228220547307 0.0 0.452296688705 0.217916207996 0.0 0.0 0.966713757979 1.4352416486 0.0 0.31258813725 0.0 133.0 247.0 255.0 0.333333333333 0.333333333333 -0.0614454732913 0.123326311787 -0.4521099078 
0.0 0.852851922505 0.0 0.28571623448 0.217279626369 0.0 0.591029242703 0.67896820416 0.592731053049 0.863517954167 0.293391546443 0.0 133.0 247.0 255.0 0.271887860042 0.333333333333 0.0768004409943 0.0554705812058 1.15027764669 
0.0 0.913930423411 0.953180241568 0.15594780756 0.329527837916 0.54257233765 0.0 0.00516323104775 0.69773053457 0.0 0.307033178575 1.29891716339 133.0 247.0 255.0 0.333333333333 0.333333333333 -0.0556457807979 -0.0253059717488 1.49274253015 
0.384240099299 0.0 0.0 0.0 0.214367384333 0.565655118232 0.0 0.938637727285 0.0 0.0 0.279260485781 0.319815809448 133.0 247.0 255.0 0.277687552535 0.308027361585 -0.00922734757435 0.157461668014 -0.0940847895566 
3.74061524523 0.890353319758 0.0664693553368 0.411994214811 0.0 0.0 0.0 0.0 0.0 0.0 0.0 0.0 133.0 247.0 255.0 0.268460204961 0.333333333333 0.186286857193 0.0745568568325 0.486091450078 
0.0890004923247 0.177546158455 0.0 0.534685094959 0.0227078106319 0.283048029384 0.174873014213 0.0 0.0 1.40189232371 0.0 0.0 133.0 247.0 255.0 0.333333333333 0.333333333333 0.0127290125124 0.0531372734457 0.758322607995 
0.0 0.0 0.0 0.336706945085 0.0 0.0 0.0 0.0 0.708038609402 0.0 0.670373697862 0.0 133.0 247.0 255.0 0.333333333333 0.333333333333 0.167692041799 0.0451071474282 -1.01894879101 
0.0 0.91116285989 0.0 0.528444279044 0.222077197592 0.197903852244 0.438880929684 0.0 1.02812074514 0.0 0.0 0.926007717646 133.0 247.0 255.0 0.333333333333 0.333333333333 0.125813759123 0.237638876397 -0.427461187784 
0.227588090827 0.48489083718 0.560446984456 0.811647865916 0.215592473331 0.0 0.0 0.957562216095 0.0 0.307014818121 0.291566359867 0.445663130509 133.0 247.0 255.0 0.333333333333 0.333333333333 -0.0931205527483 -0.0598826687258 0.391982161655 
0.0 0.0 0.0 0.337496330861 1.15387282116 2.52617453635 0.561241105549 0.00407105845528 1.11414702818 0.0 0.862843380762 0.0 133.0 247.0 255.0 0.240212780585 0.273450664608 0.0643871941077 0.155725321648 0.712387898631 
0.0 1.80904235563 0.0 0.0 0.0 2.33404705509 0.0 1.8289710222 0.599496630738 0.0 0.0 1.05282198011 133.0 247.0 255.0 0.304599974693 0.333333333333 0.039566537534 0.0498580578612 -0.0518523236103 
0.834473879846 0.46423406602 0.145715578867 0.0 0.0 0.0 0.0 0.0 0.0 0.0 0.0 0.0 133.0 247.0 255.0 0.333333333333 0.333333333333 0.145151569933 -0.244978086166 1.44584420422 
1.15827378252 2.66384243991 2.50165071596 2.84216211919 0.0972090601337 1.26016075638 0.900628719106 1.31903179943 1.37919028452 0.0 0.658338132657 0.0261784792971 133.0 247.0 255.0 0.333333333333 0.0883552471678 0.119126310026 0.0899449997085 -0.229222939698 
0.379150367213 0.839293855045 0.250830203556 0.340292692942 0.606904908634 0.0958463025644 0.827736634108 0.0 0.457867240685 0.0 0.0 0.368473618606 133.0 247.0 255.0 0.333333333333 0.178300246876 0.0403863032655 -0.0414410837343 -0.39527941888 
0.302613854594 0.0461447862572 0.0 0.0 0.794636813684 0.0 0.0 1.50315174024 0.0 0.0 0.768262500618 1.70669310541 133.0 247.0 255.0 0.333333333333 0.136859163142 -0.137052889762 0.0569242928826 0.0318293906001 
0.358099573685 1.65129811074 0.425889740092 0.0 0.215867153758 0.0 0.835284446835 0.444060392511 0.0 0.0 0.256307077749 0.0 133.0 247.0 255.0 0.196280443572 0.193783456025 0.135372382445 0.115054481934 -0.444674344369 
0.0 0.878763504968 0.146343769548 0.0 0.0 0.0 0.0 0.53742207967 0.526951041607 0.0 1.55776860018 1.77013280978 133.0 247.0 255.0 0.331652826017 0.308837937958 -0.030231139397 0.200704168094 -0.772111782432 
0.0894653609917 0.515867835933 0.632522470333 0.0597655331455 0.482209673604 0.845795097857 0.0 1.02598079036 0.770916955727 0.0 0.995135993874 0.658002052762 133.0 247.0 255.0 0.30142168662 0.333333333333 0.101402476675 0.228784343291 1.08784357591 
0.854044774003 0.345258365515 2.12732335743 1.06342061083 0.747619781612 1.11014529654 0.190123509697 1.15593499049 0.33993998162 0.0 0.712483135669 0.661179439566 133.0 247.0 255.0 0.333333333333 0.333333333333 0.0266217882367 0.176124804461 -0.349211544316 
0.0 0.816584504451 0.153513421537 0.0 0.215811233204 0.0691267080358 0.560915570471 0.00803484238363 0.285837172456 0.200213091171 2.86554570092 0.0 133.0 247.0 255.0 0.333333333333 0.333333333333 -0.064538512097 0.0398013080055 -0.785647657512 
1.28768086874 0.0 0.170144250938 0.713226763938 0.0 0.0 0.00389249036979 1.36087625422 0.139241594408 0.292360320779 0.238233677296 0.0 133.0 247.0 255.0 0.268794821236 0.333333333333 0.184049274982 -0.0262195606389 -1.02145314779 
0.0 1.60817576097 0.0 0.343016525832 0.210289036246 0.0 0.134016327361 0.0 0.0 0.334043523724 1.4962590954 0.864688812057 133.0 247.0 255.0 0.333333333333 0.307113772694 0.042154307667 0.0506788433809 0.13991116901 
1.08316972232 0.0 0.673771706327 0.0 0.215925948084 0.0 0.894322589043 0.296693210174 0.570374550836 0.0 0.0 1.69474715914 133.0 247.0 255.0 0.333333333333 0.333333333333 0.175756962692 -0.00432690559669 0.326972833276 
0.0 0.0 0.959145671889 0.0878243132183 1.5281385871 0.0 0.118223207712 0.0 0.0 0.0957387115658 0.0 0.0 133.0 247.0 255.0 0.333333333333 0.329006427737 0.0777621044717 0.00453332930736 0.0696604564541 
0.853821100088 0.0966897582774 0.671277704911 0.0 0.0 0.749097264484 0.873064264615 0.0 0.0 0.0 0.0 1.50580436687 133.0 247.0 255.0 0.333333333333 0.333333333333 0.0987126926928 -0.0390794490375 -1.0745949953 
0.152447279916 0.105824404314 0.0 0.0 0.0 0.710240162823 0.064924220052 0.566697899285 1.63340935744 0.0 1.24049246482 0.0 133.0 247.0 255.0 0.333333333333 0.294253884296 -0.0663993363761 -0.0437364576164 1.4394224762 
0.0 0.0 0.0 0.0 0.777580464843 0.0 0.466788581067 0.0 0.0 0.0 0.0 0.0 133.0 247.0 255.0 0.266933996957 0.250517426679 0.0683315435815 0.0465758641233 -0.749708367988 
1.31309369623 0.355108937738 0.1996072336 1.36920840531 0.791454743216 1.14621695814 0.0599919560033 0.0 0.0 0.361557393696 1.16124690512 0.0 133.0 247.0 255.0 0.333333333333 0.297093290803 0.104438663167 0.0549523296039 -0.580097476447 
0.0 1.7596156981 0.157283837878 0.399607366881 1.08750797031 0.0 2.02326775758 0.0 1.31702044535 0.0 0.829785014938 0.0 133.0 247.0 255.0 0.333333333333 0.333333333333 -0.132182294482 -0.109634592324 1.21218970836 
0.325989542661 0.661314356467 0.0 0.0 0.240464927367 1.63841142369 0.0 0.0 0.0 0.0843907038075 1.91054512135 0.479626665934 133.0 247.0 255.0 0.201151038852 0.223698741009 0.101225930279 0.105972497785 -0.651112977425 
0.559420213026 0.673521043043 0.850529186546 1.02153183216 0.0 2.04961192252 0.545734207614 0.406709199149 0.0 0.304749126403 0.73328037705 0.0 133.0 247.0 255.0 0.302376969131 0.329671238795 0.142493459665 0.128513352367 0.809609581582 
0.735410552705 0.410601901873 0.15901421694 1.28550779851 0.0 0.0 0.0 0.470071396393 0.516487397649 0.0 0.0 0.0 133.0 247.0 255.0 0.333333333333 0.333333333333 -0.091170422761 -0.0120083062483 -1.21269068366 
1.20891998668 1.30073103518 0.549897880501 0.0 0.646551452339 0.0 0.170087885389 0.428296851228 0.578405618681 0.152287631103 1.56349805823 1.2647418281 133.0 247.0 255.0 0.242162910572 0.321325027085 -0.00597250731814 0.155000186988 1.2962574772 
0.0 0.0 1.87326326251 0.0 0.233794791799 0.659489406949 0.245862623164 0.0 1.44017451525 0.0 0.635529494348 0.828875542383 133.0 247.0 255.0 0.236190403254 0.333333333333 -0.0429481014765 -0.0377748624692 0.33181659249 
0.302425380192 0.762816992982 0.0 0.0 0.0 0.0 0.0 1.24500821488 0.534669843566 0.0 0.581022340079 0.0 133.0 247.0 255.0 0.193242301778 0.295558470864 0.171562275337 -0.043660491191 -0.138924195552 
0.0 1.97608202819 0.0 0.289585813348 0.959593008993 0.0 0.253586506127 0.32686788609 1.12642890783 0.0 0.0516055765504 0.0 133.0 247.0 255.0 0.333333333333 0.251897979673 0.124462330019 0.229106846983 -1.24615859552 
0.0 0.786813894994 0.0 0.0 0.206501200784 0.0 0.0 0.0 0.0 0.0 0.0 0.0231634536866 133.0 247.0 255.0 0.333333333333 0.333333333333 -0.0244550319857 0.135400732107 -0.826790342735 
0.808763012908 0.0 1.63890551579 0.0 0.0 0.647082005715 1.04761029938 0.0 0.0 0.0 0.281115822402 0.330017762005 133.0 246.0 255.0 0.308878301348 0.333333333333 0.160244950447 0.0576089698854 1.51653234013 
0.233390458657 0.0352230465693 0.0 0.0 0.305699416545 0.631224680551 0.0 0.0 0.505073472818 0.408377528278 0.75468423248 0.771842364593 133.0 247.0 255.0 0.333333333333 0.333333333333 0.111132005945 0.0362705166092 -0.928192435286 
0.211632557116 1.84633607506 1.90806130353 0.358181495517 0.0 0.431281694143 0.911702013902 0.0 0.0 0.216709110748 0.0 0.0 133.0 247.0 255.0 0.333333333333 0.333333333333 -0.0302924383436 0.00718386079199 0.831176598094 
1.01924952564 0.0 0.104734225191 0.384227473931 0.0 0.315244175561 0.19861803342 1.18432590395 0.0 0.324939517095 0.0 0.870595317242 133.0 247.0 255.0 0.30304089499 0.333333333333 0.0104219877178 0.104508014026 -0.516091249268 
0.324584460169 0.660401560138 0.717247289067 0.0 0.149608840964 0.748748390843 0.349885434678 1.26481039366 0.374598955587 0.0 1.24399875802 0.0 133.0 247.0 255.0 0.313462882707 0.333333333333 0.0476586026991 0.130827107281 1.22579504208 
0.348384781606 0.431704873041 0.0403334101114 0.698253913296 0.708057534016 0.0 0.0 0.307834828678 0.0 0.0 0.211251820914 0.427337348421 133.0 247.0 255.0 0.333333333333 0.333333333333 -0.0280586665547 0.040025470732 -0.857160062061 
0.0 0.0 0.0 0.525593566621 0.207348517328 0.314287957488 0.0655607521475 0.408856145089 0.00793310966241 0.0 0.0 0.0 133.0 247.0 255.0 0.305274666779 0.333333333333 0.0644357072804 0.0829505795246 0.889201278471 
0.0 0.0 0.182824809935 1.20674636977 0.0 0.0 1.14880302627 0.0 0.520823760701 0.0 0.0 0.0 133.0 247.0 255.0 0.333333333333 0.333333333333 0.105951795789 0.122914321789 -0.56997064739 
0.0 1.33822388485 0.8950076587 0.568839589606 0.90182933651 0.322413126233 0.0 0.1301466103 0.489386475065 0.0 0.0 0.0 133.0 247.0 255.0 0.333333333333 0.333333333333 0.0610066390515 0.0509215707621 0.445979240293 
1.71092725648 0.0 0.952025732815 0.328007349018 0.200214420917 1.06502734411 1.04461648249 1.18242457755 0.0 0.0 1.47358268687 1.13338684396 133.0 247.0 255.0 0.333333333333 0.333333333333 0.0731740303627 -0.125489626428 0.433286369312 
0.0 0.0 0.667689994809 0.0 0.186365345339 0.162886119047 0.0 0.809340393333 0.0 0.0 0.212905865235 0.70174287411 133.0 247.0 255.0 0.333333333333 0.207843706906 0.3 0.0531191818299 0.314638665511 
0.0 0.123698628646 0.267268983029 1.07846872957 0.0 1.87517075167 0.441278698409 0.449167509356 0.422104906242 0.0 0.239165809914 0.0 133.0 247.0 255.0 0.333333333333 0.260962888736 0.151326060686 0.149341249664 0.139172594041 
0.0 0.0 1.35384329327 0.0 0.198118970957 0.0 0.0 0.0 1.0854096478 0.0 0.0 0.0 133.0 247.0 255.0 0.333333333333 0.333333333333 0.133150871752 0.0331567686454 0.272132403044 
0.850209565713 0.193746571023 0.911505162191 0.0 0.93773421319 0.0 0.0457335836897 0.0 0.567095005512 0.0 0.0 0.0 133.0 247.0 255.0 0.333333333333 0.333333333333 0.271031100184 -0.0244926620195 0.466900088686 
0.956762133885 0.758280472493 0.0 0.342660788456 0.0 1.16017582098 0.605617645078 0.0 1.54621711494 0.43563201761 0.243320390851 0.0 133.0 247.0 255.0 0.333333333333 0.308840671314 0.1692083182 0.035420752799 -0.0323916781231 
0.332607449359 0.0 0.801800395801 0.22118921824 0.205806614868 1.0722424576 0.190198383755 0.0 0.668448789498 0.0 0.0 0.246686505115 133.0 247.0 255.0 0.333333333333 0.333333333333 -0.0600792597473 0.0641943505789 -0.889964676576 
0.22043116441 0.511038913414 0.265423523792 0.726171398542 0.190451817162 0.820374341924 0.680605992452 0.701127457964 0.934601346678 0.0 0.23006836864 1.6142663131 133.0 247.0 255.0 0.273254073586 0.333333333333 0.0158621038513 0.00571675776114 0.0534327607882 
0.316985625693 0.0 0.237504752517 0.0 0.0 0.0 0.430144136303 0.43084696539 1.81219359604 0.0 0.0 0.0 133.0 247.0 255.0 0.289116177437 0.333333333333 0.0903613808086 0.0479099348865 0.782600606218 
0.365329580636 0.0 1.61120374343 0.272607273281 0.205996620202 1.83061407194 0.803955179945 0.482868842412 0.197563015475 0.293316353888 0.71776103798 0.401011250014 133.0 247.0 255.0 0.333333333333 0.333333333333 0.0247163855253 0.104127717396 -0.415540679155 
0.0 0.924797690502 0.0 0.0 0.0 0.0 1.59919376815 0.0 0.0 0.0 0.0 0.471514424248 133.0 247.0 255.0 0.333333333333 0.333333333333 0.107507573822 0.0793539694676 0.283003195564 
0.342139581813 0.403790181972 0.0 0.373375921571 0.647634853876 2.32021513133 0.0 0.0 0.0 0.0 0.14288154012 0.796102753276 133.0 247.0 255.0 0.333333333333 0.333333333333 0.114873838292 0.0762789806787 -0.274672407201 
0.0 0.0 0.706768572285 0.0 0.255636813841 0.607261740006 1.6685475594 0.0 0.0 0.0 0.0 0.668764916018 133.0 247.0 255.0 0.333333333333 0.333333333333 -0.0826461702004 0.223446006417 -0.467906235679 
0.0 0.0 1.10325124979 0.0 0.145402982148 0.0 1.08654237238 0.0 0.0450860680146 0.834708465503 0.718146719105 1.4006218803 133.0 247.0 255.0 0.250687163133 0.333333333333 0.0561139463941 0.077663639557 0.0412898575142 
0.0 0.732932573701 0.0 1.62618416362 0.690319024353 0.0977950961374 0.0 0.0 0.938200984651 0.283317251267 0.0 0.0 133.0 247.0 255.0 0.306801109527 0.333333333333 0.147637633576 0.3 1.51457495632 
0.756930711662 0.0 0.0 0.232335649098 0.0 0.0 1.01330376059 0.0 1.30099229225 0.0 0.0 0.0 133.0 247.0 255.0 0.333333333333 0.333333333333 0.0854665259467 0.0410252255486 -1.52906257537 
0.563081366894 1.66739169201 1.37148556511 0.214067756993 0.0 1.31239069635 0.553654360566 0.185549223192 1.62995659019 0.0 0.703881030553 2.02280098459 133.0 247.0 255.0 0.333333333333 0.333333333333 0.105208133772 0.00373921347711 -1.4024673199 
0.898803151637 0.369769378574 0.845301356655 0.0 0.0864294882961 0.981113110085 0.189603717272 0.0 0.657175103351 0.0 0.0 0.160369565996 133.0 247.0 255.0 0.333333333333 0.333333333333 -0.00649865318678 -0.168417188822 0.46231376031 
0.138052778408 0.0 0.0 1.14510102072 0.0 0.612652627752 1.20584443616 0.808603270325 0.747390927036 0.202719996733 0.0 0.0 133.0 247.0 255.0 0.326834680147 0.164916144511 0.0796762883432 0.119952287727 -0.0956377235818 
0.350517356274 0.728884720449 0.145263708828 0.235706827543 0.278060663672 1.33298124325 0.0 1.29925870424 0.0 0.221307422077 0.586423311525 2.63451392077 133.0 247.0 255.0 0.333333333333 0.284868432238 0.112488906635 -0.099848685719 -1.39376781784 
0.323406336605 0.663640137652 1.62317420823 0.0 0.951943266195 0.559786710886 1.76514365332 1.60821646356 0.0 0.0 0.0 0.671300838041 133.0 247.0 255.0 0.333333333333 0.185019746519 0.0582279186133 0.140326062495 0.843263859358 
0.345610236607 0.0 0.0 0.0 0.254100193783 0.0 0.0 0.427759736743 1.01156706393 0.85118597978 0.18179532095 0.0 133.0 247.0 255.0 0.333333333333 0.325345809014 0.0909648789408 0.0179177148322 0.0173243901309 
0.0 1.50071206849 0.0689835196656 0.2634318551 0.207552105411 0.0 0.558096040042 0.49041666164 0.0161790013652 1.29474904046 0.0 0.837211563844 133.0 247.0 255.0 0.333333333333 0.333333333333 -0.0223536133748 -0.0762538080998 -0.166885923907 
0.320057573824 0.0 0.139437993073 0.0 0.149333196061 0.0 0.951419529704 0.0 0.0 0.0 0.587083402546 0.787849360609 133.0 247.0 255.0 0.310979719958 0.257079525233 -0.0710706500213 -0.0233399917921 1.0868516767 
# HEADER 2
0.0 0.0 0.0 0.142520198982 0.0 0.0 0.0 0.483910280458 0.608559100393 0.0 0.0 2.10463114799 133.0 247.0 255.0 0 0 0.146232239117 -0.0715138857545 0.751069980651 
0.0 1.40683259969 0.0 0.265403071366 0.31368588746 0.0 0.0470575234326 0.310568941684 0.733368698532 0.957223479135 0.513622708189 0.382385341101 133.0 247.0 255.0 0.146232239117 -0.0715138857545 0.0422306940754 0.0879240582923 -0.277276076369 
0.0 0.900004639493 0.0 0.270086081439 0.0 0.0 0.245750266911 0.0 0.0 0.0 0.0 0.834955686478 133.0 247.0 255.0 0.188462933193 0.0164101725378 0.0624893049416 0.141850347775 -0.783389536015 
0.0 2.43626784368 1.56640532738 0.0 0.763322812062 1.51197397606 0.0 0.781676174661 0.191535183822 3.25954793437 0.156726959751 0.531571153041 133.0 247.0 255.0 0.250952238134 0.158260520313 0.074169424545 0.171818450725 1.43591057362 
0.0 0.0 0.0 0.229552934747 0.180409786922 0.0 1.10329556891 0.175412048762 0.0 0.0 0.0 1.53471607599 133.0 247.0 255.0 0.325121662679 0.330078971038 0.0575604215358 -0.0222051841241 -1.23766270461 
0.416815043744 0.757609231458 0.0 0.200981260566 0.303182932653 0.0 0.0894873484719 0.0 0.0 0.438431821877 0.0 0.0 133.0 247.0 255.0 0.333333333333 0.307873786914 -0.000554173324953 0.210594049165 0.704570938798 
0.0 0.194377903683 1.34106452618 0.514251154582 0.209803551441 0.0 0.803072725881 1.06603043846 0.537181319171 0.0866730711775 0.0 0.670143216171 133.0 247.0 255.0 0.332779160008 0.333333333333 0.0271907989619 -0.0116755793257 -1.27191203313 
0.518029108894 0.0 0.0 0.50643885342 0.0177513714002 0.0 0.0990000844422 2.16481553497 0.0 1.04030373682 0.357889549424 1.11336923258 133.0 246.0 255.0 0.333333333333 0.321657754008 0.00600345646657 0.0486047452933 0.242480544911 
0.369145825643 0.0 0.0 0.713158483193 0.0 0.322787800773 0.345690408996 2.23508591007 0.605008931628 0.813780253326 0.0 0.0 133.0 247.0 255.0 0.333333333333 0.333333333333 0.0120272237233 0.165268363694 1.34626502742 
0.355619203968 0.0 0.0 0.111317076754 0.0207112753751 0.0 0.0 0.0 0.402450708493 0.0 1.24391046693 0.404411545609 133.0 247.0 255.0 0.333333333333 0.333333333333 -0.0433885234788 0.0525351385631 -0.193789976271 
2.02505230543 0.0 0.642265005473 0.120962203624 0.0 0.35562423077 0.80725702455 0.0 0.0 0.0 0.201123598733 0.0 133.0 247.0 255.0 0.289944809854 0.333333333333 -0.052023286226 -0.0566246938175 -0.975050014245 
0.0 0.95408587667 0.11905153974 0.0 0.292474229866 1.02974229422 0.0722029907108 0.441280327099 0.0 0.0 0.0 0.0 133.0 247.0 255.0 0.237921523629 0.276708639516 0.0704307062869 -0.0185457864354 -0.262850626778 
0.0 1.81476588122 0.0 1.14298115078 1.17542796959 0.37074745042 1.04479184473 0.0 1.43070096329 0.0 0.0 0.0 133.0 247.0 255.0 0.308352229915 0.25816285308 0.115011903425 0.00445365818359 0.236283267176 
3.17131917924 0.631552278672 0.0654805595 0.295614810196 0.155619165193 0.381747253394 1.1930403716 0.0 1.18017907807 0.0 0.664492802417 0.0 133.0 247.0 255.0 0.333333333333 0.262616511264 0.053246918554 0.0687716802226 -0.519793928947 
