nrollouts: 10
# HEADER 1
0.0348269599825 1.240908987 1.14425692156 1.26074364136 0.0254450255338 0.696352082065 0.0 0.530219262336 0.368682066681 0.678743923821 0.0 1.58968421066 133.0 246.0 255.0 0 0 -0.3 -0.3 
0.0 0.0717785197746 0.0 0.0 0.244644488315 0.532978189465 0.0 1.04610726685 0.64599360637 0.599512567011 0.231878175615 0.0 133.0 252.0 255.0 -0.3 -0.3 -0.3 -0.3 
0.289769625841 0.0893106442107 0.424257625746 0.65199118335 0.247951362193 0.857867448641 0.0 0.0618236749564 0.663470748042 1.04980960084 0.0 0.0439619154175 144.0 253.0 255.0 -0.333333333333 -0.333333333333 -0.3 -0.3 
0.299732315456 0.0 0.0 0.836856454612 0.0 0.0 0.506830174014 0.0 0.0 0.0 0.0 0.0 222.0 252.0 255.0 -0.333333333333 -0.333333333333 -0.3 -0.3 
1.56612598958 0.302910959141 0.0965231145419 0.804365681663 0.0379075685709 0.0 0.0 2.07382878456 1.84664425434 1.23531253257 0.0 1.55731961771 235.0 251.0 255.0 -0.333333333333 -0.333333333333 -0.3 -0.3 
1.09953992724 0.133167651083 0.672896810932 0.493483572061 1.12554822828 1.28516627808 0.0 0.0 0.0 1.85031258679 0.0914724073517 0.735088092186 236.0 251.0 255.0 -0.333333333333 -0.333333333333 -0.3 -0.3 
1.04135107259 2.48921837596 0.431251783629 0.542060269931 0.512902085813 1.23779093949 0.0 0.0 0.889256579624 1.56573439332 0.0 0.916508597707 236.0 252.0 255.0 -0.333333333333 -0.333333333333 -0.3 -0.3 
0.312712053938 0.102198151423 0.0 0.0 0.0 0.0 0.012867124119 0.0 1.11774051138 2.38092657667 0.34657041488 0.0 236.0 251.0 255.0 -0.333333333333 -0.333333333333 -0.3 -0.3 
0.464404934756 0.0 0.0283964641298 0.286443658899 0.0 0.0 0.813715401042 0.0 0.815324041528 0.0 0.0 0.0 236.0 251.0 255.0 -0.333333333333 -0.333333333333 -0.3 -0.3 
0.425501776315 0.0 0.0 0.0 0.0 0.0 0.743287150558 0.0 0.0 0.0 0.0 0.0 236.0 252.0 255.0 -0.333333333333 -0.333333333333 -0.3 -0.3 
0.353606104585 1.34692802831 1.07297479313 2.09277046582 1.29270880296 1.62240001307 0.0 1.39562593337 0.160485180453 1.7788655345 0.7761245598 3.29390639986 236.0 251.0 255.0 -0.333333333333 -0.333333333333 -0.3 -0.3 
0.0 0.907618836799 0.341366285038 1.35672117536 0.0 1.58947242028 0.0 0.0 0.599823275531 1.5871065892 0.0711367930791 0.755977791202 236.0 251.0 255.0 -0.333333333333 -0.333333333333 -0.3 -0.3 
0.0 0.0 0.0 0.0 0.0 0.0 0.0 1.20425095041 0.0 1.80120707659 0.0247856135998 0.0893794931352 236.0 252.0 255.0 -0.333333333333 -0.333333333333 -0.3 -0.3 
1.46194286027 0.0 0.0 0.798281757814 1.33862322012 0.668455574549 0.0 1.33386714746 2.80997598361 0.317972060512 0.254673303118 2.07031190979 236.0 251.0 255.0 -0.333333333333 -0.333333333333 -0.3 -0.3 
0.590664555645 0.510378389567 0.0 0.193957474055 0.0 1.07883635275 0.0 0.0 2.0925564046 0.74008987381 0.0 1.98313447242 236.0 251.0 255.0 -0.333333333333 -0.333333333333 -0.3 -0.3 
0.0 0.0 0.0 0.0 1.04727551503 0.0 1.04571452656 0.0 0.0 0.0 0.95498530535 0.0 236.0 252.0 255.0 -0.333333333333 -0.333333333333 -0.3 -0.3 
0.995891635609 0.0 0.0 0.240937796107 0.0 0.0 0.0 0.0 2.27807338662 1.11626375005 0.586908094193 0.171500313965 236.0 251.0 255.0 -0.333333333333 -0.333333333333 -0.3 -0.3 
0.0 0.0947526508988 1.62051833542 0.320644814021 0.453899866826 0.452832378832 0.0 0.189614763768 2.11828909731 2.3621251299 0.247453921841 2.32827325687 236.0 251.0 255.0 -0.333333333333 -0.333333333333 -0.3 -0.3 
0.358621544746 1.08874712568 0.0 0.0 0.467430500598 0.0 0.0 0.0 0.673034546473 2.96944045237 0.0 0.98195684359 236.0 252.0 255.0 -0.333333333333 -0.333333333333 -0.3 -0.3 
0.0 0.0 0.406758836059 0.765313188774 0.217212861574 1.48165548408 0.0 0.0 1.59568624052 1.55711922118 0.237236461609 0.0 236.0 251.0 255.0 -0.333333333333 -0.333333333333 -0.3 -0.3 
0.0 0.0 0.0 0.230364546457 0.0 0.0 0.0 0.598961405765 0.0 0.0 0.281141105671 0.956102654324 236.0 251.0 255.0 -0.333333333333 -0.333333333333 -0.3 -0.3 
0.0 1.71028319693 1.46281566078 0.681863835884 0.486258673959 0.147520387054 0.0 0.0 1.28655210249 1.9596864938 0.0 0.679837546751 236.0 252.0 255.0 -0.333333333333 -0.333333333333 -0.3 -0.3 
0.943876933662 0.820714960425 0.581898982783 0.0 0.0 0.188985165186 0.0 1.11317156692 1.30190706007 2.09427750644 0.0 1.50699809115 236.0 251.0 255.0 -0.333333333333 -0.333333333333 -0.3 -0.3 
0.0 0.0 0.0 0.0 0.0 0.0 1.31106560501 0.0 0.0 0.0 0.642627795601 0.0 236.0 251.0 255.0 -0.333333333333 -0.333333333333 -0.3 -0.3 
0.145105008244 0.0 0.0 0.0 0.0 0.278731021249 0.373747923627 0.0 1.37235952117 0.0 0.0 0.175587820296 236.0 252.0 255.0 -0.333333333333 -0.333333333333 -0.3 -0.3 
0.732774946037 3.23729006882 0.756075047794 0.0 0.0 1.45056784099 0.0 0.139226100667 0.169824469927 0.0624461757344 0.478328822608 1.08977145172 236.0 251.0 255.0 -0.333333333333 -0.333333333333 -0.3 -0.3 
0.0455796642332 0.32250605343 0.0 0.0 0.0 0.0138486385443 0.0 1.46379351895 0.0 0.0 0.309999076767 0.0 236.0 251.0 255.0 -0.333333333333 -0.333333333333 -0.3 -0.3 
0.0 0.0 0.0 0.0 0.0 0.0 0.741766302964 0.0 0.0 0.0 0.0 0.27126261633 236.0 252.0 255.0 -0.333333333333 -0.333333333333 -0.3 -0.3 
0.437166597063 1.68246151719 0.221726632177 0.0 0.575519300424 0.137131708731 0.0 0.65237287622 0.833849942846 1.51678578626 0.0 0.671270630464 236.0 251.0 255.0 -0.333333333333 -0.333333333333 -0.3 -0.3 
1.28019807398 1.18690069944 0.0 0.0 0.311070087645 0.5687961433 0.0 0.0 0.0 1.2531091956 0.468341592181 0.0 236.0 251.0 255.0 -0.333333333333 -0.333333333333 -0.3 -0.3 
0.680355006023 2.9666584336 0.980264133802 0.0146802160336 0.0 0.738338816873 0.0 0.662877995227 0.0886004484778 2.59357809024 0.0596874747904 1.54091048049 236.0 252.0 255.0 -0.333333333333 -0.333333333333 -0.3 -0.3 
1.3412940352 0.0 0.744221720614 0.770475739582 1.36353503244 0.802235612445 0.0 2.47049102822 2.42975662405 1.19948024228 0.0 1.30895041283 236.0 251.0 255.0 -0.333333333333 -0.333333333333 -0.3 -0.3 
1.4277441325 1.22904050193 0.619626657732 0.780969435427 0.0 0.991042321277 0.0 0.109883946517 0.32817229238 2.15643535849 1.3252548978 1.35069773366 236.0 251.0 255.0 -0.333333333333 -0.333333333333 -0.3 -0.3 
2.96164412702 2.49650547992 1.34026904391 0.0 0.24377308981 1.13776761103 0.0673176166595 0.0 2.32744994254 1.54383721276 0.0 1.66987277622 236.0 252.0 255.0 -0.333333333333 -0.333333333333 -0.3 -0.3 
0.0 0.0 0.0 0.0 0.0346724792899 0.0 0.0 0.0 0.0 0.786497132289 0.0 0.0 236.0 251.0 255.0 -0.333333333333 -0.333333333333 -0.3 -0.3 
0.0 0.0 0.0 0.402978421721 0.0 0.0 0.0 0.0 1.33907516941 0.0 0.0123695053832 0.0 236.0 251.0 255.0 -0.333333333333 -0.333333333333 -0.3 -0.3 
0.0 0.0 0.0 0.0 0.0 0.0 0.868851500005 0.0 0.0 0.0 0.0 0.0 236.0 252.0 255.0 -0.333333333333 -0.333333333333 -0.3 -0.3 
0.71649901018 1.10509599819 0.0 1.16030547505 0.0 0.887651503177 0.323618895552 0.0 0.813351148098 1.00149841426 0.388463142258 0.0 236.0 251.0 255.0 -0.333333333333 -0.333333333333 -0.3 -0.3 
0.0 0.0 1.31102413484 0.265138085615 0.0548849355391 0.0 0.243785010461 1.06648055721 0.0 0.0 0.0 1.38178706117 236.0 251.0 255.0 -0.333333333333 -0.333333333333 -0.3 -0.3 
0.0 0.0 0.0 0.0 0.853257717219 0.0 0.423425798545 0.0 0.333982479329 0.0 0.438826969196 1.11666531693 236.0 252.0 255.0 -0.333333333333 -0.333333333333 -0.3 -0.3 
0.331035230821 1.20573634067 0.0 0.0 0.549683592762 1.39095080887 0.00309478411666 0.114978910898 2.60523987666 1.89082286973 1.24971545811 2.07458651014 236.0 251.0 255.0 -0.333333333333 -0.333333333333 -0.3 -0.3 
2.98895056005 0.0 0.881390633441 0.0 0.495370946244 0.0 0.0 0.162511263909 0.927486866512 1.07895260633 0.0 0.85880827669 236.0 251.0 255.0 -0.333333333333 -0.333333333333 -0.3 -0.3 
0.0 0.0 0.138037154713 0.0 0.0 1.07231279201 0.0 0.625719697194 0.0 0.0 0.0 0.928013994145 236.0 252.0 255.0 -0.333333333333 -0.333333333333 -0.3 -0.3 
0.0 0.0 0.0 0.0 0.244400041525 0.0 0.739265557234 0.0 0.0 0.0 0.266128766189 0.0 236.0 251.0 255.0 -0.333333333333 -0.333333333333 -0.3 -0.3 
0.0 1.153282245 0.513198693943 0.790835976834 0.362475120473 0.0 0.0 2.78683673293 1.60310520766 0.321229730338 0.944658597477 2.76919334204 236.0 251.0 255.0 -0.333333333333 -0.333333333333 -0.3 -0.3 
0.114662304244 0.0 0.0 0.0 0.0 0.0 0.0 0.0 0.0 0.0 0.0 0.222961272409 236.0 252.0 255.0 -0.333333333333 -0.333333333333 -0.3 -0.3 
0.526524645218 0.262346973433 0.590509897216 0.0 0.0 0.619488172071 0.0 0.200393155986 1.36066400511 1.98880662767 1.08233762235 2.50776176143 236.0 252.0 255.0 -0.333333333333 -0.333333333333 -0.3 -0.3 
0.0 0.0 0.0 0.0 0.0 0.0 0.0 0.696954776355 0.0 0.0 0.0 0.0 236.0 251.0 255.0 -0.333333333333 -0.333333333333 -0.3 -0.3 
0.590870981721 2.06857142349 0.641972493282 0.0 0.0 0.48761078714 0.156965435371 0.0 1.1088444144 0.158050436713 1.27175441025 0.174624278693 236.0 252.0 255.0 -0.333333333333 -0.333333333333 -0.3 -0.3 
1.31409351828 0.568620035987 0.0 0.716460671526 0.748480682948 0.0 0.0 0.43481578079 1.44289730084 0.0 0.0 0.50263222402 236.0 251.0 255.0 -0.333333333333 -0.333333333333 -0.3 -0.3 
0.0 0.946961681589 2.47963474205 0.510563874347 0.0 0.669235110736 0.0256482094922 0.0 0.54164305952 0.516083433193 0.312830262252 0.914491181656 236.0 251.0 255.0 -0.333333333333 -0.333333333333 -0.3 -0.3 
0.497378543038 0.670165478164 0.238175482782 0.0 0.0 1.19350137613 0.0 1.58581029438 0.0364790783684 2.43877746549 0.0 0.949662057098 236.0 252.0 255.0 -0.333333333333 -0.333333333333 -0.3 -0.3 
0.0 0.0 1.46790947022 0.0 0.0 0.0 0.38952739544 0.0 0.0 1.71707994875 0.0 0.0 236.0 252.0 255.0 -0.333333333333 -0.333333333333 -0.3 -0.3 
1.36602033444 0.0 1.49016232832 0.0 0.0 0.0360308052709 0.0 0.0 1.12069694108 1.40864983566 0.210719915756 0.995504195076 236.0 251.0 255.0 -0.333333333333 -0.333333333333 -0.3 -0.3 
0.0 1.4034688346 0.0 0.67681312094 0.388269873768 1.63820732243 0.0 2.71329857663 2.61978738583 2.98468392814 0.0 0.0816560152984 236.0 252.0 255.0 -0.333333333333 -0.333333333333 -0.3 -0.3 
1.47141003728 0.307007633782 0.0 0.557270168931 0.6734414991 0.246582191466 0.0 0.0829519966403 1.0411711821 0.725233329533 0.0198231715295 1.32051694123 236.0 252.0 255.0 -0.333333333333 -0.333333333333 -0.3 -0.3 
0.500096746645 1.22655078302 1.66132851298 0.676588889971 0.483773431807 1.63223938189 0.0 0.36378428852 0.887795593187 2.77873895441 0.159227725245 1.02785252944 236.0 251.0 255.0 -0.333333333333 -0.333333333333 -0.3 -0.3 
1.76464573013 1.21746557121 0.318707939028 1.1705109336 1.45854322061 0.728818095313 0.0 1.72395844572 0.0 1.96233837401 0.0 0.700720288025 236.0 252.0 255.0 -0.333333333333 -0.333333333333 -0.3 -0.3 
1.23607679332 0.0 1.31850568604 0.0 0.369536411742 0.0 0.0 0.0741839280527 0.230484320519 0.468240237909 0.243940718657 0.459344244399 236.0 251.0 255.0 -0.333333333333 -0.333333333333 -0.3 -0.3 
0.530273434134 1.28178113766 0.0 0.261109049817 0.0 0.681465476982 0.0 0.660408370604 2.1736401733 1.00865026346 0.0 0.430383835771 236.0 251.0 255.0 -0.333333333333 -0.333333333333 -0.3 -0.3 
0.446372057211 0.953981765848 1.31218865609 0.0 0.0 0.0 0.0 0.119083911541 0.945812430862 2.41952557364 0.812760342454 1.00944522419 236.0 252.0 255.0 -0.333333333333 -0.333333333333 -0.3 -0.3 
0.0 0.479483643676 1.21496024805 0.0 0.017166735204 1.10257396316 0.0 0.0 2.24317570381 1.7436597419 0.0248065728546 0.593610757487 236.0 252.0 255.0 -0.333333333333 -0.333333333333 -0.3 -0.3 
0.0 1.75128291432 1.39151353444 0.900502499955 1.0014558785 1.75929559507 0.0 1.96422868497 0.0 1.32765312704 0.0 2.38553284174 236.0 252.0 255.0 -0.333333333333 -0.333333333333 -0.3 -0.3 
0.0 0.0 0.0 0.0 0.30856975308 0.0 2.00225451592 0.0 0.0 0.0 0.0 0.0 236.0 252.0 255.0 -0.333333333333 -0.333333333333 -0.3 -0.3 
1.05901011894 0.00440598533801 0.0 0.0 1.12459070936 1.34053700911 0.0710271205027 0.886783825459 0.618847438531 1.5587973413 0.0 0.0 236.0 251.0 255.0 -0.333333333333 -0.333333333333 -0.3 -0.3 
0.0 0.0 0.0 0.0 0.479178580593 0.0 0.729907468257 0.0 0.0 0.0 0.0 0.209917640508 236.0 251.0 255.0 -0.333333333333 -0.333333333333 -0.3 -0.3 
0.0 0.0 0.0 0.0 0.0 0.0 0.847303596572 0.0 0.0 0.0 0.104044920522 0.0 236.0 252.0 255.0 -0.333333333333 -0.333333333333 -0.3 -0.3 
0.903435624048 2.05973250776 0.0 0.0 0.302813838391 0.214744105339 0.0 1.31205275499 1.54402188057 1.20645166694 0.0 0.932782060868 236.0 251.0 255.0 -0.333333333333 -0.333333333333 -0.3 -0.3 
0.278610076157 0.474935731624 0.0 0.77799900602 0.0 0.688275014299 0.0 1.44545958383 1.5577502095 0.0446237723664 1.43018550615 1.49681409529 236.0 251.0 255.0 -0.333333333333 -0.333333333333 -0.3 -0.3 
0.0 0.0 0.0 0.0 0.547235746428 0.0 0.824703472683 0.0 0.0 0.0 0.284290868381 0.0 236.0 252.0 255.0 -0.333333333333 -0.333333333333 -0.3 -0.3 
1.00519562077 0.35765027135 0.0 0.0 0.483118579634 0.286859293121 0.0 0.0 0.862912861636 1.63783226592 0.0 0.0 236.0 251.0 255.0 -0.333333333333 -0.333333333333 -0.3 -0.3 
0.0 0.237359070228 0.0 0.0 0.0 0.0 0.724573899659 0.367526235291 0.0 0.0 0.984469998998 0.0 236.0 251.0 255.0 -0.333333333333 -0.333333333333 -0.3 -0.3 
0.0 1.60066565398 0.0 0.0 0.0121375898025 0.0 0.0 0.846269495995 0.424822716825 1.12427370003 0.0 1.79481513589 236.0 252.0 255.0 -0.333333333333 -0.333333333333 -0.3 -0.3 
0.0 0.0 0.0 0.0 0.0 0.0 0.592045974985 0.0 0.0 0.0 0.0 0.645970748637 236.0 251.0 255.0 -0.333333333333 -0.333333333333 -0.3 -0.3 
1.98134586614 0.0 0.0 0.0 0.0 1.54107255962 0.0 0.906725040341 2.74043583859 0.81655315683 0.0 3.05629009398 236.0 251.0 255.0 -0.333333333333 -0.333333333333 -0.3 -0.3 
0.95424569915 0.486214953662 1.61219396772 0.913872238858 0.475397413535 0.714082137678 0.0 0.646923620709 0.750054526438 1.72023948782 0.0 1.96518324045 236.0 252.0 255.0 -0.333333333333 -0.333333333333 -0.3 -0.3 
0.0 0.0 0.0 0.0 0.0 0.0 1.75601921899 0.0 0.0 0.0 0.389212583881 0.0 236.0 251.0 255.0 -0.333333333333 -0.333333333333 -0.3 -0.3 
# HEADER 2
0.0 0.0 0.0 0.0 0.0 0.706531968298 0.0 0.0 0.792467375121 0.0 0.0 0.216921105476 132.0 247.0 255.0 0 0 -0.3 -0.3 
0.0 0.0 0.0 0.0 0.0 0.0 0.0 0.0 0.0 1.89970102719 0.0 0.104414668856 136.0 252.0 255.0 -0.3 -0.3 -0.3 -0.3 
0.0 0.0 0.0 0.0 1.07261291061 0.0 0.0 0.0 0.510967271036 0.0 0.0 0.0 213.0 252.0 255.0 -0.333333333333 -0.333333333333 -0.3 -0.3 
0.505937962516 0.0 0.0 0.0 0.0 0.0 0.0 0.0 0.0 0.74694268782 0.213379238329 0.174309007261 236.0 252.0 255.0 -0.333333333333 -0.333333333333 -0.3 -0.3 
0.0 0.0 0.0 0.0 0.0 0.0 0.635050908861 0.0 0.14871619966 0.0 0.0 0.0 236.0 251.0 255.0 -0.333333333333 -0.333333333333 -0.3 -0.3 
0.0 0.0 0.631312390754 0.229047104734 0.362319673556 0.0 0.631482663776 0.0 0.0 0.0 0.0 0.0 236.0 252.0 255.0 -0.333333333333 -0.333333333333 -0.3 -0.3 
0.936364580578 0.317547651408 0.302567455144 0.0 0.140854964914 1.28289894141 0.0 0.0 1.74159083621 1.92542479862 0.0 1.53407186338 236.0 252.0 255.0 -0.333333333333 -0.333333333333 -0.3 -0.3 
0.449285723174 0.869146109713 0.727544315284 0.0 0.59316381983 0.646742392634 0.0 0.0 1.20323815684 2.08988637609 0.0 0.0 236.0 251.0 255.0 -0.333333333333 -0.333333333333 -0.3 -0.3 
0.714052529682 0.610198711048 0.491330040168 1.61275024066 0.0358921862611 0.335790064371 0.0 0.244016735983 0.261152419271 0.897311715899 0.0 2.06140563817 237.0 252.0 255.0 -0.333333333333 -0.333333333333 -0.3 -0.3 
0.0 0.0 0.61105371736 0.80643309687 0.0 0.0 0.0 0.0 0.782379681806 0.720028333267 0.176800585675 1.06040191984 236.0 252.0 255.0 -0.333333333333 -0.333333333333 -0.3 -0.3 
0.437739677244 0.0 1.7428178088 0.355770249 0.0 0.498769992616 0.0 0.131103312962 0.806053092507 1.42426884463 0.83976700302 0.583747529649 236.0 251.0 255.0 -0.333333333333 -0.333333333333 -0.3 -0.3 
0.498433154202 0.807895430335 1.1725173801 0.373875000037 0.0 1.31375990381 0.0 0.75141045332 0.0 2.38688008513 0.0 1.97322728987 236.0 252.0 255.0 -0.333333333333 -0.333333333333 -0.3 -0.3 
0.536696957792 1.23386178105 0.264257325841 0.353690440527 0.0 0.241262101194 0.156839636172 0.0 0.734932258694 1.19608407743 0.0 1.04178114091 236.0 252.0 255.0 -0.333333333333 -0.333333333333 -0.3 -0.3 
0.0 0.0 0.0 0.0 0.0 0.0 0.518801879119 0.0 0.0 0.0 0.0 0.0 236.0 251.0 255.0 -0.333333333333 -0.333333333333 -0.3 -0.3 
# HEADER 3
0.0 0.0 0.0 0.0 0.0 0.0 0.0 0.0 0.0 0.0 0.0 0.0 132.0 246.0 255.0 0 0 -0.3 -0.3 
0.0 0.0 0.0 0.0 0.0 0.748987161146 0.0 0.0 0.0 1.57260281567 0.0 0.0 133.0 252.0 255.0 -0.3 -0.3 -0.3 -0.3 
2.20259335875 0.0 1.77603244192 0.0 0.464121590886 0.0 0.0 0.389542840035 0.0 1.38214413369 0.0 1.96407596229 137.0 253.0 255.0 -0.333333333333 -0.333333333333 -0.3 -0.3 
0.0 1.55362487996 1.31494585349 0.0 0.0 0.0 0.0 1.25811380936 1.38064319476 2.46417294871 0.0 0.0 221.0 252.0 255.0 -0.333333333333 -0.333333333333 -0.3 -0.3 
1.51311021784 1.16816012902 0.0 1.64733824378 0.996867488193 0.0 0.0 0.850034628842 0.266321153643 0.030911393499 0.686751777284 0.390101049043 236.0 251.0 255.0 -0.333333333333 -0.333333333333 -0.3 -0.3 
1.21806705041 0.0 0.0 0.0 0.780452186253 1.47044150676 0.299426174721 0.292993729516 0.456934853439 0.0 0.0 0.991788389248 236.0 251.0 255.0 -0.333333333333 -0.333333333333 -0.3 -0.3 
0.545598264969 0.484950337926 0.803069066567 0.0 0.52885292523 0.887903705421 0.270392478377 1.28635842933 1.56201143239 1.86551796445 1.21558989314 1.97439228629 236.0 251.0 255.0 -0.333333333333 -0.333333333333 -0.3 -0.3 
0.0 0.0 0.0 0.0 0.652768539036 0.0 1.02445605897 0.0 0.0 0.0 0.0 0.295172963404 236.0 251.0 255.0 -0.333333333333 -0.333333333333 -0.3 -0.3 
0.528465905623 0.370910628518 0.357232618856 0.0740118076661 0.0 0.165890594718 0.0 0.716034450555 1.06573729454 1.19358118195 0.991383348728 1.16945062069 236.0 251.0 255.0 -0.333333333333 -0.333333333333 -0.3 -0.3 
0.268437557 1.48129402345 0.254822637375 1.44109004911 0.176217975199 0.0 0.31858379379 0.0 0.0 1.12178572201 0.900283462552 0.989163955409 236.0 252.0 255.0 -0.333333333333 -0.333333333333 -0.3 -0.3 
0.0390615746134 0.0 0.0 0.0 0.0 0.493756972315 0.767705475014 0.0 0.0 0.0 0.518991213584 0.084586280272 236.0 252.0 255.0 -0.333333333333 -0.333333333333 -0.3 -0.3 
0.408295226867 0.675661795466 0.90030912964 0.0 0.0 0.0 0.0 2.55316877958 0.736439266544 1.97130487511 1.12475526088 1.64833985329 236.0 251.0 255.0 -0.333333333333 -0.333333333333 -0.3 -0.3 
1.21289506874 0.124679540429 0.817617576132 0.0 0.679203678671 1.71451340626 0.289681402353 6.59958063027 0.0 1.4952548948 0.0 0.0 237.0 252.0 255.0 -0.333333333333 -0.333333333333 -0.3 -0.3 
0.0 0.0 0.0 0.454190849774 0.0 1.12238837072 0.44274131018 0.0 0.263259101438 0.423936860276 0.985896495275 0.0 237.0 252.0 255.0 -0.333333333333 -0.333333333333 -0.3 -0.3 
1.86002900291 1.32744759488 3.01403761834 0.0 0.0 1.14961610906 0.0 0.428003884324 0.0 1.49219808586 0.0228021354812 0.401215331614 236.0 251.0 255.0 -0.333333333333 -0.333333333333 -0.3 -0.3 
0.0 2.32663568986 0.954937185369 1.17854751031 1.13598664012 2.02292523538 0.0 1.48479350414 1.49072675347 2.03062195575 0.0 1.37289177888 236.0 252.0 255.0 -0.333333333333 -0.333333333333 -0.3 -0.3 
1.00144670278 2.65880961282 0.0 0.0 0.0 0.956309934363 0.30818077315 0.0 0.426001325981 0.367116918552 1.17011756087 0.158692497408 237.0 252.0 255.0 -0.333333333333 -0.333333333333 -0.3 -0.3 
0.0 0.0 0.0 0.0 0.0 0.0 0.1586983912 0.0 0.395818827025 0.0 0.360207081506 0.0 236.0 251.0 255.0 -0.333333333333 -0.333333333333 -0.3 -0.3 
0.487676929865 0.0 0.0344261973709 0.0 1.76498599531 0.44008769598 0.0 0.0 0.795722359256 0.854321807751 0.0 1.75035655559 237.0 252.0 255.0 -0.333333333333 -0.333333333333 -0.3 -0.3 
0.447059323251 1.35558215047 1.70389900752 0.0 0.641450723608 0.572829746131 0.0 0.474046252788 0.728846772044 2.2957668587 0.0 1.3138766456 236.0 252.0 255.0 -0.333333333333 -0.333333333333 -0.3 -0.3 
0.0 0.0 0.0 0.0 0.0155555318159 0.177358732176 0.512184634554 0.0 0.0 0.0 0.431531695156 0.181099911196 236.0 251.0 255.0 -0.333333333333 -0.333333333333 -0.3 -0.3 
0.0 0.971964923115 0.364574681658 0.0 0.0 0.0 0.166308173186 0.0 1.16266180163 1.24926460741 0.0 1.0313342374 236.0 251.0 255.0 -0.333333333333 -0.333333333333 -0.3 -0.3 
0.0 3.43027540269 0.0 0.898186119092 0.609512923222 0.469049545866 0.273118215741 0.148219577426 0.767737133715 2.32073190122 1.43582883245 0.875386136088 236.0 251.0 255.0 -0.333333333333 -0.333333333333 -0.3 -0.3 
0.0 0.75304142795 0.0 0.0 0.690999807689 0.0 0.963329071078 0.0 0.0 0.0 0.0 0.0 236.0 251.0 255.0 -0.333333333333 -0.333333333333 -0.3 -0.3 
1.25174199477 1.05029929348 0.22179945902 0.0 0.358809003343 0.0 0.0808092202891 0.521363149585 0.0 0.0231401287465 0.0 0.517487489181 236.0 251.0 255.0 -0.333333333333 -0.333333333333 -0.3 -0.3 
0.0 0.0 0.0 0.432095718904 0.0 0.0 0.0 0.0 0.0 0.691835586016 1.97938437368 0.420947511019 236.0 251.0 255.0 -0.333333333333 -0.333333333333 -0.3 -0.3 
0.524775696082 0.463259093722 0.834564393021 0.807045545305 0.0 0.997979387684 0.268628281357 1.26127167192 0.72018335003 0.791813685063 1.27262545322 0.860386439308 236.0 251.0 255.0 -0.333333333333 -0.333333333333 -0.3 -0.3 
1.2327836975 0.0 0.0 0.582596499786 0.0 0.0 0.0 0.586388473818 0.751082200198 1.0330810851 0.0 0.311675740557 236.0 251.0 255.0 -0.333333333333 -0.333333333333 -0.3 -0.3 
0.0 0.0 1.03175797576 1.33090427284 0.58618401541 0.0 0.553033035718 0.0 1.22990888449 0.0 0.301608896449 0.0 236.0 251.0 255.0 -0.333333333333 -0.333333333333 -0.3 -0.3 
0.0 0.0 0.184819669096 0.0 0.143255154631 0.45732150681 0.898377513311 0.220573505396 0.0 0.0 0.0 0.0 236.0 251.0 255.0 -0.333333333333 -0.333333333333 -0.3 -0.3 
0.0 1.12752774232 0.0653091769811 0.180068222883 0.447983171848 0.765868608464 0.0797739957576 0.495187875599 0.774238168391 1.20713495059 0.568457722301 2.00937851792 236.0 252.0 255.0 -0.333333333333 -0.333333333333 -0.3 -0.3 
0.0 0.0 0.0 0.0 0.128837795396 0.0 0.687365842513 0.0 0.0 0.0 0.0 0.0 236.0 252.0 255.0 -0.333333333333 -0.333333333333 -0.3 -0.3 
0.185520570948 0.0 1.61869064981 0.0 0.446345369269 0.446970939334 0.4608514517 0.0 0.0 0.0 0.0 0.727179773154 236.0 251.0 255.0 -0.333333333333 -0.333333333333 -0.3 -0.3 
0.0 1.44439025947 0.0 0.0269864933717 0.0 0.0757747802401 0.655098738247 0.0 0.788361930342 0.0 0.0 0.0 236.0 252.0 255.0 -0.333333333333 -0.333333333333 -0.3 -0.3 
1.21504610365 1.14074830926 1.3747876375 0.0 0.428120931579 0.0 0.0 0.91383992859 0.475660960805 0.286755027413 0.0 0.740253420428 236.0 252.0 255.0 -0.333333333333 -0.333333333333 -0.3 -0.3 
0.497351072524 0.0 0.505728152793 0.0 0.134464551716 1.10171158468 0.0 0.424557962236 0.0 0.888118163975 0.31268935764 0.318017927256 236.0 251.0 255.0 -0.333333333333 -0.333333333333 -0.3 -0.3 
0.00515119912444 0.0 0.520630247493 0.259656661169 0.120065073146 0.733333713937 0.5372278137 0.569479928133 0.152841329955 0.0 0.443052902861 0.0 236.0 252.0 255.0 -0.333333333333 -0.333333333333 -0.3 -0.3 
0.0 1.02978647598 1.29544384478 0.836716519098 1.0352385333 0.474604764255 0.0 0.357182416648 1.15618737806 0.0 1.37276315561 0.194447978182 236.0 252.0 255.0 -0.333333333333 -0.333333333333 -0.3 -0.3 
0.0 0.0 0.0 0.0 0.0 1.09137869007 1.13415847513 0.0 0.0 0.0 0.351185110858 0.0 236.0 251.0 255.0 -0.333333333333 -0.333333333333 -0.3 -0.3 
0.0 0.916904185927 0.0 0.802964104942 0.60956127324 0.0 0.0 0.0 0.125400160959 0.0 0.0 0.903489464179 236.0 252.0 255.0 -0.333333333333 -0.333333333333 -0.3 -0.3 
0.0 0.0 0.0 0.0 0.0 0.0 1.75961196746 0.0 0.0 0.0 0.19710010221 0.304927260171 236.0 252.0 255.0 -0.333333333333 -0.333333333333 -0.3 -0.3 
1.44861601979 1.0924940135 0.0 0.14777562198 0.411366993745 0.407448489074 0.0 0.6121433596 0.176098401541 0.0 0.0 2.87240340724 236.0 251.0 255.0 -0.333333333333 -0.333333333333 -0.3 -0.3 
0.877777441319 2.4052417811 0.634146672419 0.0 0.392849964226 0.195046650028 0.0167104045352 1.34661419908 0.73983754876 1.02089557611 0.423959715022 0.362307907003 236.0 252.0 255.0 -0.333333333333 -0.333333333333 -0.3 -0.3 
1.46117233592 0.987842353804 0.0 0.744335122123 0.626491838433 0.00289555784291 0.25855795185 0.275673544184 1.58783121163 1.92809327744 0.0155214225649 1.3456404232 236.0 252.0 255.0 -0.333333333333 -0.333333333333 -0.3 -0.3 
0.0 0.0 0.0 0.0 0.123703689384 0.0 1.15820325237 0.0 0.0 0.0 0.0 0.0 236.0 251.0 255.0 -0.333333333333 -0.333333333333 -0.3 -0.3 
0.112635960664 2.05730009945 0.0264786952419 0.0 1.53006829187 0.636895216628 0.0 0.830049527571 1.64240270587 0.968530687883 0.0 0.663863305796 236.0 252.0 255.0 -0.333333333333 -0.333333333333 -0.3 -0.3 
0.0 0.0 1.78484914768 0.0 0.213786979925 0.0157622478661 0.657274820909 0.0 0.279397099425 0.0 0.0 0.0 236.0 252.0 255.0 -0.333333333333 -0.333333333333 -0.3 -0.3 
0.760524855539 1.35784583309 0.750911698771 0.737097077946 0.0 0.0 0.0 1.15439659817 1.01049474351 1.92087657243 0.0 0.296550530982 236.0 251.0 255.0 -0.333333333333 -0.333333333333 -0.3 -0.3 
0.0 0.0 0.0 0.0 1.38424661505 0.0494116234155 1.90533293872 0.0 0.0 0.0 0.0 0.0 236.0 251.0 255.0 -0.333333333333 -0.333333333333 -0.3 -0.3 
0.793433569086 0.863418940791 0.0 0.0 1.49345480547 0.0 0.0 0.102950546154 1.21174709447 1.0045585952 0.0 1.76186103603 236.0 252.0 255.0 -0.333333333333 -0.333333333333 -0.3 -0.3 
0.972249475759 0.0 0.682386719893 0.433202292255 0.188103912818 0.435063867213 0.0 0.264908966248 0.0493944978588 1.54436639693 0.0 1.06812018146 236.0 251.0 255.0 -0.333333333333 -0.333333333333 -0.3 -0.3 
0.0 0.0 0.0 0.0 0.0 0.0 0.624560493845 0.127618233896 0.0 0.278845005672 0.0 0.0 236.0 252.0 255.0 -0.333333333333 -0.333333333333 -0.3 -0.3 
0.76976125153 0.983619093876 0.0 0.522268191238 0.0 1.45452814201 0.0 1.37684853308 2.66184081855 0.192531479879 0.168996261853 0.60194772972 236.0 252.0 255.0 -0.333333333333 -0.333333333333 -0.3 -0.3 
0.0 2.54983437845 3.68656551836 0.29236278458 0.0 0.691199842146 0.374307031098 0.315019082406 1.07469918733 1.85469922618 0.771930324822 0.598293561582 236.0 251.0 255.0 -0.333333333333 -0.333333333333 -0.3 -0.3 
0.0 0.0 0.0 0.0 0.616957726312 0.0 1.89133713854 0.0 0.0 0.0 0.0 0.0 236.0 252.0 255.0 -0.333333333333 -0.333333333333 -0.3 -0.3 
0.0 2.55611097812 1.5889930793 0.811643029266 0.426862872864 0.871903300545 0.0 0.0 0.0 1.11874539432 0.0 2.49472531812 236.0 252.0 255.0 -0.333333333333 -0.333333333333 -0.3 -0.3 
0.97477398151 0.91238680944 0.0 0.0 0.533829673734 0.490488286972 0.0 0.382854008509 2.05152454372 0.0 0.0 0.0 236.0 251.0 255.0 -0.333333333333 -0.333333333333 -0.3 -0.3 
0.0 0.432952427872 0.0 0.0 0.0 0.303971489674 0.0 0.0 0.0 0.0 0.0 0.620641557894 236.0 252.0 255.0 -0.333333333333 -0.333333333333 -0.3 -0.3 
0.0 0.576586792424 0.125083551928 0.0486966078636 0.442625146264 0.28741449989 1.0021586773 1.63080022909 0.470892019259 0.0 0.838470816466 0.485374842198 236.0 252.0 255.0 -0.333333333333 -0.333333333333 -0.3 -0.3 
1.02624846439 0.826363637156 0.750591804793 0.93635916145 1.19459615895 0.773949990504 0.0 1.55778410155 1.48709006967 1.30985373564 0.432711697975 1.19039873573 236.0 251.0 255.0 -0.333333333333 -0.333333333333 -0.3 -0.3 
0.0 0.0 0.0 0.0640028123062 0.0 0.0 0.634617144832 0.0 0.0 0.0 0.0 0.0 236.0 251.0 255.0 -0.333333333333 -0.333333333333 -0.3 -0.3 
0.0 1.24254279028 0.832361040836 0.785151762678 0.524621122471 0.0854072826953 0.191227054468 1.37332501501 1.67532382612 2.65852865261 0.441064322373 2.11490601632 236.0 252.0 255.0 -0.333333333333 -0.333333333333 -0.3 -0.3 
0.0 0.686177981488 0.599219640873 0.861533865551 0.0756055893506 1.83209603252 0.0 0.0 0.118537998067 0.555169908589 0.434985981138 0.859843295619 236.0 251.0 255.0 -0.333333333333 -0.333333333333 -0.3 -0.3 
1.51454782141 0.577040019575 1.58775519597 0.814482062437 0.566593961421 0.0 0.247216810032 0.0 0.0 2.56287752434 0.37717966424 0.0631660105272 236.0 251.0 255.0 -0.333333333333 -0.333333333333 -0.3 -0.3 
1.03175278181 0.208945355543 0.0 0.0 0.350195174216 0.0 0.237086641997 0.96423152655 0.20340372284 1.2797095338 0.553694116003 0.332436546693 236.0 252.0 255.0 -0.333333333333 -0.333333333333 -0.3 -0.3 
0.08952886013 0.379280769269 0.566437056516 0.830950964362 1.31983296162 0.877552791946 0.0 1.02685984587 1.10843031275 1.50267165163 1.55009707691 0.991491862652 236.0 251.0 255.0 -0.333333333333 -0.333333333333 -0.3 -0.3 
0.273094249655 0.729356937521 0.376559512011 0.0 0.0 0.52933018333 0.466302119601 0.697715741685 1.0146804152 1.60446980595 0.98013454684 0.227696474487 236.0 251.0 255.0 -0.333333333333 -0.333333333333 -0.3 -0.3 
0.668137066302 1.86493829226 0.633656596516 0.0 0.804524793414 1.57033473865 0.0 0.0 1.48479316401 1.46506098505 0.0 0.0 236.0 252.0 255.0 -0.333333333333 -0.333333333333 -0.3 -0.3 
0.392575180925 1.32563567512 0.00450605347345 1.03165195199 1.48666768452 2.07725383852 0.0 1.30605725403 0.578095415091 1.62469804139 0.42519194396 0.973771482827 236.0 251.0 255.0 -0.333333333333 -0.333333333333 -0.3 -0.3 
1.40681875862 0.448974701881 0.674647464221 1.77696371013 0.0 0.0 0.228632091383 0.542374533748 0.0 2.54048292226 0.529632090992 1.11765762781 236.0 251.0 255.0 -0.333333333333 -0.333333333333 -0.3 -0.3 
0.0 0.0 0.0 0.0 0.0 0.0 1.17876200578 0.0 0.0 0.0 0.0 0.0 236.0 251.0 255.0 -0.333333333333 -0.333333333333 -0.3 -0.3 
0.48830947639 1.41345365197 0.221895450413 0.134825044814 0.0 1.1544662845 0.0 0.0 1.37152853284 1.85827922309 1.20663464155 0.262551188779 236.0 251.0 255.0 -0.333333333333 -0.333333333333 -0.3 -0.3 
0.88987418804 0.0 0.0 0.0 0.984224057354 1.32247320675 0.380366626021 0.275992150944 0.139105473244 0.0 0.0 1.03587144514 236.0 251.0 255.0 -0.333333333333 -0.333333333333 -0.3 -0.3 
0.0 0.0 0.0 0.0 0.0 0.0 1.51866577678 0.540743297112 0.187844712594 0.0 0.407143713376 0.0 236.0 251.0 255.0 -0.333333333333 -0.333333333333 -0.3 -0.3 
0.0 0.0 0.0 0.134414035437 0.0 0.472635664048 0.0 0.0 0.913705080903 0.0 0.0 0.0 236.0 251.0 255.0 -0.333333333333 -0.333333333333 -0.3 -0.3 
0.0 0.940773103275 0.0 0.745523948269 0.500453858262 0.994524257782 0.172769219099 0.0 0.0 0.758788913143 0.351769042879 1.09815702616 236.0 252.0 255.0 -0.333333333333 -0.333333333333 -0.3 -0.3 
0.520737033917 3.55329052877 0.0 0.0 0.0 2.48511705063 0.0 0.0 0.674293889473 0.800175672039 1.40046635551 1.15512694657 236.0 252.0 255.0 -0.333333333333 -0.333333333333 -0.3 -0.3 
0.927232631483 0.0 0.677179881738 0.784658969544 0.0 0.0 0.366330130689 0.333475131009 1.14129172296 1.24454412685 0.0 0.0 236.0 251.0 255.0 -0.333333333333 -0.333333333333 -0.3 -0.3 
0.0500563627232 0.0 0.0 1.04652237666 1.89806094117 2.46699013652 0.0 0.6997224382 0.806639582098 1.0252789962 0.428089051662 2.08858768957 236.0 251.0 255.0 -0.333333333333 -0.333333333333 -0.3 -0.3 
0.0 0.0 0.18375760165 0.0 0.0 0.0 0.993547820725 0.523045619323 0.0 0.0 0.0 0.0 236.0 252.0 255.0 -0.333333333333 -0.333333333333 -0.3 -0.3 
0.0 0.0 0.0 0.0 0.0 0.0 1.13391473885 0.0 0.0 0.0 0.77699977801 0.0 236.0 251.0 255.0 -0.333333333333 -0.333333333333 -0.3 -0.3 
1.2608201453 1.18383831766 0.624863726077 3.1747670853 0.0 1.42262976733 0.0522589252574 0.0 0.682212379775 0.0 1.02957641229 0.323435178508 236.0 252.0 255.0 -0.333333333333 -0.333333333333 -0.3 -0.3 
0.0 0.0 0.0 0.0 0.0 0.0 1.18728051957 0.0 0.0 0.0 0.0 0.0 236.0 252.0 255.0 -0.333333333333 -0.333333333333 -0.3 -0.3 
1.61962428564 1.98197439529 1.03967498231 0.111742893075 0.118542626563 0.868278300356 0.0 0.109727439388 0.922647413536 2.25360271873 0.0 1.51628948303 236.0 251.0 255.0 -0.333333333333 -0.333333333333 -0.3 -0.3 
1.02279842782 2.16892802978 0.0 0.0 0.608405210032 0.0 0.0 2.05890921785 0.73860857886 1.24639273818 0.427552994615 0.527264334598 236.0 252.0 255.0 -0.333333333333 -0.333333333333 -0.3 -0.3 
0.0 0.0 0.0 0.375972358285 0.0 0.0 0.709167504739 0.0 0.0 0.0 0.924841035723 0.0 236.0 252.0 255.0 -0.333333333333 -0.333333333333 -0.3 -0.3 
0.0 0.0 0.555950267719 0.93337337161 0.0 0.0 0.0 0.281153080595 0.0 1.2914668373 0.402879448807 0.793481417182 236.0 251.0 255.0 -0.333333333333 -0.333333333333 -0.3 -0.3 
0.0545854944654 0.0 1.63360907366 0.392173219372 0.0 0.0 0.224808965529 0.471444991596 0.238392539548 1.2746251917 0.0 0.0 236.0 252.0 255.0 -0.333333333333 -0.333333333333 -0.3 -0.3 
0.631947329611 0.0 0.0 0.0531047059049 1.0036176569 0.113368823837 0.0 1.1867783519 1.79628660047 1.87650219249 0.538586739351 0.304448013729 236.0 252.0 255.0 -0.333333333333 -0.333333333333 -0.3 -0.3 
0.0 0.0 0.0 0.0 0.0 0.0 1.4242846554 0.0 0.0 0.0 0.397257445013 0.0 236.0 251.0 255.0 -0.333333333333 -0.333333333333 -0.3 -0.3 
0.0 0.0 0.0 0.0 0.405880749142 0.0 2.07897707139 0.286602644348 0.0 0.0 0.274642629894 0.0 236.0 252.0 255.0 -0.333333333333 -0.333333333333 -0.3 -0.3 
0.626336488056 1.33427301883 0.90036616195 0.0420556527629 0.010945169192 0.827979933978 0.0 0.0434018608929 0.791786828901 1.7651250631 0.273639894731 1.41542755239 236.0 252.0 255.0 -0.333333333333 -0.333333333333 -0.3 -0.3 
1.46321957423 0.0 1.76648700395 1.60992413851 0.0 0.136470686139 0.0 0.39989157243 0.673064611876 0.615861746969 0.0 1.05641936565 236.0 251.0 255.0 -0.333333333333 -0.333333333333 -0.3 -0.3 
0.378592742774 0.147894711793 2.2283995709 0.0765290194291 0.0 1.28213105276 0.0014689352373 0.0 0.575714111224 1.89054384408 0.0 0.171036063471 236.0 251.0 255.0 -0.333333333333 -0.333333333333 -0.3 -0.3 
0.0 0.251802748318 0.0 0.0 0.0856668989445 0.0 0.19424888556 0.685088911549 0.0 0.0 1.19470963482 0.0 236.0 251.0 255.0 -0.333333333333 -0.333333333333 -0.3 -0.3 
1.33176082635 0.509986366592 0.809706507115 0.0 0.0 0.604341045213 0.106097544341 0.332827518699 0.562044920773 1.55029140273 0.0 0.0 236.0 251.0 255.0 -0.333333333333 -0.333333333333 -0.3 -0.3 
0.0 0.788780271131 0.0 0.0 0.0857778291209 0.332569686906 0.0 0.748919703296 1.05130934807 0.0 0.369171095349 0.432620360244 236.0 251.0 255.0 -0.333333333333 -0.333333333333 -0.3 -0.3 
0.0 0.0 0.0 0.0 0.0 0.0 1.20522618246 0.970779666324 0.0 0.0 0.0 0.0 236.0 251.0 255.0 -0.333333333333 -0.333333333333 -0.3 -0.3 
0.0 0.168707901944 0.602884186984 0.0 1.1285377884 0.905398435454 0.0 0.0 0.172910645906 1.63077102123 0.185769923896 3.17790182322 236.0 251.0 255.0 -0.333333333333 -0.333333333333 -0.3 -0.3 
1.3877251259 1.38738675388 0.0 0.401809998287 0.0 0.0 0.0 0.258464317204 0.803155803775 1.1442489286 0.427515892059 1.17956878814 236.0 251.0 255.0 -0.333333333333 -0.333333333333 -0.3 -0.3 
0.179533054824 0.945076249617 0.90057319263 0.0 1.06791414825 0.029591567449 0.619848078072 0.421241311078 0.0 0.0 0.401015547878 0.0 236.0 252.0 255.0 -0.333333333333 -0.333333333333 -0.3 -0.3 
0.0 0.0 0.0 0.0 0.627896084223 0.0 0.645352040502 0.0 0.367778264446 0.0 0.0965379778761 1.07483788874 236.0 251.0 255.0 -0.333333333333 -0.333333333333 -0.3 -0.3 
0.0900755391145 0.0 1.1152793482 0.0 0.0 0.0 0.477823170292 0.484521831004 0.0 0.345685091885 0.0 0.0 236.0 252.0 255.0 -0.333333333333 -0.333333333333 -0.3 -0.3 
0.0 0.0 0.0 0.0 0.0 0.0 1.149770285 0.0 0.0 0.0 0.457965001241 0.0 237.0 252.0 255.0 -0.333333333333 -0.333333333333 -0.3 -0.3 
0.816853988937 0.0 0.0 0.173638287689 0.607318817864 0.70018755396 0.0 1.03231488215 0.245338700188 1.49216763724 0.0 1.05072812917 236.0 251.0 255.0 -0.333333333333 -0.333333333333 -0.3 -0.3 
0.0 0.0 0.490773463554 0.126186778731 0.375802821351 1.3172942211 0.0 1.01708577907 0.0 1.59894363838 0.0 2.16786406577 236.0 252.0 255.0 -0.333333333333 -0.333333333333 -0.3 -0.3 
0.0 0.732476746713 0.0 0.0 0.155777964895 0.0 0.127222106042 0.0 0.374244464107 0.0 0.0 1.19944494196 237.0 252.0 255.0 -0.333333333333 -0.333333333333 -0.3 -0.3 
0.837740037543 0.0 0.281487545594 0.0 0.0 0.785058651907 0.0 0.409432400158 0.0 1.920912065 0.30725135859 2.63648609678 236.0 251.0 255.0 -0.333333333333 -0.333333333333 -0.3 -0.3 
0.0 0.0 0.0 0.0 0.0 0.0 0.548947396475 0.0 0.0 0.0 0.0460717190115 0.0 236.0 252.0 255.0 -0.333333333333 -0.333333333333 -0.3 -0.3 
1.48599477133 0.542508200523 0.575629253184 0.497528518746 0.0753055996364 1.15316623439 0.011989083396 0.499174943067 0.0 2.27921152483 0.0 1.60846802021 236.0 252.0 255.0 -0.333333333333 -0.333333333333 -0.3 -0.3 
0.0 0.764631382177 0.278223871109 0.785648181479 0.89849033851 0.2362497127 0.0 1.9481416892 0.233017530794 1.19206536117 0.182445293479 1.48393394289 236.0 251.0 255.0 -0.333333333333 -0.333333333333 -0.3 -0.3 
1.50478906888 0.248854899793 1.2439448951 0.976541581736 0.0 0.0706223028424 0.0 0.0 1.1248516063 1.76229479449 0.0 0.0 236.0 252.0 255.0 -0.333333333333 -0.333333333333 -0.3 -0.3 
0.793820421163 0.894201138783 0.0 0.672934961248 0.903487942802 1.06921107774 0.437683120834 0.826474510663 0.699282104613 0.0 0.0 0.0 236.0 252.0 255.0 -0.333333333333 -0.333333333333 -0.3 -0.3 
0.0 0.0 0.0 0.148019232612 0.0 0.0 1.48506506331 0.0 0.0 0.0 0.0 0.0234810063557 236.0 251.0 255.0 -0.333333333333 -0.333333333333 -0.3 -0.3 
1.47246776051 0.0 0.0 0.0 1.40305912993 0.0 0.372606179375 1.88183790642 0.815641981354 0.0 0.193879916331 0.0 236.0 252.0 255.0 -0.333333333333 -0.333333333333 -0.3 -0.3 
1.22694424491 0.0 1.32055002319 0.0734199409891 0.463436946222 0.0 0.0 0.0 0.161317410192 0.0 0.0 0.282079360992 236.0 252.0 255.0 -0.333333333333 -0.333333333333 -0.3 -0.3 
1.42224310019 0.954073651081 0.730729096964 0.0 0.157311526068 0.123879145159 0.0 1.27590581045 0.0 1.72009851249 0.0 1.99102039677 236.0 251.0 255.0 -0.333333333333 -0.333333333333 -0.3 -0.3 
0.0 0.0 0.0 0.0 0.0 1.02067518458 0.742050558511 0.0 0.0 0.0 0.472304421656 0.0 236.0 252.0 255.0 -0.333333333333 -0.333333333333 -0.3 -0.3 
1.37842304769 0.0 0.886728974978 0.0283110240392 0.0 0.891168286679 0.0 1.16900402687 1.66552001326 1.75937058152 0.0 0.959148606572 236.0 252.0 255.0 -0.333333333333 -0.333333333333 -0.3 -0.3 
0.735237210483 0.0 0.0 0.0 0.0 0.0 0.744914911199 0.0 0.414461044853 0.0 0.546929220369 0.0 236.0 251.0 255.0 -0.333333333333 -0.333333333333 -0.3 -0.3 
0.0 0.10615561887 0.793845525005 0.0 1.12860366145 0.0519926084247 0.617615817978 0.388224088679 0.309643928691 0.0773578610796 0.78863686358 0.0 236.0 252.0 255.0 -0.333333333333 -0.333333333333 -0.3 -0.3 
1.29357560639 1.0169806044 1.49157964201 0.441801793183 0.53681060821 2.20401764427 0.0 0.0 0.73726280037 1.60488098074 0.0 1.3199184173 236.0 252.0 255.0 -0.333333333333 -0.333333333333 -0.3 -0.3 
0.0 0.0 0.0 0.0 0.0 0.0 1.8638066994 0.0 0.0 0.0 0.0 0.0 236.0 251.0 255.0 -0.333333333333 -0.333333333333 -0.3 -0.3 
0.0 0.0 0.0 0.0 0.0 0.0 1.19930170951 0.0 0.0 0.0 0.0 0.0 236.0 252.0 255.0 -0.333333333333 -0.333333333333 -0.3 -0.3 
0.0 0.0 0.0 0.558106699614 0.0 0.0 1.53518502202 0.0 0.0 0.0 0.608414482047 0.0 236.0 252.0 255.0 -0.333333333333 -0.333333333333 -0.3 -0.3 
0.725821410199 0.0 0.60285900907 0.0 0.0 0.0 0.0 0.0 0.338241107412 0.713086699683 0.409368909784 0.0526044264379 236.0 251.0 255.0 -0.333333333333 -0.333333333333 -0.3 -0.3 
1.47823919089 0.364797920668 0.0 0.0 0.0 0.814422670384 0.123532238905 0.321053006245 1.47946693811 2.61344378788 3.01944298443 1.95635951454 236.0 252.0 255.0 -0.333333333333 -0.333333333333 -0.3 -0.3 
0.321740184456 0.0 0.0 0.120078852512 0.0 2.93242528548 0.0 1.96273705013 0.437853741329 0.42485279575 0.0 1.59405454329 236.0 252.0 255.0 -0.333333333333 -0.333333333333 -0.3 -0.3 
0.538877701571 2.77266313804 0.0 0.0 0.0 1.43770132988 0.0 1.36439781766 1.28083432655 1.29445642384 1.39412778799 1.08223260842 236.0 251.0 255.0 -0.333333333333 -0.333333333333 -0.3 -0.3 
0.0 0.0 0.0 0.0 0.500885080694 0.0 1.65526299994 0.0 0.0 0.0 0.259985146917 0.0 236.0 252.0 255.0 -0.333333333333 -0.333333333333 -0.3 -0.3 
1.53293054219 0.649534513606 0.0 0.464461088272 0.0 2.00836726491 0.652246642942 0.0 0.0 0.388477848996 0.210678356012 0.00536659953028 236.0 252.0 255.0 -0.333333333333 -0.333333333333 -0.3 -0.3 
0.0 1.64159820906 0.100733688139 0.0 0.926066858221 1.6793828525 0.0 0.900982643868 2.04364567967 0.369313122712 0.0 1.85849727337 236.0 251.0 255.0 -0.333333333333 -0.333333333333 -0.3 -0.3 
0.0 0.0 0.0 0.0 0.0 0.0297199677684 0.694857163224 0.775341557772 0.0 0.0 1.01759799171 0.0 236.0 252.0 255.0 -0.333333333333 -0.333333333333 -0.3 -0.3 
0.0 0.179108381522 0.0 0.0 0.0 0.482855942152 0.618027443011 0.573750347473 0.0 0.0 0.0 0.0 236.0 252.0 255.0 -0.333333333333 -0.333333333333 -0.3 -0.3 
# HEADER 4
0.574500081669 0.423963022329 0.679278311291 0.885979358499 1.3677381261 0.118153088474 0.141572770733 1.09550920631 0.552701342789 1.68326849272 0.0 1.92516925915 132.0 247.0 255.0 0 0 -0.3 -0.3 
1.55035979498 0.0 0.0 0.0 0.0 0.0 0.0 0.0 0.48219050612 2.2678709181 0.671205265277 3.22809278043 137.0 252.0 255.0 -0.3 -0.3 -0.3 -0.3 
1.4434100352 0.768279988913 0.41514977397 0.467110699174 0.593734585901 0.761403713613 0.0 1.11409289004 1.58433378725 2.08481551662 1.26094297791 1.57197477184 214.0 252.0 255.0 -0.333333333333 -0.333333333333 -0.3 -0.3 
0.0 0.132491136037 0.0169762821787 0.0 0.0 0.0 0.0 0.0 1.37379794956 0.672420489187 0.0 0.0 236.0 251.0 255.0 -0.333333333333 -0.333333333333 -0.3 -0.3 
0.839489836843 0.0 0.674820667143 0.0 0.311551900744 0.0 0.0 0.0 0.644937440465 1.69111324211 0.318504927562 0.0 236.0 251.0 255.0 -0.333333333333 -0.333333333333 -0.3 -0.3 
0.0 0.0 0.0 0.00978901750099 0.0 0.0 0.0 0.0 0.0 0.688396387449 0.0 0.0 236.0 251.0 255.0 -0.333333333333 -0.333333333333 -0.3 -0.3 
0.0 0.0 0.0 0.0 0.0 0.0 0.0 0.0 0.0 0.451831810329 0.0 0.0 236.0 251.0 255.0 -0.333333333333 -0.333333333333 -0.3 -0.3 
0.0120138308266 0.0 0.0 0.0 0.0 0.0 0.0 0.0 0.193790282477 1.13802308761 0.0 0.0 236.0 251.0 255.0 -0.333333333333 -0.333333333333 -0.3 -0.3 
0.0 0.0 0.0 0.0 0.0 0.0 0.0 0.0 0.215947921732 0.916813976322 0.0 0.0 236.0 251.0 255.0 -0.333333333333 -0.333333333333 -0.3 -0.3 
0.0 0.0 0.0 0.0 0.0 0.0 0.0 0.0 0.20777657613 0.663403048579 0.0 0.0 236.0 252.0 255.0 -0.333333333333 -0.333333333333 -0.3 -0.3 
0.681695656094 0.0 0.0 0.0 0.371736646263 0.0 0.0 0.0 0.0 1.62291080657 0.0 0.0 236.0 251.0 255.0 -0.333333333333 -0.333333333333 -0.3 -0.3 
0.0 0.373559465201 0.0 0.0 0.0 0.0 0.0 0.0 0.707882742546 1.66537537922 0.201090705598 0.0131630143653 236.0 251.0 255.0 -0.333333333333 -0.333333333333 -0.3 -0.3 
0.0 0.0 0.0 0.30191240005 0.0 0.0 0.0 0.0 0.0 1.155264599 0.0 0.0 236.0 252.0 255.0 -0.333333333333 -0.333333333333 -0.3 -0.3 
0.0 0.0 0.0 0.0 0.0 0.0 0.0 0.0 0.0 0.0564781308815 0.0 0.0 236.0 251.0 255.0 -0.333333333333 -0.333333333333 -0.3 -0.3 
0.0 0.0 0.0 0.0 0.0 0.0 0.0 0.0 0.192467315927 0.714953192535 0.0 0.0158539064808 236.0 251.0 255.0 -0.333333333333 -0.333333333333 -0.3 -0.3 
0.0 0.0 0.0 0.44186949492 0.343501042269 0.0 0.0 0.0 0.421810121161 0.0 0.0 0.0 236.0 252.0 255.0 -0.333333333333 -0.333333333333 -0.3 -0.3 
0.236441499661 0.0 0.0 0.0 0.368998000596 0.0 0.0448485721446 0.0 0.0 0.233111923418 0.0 0.0 236.0 251.0 255.0 -0.333333333333 -0.333333333333 -0.3 -0.3 
0.435359626774 0.55021855742 1.14867201863 0.664956289014 0.0763419771433 0.0 0.0 0.0 0.836058518384 0.996769655571 0.0 0.776708941395 236.0 251.0 255.0 -0.333333333333 -0.333333333333 -0.3 -0.3 
0.0 0.0 0.0 0.624814756584 0.0 0.0 0.0 0.0 0.0 0.622881367396 0.0 0.0 236.0 252.0 255.0 -0.333333333333 -0.333333333333 -0.3 -0.3 
0.0 0.0 0.0 0.0 0.0 0.0 0.0 0.0 0.393141367467 0.654133557862 0.0 0.0 236.0 251.0 255.0 -0.333333333333 -0.333333333333 -0.3 -0.3 
0.0 0.0 0.0 0.0 0.0 0.0 0.0 0.0 0.0 0.986448582893 0.0 0.0 236.0 251.0 255.0 -0.333333333333 -0.333333333333 -0.3 -0.3 
0.0 0.350241877918 0.0 0.440368416191 0.494258592845 0.0 0.0 0.0 0.650717669947 1.64902315541 0.0 0.0 237.0 252.0 255.0 -0.333333333333 -0.333333333333 -0.3 -0.3 
0.0313178917886 0.0 0.0 0.0 0.514765232119 0.0 0.0 0.0 0.0939989960792 0.647303870459 0.0 0.0 236.0 251.0 255.0 -0.333333333333 -0.333333333333 -0.3 -0.3 
0.0 0.0 0.0 0.0 0.0348165815334 0.0 0.0 0.0 0.593883699828 0.722532705634 0.0 0.0 236.0 251.0 255.0 -0.333333333333 -0.333333333333 -0.3 -0.3 
0.340832864158 0.24698220342 0.0 0.0 0.0 0.0 0.0 0.0 0.60551931376 0.0 0.0 0.109571344319 236.0 252.0 255.0 -0.333333333333 -0.333333333333 -0.3 -0.3 
0.0 0.723547855795 0.0 0.0 0.225485144474 0.0 0.0 0.0 0.0 1.63464389079 0.0 0.236542813482 236.0 251.0 255.0 -0.333333333333 -0.333333333333 -0.3 -0.3 
0.0 0.0 0.0 0.0 0.131201468497 0.0 0.0 0.0 0.0 0.106595290882 0.0 0.0 236.0 251.0 255.0 -0.333333333333 -0.333333333333 -0.3 -0.3 
0.304080109443 0.0 0.0 0.0 0.0 0.0 0.272451556068 0.0 0.0 0.632237171448 0.0 0.0 236.0 251.0 255.0 -0.333333333333 -0.333333333333 -0.3 -0.3 
0.479617356505 0.0 0.0 0.0 0.159674080592 0.0 0.0 0.0 0.0 0.0 0.0 0.0818299447059 236.0 251.0 255.0 -0.333333333333 -0.333333333333 -0.3 -0.3 
0.0 0.0 0.0 0.432256143899 0.0 0.0 0.0 0.0 1.60589839049 0.534195379127 0.384549088669 0.0 236.0 251.0 255.0 -0.333333333333 -0.333333333333 -0.3 -0.3 
0.0 0.0 0.0 0.0 0.0 0.0 0.0 0.0 1.37804128353 1.37510409136 0.0 0.330477719772 236.0 252.0 255.0 -0.333333333333 -0.333333333333 -0.3 -0.3 
0.0 0.0 0.251335686545 0.0 0.0 0.0 0.0 0.0 0.634852668702 0.612084776488 0.0 0.0 236.0 251.0 255.0 -0.333333333333 -0.333333333333 -0.3 -0.3 
0.0 0.0 0.0 0.0 0.24698212669 0.0 0.0 0.0 0.0 0.0 0.0 0.0 237.0 252.0 255.0 -0.333333333333 -0.333333333333 -0.3 -0.3 
0.0 0.0 0.678002112868 0.0554203984049 0.0 0.0 0.0 0.0 0.0 0.732105909648 0.0 0.0 236.0 252.0 255.0 -0.333333333333 -0.333333333333 -0.3 -0.3 
0.0 0.158199546143 0.0 0.0 0.0 0.0 0.0 0.0 0.0135228187436 1.22832337313 0.0 0.197373072316 236.0 251.0 255.0 -0.333333333333 -0.333333333333 -0.3 -0.3 
1.03178954528 0.0 0.0 0.934182407614 0.159394028317 0.0 0.0 0.0 0.246772372722 1.10307866553 0.0 0.0978631244733 236.0 252.0 255.0 -0.333333333333 -0.333333333333 -0.3 -0.3 
0.0 0.0 0.0 0.0794656368806 0.584198755792 0.0 0.0 0.0 0.443162104973 1.36365604014 0.0 0.77169987071 236.0 252.0 255.0 -0.333333333333 -0.333333333333 -0.3 -0.3 
0.0 0.0 0.0 0.0 0.0 0.0 0.119261179905 0.0 0.0 1.60384262359 0.0 0.0 236.0 251.0 255.0 -0.333333333333 -0.333333333333 -0.3 -0.3 
0.50003241762 0.0 0.0 0.0 0.164606414451 0.0 0.0 0.0 0.239796605481 1.13211204131 0.0 0.0 236.0 252.0 255.0 -0.333333333333 -0.333333333333 -0.3 -0.3 
0.0 0.0 0.0 0.0 0.0 0.0 0.374252504394 0.0 0.0 0.0 0.0409422659922 0.0 236.0 252.0 255.0 -0.333333333333 -0.333333333333 -0.3 -0.3 
0.0664170317688 0.282350218208 0.0 0.0 0.0 0.0 0.0 0.0 0.0 0.0 0.0 0.0 236.0 251.0 255.0 -0.333333333333 -0.333333333333 -0.3 -0.3 
0.0 0.0 0.0 0.0 0.0 0.0 0.0 0.0 0.0 0.0 0.0 0.0 236.0 251.0 255.0 -0.333333333333 -0.333333333333 -0.3 -0.3 
0.0 0.0 0.0 0.0 0.0 0.0 0.0 0.0 0.630204750426 0.0 0.0 0.0 236.0 252.0 255.0 -0.333333333333 -0.333333333333 -0.3 -0.3 
0.407767279447 0.0 0.0 0.0481426522623 1.2232619561 0.0 0.0 0.0 0.0 0.0 0.0 0.0714469434307 236.0 251.0 255.0 -0.333333333333 -0.333333333333 -0.3 -0.3 
0.0 0.0 0.0 0.0 0.0 0.0 0.0 0.0 0.0 0.626635359223 0.0 0.0 236.0 252.0 255.0 -0.333333333333 -0.333333333333 -0.3 -0.3 
0.0 0.0 0.0 0.0822906915986 0.0598840601395 0.0 0.0 0.0 0.719294030235 1.20916955106 0.0 0.0 236.0 252.0 255.0 -0.333333333333 -0.333333333333 -0.3 -0.3 
0.0 0.0 0.0 0.0 0.0 0.0 0.0 0.0 1.3162025933 1.53034797562 0.0 0.038647678882 236.0 251.0 255.0 -0.333333333333 -0.333333333333 -0.3 -0.3 
0.0 0.178467902231 0.0 0.0 0.126968842728 0.0 0.0 0.0 0.393581744349 1.67859741996 0.0 0.0 236.0 252.0 255.0 -0.333333333333 -0.333333333333 -0.3 -0.3 
0.0 0.0 0.0 0.0 0.0 0.0 0.0 0.0 0.625420249896 0.0 0.336441695152 0.0 236.0 252.0 255.0 -0.333333333333 -0.333333333333 -0.3 -0.3 
0.139861252082 0.896462541283 0.0 0.0 0.0 0.0 0.0 0.0 0.0 1.58077546834 0.0 0.0 236.0 251.0 255.0 -0.333333333333 -0.333333333333 -0.3 -0.3 
0.0 0.296896757191 0.0 0.0 0.0 0.400679182342 0.0 0.0 0.0 1.37637663605 0.0 0.0 236.0 252.0 255.0 -0.333333333333 -0.333333333333 -0.3 -0.3 
0.0 0.0 0.0 0.931479877183 0.0 0.0 0.0 0.0 0.0 0.0 0.0 0.0 236.0 252.0 255.0 -0.333333333333 -0.333333333333 -0.3 -0.3 
0.0774870093999 0.0 0.0 0.0 0.0 0.0 0.0 0.0 0.427226329764 0.500572248439 0.0 0.0 236.0 251.0 255.0 -0.333333333333 -0.333333333333 -0.3 -0.3 
0.0 0.0 0.0 0.0 0.0 0.0 0.441731002579 0.0 0.0 0.0 0.0 0.0 236.0 252.0 255.0 -0.333333333333 -0.333333333333 -0.3 -0.3 
0.0 0.0 0.0 0.0 0.0 0.0 0.0 0.0 0.516461529351 0.557896229664 0.0 0.0 236.0 252.0 255.0 -0.333333333333 -0.333333333333 -0.3 -0.3 
0.0 0.0 0.0 0.0 0.0 0.0 0.496879269401 0.0 0.0551270202785 0.0 0.0 0.0 236.0 251.0 255.0 -0.333333333333 -0.333333333333 -0.3 -0.3 
0.0 0.0 0.0 0.0 0.820014211045 0.0 0.246019955551 0.0 0.53956873262 0.0 0.0 0.0 236.0 252.0 255.0 -0.333333333333 -0.333333333333 -0.3 -0.3 
0.0 0.0 0.0 0.0 0.0 0.0 0.0 0.0 0.0 1.94047940822 0.0 0.0 236.0 252.0 255.0 -0.333333333333 -0.333333333333 -0.3 -0.3 
0.0 0.0 0.0 0.0 0.0 0.0 0.0 0.0 0.152923345896 0.814381398494 0.0 0.0 236.0 251.0 255.0 -0.333333333333 -0.333333333333 -0.3 -0.3 
0.0 0.0 0.0 0.0 0.0 0.0 0.0 0.0 0.116446715398 0.31339794953 0.0 0.0 236.0 252.0 255.0 -0.333333333333 -0.333333333333 -0.3 -0.3 
0.0 0.0 0.456029286861 0.0 0.230429988597 0.0 0.0 0.0 0.0 0.190280107953 0.0 0.0 237.0 252.0 255.0 -0.333333333333 -0.333333333333 -0.3 -0.3 
0.0 0.0 0.0 0.102570451104 0.0 0.0 0.0 0.0 0.164179532657 1.23370747445 0.461936214753 0.0 236.0 251.0 255.0 -0.333333333333 -0.333333333333 -0.3 -0.3 
0.0 0.0 0.812994558233 0.0 0.0 0.0 0.243631209482 0.0 0.520754627774 0.565349476994 0.0 0.0 236.0 252.0 255.0 -0.333333333333 -0.333333333333 -0.3 -0.3 
0.0 0.0 0.0 0.364596085951 0.0 0.0 0.0 0.0 0.511685535673 0.0 0.0 0.508906858633 236.0 252.0 255.0 -0.333333333333 -0.333333333333 -0.3 -0.3 
0.520493785923 0.0 0.0 0.0 0.131185738089 0.0 0.0 0.0 1.0569363554 0.0647201477327 0.0 0.0 236.0 251.0 255.0 -0.333333333333 -0.333333333333 -0.3 -0.3 
0.0846002120289 0.0 0.0 0.373858354404 0.636295450994 0.0 0.364130674262 0.0 0.241061755507 0.323480169422 0.0 0.0 236.0 251.0 255.0 -0.333333333333 -0.333333333333 -0.3 -0.3 
# HEADER 5
0.232737037771 0.382058733831 0.0318194899416 1.12892254503 0.0 0.545752830131 0.0 0.25248206962 1.51150840091 0.279354907094 0.0 0.0352597328701 132.0 246.0 255.0 0 0 -0.3 -0.3 
1.4487246788 2.56474231776 2.47922364692 0.506547007002 0.23786659289 2.24448188477 0.0 0.0 0.55830537636 1.14649899923 1.11655819427 1.68055241769 132.0 252.0 255.0 -0.3 -0.3 -0.3 -0.3 
0.338141768659 0.448260931446 0.228297595509 0.0 0.0 0.0 0.0 0.177296620612 1.35119936328 2.19319880338 0.0 0.0 133.0 254.0 255.0 -0.333333333333 -0.333333333333 -0.3 -0.3 
1.35938598269 1.27203439233 0.876373628821 0.0 1.68609586719 3.02487673485 0.548239414141 1.61143491768 0.0 0.567329379304 1.50294295049 1.29002027673 133.0 254.0 255.0 -0.333333333333 -0.333333333333 -0.3 -0.3 
0.0 0.259958912698 0.399508656062 0.262386739934 0.0 0.0 0.0 0.273701920918 0.146833967335 1.98487398959 0.140308509953 1.02975461246 133.0 253.0 255.0 -0.333333333333 -0.333333333333 -0.3 -0.3 
0.0 0.0 0.0 0.0 0.0 0.0 0.0 0.0 0.308605754221 3.12151776327 0.0 0.0 133.0 253.0 255.0 -0.333333333333 -0.333333333333 -0.3 -0.3 
0.0 0.0 0.0 0.0 0.0 0.0 0.0 0.0 0.0 0.0 0.0 0.0 133.0 253.0 255.0 -0.333333333333 -0.333333333333 -0.3 -0.3 
0.0 0.0 0.0 0.0 0.0 0.0 0.0 0.0 0.0 1.98049164323 0.0 0.0 138.0 253.0 255.0 -0.333333333333 -0.333333333333 -0.3 -0.3 
0.538420909521 1.43472531358 0.788021888256 0.190778985444 0.0 0.387896595995 0.0 0.463369145449 0.930515310074 0.0 0.0 0.548577090212 220.0 252.0 255.0 -0.333333333333 -0.333333333333 -0.3 -0.3 
1.91188804264 0.983276063181 0.563721319937 0.425325427425 0.654612177541 0.795924053455 0.0683862468426 0.844646611984 1.40792127205 2.73770460991 1.09601911019 0.822990316592 236.0 251.0 255.0 -0.333333333333 -0.333333333333 -0.3 -0.3 
# HEADER 6
0.653701078545 0.0 1.44917261472 0.901640551321 0.166672009651 1.02527374876 0.0 1.64541799954 0.673339662157 1.93711052065 0.0 0.154059899556 132.0 246.0 255.0 0 0 -0.3 -0.3 
0.0 0.0 0.0 0.0 0.0 0.604047281722 0.686384008876 1.89921436197 0.597804222141 1.90402425193 0.0 0.0 133.0 252.0 255.0 -0.3 -0.3 -0.3 -0.3 
0.0 0.0 0.0 0.0 0.0 0.0 0.0 0.0 0.0 0.269355569543 0.0 0.0 133.0 253.0 255.0 -0.333333333333 -0.333333333333 -0.3 -0.3 
1.23707142511 0.0 0.0 0.0 0.0 0.424158834353 0.0 0.0 0.0 0.665407064151 0.0 0.506392291169 133.0 253.0 255.0 -0.333333333333 -0.333333333333 -0.3 -0.3 
0.672696424688 0.670667679279 0.780377117687 0.101654836978 1.02757250855 1.35032615063 0.253370943545 1.3794920807 0.108132617906 0.0 0.271519302141 1.70798698191 134.0 253.0 255.0 -0.333333333333 -0.333333333333 -0.3 -0.3 
0.707137266195 0.473093425216 0.993776710608 1.11042298993 0.0 0.595036223124 0.498030609332 0.661756652024 0.677705808396 1.19386953911 1.3027191233 0.370175410367 136.0 253.0 255.0 -0.333333333333 -0.333333333333 -0.3 -0.3 
0.0 0.0 0.0 0.0 0.0 0.0 0.0 0.0 0.0 0.0 0.0 0.0 217.0 252.0 255.0 -0.333333333333 -0.333333333333 -0.3 -0.3 
2.18328723603 1.89360160654 1.66942651902 0.618776827914 0.852040559428 2.88918034542 0.204539970283 1.76677434933 0.0933981029943 0.527506340828 0.0 0.906800247512 236.0 251.0 255.0 -0.333333333333 -0.333333333333 -0.3 -0.3 
0.864777784555 1.52367394969 0.568102226462 0.0 0.394639131395 0.801363723528 0.130904186618 2.28355942971 1.39194026945 0.417193448035 1.4387633658 1.31224771166 236.0 251.0 255.0 -0.333333333333 -0.333333333333 -0.3 -0.3 
0.180961648273 1.20338598585 2.67327618867 0.0 0.47192835298 0.0703051670516 0.309793136143 0.396679894289 0.649803538507 1.88853997756 0.329625256385 0.885197779707 236.0 251.0 255.0 -0.333333333333 -0.333333333333 -0.3 -0.3 
0.0 0.432766431849 0.0 0.0 0.0 1.12326444543 0.729782349013 2.35029620931 0.87841812911 0.446552838238 0.85483705505 0.296340673134 236.0 252.0 255.0 -0.333333333333 -0.333333333333 -0.3 -0.3 
0.507198784759 1.20590477188 0.178951136452 0.0 0.0 1.27195946642 0.833113992529 1.34666372642 0.0 0.0270113169529 0.674171576677 0.0 236.0 251.0 255.0 -0.333333333333 -0.333333333333 -0.3 -0.3 
0.163111163839 0.334409784783 1.9597356191 0.131066107198 0.0 0.757643917799 0.49253669342 1.08943601266 0.341579817849 0.687705103671 1.33588967241 0.572390411503 236.0 251.0 255.0 -0.333333333333 -0.333333333333 -0.3 -0.3 
0.968786082683 0.43930423935 0.0 0.0 0.0 0.146351589385 0.0 1.15401281915 0.0 0.16883137838 0.0 0.490251569621 236.0 252.0 255.0 -0.333333333333 -0.333333333333 -0.3 -0.3 
0.0 0.110944209293 0.0 0.210592101881 0.936764821717 0.278369974423 0.661203591154 0.0 0.0 0.0 0.0 0.00733540523929 236.0 251.0 255.0 -0.333333333333 -0.333333333333 -0.3 -0.3 
1.38701403884 0.57105139725 0.965007932728 1.07337747017 0.658803289366 0.389286554859 0.0 1.05711083664 0.0 2.81947335127 0.717248913188 1.35752619766 236.0 251.0 255.0 -0.333333333333 -0.333333333333 -0.3 -0.3 
0.0 2.55742376933 2.12880094649 0.0740476986503 0.0 0.640473622295 0.0 0.0251409111602 2.3655016518 1.40760664793 0.0 2.15099510011 237.0 252.0 255.0 -0.333333333333 -0.333333333333 -0.3 -0.3 
0.798962605244 1.38061002438 0.0 1.01656924071 0.652566159659 0.0 0.721897387051 0.206389970714 0.0 0.943619062829 0.201841896241 2.51500535728 236.0 251.0 255.0 -0.333333333333 -0.333333333333 -0.3 -0.3 
0.282912975603 0.974658412506 0.302512615342 1.06590034009 0.352546662056 0.984787475911 0.698592677076 1.29695231316 0.0 0.0 0.0 0.0 236.0 251.0 255.0 -0.333333333333 -0.333333333333 -0.3 -0.3 
1.55466275911 0.0 0.0122228766796 0.0 0.426999438021 0.324460348336 0.35935327757 2.36553217909 0.724832578613 0.873147025684 0.0 3.43620047338 236.0 251.0 255.0 -0.333333333333 -0.333333333333 -0.3 -0.3 
0.600705278394 1.46487687182 0.0565501713153 0.585661908053 0.390588507683 0.565462505735 0.0 1.72618133273 0.463637685563 0.237141850734 0.80511170447 1.52507495907 236.0 251.0 255.0 -0.333333333333 -0.333333333333 -0.3 -0.3 
1.0632557458 0.809861937176 1.19468118221 0.0 0.565677064937 2.24490543838 0.0 0.623592826539 1.08976535162 0.0 1.06291943364 0.426743710066 236.0 251.0 255.0 -0.333333333333 -0.333333333333 -0.3 -0.3 
1.03054367327 1.60166850354 0.212409087036 0.0482748202432 0.0 1.08959728574 0.0 1.64782989839 0.593935578975 0.0 0.0 0.754180411072 236.0 251.0 255.0 -0.333333333333 -0.333333333333 -0.3 -0.3 
0.0 0.0 0.0 0.0123232081023 0.69331921986 0.0 1.23284612439 0.529865531005 0.0 0.0 2.45953268774 0.0 236.0 251.0 255.0 -0.333333333333 -0.333333333333 -0.3 -0.3 
2.15190043053 0.0 0.0 0.0 0.0 2.80065039809 0.674799637907 1.09851460607 1.17494288909 1.18299382679 0.0 1.03555051558 236.0 251.0 255.0 -0.333333333333 -0.333333333333 -0.3 -0.3 
0.868705160985 1.6116339435 0.116386816005 0.00562698640181 0.555682161431 1.30495094364 0.0 0.0 1.05314417492 0.768085089134 0.0 1.04371191982 236.0 252.0 255.0 -0.333333333333 -0.333333333333 -0.3 -0.3 
0.848212143775 0.753335705105 1.65485007472 1.0821890227 0.60312013771 2.42651472814 0.0 1.49432701075 1.52355136992 2.03304489131 2.73792415177 1.92129979949 236.0 251.0 255.0 -0.333333333333 -0.333333333333 -0.3 -0.3 
1.64786760081 1.56912255761 1.06269845286 0.219075936362 0.819725118817 0.940398872232 0.0 1.82876582725 1.56753989125 0.528576687404 0.943718884743 0.0 236.0 251.0 255.0 -0.333333333333 -0.333333333333 -0.3 -0.3 
1.44594243221 0.827023449374 0.213889655487 0.331180168037 2.62845873089 1.68927409047 0.0 2.7883038321 1.506021421 1.41451238042 0.0 1.24863888478 236.0 252.0 255.0 -0.333333333333 -0.333333333333 -0.3 -0.3 
0.21887751245 1.20052945321 0.913147295625 1.51196316492 0.773367728158 0.527295986564 0.216194297308 1.62092899716 0.63263903706 1.42183476444 0.0 1.2902712242 236.0 251.0 255.0 -0.333333333333 -0.333333333333 -0.3 -0.3 
0.0 0.0 1.11729395759 0.0 0.00646558345802 0.0 1.37968215244 0.0 0.0 0.0 0.0 0.0 236.0 251.0 255.0 -0.333333333333 -0.333333333333 -0.3 -0.3 
0.173164702394 1.36755863012 1.18463196236 0.184535227917 1.55852366928 0.910869171515 0.463117967898 0.513380624369 1.75565895582 1.05094362255 0.894421696684 2.10605584878 237.0 252.0 255.0 -0.333333333333 -0.333333333333 -0.3 -0.3 
1.0491900105 1.09496634167 1.11317572729 0.498314202588 0.964923746478 0.387691837702 0.219858144826 2.17458947896 0.0 1.15322619106 1.87802709106 1.39744945286 236.0 251.0 255.0 -0.333333333333 -0.333333333333 -0.3 -0.3 
0.534525485387 1.15359421797 1.13281836148 0.590053275781 0.908546678897 0.0207600290819 0.714222758641 0.448820149597 0.0 1.37137482506 0.0 1.13167644491 237.0 252.0 255.0 -0.333333333333 -0.333333333333 -0.3 -0.3 
1.35988387204 3.08892958595 0.602165793544 0.0804484861218 0.0 0.0377963960383 0.701749590893 1.91686017828 0.0 1.38199034159 0.0 0.0 237.0 252.0 255.0 -0.333333333333 -0.333333333333 -0.3 -0.3 
1.66043532834 0.785433382404 0.197226961849 0.0 0.0 1.41223167888 0.663486939667 0.0 0.446767409343 2.27419088521 0.0 0.300855767474 236.0 251.0 255.0 -0.333333333333 -0.333333333333 -0.3 -0.3 
0.642441860186 2.1236139035 0.828073940837 0.913633177168 0.0 0.0 0.0 1.57138257643 1.89624665687 0.665468694243 1.31767292453 1.4985771992 237.0 252.0 255.0 -0.333333333333 -0.333333333333 -0.3 -0.3 
0.101860580791 2.13862492437 0.756689337452 0.0859040010881 0.0 1.55158287706 0.627841152722 1.01081481985 1.222554641 0.435196983119 0.234945315713 2.10866502206 237.0 252.0 255.0 -0.333333333333 -0.333333333333 -0.3 -0.3 
1.53412784208 1.46191695218 0.344159650003 0.198863434108 0.664452731654 2.34256635628 0.0 0.650593088251 0.0 0.509087542485 0.627147453593 0.189251298127 236.0 251.0 255.0 -0.333333333333 -0.333333333333 -0.3 -0.3 
0.0 0.0 0.0 0.0 0.0894479151145 0.721160540505 1.21815244281 0.128149930072 0.0 0.0 0.827255580767 0.0 237.0 252.0 255.0 -0.333333333333 -0.333333333333 -0.3 -0.3 
0.533118111919 0.543835327794 0.586812245067 0.0 0.0 0.558288605621 0.442359811045 1.81435518929 0.436258589525 1.73263786849 0.104455914245 2.75907610332 237.0 252.0 255.0 -0.333333333333 -0.333333333333 -0.3 -0.3 
0.916221950147 1.95733351692 0.745591842692 0.249872336166 0.0 1.13546250737 0.0 0.698209537677 0.615890170548 0.893987313129 0.274456722986 0.851600921844 236.0 251.0 255.0 -0.333333333333 -0.333333333333 -0.3 -0.3 
0.737734888158 1.03934316924 0.0 0.826590174906 0.0 1.9519350218 0.912400196953 1.14445677626 0.0 0.823626858856 1.51430732417 0.533805388139 236.0 251.0 255.0 -0.333333333333 -0.333333333333 -0.3 -0.3 
0.10868554196 1.36323040334 0.522984396258 0.146130020283 0.845300649422 1.53887011085 0.0 0.0 1.42214089952 0.1370298706 1.76452183885 1.62376458783 236.0 251.0 255.0 -0.333333333333 -0.333333333333 -0.3 -0.3 
0.0 1.30397433648 0.0 0.885505637686 0.0 1.05299005663 0.740948005804 1.55423194818 0.220878571772 1.01326169426 1.56183077296 0.118415691822 236.0 251.0 255.0 -0.333333333333 -0.333333333333 -0.3 -0.3 
1.53459976642 1.44990814344 0.675118645153 0.0 0.0 0.769457659096 0.0 2.00511036419 0.852885022071 1.80760641207 0.579367406577 1.24233283347 236.0 252.0 255.0 -0.333333333333 -0.333333333333 -0.3 -0.3 
0.0 0.0 0.0 0.0 0.0 0.0 1.55702139266 0.0 0.0 0.0 0.0 0.0 236.0 252.0 255.0 -0.333333333333 -0.333333333333 -0.3 -0.3 
0.787643062766 1.23843742566 0.395638581853 0.633896199369 0.0 0.370950390464 0.534040659923 0.356808451958 0.379861464819 1.31195120839 0.199080722008 1.64014038524 236.0 251.0 255.0 -0.333333333333 -0.333333333333 -0.3 -0.3 
0.0 1.38345391984 1.04642456882 0.154174488706 0.0 0.0 0.0 0.644292957392 2.38853477778 1.51823474892 0.0 1.27027968266 236.0 252.0 255.0 -0.333333333333 -0.333333333333 -0.3 -0.3 
0.807542944442 0.902867945896 1.51451468652 0.0 0.233546498067 0.0 1.65937140391 0.446915784422 0.0 0.0 0.0390821712911 0.0 236.0 252.0 255.0 -0.333333333333 -0.333333333333 -0.3 -0.3 
1.19501608617 0.102393184284 0.0774409148003 0.642104139278 0.851427577047 0.555314702383 0.0 1.17430187341 1.06593871131 1.4550668337 0.865754292458 0.920870008391 236.0 251.0 255.0 -0.333333333333 -0.333333333333 -0.3 -0.3 
0.211056696252 0.701536518523 0.0 0.127839479045 0.411409721477 0.0 0.874206603173 2.11880254263 1.67826650442 0.0 1.29490951395 0.0 236.0 251.0 255.0 -0.333333333333 -0.333333333333 -0.3 -0.3 
1.59099705885 0.384628634305 0.282535269184 0.0609928843893 0.0 0.355481433846 0.0 1.79050360238 0.0 1.37960488523 0.677180494466 0.309697909969 236.0 252.0 255.0 -0.333333333333 -0.333333333333 -0.3 -0.3 
0.641352852862 1.45693482931 1.21159482155 0.216123313035 0.718363889466 2.19703140404 0.0 0.0 1.3911440012 1.41649009532 0.800051048466 1.18712930845 236.0 251.0 255.0 -0.333333333333 -0.333333333333 -0.3 -0.3 
0.527331202042 0.0 0.0 1.78225742958 0.0 2.01424307298 0.0 0.513836268473 1.33141713725 1.76010818403 0.0 0.0850843870879 236.0 252.0 255.0 -0.333333333333 -0.333333333333 -0.3 -0.3 
0.0 1.65924105625 0.868632543459 0.122578446929 0.0 1.40644273087 0.0 0.698715233009 1.3994335676 0.0 0.0 0.362873398741 237.0 252.0 255.0 -0.333333333333 -0.333333333333 -0.3 -0.3 
0.0 0.0 0.0 0.0 0.0 0.0 0.973700628626 0.0 0.0 0.0 0.0 0.0 236.0 251.0 255.0 -0.333333333333 -0.333333333333 -0.3 -0.3 
0.0 1.31415222233 0.150021415663 0.11645447987 0.983966337532 0.709223857563 0.0 1.02398235398 0.0804619566291 0.603637060253 0.791853538187 0.230578769524 236.0 252.0 255.0 -0.333333333333 -0.333333333333 -0.3 -0.3 
0.887950687079 0.275160771327 0.144011364081 0.13690573914 0.353119802935 1.7345178481 0.543759259548 1.39236533624 0.235092686656 1.50600679269 1.18550724587 0.0 237.0 252.0 255.0 -0.333333333333 -0.333333333333 -0.3 -0.3 
0.559511068794 1.05502852699 0.0 1.22728583209 0.0 1.42821708395 0.163183992638 0.408727401893 0.616384969998 1.37966798597 0.0 1.77265469444 236.0 251.0 255.0 -0.333333333333 -0.333333333333 -0.3 -0.3 
0.0 0.0 0.0 0.0 0.0 0.0 1.6224156906 0.0322873419317 0.0 0.0 0.0 0.0 236.0 252.0 255.0 -0.333333333333 -0.333333333333 -0.3 -0.3 
0.0 0.0 0.0 0.0 0.0 0.0 1.43751668822 0.0 0.0 0.0 0.769274880651 0.0 237.0 252.0 255.0 -0.333333333333 -0.333333333333 -0.3 -0.3 
1.37411782242 0.496592909571 2.41720516286 0.875595293443 0.640540592959 2.19694537257 0.468407796701 0.0 1.40993868965 1.20188619888 0.0520150822297 0.474130013094 236.0 251.0 255.0 -0.333333333333 -0.333333333333 -0.3 -0.3 
0.246672648473 0.0383215028943 0.13402098149 0.133016830024 0.379499642863 1.39121273924 0.0 0.766489547964 0.552216525936 1.29829345513 0.0 2.0680464391 237.0 252.0 255.0 -0.333333333333 -0.333333333333 -0.3 -0.3 
0.437152107052 0.564332258501 0.0 0.103498713972 0.586786150596 0.0574871083894 0.0 1.35963352032 0.0899033106411 1.36343944631 1.32364382683 1.23532764119 237.0 252.0 255.0 -0.333333333333 -0.333333333333 -0.3 -0.3 
0.689898311673 0.0 0.320084012956 0.324429963204 0.0 0.575403600924 0.0 0.0 0.550390015989 0.769060644649 0.640267055719 1.45364124357 236.0 251.0 255.0 -0.333333333333 -0.333333333333 -0.3 -0.3 
0.627422780587 2.41169523137 1.17230890045 1.00875745901 0.0 0.446806462108 0.0 2.54962180974 2.41091814938 0.0 0.0 1.22605022111 236.0 252.0 255.0 -0.333333333333 -0.333333333333 -0.3 -0.3 
0.0 0.0 0.0 0.113347050647 0.0 0.594802993151 0.247988351821 0.0 0.760962809921 1.33678331447 0.528321746458 0.382284810587 236.0 252.0 255.0 -0.333333333333 -0.333333333333 -0.3 -0.3 
0.349836316381 1.19277883154 0.0 0.0 0.0 0.349674927305 0.687928102372 0.390992435683 0.314388601136 0.0702867415805 0.0 1.71869667982 236.0 251.0 255.0 -0.333333333333 -0.333333333333 -0.3 -0.3 
0.124520289279 1.36333511893 1.60651865479 0.233203271306 0.73074651444 0.0 0.0 1.37657332517 0.597913773728 0.261251865311 1.6307932896 0.942688579615 236.0 251.0 255.0 -0.333333333333 -0.333333333333 -0.3 -0.3 
0.487711956872 0.045725386529 0.468733793155 0.0 0.297402635077 0.159128608399 0.973394013785 0.0 0.0 0.0 0.0 0.0 236.0 251.0 255.0 -0.333333333333 -0.333333333333 -0.3 -0.3 
0.0 0.0 0.0 0.105123483984 0.767296103235 0.0 1.15959552635 0.0 0.0 0.0 0.739722759778 0.0 236.0 251.0 255.0 -0.333333333333 -0.333333333333 -0.3 -0.3 
0.0 0.0 0.0237929151778 1.20080126742 0.669485737927 1.50403144459 0.0 0.788571563738 0.0 0.0 0.850603482016 1.26885375195 236.0 251.0 255.0 -0.333333333333 -0.333333333333 -0.3 -0.3 
0.64679258497 0.151965381783 0.790506579555 0.0 0.324451673651 1.38677527941 0.0 0.760674070631 1.09140192538 0.358157362498 0.0 1.2061805077 236.0 251.0 255.0 -0.333333333333 -0.333333333333 -0.3 -0.3 
0.718979732238 1.34383827092 0.113211460037 0.0838382123437 0.0 1.30982868697 0.636736375726 1.56366168208 0.0 1.41953444427 0.0 0.170715718143 236.0 251.0 255.0 -0.333333333333 -0.333333333333 -0.3 -0.3 
0.0 0.0 0.0 0.0 0.0 0.0 1.12838393009 0.0 0.0 0.0 0.271259732635 0.0 237.0 252.0 255.0 -0.333333333333 -0.333333333333 -0.3 -0.3 
0.070101272748 1.05842546266 1.08180517947 0.0739075654106 1.3492382839 0.43075095919 0.0 2.24255403255 2.05323018547 1.37139650394 1.51179197033 2.69475509193 237.0 252.0 255.0 -0.333333333333 -0.333333333333 -0.3 -0.3 
0.0213508114731 1.9721531411 0.426060256453 0.0649264266804 0.0 0.794051635056 0.57296811525 1.48787444188 0.0 0.0 0.0 0.402846691336 236.0 251.0 255.0 -0.333333333333 -0.333333333333 -0.3 -0.3 
0.0 0.919593726278 0.255075572854 0.61025364406 0.0 0.0 0.0 1.2502484685 1.57310729595 2.2542633199 1.14516236404 1.51145962077 237.0 252.0 255.0 -0.333333333333 -0.333333333333 -0.3 -0.3 
1.49960479651 0.0 0.0816610248745 0.784196467906 1.04828376189 0.613667620321 0.0 0.130028068924 0.0 0.586168795888 0.241687804198 0.809163086215 237.0 252.0 255.0 -0.333333333333 -0.333333333333 -0.3 -0.3 
0.0 0.0 0.0 0.0 0.0 0.0 1.5774989979 0.0 0.0 0.0 0.0 0.0 236.0 251.0 255.0 -0.333333333333 -0.333333333333 -0.3 -0.3 
# HEADER 7
0.0 0.158615198167 0.274414791873 0.0 0.996785982877 0.850498245179 0.00212421495495 2.13209480779 0.864944009115 1.81734620526 0.780507299965 1.92103274617 132.0 246.0 255.0 0 0 -0.3 -0.3 
0.0 0.815038817911 0.303496925048 1.22118934314 0.00366140284333 1.59536323551 0.0 1.12068719729 0.0 0.0 0.0 0.0 136.0 252.0 255.0 -0.3 -0.3 -0.3 -0.3 
0.0 1.48631356242 0.360918168488 0.0 1.02929011575 0.496208367031 0.0 0.815623909465 0.576994100218 0.41206622085 0.826074062981 0.444825857473 212.0 252.0 255.0 -0.333333333333 -0.333333333333 -0.3 -0.3 
1.60101462505 2.49467739248 2.04623231039 1.0180310101 0.123645453128 0.768121892087 0.0 0.239816416801 0.547685502523 0.379393733261 0.0 0.425707378048 236.0 251.0 255.0 -0.333333333333 -0.333333333333 -0.3 -0.3 
0.0136947606289 0.940059965609 0.0752279162262 0.736539003031 0.0 0.0 0.584675538111 0.864650272786 0.0 0.0 1.10795608023 0.0 236.0 251.0 255.0 -0.333333333333 -0.333333333333 -0.3 -0.3 
1.73301059521 1.68020222649 2.14971123052 1.17124387948 0.996783737411 2.19676216896 0.287809537275 0.960101328771 0.654530310978 1.33894433518 0.0 1.29481467125 236.0 251.0 255.0 -0.333333333333 -0.333333333333 -0.3 -0.3 
0.0 0.0 1.81040757617 1.75655742118 0.0 0.0 2.02443298054 0.819418440233 0.0 0.0 0.0425194420877 0.0 236.0 252.0 255.0 -0.333333333333 -0.333333333333 -0.3 -0.3 
1.61115660168 1.61025220864 0.0793152053594 0.631936590528 0.497146647142 1.33793183819 0.0 1.02591034383 0.482979927206 1.35372525777 0.0 2.14624216151 236.0 251.0 255.0 -0.333333333333 -0.333333333333 -0.3 -0.3 
1.74261107672 0.705855412458 1.07805678574 0.0214185468007 0.424438501706 1.48958126349 0.0567100566575 1.93096705744 1.38864599194 1.3456351299 0.0 2.32566355211 236.0 251.0 255.0 -0.333333333333 -0.333333333333 -0.3 -0.3 
1.24830298521 1.21821621513 0.426026268967 0.0 0.117699576488 1.10277684539 0.28166546316 1.39644396463 0.702170561027 1.72138828511 0.0 0.9213425127 236.0 252.0 255.0 -0.333333333333 -0.333333333333 -0.3 -0.3 
0.0 0.0 0.0 0.0 0.0 0.0 1.61612267463 0.165380999332 0.0 0.0 0.0 0.0 236.0 251.0 255.0 -0.333333333333 -0.333333333333 -0.3 -0.3 
0.0 1.04008866172 1.38079188979 0.218364023589 0.0837491416916 2.33390206762 0.0 1.10410168048 0.554654837421 1.68317133759 0.576982532437 0.923975039251 236.0 251.0 255.0 -0.333333333333 -0.333333333333 -0.3 -0.3 
0.650426024174 1.58326169806 2.05520062129 1.21424694461 1.75377617031 1.47264482527 0.0 1.00989866721 0.0 1.25753164295 1.7304772564 1.22186304071 236.0 251.0 255.0 -0.333333333333 -0.333333333333 -0.3 -0.3 
0.0 1.65869683864 0.315381042523 0.0 0.969845485579 1.13522651208 0.312316092791 1.41361943728 1.06290308159 1.83416431376 0.0 0.0 236.0 251.0 255.0 -0.333333333333 -0.333333333333 -0.3 -0.3 
0.0 0.929568009438 0.0 0.0 0.0 1.1487792793 0.196070096574 0.740558549766 0.136011224014 0.4161865536 0.0 0.0 236.0 251.0 255.0 -0.333333333333 -0.333333333333 -0.3 -0.3 
1.51914834105 0.0632701685353 0.327021888035 0.349127841244 0.0 0.813880608145 0.60730559945 1.87651872824 0.672405060271 0.0 0.884457271476 3.13689226398 236.0 251.0 255.0 -0.333333333333 -0.333333333333 -0.3 -0.3 
1.58558984266 0.0 0.421450959101 0.347908716935 0.913247604658 0.627422997787 0.816431499655 1.01642650723 0.0 2.22726411233 0.0 0.63729138097 236.0 251.0 255.0 -0.333333333333 -0.333333333333 -0.3 -0.3 
0.850987013587 0.930080737476 0.308363040994 1.10035724906 0.987869997438 0.704613547034 0.0 0.0 0.877902971707 0.0 1.82403567825 0.57081335598 236.0 252.0 255.0 -0.333333333333 -0.333333333333 -0.3 -0.3 
0.0 0.0 0.0 0.229536118521 0.227921384703 0.876024600199 1.2912937424 0.59438190928 0.0 0.0 0.179586843878 0.0 236.0 252.0 255.0 -0.333333333333 -0.333333333333 -0.3 -0.3 
0.0 0.709149891538 0.895503472333 1.22207427944 0.0869138133624 1.32391192389 0.432589546843 1.75034998012 0.0281773491644 0.104500375026 0.0712482819316 0.690108742971 236.0 251.0 255.0 -0.333333333333 -0.333333333333 -0.3 -0.3 
0.553236311037 0.0755751727223 0.0 0.606152205975 0.0399776316964 1.01741733018 0.97099949321 0.922522975047 0.0 0.0 0.956979194158 0.0 236.0 252.0 255.0 -0.333333333333 -0.333333333333 -0.3 -0.3 
0.0 0.0 0.0 0.0656739219427 0.0 0.0 1.17511602242 0.0 0.0 0.0 0.0195500331109 0.0 236.0 252.0 255.0 -0.333333333333 -0.333333333333 -0.3 -0.3 
# HEADER 8
0.0 0.0 0.0 0.0 0.792118824408 0.0 0.0 0.0 0.0 2.87054934407 0.0 0.0 132.0 246.0 255.0 0 0 -0.3 -0.3 
0.0 0.0 0.0 0.0 0.0 0.0 0.0 0.0 0.0 3.11568169018 0.0 0.0 135.0 252.0 255.0 -0.3 -0.3 -0.3 -0.3 
0.0 0.0 0.0 0.0 0.467449143043 0.0 0.402710463962 2.04018605499 0.696718442608 1.37984242568 0.0 0.0 216.0 253.0 255.0 -0.333333333333 -0.333333333333 -0.3 -0.3 
0.0 0.0 0.0 0.0 0.0 0.0 0.0 0.0 0.0 0.574304731492 0.0 0.0 236.0 251.0 255.0 -0.333333333333 -0.333333333333 -0.3 -0.3 
0.0 0.0 0.0 0.0 0.0 0.0 0.0 0.0 0.0 0.0965858142344 0.0 0.0 236.0 252.0 255.0 -0.333333333333 -0.333333333333 -0.3 -0.3 
0.0 0.0 0.0 0.0 0.0 0.0 0.0 0.0 0.179970270317 2.02984296295 0.0 0.0 236.0 252.0 255.0 -0.333333333333 -0.333333333333 -0.3 -0.3 
0.0 0.0 0.0 0.0 0.0 0.0 0.0 0.0 0.0 1.24789103429 0.0 0.0 236.0 251.0 255.0 -0.333333333333 -0.333333333333 -0.3 -0.3 
0.0 0.0 0.0 0.0 0.0 0.0 0.0 0.0 0.0 0.503652726462 0.0 0.0 236.0 252.0 255.0 -0.333333333333 -0.333333333333 -0.3 -0.3 
0.0 0.0 0.0 0.0 0.0 0.0 0.0 0.0 0.0 1.23908684593 0.0 0.0 236.0 252.0 255.0 -0.333333333333 -0.333333333333 -0.3 -0.3 
0.0 0.0 0.0 0.0 0.0 0.0 0.0 0.0 0.0 0.0 0.0 0.0 236.0 251.0 255.0 -0.333333333333 -0.333333333333 -0.3 -0.3 
0.0 0.0 0.0 0.0 0.0 0.0 0.0 0.0 0.0 3.89097856756 0.0 0.0 236.0 252.0 255.0 -0.333333333333 -0.333333333333 -0.3 -0.3 
0.0 0.0 0.0 0.0 0.0 0.0 0.0 0.0 0.225197675099 2.72448135516 0.0 0.0 236.0 252.0 255.0 -0.333333333333 -0.333333333333 -0.3 -0.3 
0.0 0.0 0.0 0.0 0.0 0.0 0.0 0.0 0.0 0.0 0.0 0.0 236.0 251.0 255.0 -0.333333333333 -0.333333333333 -0.3 -0.3 
0.0 0.0 0.0 0.0 0.0 0.0 0.0 0.0 0.0 0.0 0.0 0.0 236.0 252.0 255.0 -0.333333333333 -0.333333333333 -0.3 -0.3 
0.0 0.0 0.0 0.0 0.0 0.0 0.0 0.0 0.0 0.0 0.0 0.0 236.0 252.0 255.0 -0.333333333333 -0.333333333333 -0.3 -0.3 
0.0 0.0 0.0 0.0 0.0 0.0 0.0 0.0 0.0 2.51181521893 0.0 0.0 236.0 251.0 255.0 -0.333333333333 -0.333333333333 -0.3 -0.3 
0.0 0.0 0.0 0.0 0.0 0.0 0.0 0.0 0.0 0.0 0.0 0.0 236.0 252.0 255.0 -0.333333333333 -0.333333333333 -0.3 -0.3 
0.0 0.0 0.0 0.0 0.0 0.0 0.0 0.0 0.0 0.0 0.0 0.0 236.0 252.0 255.0 -0.333333333333 -0.333333333333 -0.3 -0.3 
0.0 0.0 0.0 0.0 0.0 0.0 0.0 0.0 0.639511428004 1.51746916016 0.0 0.0 236.0 251.0 255.0 -0.333333333333 -0.333333333333 -0.3 -0.3 
0.0 0.0 0.0 0.0 0.0 0.0 0.0 0.0 0.0 2.37227281113 0.0 0.0 236.0 252.0 255.0 -0.333333333333 -0.333333333333 -0.3 -0.3 
0.0 0.0 0.0 0.0 0.0 0.0 0.0 0.0 0.0 0.0 0.0 0.0 236.0 252.0 255.0 -0.333333333333 -0.333333333333 -0.3 -0.3 
0.0 0.0 0.0 0.0 0.0 0.0 0.0 0.0 0.0 2.14410586141 0.0 0.0 236.0 251.0 255.0 -0.333333333333 -0.333333333333 -0.3 -0.3 
0.0 0.0 0.0 0.0 0.0 0.0 0.0 0.0 0.0 3.99755919596 0.0 0.0 236.0 252.0 255.0 -0.333333333333 -0.333333333333 -0.3 -0.3 
0.0 0.0 0.0 0.0 0.0 0.0 0.0 0.0 0.315730315988 3.69977455555 0.0 0.0 236.0 252.0 255.0 -0.333333333333 -0.333333333333 -0.3 -0.3 
0.0 0.0 0.0 0.0 0.0 0.0 0.0 0.0 0.0 0.0 0.0 0.0 236.0 251.0 255.0 -0.333333333333 -0.333333333333 -0.3 -0.3 
0.0 0.0 0.0 0.0 0.0 0.0 0.0 0.0 0.0 3.23333186162 0.0 0.0 236.0 252.0 255.0 -0.333333333333 -0.333333333333 -0.3 -0.3 
0.0 0.0 0.0 0.0 0.0 0.0 0.0 0.0 0.0 0.789724279815 0.0 0.0 236.0 252.0 255.0 -0.333333333333 -0.333333333333 -0.3 -0.3 
0.0 0.0 0.0 0.0 0.0 0.0 0.0 0.0 0.0 1.02701052844 0.0 0.0 236.0 251.0 255.0 -0.333333333333 -0.333333333333 -0.3 -0.3 
0.0 0.0 0.0 0.0 0.0 0.0 0.0 0.0 0.0 0.937142086228 0.0 0.0 236.0 252.0 255.0 -0.333333333333 -0.333333333333 -0.3 -0.3 
0.0 0.0 0.0 0.0 0.0 0.0 0.0 0.0 0.0 0.0421085090683 0.0 0.0 236.0 252.0 255.0 -0.333333333333 -0.333333333333 -0.3 -0.3 
0.0 0.0 0.0 0.0 0.0 0.0 0.0 0.0 0.0 3.00369210222 0.0 0.0 236.0 251.0 255.0 -0.333333333333 -0.333333333333 -0.3 -0.3 
# HEADER 9
0.0 0.0 0.0 0.0 0.0 0.0 0.0 0.0 0.0 0.0 0.0 0.0 132.0 246.0 255.0 0 0 -0.3 -0.3 
0.0 0.0 0.0 0.0 0.0 0.0 0.0 0.0 0.0 0.0 0.0 0.0 133.0 252.0 255.0 -0.3 -0.3 -0.3 -0.3 
1.92119738549 2.50895915689 1.49593080941 0.0 0.491213373371 1.94089618373 0.744842976983 2.18971789483 1.8082406994 0.239101177476 1.84068501431 2.7349719216 133.0 253.0 255.0 -0.333333333333 -0.333333333333 -0.3 -0.3 
# HEADER 10
1.67173734841 1.6603154893 1.52771118492 0.0 0.583928481245 1.24775217879 0.946299178303 0.664617205634 1.73083158958 0.672735294457 1.27392300776 2.38196072514 132.0 246.0 255.0 0 0 -0.3 -0.3 
0.0 0.395661583064 2.49086042134 0.139717308983 0.876878697767 1.1408647352 0.118207498787 1.47611386178 0.861027219874 0.606262521235 0.701179001239 2.29774548208 135.0 251.0 255.0 -0.3 -0.3 -0.3 -0.3 
1.91248158063 1.21168038049 2.89155745706 1.31276723246 0.951114669324 1.92904202096 0.0 2.65958087591 0.989277284293 0.619597181474 0.337187273501 3.04639551959 212.0 252.0 255.0 -0.333333333333 -0.333333333333 -0.3 -0.3 
0.0 0.0 0.0 0.0 0.32192989851 0.0 3.12357206906 0.0 0.0 0.0 0.680061517252 0.0211592136345 236.0 251.0 255.0 -0.333333333333 -0.333333333333 -0.3 -0.3 
0.602069810908 0.440036715894 0.933502337694 0.588552393319 1.4053671798 2.81401995269 1.22329711539 2.84326191301 0.0 0.342664149641 1.59087257274 0.909203643567 236.0 251.0 255.0 -0.333333333333 -0.333333333333 -0.3 -0.3 
0.170654742125 0.727774845572 1.09670882224 1.21142384079 0.786194742232 2.15120804515 0.887132720967 0.759101257292 0.292613437328 0.206306292942 0.600156706743 1.81822559843 236.0 251.0 255.0 -0.333333333333 -0.333333333333 -0.3 -0.3 
0.301478170117 0.0 1.54043526414 0.745954289497 2.313710172 2.29454765532 0.0 2.35793872853 1.42093598716 0.98156025181 1.15802353915 0.618768435625 236.0 251.0 255.0 -0.333333333333 -0.333333333333 -0.3 -0.3 
2.05987446012 1.87474784304 1.77325033657 0.622735663597 0.859848696537 1.12042764922 0.914118941814 2.32521035891 0.0 1.19798176664 1.69113721573 0.484616980869 236.0 251.0 255.0 -0.333333333333 -0.333333333333 -0.3 -0.3 
0.0 0.48130217521 1.83106553936 0.571315963405 0.393887564151 2.00516233101 0.630623294514 1.98897631024 1.61851371195 1.58257547433 1.4098860169 0.369605220443 236.0 251.0 255.0 -0.333333333333 -0.333333333333 -0.3 -0.3 
0.281163579112 2.24728996921 0.134218186451 0.676099764909 1.24836781959 0.884157343928 1.34525820103 0.934139565982 0.7579056124 2.1031046125 3.22327498726 0.217257226062 236.0 252.0 255.0 -0.333333333333 -0.333333333333 -0.3 -0.3 
0.0 0.0 0.0 0.0 0.0 0.0 2.0182926343 0.0 0.0 0.0 0.359054828702 0.0 236.0 251.0 255.0 -0.333333333333 -0.333333333333 -0.3 -0.3 
1.68696480776 2.19788972192 1.65465964541 2.11855230985 0.615081326424 1.87585154167 0.432645811202 1.86482948755 0.786852940529 0.582086518878 0.803741147 1.86512292905 236.0 252.0 255.0 -0.333333333333 -0.333333333333 -0.3 -0.3 
0.0627977322129 0.0 0.556407406977 0.0 0.25429366903 0.836229342552 1.99681188388 0.168668973813 0.0 0.0 1.19608051315 0.0 236.0 252.0 255.0 -0.333333333333 -0.333333333333 -0.3 -0.3 
1.14099699451 1.11957975 0.0 0.673078330587 0.367490158131 0.779290893226 0.355976388452 0.987125224628 0.852148990354 1.13722857279 0.801084067387 2.49801762569 236.0 251.0 255.0 -0.333333333333 -0.333333333333 -0.3 -0.3 
0.901264274664 0.494704959534 1.88033224483 0.959983004715 1.26711609039 1.46183962683 0.750418806925 2.2894938355 1.07305579052 0.0650405378786 0.888685663806 0.920552502123 236.0 252.0 255.0 -0.333333333333 -0.333333333333 -0.3 -0.3 
2.12086194556 1.64030313072 3.84975061568 0.0 0.419414076853 0.981237352032 0.60454599761 1.85732779241 0.888341191237 0.947189702229 0.0 2.11111902978 236.0 252.0 255.0 -0.333333333333 -0.333333333333 -0.3 -0.3 
0.381643207783 0.0 1.63165295448 0.766357146662 1.10533621265 1.74918237373 0.651241348726 3.3672184682 0.81224112307 0.908195698492 0.314895854504 1.44075524896 236.0 251.0 255.0 -0.333333333333 -0.333333333333 -0.3 -0.3 
0.679277597224 0.0 0.663958184402 0.115813402356 0.348032347863 1.68552642553 0.851779402769 0.0 0.133296399413 0.0 2.30022678479 1.19874010597 236.0 252.0 255.0 -0.333333333333 -0.333333333333 -0.3 -0.3 
1.07836689772 0.95994905131 1.76428993107 0.0 1.38546791621 2.28815459619 0.458737798906 2.57572121246 1.48120737189 0.0265755048182 1.57306009831 1.64330556136 236.0 252.0 255.0 -0.333333333333 -0.333333333333 -0.3 -0.3 
0.0 0.0 0.725134193616 0.0 0.829661401583 0.290152526163 1.90084070555 2.09614479519 0.0 0.0 1.57552548173 0.0 236.0 251.0 255.0 -0.333333333333 -0.333333333333 -0.3 -0.3 
0.173536800822 0.617069273262 1.76649250154 0.0 0.440630044132 2.51948835438 0.367499970914 0.819037529165 0.970324909502 1.7747922444 1.46749759171 0.0634856532066 236.0 252.0 255.0 -0.333333333333 -0.333333333333 -0.3 -0.3 
1.12746846492 1.34921724567 1.35738388592 0.568124458077 0.384518235145 1.22597746496 0.182275259432 0.0800049576756 1.52412561278 0.567942052157 1.55916159412 1.30920431296 236.0 252.0 255.0 -0.333333333333 -0.333333333333 -0.3 -0.3 
0.610885624586 0.0 0.327189484232 0.124255143087 0.0 0.928138224536 1.42518093194 0.801718267485 0.0 0.0 1.12308104987 0.0 236.0 251.0 255.0 -0.333333333333 -0.333333333333 -0.3 -0.3 
1.24671387795 0.396656098892 0.0 0.0 0.513879793668 0.0 0.0 1.60247872618 0.768206994473 1.18865898654 0.737332410953 1.80391045336 236.0 252.0 255.0 -0.333333333333 -0.333333333333 -0.3 -0.3 
0.630852200284 1.11975754295 0.853134143582 0.452105280984 0.397068138854 2.49802824355 0.0 2.20691046505 0.770853769967 0.0 1.6511700333 1.86240033736 236.0 252.0 255.0 -0.333333333333 -0.333333333333 -0.3 -0.3 
0.982462677927 1.54173718426 0.916427891873 0.159566586904 1.30344252034 1.84185011645 0.904825036368 2.41081729572 0.0 0.949611265786 0.298899659244 2.91768414434 236.0 251.0 255.0 -0.333333333333 -0.333333333333 -0.3 -0.3 
1.81877671016 0.881651720159 1.79402683648 1.26513113298 0.345449843412 1.92456002236 1.37554421433 2.70610574473 1.14357237578 2.02609471795 2.29924999006 3.46141766419 236.0 252.0 255.0 -0.333333333333 -0.333333333333 -0.3 -0.3 
2.03863782491 1.77118074739 1.32101096264 0.0 1.79957856276 0.953631252788 0.856168036459 0.732865247791 0.690410837922 1.155506407 0.075676503862 1.84697507159 236.0 252.0 255.0 -0.333333333333 -0.333333333333 -0.3 -0.3 
0.0 0.846261694686 0.0 0.0 0.383606829818 1.51144298813 0.756314961087 1.92258471013 0.0 0.0 1.96678736422 1.88941946522 236.0 251.0 255.0 -0.333333333333 -0.333333333333 -0.3 -0.3 
0.0 0.168179752766 0.419750366247 1.36750933827 1.67184736947 1.2809503047 1.4918646276 1.41543417716 0.0 0.23585612754 0.730167290568 0.0 236.0 252.0 255.0 -0.333333333333 -0.333333333333 -0.3 -0.3 
0.866380177318 0.589970316803 1.29433758722 0.358700780879 0.547136228468 1.89781882389 1.06108054361 0.286848379397 0.762967622713 1.64746194224 0.0 0.888715724886 236.0 252.0 255.0 -0.333333333333 -0.333333333333 -0.3 -0.3 
1.11078645691 2.09195376105 0.99515052305 0.536703813119 1.0620900085 0.251947401207 0.37574666536 2.0470192333 1.25506262112 1.27632460907 3.45563929138 1.03909969204 236.0 251.0 255.0 -0.333333333333 -0.333333333333 -0.3 -0.3 
2.00844346379 1.14331566341 0.0 0.0 0.505886546228 2.42222068712 1.35461232085 1.11982438033 0.756587158874 0.0 0.653683230827 1.79371439247 236.0 252.0 255.0 -0.333333333333 -0.333333333333 -0.3 -0.3 
0.650339664596 2.12638559463 1.34258416627 0.511978956032 0.0 2.35245214355 1.34054646142 1.83617156913 0.0 0.0 1.39657398621 2.33106969576 236.0 252.0 255.0 -0.333333333333 -0.333333333333 -0.3 -0.3 
1.07427450214 1.94552393392 1.67623714789 0.424246467749 1.18126883376 0.594148526412 1.31905492225 0.0 0.0 0.0937124163571 0.432141264605 0.82887132353 236.0 251.0 255.0 -0.333333333333 -0.333333333333 -0.3 -0.3 
0.495380821201 1.61091844998 0.381434182141 0.153940963407 1.15489857006 1.80560472915 0.0 0.805990941764 0.276033533952 1.1032662911 1.49433490984 1.81961616897 236.0 252.0 255.0 -0.333333333333 -0.333333333333 -0.3 -0.3 
0.0699229773701 1.69663465296 0.0 1.34829962149 0.183792661669 2.24711192495 0.534633063936 0.0 0.540631336749 0.0 0.7363416286 0.0 236.0 252.0 255.0 -0.333333333333 -0.333333333333 -0.3 -0.3 
0.0 0.413589085001 0.0 0.0 0.0 0.291355734292 2.05999822446 1.1247664304 0.127780011602 0.0 0.283422990906 1.17084253137 236.0 251.0 255.0 -0.333333333333 -0.333333333333 -0.3 -0.3 
0.718243740728 1.22203420652 0.767906102872 0.634349714232 0.485686466145 1.43604395254 0.61502965818 1.28239628646 0.651382714527 1.42615336592 0.892815681755 2.13783132833 236.0 252.0 255.0 -0.333333333333 -0.333333333333 -0.3 -0.3 
1.09119301971 0.803863548403 0.852629803624 1.00416125075 0.26744955846 1.39573960222 0.768798983739 1.21263421063 0.308791195838 0.606560421635 0.950881928592 1.71433085108 236.0 252.0 255.0 -0.333333333333 -0.333333333333 -0.3 -0.3 
1.13881476933 2.09108821371 1.24805109368 0.0 1.20335092442 2.88970887593 1.32642313365 2.28536984176 1.68365903822 0.140423667554 1.55261705549 1.31719626285 236.0 251.0 255.0 -0.333333333333 -0.333333333333 -0.3 -0.3 
0.697609465138 1.11982848858 1.2575380933 1.41039721202 0.891458328273 0.156535159165 0.0 1.48375607599 1.13428412234 1.10331831532 1.16102445424 1.54718883993 236.0 252.0 255.0 -0.333333333333 -0.333333333333 -0.3 -0.3 
1.3733211026 1.98728171572 1.7310263177 1.39404193675 0.314019619288 0.849596242867 0.507957434991 1.37695133326 0.0 1.03816924515 0.0 1.23955348571 236.0 252.0 255.0 -0.333333333333 -0.333333333333 -0.3 -0.3 
0.870628041494 0.224478252652 0.0 0.0855877678554 0.782805881282 0.0 0.758404319345 0.556066694394 0.0 0.00611972176015 0.73410239786 1.6418198202 236.0 251.0 255.0 -0.333333333333 -0.333333333333 -0.3 -0.3 
0.457376617213 2.04203186035 1.30720886427 0.900014318556 1.23951398335 1.21506382112 1.13091160543 0.83179869055 0.793810068866 0.845015431347 2.80877177811 2.44465463828 236.0 252.0 255.0 -0.333333333333 -0.333333333333 -0.3 -0.3 
2.50831290393 1.31440882196 1.89183654706 0.0 1.93822984669 1.38358407569 1.3589738088 1.73044273722 0.667485765613 0.0 0.0 0.939493554706 236.0 251.0 255.0 -0.333333333333 -0.333333333333 -0.3 -0.3 
0.0 3.74449448229 2.62167994406 1.30018950707 0.218930896433 0.230462742396 0.0 2.27397083216 0.0167256058007 0.854289565265 1.15018969463 1.22321911953 236.0 251.0 255.0 -0.333333333333 -0.333333333333 -0.3 -0.3 
0.966602871404 0.00404774802945 0.0511254537283 1.39267181171 0.255272981914 2.22722555939 0.429400821058 1.71374849457 1.60281564609 0.864458329054 1.58593292232 1.84406638085 236.0 251.0 255.0 -0.333333333333 -0.333333333333 -0.3 -0.3 
1.86359227531 3.7391822691 0.0518479045542 1.42543504189 0.0 2.16980426724 1.2961503353 1.63008508528 0.746206986584 0.0 2.31826902517 2.70526226555 236.0 252.0 255.0 -0.333333333333 -0.333333333333 -0.3 -0.3 
0.0 2.7826077078 2.27571964683 0.532137059036 0.983023970656 1.50791896799 0.351405371553 2.27469758604 1.48012262182 0.159811860855 0.866184848631 0.557013261506 236.0 251.0 255.0 -0.333333333333 -0.333333333333 -0.3 -0.3 
1.67797459201 2.80763197123 0.88570686654 0.525092171353 0.413849001107 2.74103447059 0.310659750285 1.46919246483 0.956989184924 1.24960999354 1.3496282612 1.62535863105 236.0 251.0 255.0 -0.333333333333 -0.333333333333 -0.3 -0.3 
1.45371367442 1.04344826409 1.19565160457 0.793797802449 0.983292679079 0.381516521781 1.29563332027 1.93786710554 0.823361079396 0.541870506707 1.85490087319 0.298424119392 236.0 251.0 255.0 -0.333333333333 -0.333333333333 -0.3 -0.3 
0.290541981182 0.0 0.0 0.0 0.0 0.971062711131 1.17646419925 0.842891823594 0.0 0.0 0.0 0.0 236.0 251.0 255.0 -0.333333333333 -0.333333333333 -0.3 -0.3 
1.1255072331 1.86879928917 1.44930009964 0.463025114723 0.139799344628 0.981541809359 1.28364838771 1.02383067124 1.34152492684 0.101667458912 1.71654259894 1.64180812341 236.0 252.0 255.0 -0.333333333333 -0.333333333333 -0.3 -0.3 
1.67683169061 0.190655015553 0.0 0.0 0.407310914796 1.87545910604 0.0 3.27622914271 0.346248374901 1.03776430418 0.816645071623 3.59802720653 236.0 252.0 255.0 -0.333333333333 -0.333333333333 -0.3 -0.3 
0.199232237333 0.516021619009 0.799949411094 0.113730083608 0.125038018908 2.25363281838 0.305685981377 1.58227297871 0.0 1.23188392872 1.79205665136 0.918689391963 236.0 251.0 255.0 -0.333333333333 -0.333333333333 -0.3 -0.3 
1.05451113678 1.88017593249 1.6981528386 0.526076744913 1.15324791571 0.490966763553 0.0 0.750492010664 1.65178684687 1.21230155566 2.35002414348 0.796769726328 236.0 252.0 255.0 -0.333333333333 -0.333333333333 -0.3 -0.3 
0.0 0.912727126945 0.793881512629 0.647254827902 0.817849011479 1.72922634771 0.165673841365 0.725088976889 0.584117475591 0.227448080124 0.632836832403 1.722064384 236.0 251.0 255.0 -0.333333333333 -0.333333333333 -0.3 -0.3 
0.0 0.0 0.0 0.0 0.0 0.0304412607556 2.14886090766 0.0 0.0 0.0 0.219325318493 0.0 236.0 251.0 255.0 -0.333333333333 -0.333333333333 -0.3 -0.3 
1.27686408172 0.870678245827 1.47262292315 0.0 0.0 0.330609909494 0.292880677037 0.703367160943 0.738131155188 0.547702398839 1.64793366798 0.322659029478 236.0 252.0 255.0 -0.333333333333 -0.333333333333 -0.3 -0.3 
1.00100166464 0.0638515313235 1.49430157585 0.305979944669 0.208470731638 1.2935539148 1.10185285786 2.30687539901 0.537592320353 0.0 0.558253275624 0.0 236.0 251.0 255.0 -0.333333333333 -0.333333333333 -0.3 -0.3 
2.03940710466 1.55314085264 0.0 0.45289537372 0.638584642474 1.31971433519 0.687526126345 1.29820329431 1.10347691098 0.0167805917332 1.94464358893 0.154584011823 236.0 251.0 255.0 -0.333333333333 -0.333333333333 -0.3 -0.3 
0.913922633132 0.0819094105765 0.0 0.0 0.203484585204 2.99091831662 1.13803767174 1.54573343481 1.68417909394 0.841585522917 2.39045542175 3.54285149335 236.0 252.0 255.0 -0.333333333333 -0.333333333333 -0.3 -0.3 
0.0 1.21376902134 0.0 1.29036192367 0.197810277331 1.44105285338 1.07459748957 0.0 1.61148236492 0.105771633339 2.9822225009 2.84144503292 236.0 252.0 255.0 -0.333333333333 -0.333333333333 -0.3 -0.3 
1.8033750593 1.03858161314 1.66247194539 0.0 0.306093842791 2.31989321224 0.0 0.0 0.0152346764256 1.08781848457 0.797018960201 2.30984750101 236.0 251.0 255.0 -0.333333333333 -0.333333333333 -0.3 -0.3 
1.24457380249 1.76210210028 0.0 0.0 0.196622748152 1.11339087395 0.761142298681 2.09729633212 0.714786915719 0.141833006123 1.23270841076 0.708757823538 236.0 252.0 255.0 -0.333333333333 -0.333333333333 -0.3 -0.3 
